 Predicted Transit Epochs: 14Her____ b

 Predicted Duration of a Central Transit:    19.   Hours

 Begin Transit Window           PREDICTED CENTRAL TRANSIT     End Transit Window
                                     All Times UT

                               HJD        Year M  D  H  M
 2455109.23 2009 10  4 17 38   2455147.74 2009 11 12  5 41   2455186.24 2009 12 20 17 45
 2456897.33 2014  8 27 20  2   2456944.14 2014 10 13 15 17   2456990.94 2014 11 29 10 33
 2458685.43 2019  7 20 22 26   2458740.54 2019  9 14  0 53   2458795.64 2019 11  8  3 21
 2460473.53 2024  6 12  0 50   2460536.94 2024  8 14 10 29   2460600.34 2024 10 16 20  9
 2462261.63 2029  5  5  3 14   2462333.34 2029  7 15 20  5   2462405.04 2029  9 25 12 57
 2464049.73 2034  3 28  5 38   2464129.74 2034  6 16  5 41   2464209.74 2034  9  4  5 45
