 Predicted Transit Epochs: 16CygniB_ b

 Predicted Duration of a Central Transit:    16.   Hours

 Begin Transit Window           PREDICTED CENTRAL TRANSIT     End Transit Window
                                     All Times UT

                               HJD        Year M  D  H  M
 2456962.33 2014 10 31 19 48   2457174.83 2015  6  1  8  1   2457387.34 2015 12 30 20 14
 2457680.78 2016 10 19  6 49   2457913.29 2017  6  8 19  2   2458145.80 2018  1 27  7 15
 2458399.24 2018 10  7 17 50   2458651.75 2019  6 17  6  3   2458904.26 2020  2 24 18 16
 2459117.70 2020  9 25  4 51   2459390.21 2021  6 24 17  4   2459662.72 2022  3 24  5 17
 2459836.16 2022  9 13 15 52   2460128.67 2023  7  3  4  5   2460421.18 2024  4 20 16 18
 2460554.62 2024  9  1  2 53   2460867.13 2025  7 10 15  6   2461179.64 2026  5 19  3 19
 2461273.08 2026  8 20 13 54   2461605.59 2027  7 19  2  7   2461938.10 2028  6 15 14 20
 2461991.54 2028  8  8  0 55   2462344.05 2029  7 26 13  8   2462696.56 2030  7 14  1 21
 2462710.00 2030  7 27 11 56   2463082.51 2031  8  4  0  9   2463455.02 2032  8 10 12 22
 2463428.46 2032  7 14 22 57   2463820.97 2033  8 11 11 10   2464213.47 2034  9  7 23 23
 2464146.92 2034  7  3  9 58   2464559.42 2035  8 19 22 11   2464971.93 2036 10  5 10 24
