 Predicted Transit Epochs: 47UMa____ b

 Predicted Duration of a Central Transit:    18.   Hours

 Begin Transit Window           PREDICTED CENTRAL TRANSIT     End Transit Window
                                     All Times UT

                               HJD        Year M  D  H  M
 2456808.27 2014  5 30 18 31   2456810.65 2014  6  2  3 33   2456813.03 2014  6  4 12 36
 2457886.08 2017  5 12 13 51   2457888.55 2017  5 15  1 18   2457891.03 2017  5 17 12 45
 2458963.88 2020  4 24  9 12   2458966.46 2020  4 26 23  3   2458969.04 2020  4 29 12 54
 2460041.69 2023  4  7  4 32   2460044.37 2023  4  9 20 47   2460047.04 2023  4 12 13  2
 2461119.50 2026  3 19 23 53   2461122.27 2026  3 22 18 32   2461125.05 2026  3 25 13 11
 2462197.30 2029  3  1 19 14   2462200.18 2029  3  4 16 17   2462203.06 2029  3  7 13 19
 2463275.11 2032  2 12 14 34   2463278.08 2032  2 15 14  1   2463281.06 2032  2 18 13 28
 2464352.91 2035  1 25  9 55   2464355.99 2035  1 28 11 46   2464359.07 2035  1 31 13 37
