 Predicted Transit Epochs: 51_Peg___ b

 Predicted Duration of a Central Transit:   216. Minutes

 Begin Transit Window           PREDICTED CENTRAL TRANSIT     End Transit Window
                                     All Times UT

                               HJD        Year M  D  H  M
 2454925.45 2009  4  3 22 54   2454926.78 2009  4  5  6 39   2454928.10 2009  4  6 14 24
 2454929.68 2009  4  8  4 26   2454931.01 2009  4  9 12 12   2454932.33 2009  4 10 19 58
 2454933.91 2009  4 12  9 57   2454935.24 2009  4 13 17 44   2454936.56 2009  4 15  1 32
 2454938.14 2009  4 16 15 28   2454939.47 2009  4 17 23 17   2454940.80 2009  4 19  7  6
 2454942.37 2009  4 20 20 59   2454943.70 2009  4 22  4 50   2454945.03 2009  4 23 12 40
 2454946.60 2009  4 25  2 30   2454947.93 2009  4 26 10 22   2454949.26 2009  4 27 18 14
 2454950.83 2009  4 29  8  2   2454952.16 2009  4 30 15 55   2454953.49 2009  5  1 23 48
 2454955.06 2009  5  3 13 33   2454956.39 2009  5  4 21 28   2454957.72 2009  5  6  5 22
 2454959.29 2009  5  7 19  4   2454960.63 2009  5  9  3  0   2454961.96 2009  5 10 10 56
 2454963.52 2009  5 12  0 35   2454964.86 2009  5 13  8 33   2454966.19 2009  5 14 16 30
 2454967.75 2009  5 16  6  6   2454969.09 2009  5 17 14  5   2454970.42 2009  5 18 22  4
 2454971.98 2009  5 20 11 38   2454973.32 2009  5 21 19 38   2454974.65 2009  5 23  3 39
 2454976.21 2009  5 24 17  9   2454977.55 2009  5 26  1 11   2454978.88 2009  5 27  9 13
 2454980.44 2009  5 28 22 40   2454981.78 2009  5 30  6 43   2454983.12 2009  5 31 14 47
 2454984.67 2009  6  2  4 11   2454986.01 2009  6  3 12 16   2454987.35 2009  6  4 20 21
 2454988.90 2009  6  6  9 42   2454990.24 2009  6  7 17 49   2454991.58 2009  6  9  1 55
 2454993.13 2009  6 10 15 14   2454994.47 2009  6 11 23 21   2454995.81 2009  6 13  7 29
 2454997.36 2009  6 14 20 45   2454998.70 2009  6 16  4 54   2455000.04 2009  6 17 13  3
 2455001.59 2009  6 19  2 16   2455002.94 2009  6 20 10 27   2455004.28 2009  6 21 18 37
 2455005.82 2009  6 23  7 47   2455007.17 2009  6 24 15 59   2455008.51 2009  6 26  0 11
 2455010.05 2009  6 27 13 18   2455011.40 2009  6 28 21 32   2455012.74 2009  6 30  5 45
 2455014.28 2009  7  1 18 50   2455015.63 2009  7  3  3  4   2455016.97 2009  7  4 11 19
 2455018.51 2009  7  6  0 21   2455019.86 2009  7  7  8 37   2455021.20 2009  7  8 16 53
 2455022.74 2009  7 10  5 52   2455024.09 2009  7 11 14 10   2455025.44 2009  7 12 22 28
 2455026.97 2009  7 14 11 23   2455028.32 2009  7 15 19 42   2455029.67 2009  7 17  4  2
 2455031.20 2009  7 18 16 54   2455032.55 2009  7 20  1 15   2455033.90 2009  7 21  9 36
 2455035.43 2009  7 22 22 26   2455036.78 2009  7 24  6 48   2455038.13 2009  7 25 15 10
 2455039.66 2009  7 27  3 57   2455041.01 2009  7 28 12 20   2455042.36 2009  7 29 20 44
 2455043.89 2009  7 31  9 28   2455045.25 2009  8  1 17 53   2455046.60 2009  8  3  2 18
 2455048.12 2009  8  4 14 59   2455049.48 2009  8  5 23 26   2455050.83 2009  8  7  7 52
 2455052.35 2009  8  8 20 30   2455053.71 2009  8 10  4 58   2455055.06 2009  8 11 13 26
 2455056.58 2009  8 13  2  2   2455057.94 2009  8 14 10 31   2455059.29 2009  8 15 19  0
 2455060.81 2009  8 17  7 33   2455062.17 2009  8 18 16  4   2455063.52 2009  8 20  0 34
 2455065.04 2009  8 21 13  4   2455066.40 2009  8 22 21 36   2455067.76 2009  8 24  6  8
 2455069.27 2009  8 25 18 35   2455070.63 2009  8 27  3  9   2455071.99 2009  8 28 11 42
 2455073.50 2009  8 30  0  6   2455074.86 2009  8 31  8 41   2455076.22 2009  9  1 17 16
 2455077.73 2009  9  3  5 38   2455079.09 2009  9  4 14 14   2455080.45 2009  9  5 22 51
 2455081.96 2009  9  7 11  9   2455083.32 2009  9  8 19 47   2455084.68 2009  9 10  4 25
 2455086.19 2009  9 11 16 40   2455087.56 2009  9 13  1 19   2455088.92 2009  9 14  9 59
 2455090.42 2009  9 15 22 11   2455091.79 2009  9 17  6 52   2455093.15 2009  9 18 15 33
 2455094.65 2009  9 20  3 42   2455096.02 2009  9 21 12 25   2455097.38 2009  9 22 21  7
 2455098.88 2009  9 24  9 14   2455100.25 2009  9 25 17 57   2455101.61 2009  9 27  2 41
 2455103.11 2009  9 28 14 45   2455104.48 2009  9 29 23 30   2455105.84 2009 10  1  8 15
 2455107.34 2009 10  2 20 16   2455108.71 2009 10  4  5  3   2455110.08 2009 10  5 13 49
 2455111.57 2009 10  7  1 47   2455112.94 2009 10  8 10 35   2455114.31 2009 10  9 19 23
 2455115.80 2009 10 11  7 18   2455117.17 2009 10 12 16  8   2455118.54 2009 10 14  0 57
 2455120.03 2009 10 15 12 50   2455121.40 2009 10 16 21 40   2455122.77 2009 10 18  6 31
 2455124.26 2009 10 19 18 21   2455125.63 2009 10 21  3 13   2455127.00 2009 10 22 12  5
 2455128.49 2009 10 23 23 52   2455129.87 2009 10 25  8 46   2455131.24 2009 10 26 17 40
 2455132.72 2009 10 28  5 23   2455134.10 2009 10 29 14 18   2455135.47 2009 10 30 23 14
 2455136.95 2009 11  1 10 54   2455138.33 2009 11  2 19 51   2455139.70 2009 11  4  4 48
 2455141.18 2009 11  5 16 26   2455142.56 2009 11  7  1 24   2455143.93 2009 11  8 10 22
 2455145.41 2009 11  9 21 57   2455146.79 2009 11 11  6 56   2455148.16 2009 11 12 15 56
 2455149.64 2009 11 14  3 28   2455151.02 2009 11 15 12 29   2455152.40 2009 11 16 21 30
 2455153.87 2009 11 18  8 59   2455155.25 2009 11 19 18  2   2455156.63 2009 11 21  3  4
 2455158.10 2009 11 22 14 30   2455159.48 2009 11 23 23 34   2455160.86 2009 11 25  8 38
 2455162.33 2009 11 26 20  2   2455163.71 2009 11 28  5  7   2455165.09 2009 11 29 14 12
 2455166.56 2009 12  1  1 33   2455167.94 2009 12  2 10 40   2455169.32 2009 12  3 19 46
 2455170.79 2009 12  5  7  4   2455172.18 2009 12  6 16 12   2455173.56 2009 12  8  1 20
 2455175.02 2009 12  9 12 35   2455176.41 2009 12 10 21 45   2455177.79 2009 12 12  6 54
 2455179.25 2009 12 13 18  6   2455180.64 2009 12 15  3 17   2455182.02 2009 12 16 12 28
 2455183.48 2009 12 17 23 38   2455184.87 2009 12 19  8 50   2455186.25 2009 12 20 18  3
 2455187.71 2009 12 22  5  9   2455189.10 2009 12 23 14 23   2455190.48 2009 12 24 23 37
 2455191.94 2009 12 26 10 40   2455193.33 2009 12 27 19 55   2455194.72 2009 12 29  5 11
 2455196.17 2009 12 30 16 11   2455197.56 2010  1  1  1 28   2455198.95 2010  1  2 10 45
 2455200.40 2010  1  3 21 42   2455201.79 2010  1  5  7  1   2455203.18 2010  1  6 16 19
 2455204.63 2010  1  8  3 14   2455206.02 2010  1  9 12 33   2455207.41 2010  1 10 21 53
 2455208.86 2010  1 12  8 45   2455210.25 2010  1 13 18  6   2455211.64 2010  1 15  3 27
 2455213.09 2010  1 16 14 16   2455214.49 2010  1 17 23 39   2455215.88 2010  1 19  9  1
 2455217.32 2010  1 20 19 47   2455218.72 2010  1 22  5 11   2455220.11 2010  1 23 14 35
 2455221.55 2010  1 25  1 18   2455222.95 2010  1 26 10 44   2455224.34 2010  1 27 20  9
 2455225.78 2010  1 29  6 50   2455227.18 2010  1 30 16 16   2455228.57 2010  2  1  1 43
 2455230.01 2010  2  2 12 21   2455231.41 2010  2  3 21 49   2455232.80 2010  2  5  7 17
 2455234.24 2010  2  6 17 52   2455235.64 2010  2  8  3 22   2455237.04 2010  2  9 12 52
 2455238.47 2010  2 10 23 23   2455239.87 2010  2 12  8 54   2455241.27 2010  2 13 18 26
 2455242.70 2010  2 15  4 54   2455244.10 2010  2 16 14 27   2455245.50 2010  2 18  0  0
 2455246.93 2010  2 19 10 26   2455248.33 2010  2 20 20  0   2455249.73 2010  2 22  5 34
 2455251.16 2010  2 23 15 57   2455252.56 2010  2 25  1 32   2455253.96 2010  2 26 11  8
 2455255.39 2010  2 27 21 28   2455256.80 2010  3  1  7  5   2455258.20 2010  3  2 16 42
 2455259.62 2010  3  4  2 59   2455261.03 2010  3  5 12 38   2455262.43 2010  3  6 22 16
 2455263.85 2010  3  8  8 30   2455265.26 2010  3  9 18 10   2455266.66 2010  3 11  3 50
 2455268.08 2010  3 12 14  2   2455269.49 2010  3 13 23 43   2455270.89 2010  3 15  9 24
 2455272.31 2010  3 16 19 33   2455273.72 2010  3 18  5 16   2455275.12 2010  3 19 14 58
 2455276.54 2010  3 21  1  4   2455277.95 2010  3 22 10 48   2455279.36 2010  3 23 20 32
 2455280.77 2010  3 25  6 35   2455282.18 2010  3 26 16 21   2455283.59 2010  3 28  2  6
 2455285.00 2010  3 29 12  6   2455286.41 2010  3 30 21 53   2455287.82 2010  4  1  7 40
 2455289.23 2010  4  2 17 38   2455290.64 2010  4  4  3 26   2455292.05 2010  4  5 13 15
 2455293.46 2010  4  6 23  9   2455294.87 2010  4  8  8 59   2455296.28 2010  4  9 18 49
 2455297.69 2010  4 11  4 40   2455299.11 2010  4 12 14 31   2455300.52 2010  4 14  0 23
 2455301.92 2010  4 15 10 11   2455303.34 2010  4 16 20  4   2455304.75 2010  4 18  5 57
 2455306.15 2010  4 19 15 42   2455307.57 2010  4 21  1 37   2455308.98 2010  4 22 11 31
 2455310.38 2010  4 23 21 14   2455311.80 2010  4 25  7  9   2455313.21 2010  4 26 17  5
 2455314.61 2010  4 28  2 45   2455316.03 2010  4 29 12 42   2455317.44 2010  4 30 22 39
 2455318.84 2010  5  2  8 16   2455320.26 2010  5  3 18 15   2455321.68 2010  5  5  4 13
 2455323.07 2010  5  6 13 47   2455324.49 2010  5  7 23 47   2455325.91 2010  5  9  9 47
 2455327.30 2010  5 10 19 18   2455328.72 2010  5 12  5 20   2455330.14 2010  5 13 15 21
 2455331.53 2010  5 15  0 50   2455332.95 2010  5 16 10 52   2455334.37 2010  5 17 20 55
 2455335.76 2010  5 19  6 21   2455337.18 2010  5 20 16 25   2455338.60 2010  5 22  2 29
 2455339.99 2010  5 23 11 52   2455341.42 2010  5 24 21 58   2455342.84 2010  5 26  8  4
 2455344.22 2010  5 27 17 23   2455345.65 2010  5 29  3 30   2455347.07 2010  5 30 13 38
 2455348.45 2010  5 31 22 54   2455349.88 2010  6  2  9  3   2455351.30 2010  6  3 19 12
 2455352.68 2010  6  5  4 26   2455354.11 2010  6  6 14 36   2455355.53 2010  6  8  0 46
 2455356.91 2010  6  9  9 57   2455358.34 2010  6 10 20  8   2455359.76 2010  6 12  6 20
 2455361.14 2010  6 13 15 28   2455362.57 2010  6 15  1 41   2455364.00 2010  6 16 11 54
 2455365.37 2010  6 17 20 59   2455366.80 2010  6 19  7 14   2455368.23 2010  6 20 17 28
 2455369.60 2010  6 22  2 30   2455371.03 2010  6 23 12 46   2455372.46 2010  6 24 23  2
 2455373.83 2010  6 26  8  2   2455375.26 2010  6 27 18 19   2455376.69 2010  6 29  4 36
 2455378.06 2010  6 30 13 33   2455379.49 2010  7  1 23 52   2455380.92 2010  7  3 10 10
 2455382.29 2010  7  4 19  4   2455383.73 2010  7  6  5 24   2455385.16 2010  7  7 15 44
 2455386.52 2010  7  9  0 35   2455387.96 2010  7 10 10 57   2455389.39 2010  7 11 21 18
 2455390.75 2010  7 13  6  6   2455392.19 2010  7 14 16 29   2455393.62 2010  7 16  2 52
 2455394.98 2010  7 17 11 38   2455396.42 2010  7 18 22  2   2455397.85 2010  7 20  8 27
 2455399.21 2010  7 21 17  9   2455400.65 2010  7 23  3 35   2455402.08 2010  7 24 14  1
 2455403.44 2010  7 25 22 40   2455404.88 2010  7 27  9  7   2455406.32 2010  7 28 19 35
 2455407.67 2010  7 30  4 11   2455409.11 2010  7 31 14 40   2455410.55 2010  8  2  1  9
 2455411.90 2010  8  3  9 42   2455413.34 2010  8  4 20 13   2455414.78 2010  8  6  6 43
 2455416.13 2010  8  7 15 14   2455417.57 2010  8  9  1 45   2455419.01 2010  8 10 12 17
 2455420.36 2010  8 11 20 45   2455421.80 2010  8 13  7 18   2455423.24 2010  8 14 17 51
 2455424.59 2010  8 16  2 16   2455426.04 2010  8 17 12 51   2455427.48 2010  8 18 23 25
 2455428.82 2010  8 20  7 47   2455430.27 2010  8 21 18 23   2455431.71 2010  8 23  4 59
 2455433.05 2010  8 24 13 18   2455434.50 2010  8 25 23 56   2455435.94 2010  8 27 10 33
 2455437.28 2010  8 28 18 50   2455438.73 2010  8 30  5 28   2455440.17 2010  8 31 16  7
 2455441.51 2010  9  2  0 21   2455442.96 2010  9  3 11  1   2455444.40 2010  9  4 21 41
 2455445.74 2010  9  6  5 52   2455447.19 2010  9  7 16 34   2455448.64 2010  9  9  3 16
 2455449.97 2010  9 10 11 23   2455451.42 2010  9 11 22  6   2455452.87 2010  9 13  8 50
 2455454.20 2010  9 14 16 54   2455455.65 2010  9 16  3 39   2455457.10 2010  9 17 14 24
 2455458.43 2010  9 18 22 26   2455459.88 2010  9 20  9 12   2455461.33 2010  9 21 19 58
 2455462.66 2010  9 23  3 57   2455464.11 2010  9 24 14 44   2455465.56 2010  9 26  1 32
 2455466.89 2010  9 27  9 28   2455468.35 2010  9 28 20 17   2455469.80 2010  9 30  7  6
 2455471.12 2010 10  1 14 59   2455472.58 2010 10  3  1 50   2455474.03 2010 10  4 12 40
 2455475.35 2010 10  5 20 30   2455476.81 2010 10  7  7 22   2455478.26 2010 10  8 18 14
 2455479.58 2010 10 10  2  2   2455481.04 2010 10 11 12 55   2455482.49 2010 10 12 23 48
 2455483.81 2010 10 14  7 33   2455485.27 2010 10 15 18 28   2455486.72 2010 10 17  5 22
 2455488.04 2010 10 18 13  4   2455489.50 2010 10 20  0  0   2455490.96 2010 10 21 10 56
 2455492.27 2010 10 22 18 35   2455493.73 2010 10 24  5 33   2455495.19 2010 10 25 16 30
 2455496.50 2010 10 27  0  6   2455497.96 2010 10 28 11  5   2455499.42 2010 10 29 22  4
 2455500.73 2010 10 31  5 38   2455502.19 2010 11  1 16 38   2455503.65 2010 11  3  3 39
 2455504.96 2010 11  4 11  9   2455506.42 2010 11  5 22 11   2455507.88 2010 11  7  9 13
 2455509.19 2010 11  8 16 40   2455510.66 2010 11 10  3 43   2455512.12 2010 11 11 14 47
 2455513.42 2010 11 12 22 11   2455514.89 2010 11 14  9 16   2455516.35 2010 11 15 20 21
 2455517.65 2010 11 17  3 42   2455519.12 2010 11 18 14 49   2455520.58 2010 11 20  1 55
 2455521.88 2010 11 21  9 14   2455523.35 2010 11 22 20 21   2455524.81 2010 11 24  7 29
 2455526.11 2010 11 25 14 45   2455527.58 2010 11 27  1 54   2455529.04 2010 11 28 13  3
 2455530.34 2010 11 29 20 16   2455531.81 2010 12  1  7 27   2455533.28 2010 12  2 18 37
 2455534.57 2010 12  4  1 47   2455536.04 2010 12  5 12 59   2455537.51 2010 12  7  0 11
 2455538.80 2010 12  8  7 18   2455540.27 2010 12  9 18 32   2455541.74 2010 12 11  5 45
 2455543.03 2010 12 12 12 50   2455544.50 2010 12 14  0  4   2455545.97 2010 12 15 11 19
 2455547.26 2010 12 16 18 21   2455548.73 2010 12 18  5 37   2455550.20 2010 12 19 16 53
 2455551.49 2010 12 20 23 52   2455552.97 2010 12 22 11 10   2455554.44 2010 12 23 22 28
 2455555.72 2010 12 25  5 23   2455557.20 2010 12 26 16 42   2455558.67 2010 12 28  4  2
 2455559.95 2010 12 29 10 54   2455561.43 2010 12 30 22 15   2455562.90 2011  1  1  9 36
 2455564.18 2011  1  2 16 26   2455565.66 2011  1  4  3 48   2455567.13 2011  1  5 15 10
 2455568.41 2011  1  6 21 57   2455569.89 2011  1  8  9 20   2455571.36 2011  1  9 20 44
 2455572.64 2011  1 11  3 28   2455574.12 2011  1 12 14 53   2455575.60 2011  1 14  2 18
 2455576.87 2011  1 15  8 59   2455578.35 2011  1 16 20 26   2455579.83 2011  1 18  7 52
 2455581.10 2011  1 19 14 30   2455582.58 2011  1 21  1 58   2455584.06 2011  1 22 13 26
 2455585.33 2011  1 23 20  2   2455586.81 2011  1 25  7 31   2455588.29 2011  1 26 19  0
 2455589.56 2011  1 28  1 33   2455591.04 2011  1 29 13  4   2455592.52 2011  1 31  0 34
 2455593.79 2011  2  1  7  4   2455595.28 2011  2  2 18 36   2455596.76 2011  2  4  6  8
 2455598.02 2011  2  5 12 35   2455599.51 2011  2  7  0  9   2455600.99 2011  2  8 11 42
 2455602.25 2011  2  9 18  6   2455603.74 2011  2 11  5 41   2455605.22 2011  2 12 17 16
 2455606.48 2011  2 13 23 38   2455607.97 2011  2 15 11 14   2455609.45 2011  2 16 22 51
 2455610.71 2011  2 18  5  9   2455612.20 2011  2 19 16 47   2455613.68 2011  2 21  4 25
 2455614.94 2011  2 22 10 40   2455616.43 2011  2 23 22 19   2455617.92 2011  2 25  9 59
 2455619.17 2011  2 26 16 11   2455620.66 2011  2 28  3 52   2455622.15 2011  3  1 15 33
 2455623.40 2011  3  2 21 42   2455624.89 2011  3  4  9 25   2455626.38 2011  3  5 21  7
 2455627.63 2011  3  7  3 14   2455629.12 2011  3  8 14 57   2455630.61 2011  3 10  2 41
 2455631.86 2011  3 11  8 45   2455633.35 2011  3 12 20 30   2455634.84 2011  3 14  8 15
 2455636.09 2011  3 15 14 16   2455637.59 2011  3 17  2  3   2455639.08 2011  3 18 13 49
 2455640.32 2011  3 19 19 47   2455641.82 2011  3 21  7 35   2455643.31 2011  3 22 19 23
 2455644.55 2011  3 24  1 18   2455646.05 2011  3 25 13  8   2455647.54 2011  3 27  0 57
 2455648.78 2011  3 28  6 50   2455650.28 2011  3 29 18 40   2455651.77 2011  3 31  6 31
 2455653.01 2011  4  1 12 21   2455654.51 2011  4  3  0 13   2455656.00 2011  4  4 12  5
 2455657.24 2011  4  5 17 52   2455658.74 2011  4  7  5 46   2455660.24 2011  4  8 17 40
 2455661.47 2011  4  9 23 23   2455662.97 2011  4 11 11 18   2455664.47 2011  4 12 23 14
 2455665.70 2011  4 14  4 54   2455667.20 2011  4 15 16 51   2455668.70 2011  4 17  4 48
 2455669.93 2011  4 18 10 26   2455671.43 2011  4 19 22 24   2455672.93 2011  4 21 10 22
 2455674.16 2011  4 22 15 57   2455675.66 2011  4 24  3 56   2455677.16 2011  4 25 15 56
 2455678.39 2011  4 26 21 28   2455679.90 2011  4 28  9 29   2455681.40 2011  4 29 21 30
 2455682.62 2011  5  1  2 59   2455684.13 2011  5  2 15  2   2455685.63 2011  5  4  3  4
 2455686.85 2011  5  5  8 30   2455688.36 2011  5  6 20 34   2455689.86 2011  5  8  8 38
 2455691.08 2011  5  9 14  2   2455692.59 2011  5 11  2  7   2455694.09 2011  5 12 14 12
 2455695.31 2011  5 13 19 33   2455696.82 2011  5 15  7 40   2455698.32 2011  5 16 19 46
 2455699.54 2011  5 18  1  4   2455701.05 2011  5 19 13 12   2455702.56 2011  5 21  1 20
 2455703.77 2011  5 22  6 35   2455705.28 2011  5 23 18 45   2455706.79 2011  5 25  6 54
 2455708.00 2011  5 26 12  6   2455709.51 2011  5 28  0 17   2455711.02 2011  5 29 12 28
 2455712.23 2011  5 30 17 38   2455713.74 2011  6  1  5 50   2455715.25 2011  6  2 18  3
 2455716.46 2011  6  3 23  9   2455717.97 2011  6  5 11 23   2455719.48 2011  6  6 23 37
 2455720.69 2011  6  8  4 40   2455722.21 2011  6  9 16 55   2455723.72 2011  6 11  5 11
 2455724.92 2011  6 12 10 11   2455726.44 2011  6 13 22 28   2455727.95 2011  6 15 10 45
 2455729.15 2011  6 16 15 42   2455730.67 2011  6 18  4  1   2455732.18 2011  6 19 16 19
 2455733.38 2011  6 20 21 14   2455734.90 2011  6 22  9 33   2455736.41 2011  6 23 21 53
 2455737.61 2011  6 25  2 45   2455739.13 2011  6 26 15  6   2455740.64 2011  6 28  3 27
 2455741.84 2011  6 29  8 16   2455743.36 2011  6 30 20 39   2455744.88 2011  7  2  9  1
 2455746.07 2011  7  3 13 47   2455747.59 2011  7  5  2 11   2455749.11 2011  7  6 14 35
 2455750.30 2011  7  7 19 18   2455751.82 2011  7  9  7 44   2455753.34 2011  7 10 20  9
 2455754.53 2011  7 12  0 50   2455756.05 2011  7 13 13 16   2455757.57 2011  7 15  1 43
 2455758.76 2011  7 16  6 21   2455760.28 2011  7 17 18 49   2455761.80 2011  7 19  7 17
 2455762.99 2011  7 20 11 52   2455764.52 2011  7 22  0 22   2455766.04 2011  7 23 12 52
 2455767.22 2011  7 24 17 23   2455768.75 2011  7 26  5 54   2455770.27 2011  7 27 18 26
 2455771.45 2011  7 28 22 54   2455772.98 2011  7 30 11 27   2455774.50 2011  8  1  0  0
 2455775.68 2011  8  2  4 26   2455777.21 2011  8  3 17  0   2455778.73 2011  8  5  5 34
