 Predicted Transit Epochs: 55cancri_ e

 Predicted Duration of a Central Transit:   167. Minutes

 Begin Transit Window           PREDICTED CENTRAL TRANSIT     End Transit Window
                                     All Times UT

                               HJD        Year M  D  H  M
 2454463.65 2007 12 29  3 37   2454464.08 2007 12 29 14  2   2454464.52 2007 12 30  0 26
 2454466.47 2007 12 31 23 14   2454466.90 2008  1  1  9 39   2454467.34 2008  1  1 20  3
 2454469.29 2008  1  3 18 51   2454469.72 2008  1  4  5 15   2454470.15 2008  1  4 15 40
 2454472.10 2008  1  6 14 27   2454472.54 2008  1  7  0 52   2454472.97 2008  1  7 11 17
 2454474.92 2008  1  9 10  4   2454475.35 2008  1  9 20 29   2454475.79 2008  1 10  6 55
 2454477.74 2008  1 12  5 40   2454478.17 2008  1 12 16  6   2454478.61 2008  1 13  2 32
 2454480.55 2008  1 15  1 17   2454480.99 2008  1 15 11 43   2454481.42 2008  1 15 22  9
 2454483.37 2008  1 17 20 54   2454483.81 2008  1 18  7 20   2454484.24 2008  1 18 17 46
 2454486.19 2008  1 20 16 30   2454486.62 2008  1 21  2 57   2454487.06 2008  1 21 13 24
 2454489.01 2008  1 23 12  7   2454489.44 2008  1 23 22 34   2454489.88 2008  1 24  9  1
 2454491.82 2008  1 26  7 43   2454492.26 2008  1 26 18 11   2454492.69 2008  1 27  4 38
 2454494.64 2008  1 29  3 20   2454495.08 2008  1 29 13 48   2454495.51 2008  1 30  0 15
 2454497.46 2008  1 31 22 57   2454497.89 2008  2  1  9 25   2454498.33 2008  2  1 19 53
 2454500.27 2008  2  3 18 33   2454500.71 2008  2  4  5  1   2454501.15 2008  2  4 15 30
 2454503.09 2008  2  6 14 10   2454503.53 2008  2  7  0 38   2454503.96 2008  2  7 11  7
 2454505.91 2008  2  9  9 46   2454506.34 2008  2  9 20 15   2454506.78 2008  2 10  6 44
 2454508.72 2008  2 12  5 23   2454509.16 2008  2 12 15 52   2454509.60 2008  2 13  2 21
 2454511.54 2008  2 15  1  0   2454511.98 2008  2 15 11 29   2454512.42 2008  2 15 21 59
 2454514.36 2008  2 17 20 36   2454514.80 2008  2 18  7  6   2454515.23 2008  2 18 17 36
 2454517.18 2008  2 20 16 13   2454517.61 2008  2 21  2 43   2454518.05 2008  2 21 13 13
 2454519.99 2008  2 23 11 49   2454520.43 2008  2 23 22 20   2454520.87 2008  2 24  8 50
 2454522.81 2008  2 26  7 26   2454523.25 2008  2 26 17 57   2454523.69 2008  2 27  4 28
 2454525.63 2008  2 29  3  2   2454526.07 2008  2 29 13 34   2454526.50 2008  3  1  0  5
 2454528.44 2008  3  2 22 39   2454528.88 2008  3  3  9 11   2454529.32 2008  3  3 19 42
 2454531.26 2008  3  5 18 16   2454531.70 2008  3  6  4 47   2454532.14 2008  3  6 15 19
 2454534.08 2008  3  8 13 52   2454534.52 2008  3  9  0 24   2454534.96 2008  3  9 10 57
 2454536.90 2008  3 11  9 29   2454537.33 2008  3 11 20  1   2454537.77 2008  3 12  6 34
 2454539.71 2008  3 14  5  5   2454540.15 2008  3 14 15 38   2454540.59 2008  3 15  2 11
 2454542.53 2008  3 17  0 42   2454542.97 2008  3 17 11 15   2454543.41 2008  3 17 21 48
 2454545.35 2008  3 19 20 19   2454545.79 2008  3 20  6 52   2454546.23 2008  3 20 17 25
 2454548.16 2008  3 22 15 55   2454548.60 2008  3 23  2 29   2454549.04 2008  3 23 13  3
 2454550.98 2008  3 25 11 32   2454551.42 2008  3 25 22  6   2454551.86 2008  3 26  8 40
 2454553.80 2008  3 28  7  8   2454554.24 2008  3 28 17 43   2454554.68 2008  3 29  4 17
 2454556.61 2008  3 31  2 45   2454557.06 2008  3 31 13 20   2454557.50 2008  3 31 23 54
 2454559.43 2008  4  2 22 22   2454559.87 2008  4  3  8 57   2454560.31 2008  4  3 19 32
 2454562.25 2008  4  5 17 58   2454562.69 2008  4  6  4 34   2454563.13 2008  4  6 15  9
 2454565.07 2008  4  8 13 35   2454565.51 2008  4  9  0 10   2454565.95 2008  4  9 10 46
 2454567.88 2008  4 11  9 11   2454568.32 2008  4 11 19 47   2454568.77 2008  4 12  6 23
 2454570.70 2008  4 14  4 48   2454571.14 2008  4 14 15 24   2454571.58 2008  4 15  2  0
 2454573.52 2008  4 17  0 25   2454573.96 2008  4 17 11  1   2454574.40 2008  4 17 21 38
 2454576.33 2008  4 19 20  1   2454576.78 2008  4 20  6 38   2454577.22 2008  4 20 17 15
 2454579.15 2008  4 22 15 38   2454579.59 2008  4 23  2 15   2454580.04 2008  4 23 12 52
 2454581.97 2008  4 25 11 14   2454582.41 2008  4 25 21 52   2454582.85 2008  4 26  8 29
 2454584.79 2008  4 28  6 51   2454585.23 2008  4 28 17 29   2454585.67 2008  4 29  4  7
 2454587.60 2008  5  1  2 28   2454588.05 2008  5  1 13  6   2454588.49 2008  5  1 23 44
 2454590.42 2008  5  3 22  4   2454590.86 2008  5  4  8 43   2454591.31 2008  5  4 19 21
 2454593.24 2008  5  6 17 41   2454593.68 2008  5  7  4 20   2454594.12 2008  5  7 14 58
 2454596.05 2008  5  9 13 17   2454596.50 2008  5  9 23 56   2454596.94 2008  5 10 10 36
 2454598.87 2008  5 12  8 54   2454599.32 2008  5 12 19 33   2454599.76 2008  5 13  6 13
 2454601.69 2008  5 15  4 31   2454602.13 2008  5 15 15 10   2454602.58 2008  5 16  1 50
 2454604.51 2008  5 18  0  7   2454604.95 2008  5 18 10 47   2454605.39 2008  5 18 21 27
 2454607.32 2008  5 20 19 44   2454607.77 2008  5 21  6 24   2454608.21 2008  5 21 17  4
 2454610.14 2008  5 23 15 20   2454610.58 2008  5 24  2  1   2454611.03 2008  5 24 12 42
 2454612.96 2008  5 26 10 57   2454613.40 2008  5 26 21 38   2454613.85 2008  5 27  8 19
 2454615.77 2008  5 29  6 34   2454616.22 2008  5 29 17 15   2454616.66 2008  5 30  3 56
 2454618.59 2008  6  1  2 10   2454619.04 2008  6  1 12 52   2454619.48 2008  6  1 23 33
 2454621.41 2008  6  3 21 47   2454621.85 2008  6  4  8 29   2454622.30 2008  6  4 19 11
 2454624.22 2008  6  6 17 23   2454624.67 2008  6  7  4  6   2454625.12 2008  6  7 14 48
 2454627.04 2008  6  9 13  0   2454627.49 2008  6  9 23 42   2454627.93 2008  6 10 10 25
 2454629.86 2008  6 12  8 37   2454630.31 2008  6 12 19 19   2454630.75 2008  6 13  6  2
 2454632.68 2008  6 15  4 13   2454633.12 2008  6 15 14 56   2454633.57 2008  6 16  1 40
 2454635.49 2008  6 17 23 50   2454635.94 2008  6 18 10 33   2454636.39 2008  6 18 21 17
 2454638.31 2008  6 20 19 26   2454638.76 2008  6 21  6 10   2454639.20 2008  6 21 16 54
 2454641.13 2008  6 23 15  3   2454641.57 2008  6 24  1 47   2454642.02 2008  6 24 12 31
 2454643.94 2008  6 26 10 39   2454644.39 2008  6 26 21 24   2454644.84 2008  6 27  8  8
 2454646.76 2008  6 29  6 16   2454647.21 2008  6 29 17  1   2454647.66 2008  6 30  3 46
 2454649.58 2008  7  2  1 53   2454650.03 2008  7  2 12 38   2454650.47 2008  7  2 23 23
 2454652.40 2008  7  4 21 29   2454652.84 2008  7  5  8 15   2454653.29 2008  7  5 19  0
 2454655.21 2008  7  7 17  6   2454655.66 2008  7  8  3 52   2454656.11 2008  7  8 14 37
 2454658.03 2008  7 10 12 42   2454658.48 2008  7 10 23 29   2454658.93 2008  7 11 10 15
 2454660.85 2008  7 13  8 19   2454661.30 2008  7 13 19  5   2454661.74 2008  7 14  5 52
 2454663.66 2008  7 16  3 56   2454664.11 2008  7 16 14 42   2454664.56 2008  7 17  1 29
 2454666.48 2008  7 18 23 32   2454666.93 2008  7 19 10 19   2454667.38 2008  7 19 21  6
 2454669.30 2008  7 21 19  9   2454669.75 2008  7 22  5 56   2454670.20 2008  7 22 16 44
 2454672.12 2008  7 24 14 45   2454672.56 2008  7 25  1 33   2454673.01 2008  7 25 12 21
 2454674.93 2008  7 27 10 22   2454675.38 2008  7 27 21 10   2454675.83 2008  7 28  7 58
 2454677.75 2008  7 30  5 59   2454678.20 2008  7 30 16 47   2454678.65 2008  7 31  3 35
 2454680.57 2008  8  2  1 35   2454681.02 2008  8  2 12 24   2454681.47 2008  8  2 23 12
 2454683.38 2008  8  4 21 12   2454683.83 2008  8  5  8  1   2454684.28 2008  8  5 18 50
 2454686.20 2008  8  7 16 48   2454686.65 2008  8  8  3 38   2454687.10 2008  8  8 14 27
 2454689.02 2008  8 10 12 25   2454689.47 2008  8 10 23 15   2454689.92 2008  8 11 10  4
 2454691.83 2008  8 13  8  2   2454692.29 2008  8 13 18 51   2454692.74 2008  8 14  5 41
 2454694.65 2008  8 16  3 38   2454695.10 2008  8 16 14 28   2454695.55 2008  8 17  1 19
 2454697.47 2008  8 18 23 15   2454697.92 2008  8 19 10  5   2454698.37 2008  8 19 20 56
 2454700.29 2008  8 21 18 51   2454700.74 2008  8 22  5 42   2454701.19 2008  8 22 16 33
 2454703.10 2008  8 24 14 28   2454703.56 2008  8 25  1 19   2454704.01 2008  8 25 12 10
 2454705.92 2008  8 27 10  5   2454706.37 2008  8 27 20 56   2454706.82 2008  8 28  7 47
 2454708.74 2008  8 30  5 41   2454709.19 2008  8 30 16 33   2454709.64 2008  8 31  3 25
 2454711.55 2008  9  2  1 18   2454712.01 2008  9  2 12 10   2454712.46 2008  9  2 23  2
 2454714.37 2008  9  4 20 54   2454714.82 2008  9  5  7 47   2454715.28 2008  9  5 18 39
 2454717.19 2008  9  7 16 31   2454717.64 2008  9  8  3 24   2454718.10 2008  9  8 14 16
 2454720.01 2008  9 10 12  8   2454720.46 2008  9 10 23  1   2454720.91 2008  9 11  9 54
 2454722.82 2008  9 13  7 44   2454723.28 2008  9 13 18 38   2454723.73 2008  9 14  5 31
 2454725.64 2008  9 16  3 21   2454726.09 2008  9 16 14 14   2454726.55 2008  9 17  1  8
 2454728.46 2008  9 18 22 57   2454728.91 2008  9 19  9 51   2454729.37 2008  9 19 20 45
 2454731.27 2008  9 21 18 34   2454731.73 2008  9 22  5 28   2454732.18 2008  9 22 16 23
 2454734.09 2008  9 24 14 11   2454734.55 2008  9 25  1  5   2454735.00 2008  9 25 12  0
 2454736.91 2008  9 27  9 47   2454737.36 2008  9 27 20 42   2454737.82 2008  9 28  7 37
 2454739.73 2008  9 30  5 24   2454740.18 2008  9 30 16 19   2454740.64 2008 10  1  3 14
 2454742.54 2008 10  3  1  0   2454743.00 2008 10  3 11 56   2454743.45 2008 10  3 22 51
 2454745.36 2008 10  5 20 37   2454745.81 2008 10  6  7 33   2454746.27 2008 10  6 18 29
 2454748.18 2008 10  8 16 14   2454748.63 2008 10  9  3 10   2454749.09 2008 10  9 14  6
 2454750.99 2008 10 11 11 50   2454751.45 2008 10 11 22 47   2454751.91 2008 10 12  9 43
 2454753.81 2008 10 14  7 27   2454754.27 2008 10 14 18 24   2454754.72 2008 10 15  5 20
 2454756.63 2008 10 17  3  3   2454757.08 2008 10 17 14  0   2454757.54 2008 10 18  0 58
 2454759.44 2008 10 19 22 40   2454759.90 2008 10 20  9 37   2454760.36 2008 10 20 20 35
 2454762.26 2008 10 22 18 16   2454762.72 2008 10 23  5 14   2454763.18 2008 10 23 16 12
 2454765.08 2008 10 25 13 53   2454765.54 2008 10 26  0 51   2454765.99 2008 10 26 11 49
 2454767.90 2008 10 28  9 30   2454768.35 2008 10 28 20 28   2454768.81 2008 10 29  7 27
 2454770.71 2008 10 31  5  6   2454771.17 2008 10 31 16  5   2454771.63 2008 11  1  3  4
 2454773.53 2008 11  3  0 43   2454773.99 2008 11  3 11 42   2454774.45 2008 11  3 22 41
 2454776.35 2008 11  5 20 19   2454776.81 2008 11  6  7 19   2454777.26 2008 11  6 18 18
 2454779.16 2008 11  8 15 56   2454779.62 2008 11  9  2 56   2454780.08 2008 11  9 13 55
 2454781.98 2008 11 11 11 33   2454782.44 2008 11 11 22 33   2454782.90 2008 11 12  9 33
 2454784.80 2008 11 14  7  9   2454785.26 2008 11 14 18 10   2454785.72 2008 11 15  5 10
 2454787.62 2008 11 17  2 46   2454788.07 2008 11 17 13 46   2454788.53 2008 11 18  0 47
 2454790.43 2008 11 19 22 22   2454790.89 2008 11 20  9 23   2454791.35 2008 11 20 20 24
 2454793.25 2008 11 22 17 59   2454793.71 2008 11 23  5  0   2454794.17 2008 11 23 16  2
 2454796.07 2008 11 25 13 36   2454796.53 2008 11 26  0 37   2454796.99 2008 11 26 11 39
 2454798.88 2008 11 28  9 12   2454799.34 2008 11 28 20 14   2454799.80 2008 11 29  7 16
 2454801.70 2008 12  1  4 49   2454802.16 2008 12  1 15 51   2454802.62 2008 12  2  2 53
 2454804.52 2008 12  4  0 25   2454804.98 2008 12  4 11 28   2454805.44 2008 12  4 22 30
 2454807.34 2008 12  6 20  2   2454807.80 2008 12  7  7  5   2454808.26 2008 12  7 18  8
 2454810.15 2008 12  9 15 39   2454810.61 2008 12 10  2 42   2454811.07 2008 12 10 13 45
 2454812.97 2008 12 12 11 15   2454813.43 2008 12 12 22 19   2454813.89 2008 12 13  9 22
 2454815.79 2008 12 15  6 52   2454816.25 2008 12 15 17 56   2454816.71 2008 12 16  4 59
 2454818.60 2008 12 18  2 28   2454819.06 2008 12 18 13 33   2454819.53 2008 12 19  0 37
 2454821.42 2008 12 20 22  5   2454821.88 2008 12 21  9  9   2454822.34 2008 12 21 20 14
 2454824.24 2008 12 23 17 42   2454824.70 2008 12 24  4 46   2454825.16 2008 12 24 15 51
 2454827.05 2008 12 26 13 18   2454827.52 2008 12 27  0 23   2454827.98 2008 12 27 11 28
 2454829.87 2008 12 29  8 55   2454830.33 2008 12 29 20  0   2454830.80 2008 12 30  7  6
 2454832.69 2009  1  1  4 31   2454833.15 2009  1  1 15 37   2454833.61 2009  1  2  2 43
 2454835.51 2009  1  4  0  8   2454835.97 2009  1  4 11 14   2454836.43 2009  1  4 22 20
 2454838.32 2009  1  6 19 45   2454838.79 2009  1  7  6 51   2454839.25 2009  1  7 17 57
 2454841.14 2009  1  9 15 21   2454841.60 2009  1 10  2 28   2454842.07 2009  1 10 13 34
 2454843.96 2009  1 12 10 58   2454844.42 2009  1 12 22  5   2454844.88 2009  1 13  9 12
 2454846.77 2009  1 15  6 34   2454847.24 2009  1 15 17 42   2454847.70 2009  1 16  4 49
 2454849.59 2009  1 18  2 11   2454850.05 2009  1 18 13 19   2454850.52 2009  1 19  0 26
 2454852.41 2009  1 20 21 48   2454852.87 2009  1 21  8 55   2454853.34 2009  1 21 20  3
 2454855.23 2009  1 23 17 24   2454855.69 2009  1 24  4 32   2454856.15 2009  1 24 15 41
 2454858.04 2009  1 26 13  1   2454858.51 2009  1 27  0  9   2454858.97 2009  1 27 11 18
 2454860.86 2009  1 29  8 37   2454861.32 2009  1 29 19 46   2454861.79 2009  1 30  6 55
 2454863.68 2009  2  1  4 14   2454864.14 2009  2  1 15 23   2454864.61 2009  2  2  2 32
 2454866.49 2009  2  3 23 51   2454866.96 2009  2  4 11  0   2454867.42 2009  2  4 22 10
 2454869.31 2009  2  6 19 27   2454869.78 2009  2  7  6 37   2454870.24 2009  2  7 17 47
 2454872.13 2009  2  9 15  4   2454872.59 2009  2 10  2 14   2454873.06 2009  2 10 13 24
 2454874.94 2009  2 12 10 40   2454875.41 2009  2 12 21 51   2454875.88 2009  2 13  9  1
 2454877.76 2009  2 15  6 17   2454878.23 2009  2 15 17 28   2454878.69 2009  2 16  4 38
 2454880.58 2009  2 18  1 53   2454881.05 2009  2 18 13  5   2454881.51 2009  2 19  0 16
 2454883.40 2009  2 20 21 30   2454883.86 2009  2 21  8 41   2454884.33 2009  2 21 19 53
 2454886.21 2009  2 23 17  7   2454886.68 2009  2 24  4 18   2454887.15 2009  2 24 15 30
 2454889.03 2009  2 26 12 43   2454889.50 2009  2 26 23 55   2454889.96 2009  2 27 11  7
 2454891.85 2009  3  1  8 20   2454892.31 2009  3  1 19 32   2454892.78 2009  3  2  6 45
 2454894.66 2009  3  4  3 56   2454895.13 2009  3  4 15  9   2454895.60 2009  3  5  2 22
 2454897.48 2009  3  6 23 33   2454897.95 2009  3  7 10 46   2454898.42 2009  3  7 21 59
 2454900.30 2009  3  9 19 10   2454900.77 2009  3 10  6 23   2454901.23 2009  3 10 17 36
 2454903.12 2009  3 12 14 46   2454903.58 2009  3 13  2  0   2454904.05 2009  3 13 13 13
 2454905.93 2009  3 15 10 23   2454906.40 2009  3 15 21 37   2454906.87 2009  3 16  8 51
 2454908.75 2009  3 18  5 59   2454909.22 2009  3 18 17 14   2454909.69 2009  3 19  4 28
 2454911.57 2009  3 21  1 36   2454912.04 2009  3 21 12 51   2454912.50 2009  3 22  0  5
 2454914.38 2009  3 23 21 13   2454914.85 2009  3 24  8 28   2454915.32 2009  3 24 19 42
 2454917.20 2009  3 26 16 49   2454917.67 2009  3 27  4  4   2454918.14 2009  3 27 15 20
 2454920.02 2009  3 29 12 26   2454920.49 2009  3 29 23 41   2454920.96 2009  3 30 10 57
 2454922.84 2009  4  1  8  2   2454923.30 2009  4  1 19 18   2454923.77 2009  4  2  6 34
 2454925.65 2009  4  4  3 39   2454926.12 2009  4  4 14 55   2454926.59 2009  4  5  2 11
 2454928.47 2009  4  6 23 16   2454928.94 2009  4  7 10 32   2454929.41 2009  4  7 21 49
 2454931.29 2009  4  9 18 52   2454931.76 2009  4 10  6  9   2454932.23 2009  4 10 17 26
 2454934.10 2009  4 12 14 29   2454934.57 2009  4 13  1 46   2454935.04 2009  4 13 13  3
 2454936.92 2009  4 15 10  5   2454937.39 2009  4 15 21 23   2454937.86 2009  4 16  8 40
 2454939.74 2009  4 18  5 42   2454940.21 2009  4 18 17  0   2454940.68 2009  4 19  4 17
 2454942.55 2009  4 21  1 19   2454943.03 2009  4 21 12 37   2454943.50 2009  4 21 23 55
 2454945.37 2009  4 23 20 55   2454945.84 2009  4 24  8 14   2454946.31 2009  4 24 19 32
 2454948.19 2009  4 26 16 32   2454948.66 2009  4 27  3 50   2454949.13 2009  4 27 15  9
 2454951.01 2009  4 29 12  8   2454951.48 2009  4 29 23 27   2454951.95 2009  4 30 10 46
 2454953.82 2009  5  2  7 45   2454954.29 2009  5  2 19  4   2454954.77 2009  5  3  6 24
 2454956.64 2009  5  5  3 22   2454957.11 2009  5  5 14 41   2454957.58 2009  5  6  2  1
 2454959.46 2009  5  7 22 58   2454959.93 2009  5  8 10 18   2454960.40 2009  5  8 21 38
 2454962.27 2009  5 10 18 35   2454962.75 2009  5 11  5 55   2454963.22 2009  5 11 17 15
 2454965.09 2009  5 13 14 11   2454965.56 2009  5 14  1 32   2454966.04 2009  5 14 12 53
 2454967.91 2009  5 16  9 48   2454968.38 2009  5 16 21  9   2454968.85 2009  5 17  8 30
 2454970.73 2009  5 19  5 25   2454971.20 2009  5 19 16 46   2454971.67 2009  5 20  4  7
 2454973.54 2009  5 22  1  1   2454974.02 2009  5 22 12 23   2454974.49 2009  5 22 23 44
 2454976.36 2009  5 24 20 38   2454976.83 2009  5 25  8  0   2454977.31 2009  5 25 19 21
 2454979.18 2009  5 27 16 14   2454979.65 2009  5 28  3 36   2454980.12 2009  5 28 14 59
 2454981.99 2009  5 30 11 51   2454982.47 2009  5 30 23 13   2454982.94 2009  5 31 10 36
 2454984.81 2009  6  2  7 28   2454985.29 2009  6  2 18 50   2454985.76 2009  6  3  6 13
 2454987.63 2009  6  5  3  4   2454988.10 2009  6  5 14 27   2454988.58 2009  6  6  1 50
 2454990.45 2009  6  7 22 41   2454990.92 2009  6  8 10  4   2454991.39 2009  6  8 21 28
 2454993.26 2009  6 10 18 17   2454993.74 2009  6 11  5 41   2454994.21 2009  6 11 17  5
 2454996.08 2009  6 13 13 54   2454996.55 2009  6 14  1 18   2454997.03 2009  6 14 12 42
 2454998.90 2009  6 16  9 30   2454999.37 2009  6 16 20 55   2454999.85 2009  6 17  8 19
 2455001.71 2009  6 19  5  7   2455002.19 2009  6 19 16 32   2455002.66 2009  6 20  3 56
 2455004.53 2009  6 22  0 44   2455005.01 2009  6 22 12  9   2455005.48 2009  6 22 23 34
 2455007.35 2009  6 24 20 20   2455007.82 2009  6 25  7 46   2455008.30 2009  6 25 19 11
 2455010.16 2009  6 27 15 57   2455010.64 2009  6 28  3 23   2455011.12 2009  6 28 14 48
 2455012.98 2009  6 30 11 33   2455013.46 2009  6 30 22 59   2455013.93 2009  7  1 10 25
 2455015.80 2009  7  3  7 10   2455016.28 2009  7  3 18 36   2455016.75 2009  7  4  6  3
 2455018.62 2009  7  6  2 47   2455019.09 2009  7  6 14 13   2455019.57 2009  7  7  1 40
 2455021.43 2009  7  8 22 23   2455021.91 2009  7  9  9 50   2455022.39 2009  7  9 21 17
 2455024.25 2009  7 11 18  0   2455024.73 2009  7 12  5 27   2455025.20 2009  7 12 16 54
 2455027.07 2009  7 14 13 36   2455027.54 2009  7 15  1  4   2455028.02 2009  7 15 12 32
 2455029.88 2009  7 17  9 13   2455030.36 2009  7 17 20 41   2455030.84 2009  7 18  8  9
 2455032.70 2009  7 20  4 50   2455033.18 2009  7 20 16 18   2455033.66 2009  7 21  3 46
 2455035.52 2009  7 23  0 26   2455036.00 2009  7 23 11 55   2455036.47 2009  7 23 23 23
 2455038.34 2009  7 25 20  3   2455038.81 2009  7 26  7 32   2455039.29 2009  7 26 19  0
 2455041.15 2009  7 28 15 39   2455041.63 2009  7 29  3  9   2455042.11 2009  7 29 14 38
 2455043.97 2009  7 31 11 16   2455044.45 2009  7 31 22 45   2455044.93 2009  8  1 10 15
 2455046.79 2009  8  3  6 53   2455047.27 2009  8  3 18 22   2455047.74 2009  8  4  5 52
 2455049.60 2009  8  6  2 29   2455050.08 2009  8  6 13 59   2455050.56 2009  8  7  1 29
 2455052.42 2009  8  8 22  6   2455052.90 2009  8  9  9 36   2455053.38 2009  8  9 21  7
 2455055.24 2009  8 11 17 42   2455055.72 2009  8 12  5 13   2455056.20 2009  8 12 16 44
 2455058.06 2009  8 14 13 19   2455058.54 2009  8 15  0 50   2455059.01 2009  8 15 12 21
 2455060.87 2009  8 17  8 56   2455061.35 2009  8 17 20 27   2455061.83 2009  8 18  7 58
 2455063.69 2009  8 20  4 32   2455064.17 2009  8 20 16  4   2455064.65 2009  8 21  3 36
 2455066.51 2009  8 23  0  9   2455066.99 2009  8 23 11 41   2455067.47 2009  8 23 23 13
 2455069.32 2009  8 25 19 45   2455069.80 2009  8 26  7 18   2455070.29 2009  8 26 18 50
 2455072.14 2009  8 28 15 22   2455072.62 2009  8 29  2 55   2455073.10 2009  8 29 14 27
 2455074.96 2009  8 31 10 59   2455075.44 2009  8 31 22 32   2455075.92 2009  9  1 10  4
 2455077.77 2009  9  3  6 35   2455078.26 2009  9  3 18  8   2455078.74 2009  9  4  5 42
 2455080.59 2009  9  6  2 12   2455081.07 2009  9  6 13 45   2455081.56 2009  9  7  1 19
 2455083.41 2009  9  8 21 48   2455083.89 2009  9  9  9 22   2455084.37 2009  9  9 20 56
 2455086.23 2009  9 11 17 25   2455086.71 2009  9 12  4 59   2455087.19 2009  9 12 16 33
 2455089.04 2009  9 14 13  2   2455089.53 2009  9 15  0 36   2455090.01 2009  9 15 12 11
 2455091.86 2009  9 17  8 38   2455092.34 2009  9 17 20 13   2455092.83 2009  9 18  7 48
 2455094.68 2009  9 20  4 15   2455095.16 2009  9 20 15 50   2455095.64 2009  9 21  3 25
 2455097.49 2009  9 22 23 51   2455097.98 2009  9 23 11 27   2455098.46 2009  9 23 23  2
 2455100.31 2009  9 25 19 28   2455100.79 2009  9 26  7  4   2455101.28 2009  9 26 18 40
 2455103.13 2009  9 28 15  5   2455103.61 2009  9 29  2 41   2455104.10 2009  9 29 14 17
 2455105.95 2009 10  1 10 41   2455106.43 2009 10  1 22 18   2455106.91 2009 10  2  9 54
 2455108.76 2009 10  4  6 18   2455109.25 2009 10  4 17 54   2455109.73 2009 10  5  5 31
 2455111.58 2009 10  7  1 54   2455112.06 2009 10  7 13 31   2455112.55 2009 10  8  1  8
 2455114.40 2009 10  9 21 31   2455114.88 2009 10 10  9  8   2455115.37 2009 10 10 20 46
 2455117.21 2009 10 12 17  7   2455117.70 2009 10 13  4 45   2455118.18 2009 10 13 16 23
 2455120.03 2009 10 15 12 44   2455120.52 2009 10 16  0 22   2455121.00 2009 10 16 12  0
 2455122.85 2009 10 18  8 21   2455123.33 2009 10 18 19 59   2455123.82 2009 10 19  7 37
 2455125.67 2009 10 21  3 57   2455126.15 2009 10 21 15 36   2455126.64 2009 10 22  3 15
 2455128.48 2009 10 23 23 34   2455128.97 2009 10 24 11 13   2455129.45 2009 10 24 22 52
 2455131.30 2009 10 26 19 10   2455131.78 2009 10 27  6 50   2455132.27 2009 10 27 18 29
 2455134.12 2009 10 29 14 47   2455134.60 2009 10 30  2 27   2455135.09 2009 10 30 14  6
 2455136.93 2009 11  1 10 24   2455137.42 2009 11  1 22  4   2455137.91 2009 11  2  9 43
 2455139.75 2009 11  4  6  0   2455140.24 2009 11  4 17 40   2455140.72 2009 11  5  5 21
 2455142.57 2009 11  7  1 37   2455143.05 2009 11  7 13 17   2455143.54 2009 11  8  0 58
 2455145.38 2009 11  9 21 13   2455145.87 2009 11 10  8 54   2455146.36 2009 11 10 20 35
 2455148.20 2009 11 12 16 50   2455148.69 2009 11 13  4 31   2455149.18 2009 11 13 16 12
 2455151.02 2009 11 15 12 27   2455151.51 2009 11 16  0  8   2455151.99 2009 11 16 11 50
 2455153.84 2009 11 18  8  3   2455154.32 2009 11 18 19 45   2455154.81 2009 11 19  7 27
 2455156.65 2009 11 21  3 40   2455157.14 2009 11 21 15 22   2455157.63 2009 11 22  3  4
 2455159.47 2009 11 23 23 16   2455159.96 2009 11 24 10 59   2455160.45 2009 11 24 22 41
 2455162.29 2009 11 26 18 53   2455162.78 2009 11 27  6 36   2455163.26 2009 11 27 18 19
 2455165.10 2009 11 29 14 30   2455165.59 2009 11 30  2 13   2455166.08 2009 11 30 13 56
 2455167.92 2009 12  2 10  6   2455168.41 2009 12  2 21 50   2455168.90 2009 12  3  9 33
 2455170.74 2009 12  5  5 43   2455171.23 2009 12  5 17 27   2455171.72 2009 12  6  5 10
 2455173.56 2009 12  8  1 19   2455174.04 2009 12  8 13  3   2455174.53 2009 12  9  0 47
 2455176.37 2009 12 10 20 56   2455176.86 2009 12 11  8 40   2455177.35 2009 12 11 20 25
 2455179.19 2009 12 13 16 33   2455179.68 2009 12 14  4 17   2455180.17 2009 12 14 16  2
 2455182.01 2009 12 16 12  9   2455182.50 2009 12 16 23 54   2455182.99 2009 12 17 11 39
 2455184.82 2009 12 19  7 46   2455185.31 2009 12 19 19 31   2455185.80 2009 12 20  7 16
 2455187.64 2009 12 22  3 22   2455188.13 2009 12 22 15  8   2455188.62 2009 12 23  2 54
 2455190.46 2009 12 24 22 59   2455190.95 2009 12 25 10 45   2455191.44 2009 12 25 22 31
 2455193.28 2009 12 27 18 36   2455193.77 2009 12 28  6 22   2455194.26 2009 12 28 18  8
 2455196.09 2009 12 30 14 12   2455196.58 2009 12 31  1 59   2455197.07 2009 12 31 13 45
 2455198.91 2010  1  2  9 49   2455199.40 2010  1  2 21 36   2455199.89 2010  1  3  9 23
 2455201.73 2010  1  5  5 25   2455202.22 2010  1  5 17 13   2455202.71 2010  1  6  5  0
 2455204.54 2010  1  8  1  2   2455205.03 2010  1  8 12 49   2455205.53 2010  1  9  0 37
 2455207.36 2010  1 10 20 39   2455207.85 2010  1 11  8 26   2455208.34 2010  1 11 20 14
 2455210.18 2010  1 13 16 15   2455210.67 2010  1 14  4  3   2455211.16 2010  1 14 15 51
 2455212.99 2010  1 16 11 52   2455213.49 2010  1 16 23 40   2455213.98 2010  1 17 11 29
 2455215.81 2010  1 19  7 28   2455216.30 2010  1 19 19 17   2455216.80 2010  1 20  7  6
 2455218.63 2010  1 22  3  5   2455219.12 2010  1 22 14 54   2455219.61 2010  1 23  2 43
 2455221.45 2010  1 24 22 42   2455221.94 2010  1 25 10 31   2455222.43 2010  1 25 22 20
 2455224.26 2010  1 27 18 18   2455224.76 2010  1 28  6  8   2455225.25 2010  1 28 17 58
 2455227.08 2010  1 30 13 55   2455227.57 2010  1 31  1 45   2455228.07 2010  1 31 13 35
 2455229.90 2010  2  2  9 31   2455230.39 2010  2  2 21 22   2455230.88 2010  2  3  9 12
 2455232.71 2010  2  5  5  8   2455233.21 2010  2  5 16 59   2455233.70 2010  2  6  4 49
 2455235.53 2010  2  8  0 44   2455236.02 2010  2  8 12 35   2455236.52 2010  2  9  0 26
 2455238.35 2010  2 10 20 21   2455238.84 2010  2 11  8 12   2455239.34 2010  2 11 20  4
 2455241.17 2010  2 13 15 58   2455241.66 2010  2 14  3 49   2455242.15 2010  2 14 15 41
 2455243.98 2010  2 16 11 34   2455244.48 2010  2 16 23 26   2455244.97 2010  2 17 11 18
 2455246.80 2010  2 19  7 11   2455247.29 2010  2 19 19  3   2455247.79 2010  2 20  6 55
 2455249.62 2010  2 22  2 47   2455250.11 2010  2 22 14 40   2455250.61 2010  2 23  2 33
 2455252.43 2010  2 24 22 24   2455252.93 2010  2 25 10 17   2455253.42 2010  2 25 22 10
 2455255.25 2010  2 27 18  1   2455255.75 2010  2 28  5 54   2455256.24 2010  2 28 17 47
 2455258.07 2010  3  2 13 37   2455258.56 2010  3  3  1 31   2455259.06 2010  3  3 13 24
 2455260.88 2010  3  5  9 14   2455261.38 2010  3  5 21  8   2455261.88 2010  3  6  9  2
 2455263.70 2010  3  8  4 50   2455264.20 2010  3  8 16 45   2455264.69 2010  3  9  4 39
 2455266.52 2010  3 11  0 27   2455267.02 2010  3 11 12 22   2455267.51 2010  3 12  0 16
 2455269.34 2010  3 13 20  4   2455269.83 2010  3 14  7 58   2455270.33 2010  3 14 19 53
 2455272.15 2010  3 16 15 40   2455272.65 2010  3 17  3 35   2455273.15 2010  3 17 15 30
 2455274.97 2010  3 19 11 17   2455275.47 2010  3 19 23 12   2455275.96 2010  3 20 11  8
 2455277.79 2010  3 22  6 53   2455278.28 2010  3 22 18 49   2455278.78 2010  3 23  6 45
 2455280.60 2010  3 25  2 30   2455281.10 2010  3 25 14 26   2455281.60 2010  3 26  2 22
 2455283.42 2010  3 27 22  7   2455283.92 2010  3 28 10  3   2455284.42 2010  3 28 21 59
 2455286.24 2010  3 30 17 43   2455286.74 2010  3 31  5 40   2455287.23 2010  3 31 17 37
 2455289.06 2010  4  2 13 20   2455289.55 2010  4  3  1 17   2455290.05 2010  4  3 13 14
 2455291.87 2010  4  5  8 56   2455292.37 2010  4  5 20 54   2455292.87 2010  4  6  8 51
 2455294.69 2010  4  8  4 33   2455295.19 2010  4  8 16 31   2455295.69 2010  4  9  4 28
 2455297.51 2010  4 11  0 10   2455298.01 2010  4 11 12  8   2455298.50 2010  4 12  0  6
 2455300.32 2010  4 13 19 46   2455300.82 2010  4 14  7 44   2455301.32 2010  4 14 19 43
 2455303.14 2010  4 16 15 23   2455303.64 2010  4 17  3 21   2455304.14 2010  4 17 15 20
 2455305.96 2010  4 19 10 59   2455306.46 2010  4 19 22 58   2455306.96 2010  4 20 10 57
 2455308.78 2010  4 22  6 36   2455309.27 2010  4 22 18 35   2455309.77 2010  4 23  6 34
 2455311.59 2010  4 25  2 13   2455312.09 2010  4 25 14 12   2455312.59 2010  4 26  2 12
 2455314.41 2010  4 27 21 49   2455314.91 2010  4 28  9 49   2455315.41 2010  4 28 21 49
