 Predicted Transit Epochs: 55cancri_ c

 Predicted Duration of a Central Transit:   266. Minutes

 Begin Transit Window           PREDICTED CENTRAL TRANSIT     End Transit Window
                                     All Times UT

                               HJD        Year M  D  H  M
 2456762.31 2014  4 14 19 29   2456768.10 2014  4 20 14 20   2456773.88 2014  4 26  9 11
 2456806.62 2014  5 29  2 45   2456812.42 2014  6  3 22  6   2456818.23 2014  6  9 17 28
 2456850.92 2014  7 12 10  2   2456856.75 2014  7 18  5 53   2456862.57 2014  7 24  1 45
 2456895.22 2014  8 25 17 18   2456901.07 2014  8 31 13 40   2456906.92 2014  9  6 10  2
 2456939.52 2014 10  9  0 35   2456945.39 2014 10 14 21 27   2456951.26 2014 10 20 18 19
 2456983.83 2014 11 22  7 51   2456989.72 2014 11 28  5 13   2456995.61 2014 12  4  2 35
 2457028.13 2015  1  5 15  8   2457034.04 2015  1 11 13  0   2457039.95 2015  1 17 10 52
 2457072.43 2015  2 18 22 24   2457078.37 2015  2 24 20 47   2457084.30 2015  3  2 19  9
 2457116.74 2015  4  4  5 41   2457122.69 2015  4 10  4 33   2457128.64 2015  4 16  3 26
 2457161.04 2015  5 18 12 57   2457167.01 2015  5 24 12 20   2457172.99 2015  5 30 11 43
 2457205.34 2015  7  1 20 14   2457211.34 2015  7  7 20  7   2457217.33 2015  7 13 20  0
 2457249.65 2015  8 15  3 30   2457255.66 2015  8 21  3 54   2457261.68 2015  8 27  4 17
 2457293.95 2015  9 28 10 46   2457299.99 2015 10  4 11 40   2457306.02 2015 10 10 12 34
 2457338.25 2015 11 11 18  3   2457344.31 2015 11 17 19 27   2457350.37 2015 11 23 20 51
 2457382.56 2015 12 26  1 19   2457388.63 2016  1  1  3 14   2457394.71 2016  1  7  5  8
 2457426.86 2016  2  8  8 36   2457432.96 2016  2 14 11  0   2457439.06 2016  2 20 13 25
 2457471.16 2016  3 23 15 52   2457477.28 2016  3 29 18 47   2457483.40 2016  4  4 21 42
 2457515.46 2016  5  6 23  9   2457521.61 2016  5 13  2 34   2457527.75 2016  5 19  5 59
 2457559.77 2016  6 20  6 25   2457565.93 2016  6 26 10 21   2457572.09 2016  7  2 14 16
 2457604.07 2016  8  3 13 42   2457610.26 2016  8  9 18  7   2457616.44 2016  8 15 22 33
 2457648.37 2016  9 16 20 58   2457654.58 2016  9 23  1 54   2457660.78 2016  9 29  6 50
 2457692.68 2016 10 31  4 15   2457698.90 2016 11  6  9 41   2457705.13 2016 11 12 15  7
 2457736.98 2016 12 14 11 31   2457743.23 2016 12 20 17 28   2457749.48 2016 12 26 23 24
 2457781.28 2017  1 27 18 48   2457787.55 2017  2  3  1 14   2457793.82 2017  2  9  7 41
 2457825.59 2017  3 13  2  4   2457831.88 2017  3 19  9  1   2457838.17 2017  3 25 15 58
 2457869.89 2017  4 26  9 21   2457876.20 2017  5  2 16 48   2457882.51 2017  5  9  0 15
 2457914.19 2017  6  9 16 37   2457920.52 2017  6 16  0 34   2457926.86 2017  6 22  8 32
 2457958.50 2017  7 23 23 54   2457964.85 2017  7 30  8 21   2457971.20 2017  8  5 16 49
 2458002.80 2017  9  6  7 10   2458009.17 2017  9 12 16  8   2458015.55 2017  9 19  1  6
 2458047.10 2017 10 20 14 27   2458053.50 2017 10 26 23 55   2458059.89 2017 11  2  9 23
 2458091.41 2017 12  3 21 43   2458097.82 2017 12 10  7 41   2458104.24 2017 12 16 17 39
 2458135.71 2018  1 17  5  0   2458142.14 2018  1 23 15 28   2458148.58 2018  1 30  1 56
 2458180.01 2018  3  2 12 16   2458186.47 2018  3  8 23 15   2458192.93 2018  3 15 10 13
 2458224.31 2018  4 15 19 33   2458230.79 2018  4 22  7  1   2458237.27 2018  4 28 18 30
 2458268.62 2018  5 30  2 49   2458275.12 2018  6  5 14 48   2458281.62 2018  6 12  2 47
 2458312.92 2018  7 13 10  5   2458319.44 2018  7 19 22 35   2458325.96 2018  7 26 11  4
 2458357.22 2018  8 26 17 22   2458363.77 2018  9  2  6 22   2458370.31 2018  9  8 19 21
 2458401.53 2018 10 10  0 38   2458408.09 2018 10 16 14  8   2458414.65 2018 10 23  3 38
 2458445.83 2018 11 23  7 55   2458452.41 2018 11 29 21 55   2458459.00 2018 12  6 11 55
 2458490.13 2019  1  6 15 11   2458496.74 2019  1 13  5 42   2458503.34 2019  1 19 20 12
 2458534.44 2019  2 19 22 28   2458541.06 2019  2 26 13 28   2458547.69 2019  3  5  4 29
 2458578.74 2019  4  5  5 44   2458585.39 2019  4 11 21 15   2458592.03 2019  4 18 12 46
 2458623.04 2019  5 19 13  1   2458629.71 2019  5 26  5  2   2458636.38 2019  6  1 21  3
 2458667.35 2019  7  2 20 17   2458674.03 2019  7  9 12 49   2458680.72 2019  7 16  5 20
 2458711.65 2019  8 16  3 34   2458718.36 2019  8 22 20 35   2458725.07 2019  8 29 13 37
 2458755.95 2019  9 29 10 50   2458762.68 2019 10  6  4 22   2458769.41 2019 10 12 21 54
 2458800.26 2019 11 12 18  7   2458807.01 2019 11 19 12  9   2458813.76 2019 11 26  6 11
 2458844.56 2019 12 27  1 23   2458851.33 2020  1  2 19 55   2458858.10 2020  1  9 14 28
 2458888.86 2020  2  9  8 40   2458895.65 2020  2 16  3 42   2458902.45 2020  2 22 22 45
 2458933.16 2020  3 24 15 56   2458939.98 2020  3 31 11 29   2458946.79 2020  4  7  7  2
 2458977.47 2020  5  7 23 13   2458984.30 2020  5 14 19 16   2458991.14 2020  5 21 15 19
 2459021.77 2020  6 21  6 29   2459028.63 2020  6 28  3  2   2459035.48 2020  7  4 23 36
 2459066.07 2020  8  4 13 46   2459072.95 2020  8 11 10 49   2459079.83 2020  8 18  7 53
 2459110.38 2020  9 17 21  2   2459117.28 2020  9 24 18 36   2459124.17 2020 10  1 16 10
 2459154.68 2020 11  1  4 19   2459161.60 2020 11  8  2 23   2459168.52 2020 11 15  0 26
 2459198.98 2020 12 15 11 35   2459205.92 2020 12 22 10  9   2459212.86 2020 12 29  8 43
 2459243.29 2021  1 28 18 52   2459250.25 2021  2  4 17 56   2459257.21 2021  2 11 17  0
 2459287.59 2021  3 14  2  8   2459294.57 2021  3 21  1 43   2459301.55 2021  3 28  1 17
 2459331.89 2021  4 27  9 24   2459338.90 2021  5  4  9 29   2459345.90 2021  5 11  9 34
 2459376.20 2021  6 10 16 41   2459383.22 2021  6 17 17 16   2459390.24 2021  6 24 17 51
 2459420.50 2021  7 24 23 57   2459427.54 2021  8  1  1  3   2459434.59 2021  8  8  2  8
 2459464.80 2021  9  7  7 14   2459471.87 2021  9 14  8 50   2459478.93 2021  9 21 10 25
 2459509.10 2021 10 21 14 30   2459516.19 2021 10 28 16 36   2459523.28 2021 11  4 18 42
 2459553.41 2021 12  4 21 47   2459560.52 2021 12 12  0 23   2459567.62 2021 12 19  2 59
 2459597.71 2022  1 18  5  3   2459604.84 2022  1 25  8 10   2459611.97 2022  2  1 11 16
 2459642.01 2022  3  3 12 20   2459649.16 2022  3 10 15 56   2459656.31 2022  3 17 19 33
 2459686.32 2022  4 16 19 36   2459693.49 2022  4 23 23 43   2459700.66 2022  5  1  3 50
 2459730.62 2022  5 31  2 53   2459737.81 2022  6  7  7 30   2459745.01 2022  6 14 12  7
 2459774.92 2022  7 14 10  9   2459782.14 2022  7 21 15 17   2459789.35 2022  7 28 20 24
 2459819.23 2022  8 27 17 26   2459826.46 2022  9  3 23  3   2459833.70 2022  9 11  4 41
 2459863.53 2022 10 11  0 42   2459870.79 2022 10 18  6 50   2459878.04 2022 10 25 12 58
 2459907.83 2022 11 24  7 59   2459915.11 2022 12  1 14 37   2459922.39 2022 12  8 21 15
 2459952.14 2023  1  7 15 15   2459959.43 2023  1 14 22 23   2459966.73 2023  1 22  5 32
 2459996.44 2023  2 20 22 32   2460003.76 2023  2 28  6 10   2460011.08 2023  3  7 13 49
 2460040.74 2023  4  6  5 48   2460048.08 2023  4 13 13 57   2460055.42 2023  4 20 22  6
 2460085.05 2023  5 20 13  5   2460092.41 2023  5 27 21 44   2460099.77 2023  6  4  6 23
 2460129.35 2023  7  3 20 21   2460136.73 2023  7 11  5 30   2460144.11 2023  7 18 14 40
 2460173.65 2023  8 17  3 38   2460181.05 2023  8 24 13 17   2460188.46 2023  8 31 22 57
 2460217.95 2023  9 30 10 54   2460225.38 2023 10  7 21  4   2460232.80 2023 10 15  7 13
 2460262.26 2023 11 13 18 11   2460269.70 2023 11 21  4 50   2460277.15 2023 11 28 15 30
 2460306.56 2023 12 28  1 27   2460314.03 2024  1  4 12 37   2460321.49 2024  1 11 23 47
 2460350.86 2024  2 10  8 43   2460358.35 2024  2 17 20 24   2460365.84 2024  2 25  8  4
 2460395.17 2024  3 25 16  0   2460402.67 2024  4  2  4 11   2460410.18 2024  4  9 16 21
 2460439.47 2024  5  8 23 16   2460447.00 2024  5 16 11 57   2460454.53 2024  5 24  0 38
 2460483.77 2024  6 22  6 33   2460491.32 2024  6 29 19 44   2460498.87 2024  7  7  8 55
 2460528.08 2024  8  5 13 49   2460535.65 2024  8 13  3 31   2460543.22 2024  8 20 17 12
 2460572.38 2024  9 18 21  6   2460579.97 2024  9 26 11 18   2460587.56 2024 10  4  1 29
 2460616.68 2024 11  2  4 22   2460624.29 2024 11  9 19  4   2460631.91 2024 11 17  9 46
 2460660.99 2024 12 16 11 39   2460668.62 2024 12 24  2 51   2460676.25 2024 12 31 18  3
 2460705.29 2025  1 29 18 55   2460712.94 2025  2  6 10 38   2460720.60 2025  2 14  2 20
 2460749.59 2025  3 15  2 12   2460757.27 2025  3 22 18 24   2460764.94 2025  3 30 10 37
 2460793.89 2025  4 28  9 28   2460801.59 2025  5  6  2 11   2460809.29 2025  5 13 18 54
 2460838.20 2025  6 11 16 45   2460845.92 2025  6 19  9 58   2460853.63 2025  6 27  3 11
 2460882.50 2025  7 26  0  1   2460890.24 2025  8  2 17 45   2460897.98 2025  8 10 11 28
 2460926.80 2025  9  8  7 18   2460934.56 2025  9 16  1 31   2460942.32 2025  9 23 19 45
 2460971.11 2025 10 22 14 34   2460978.89 2025 10 30  9 18   2460986.67 2025 11  7  4  2
 2461015.41 2025 12  5 21 51   2461023.21 2025 12 13 17  5   2461031.01 2025 12 21 12 19
 2461059.71 2026  1 19  5  7   2461067.54 2026  1 27  0 51   2461075.36 2026  2  3 20 36
 2461104.02 2026  3  4 12 24   2461111.86 2026  3 12  8 38   2461119.70 2026  3 20  4 53
 2461148.32 2026  4 17 19 40   2461156.18 2026  4 25 16 25   2461164.05 2026  5  3 13 10
 2461192.62 2026  6  1  2 57   2461200.51 2026  6  9  0 12   2461208.39 2026  6 16 21 27
 2461236.93 2026  7 15 10 13   2461244.83 2026  7 23  7 58   2461252.74 2026  7 31  5 44
 2461281.23 2026  8 28 17 30   2461289.16 2026  9  5 15 45   2461297.08 2026  9 13 14  0
 2461325.53 2026 10 12  0 46   2461333.48 2026 10 19 23 32   2461341.43 2026 10 27 22 17
 2461369.84 2026 11 25  8  2   2461377.80 2026 12  3  7 18   2461385.77 2026 12 11  6 34
 2461414.14 2027  1  8 15 19   2461422.13 2027  1 16 15  5   2461430.12 2027  1 24 14 51
 2461458.44 2027  2 21 22 35   2461466.45 2027  3  1 22 52   2461474.46 2027  3  9 23  8
 2461502.74 2027  4  7  5 52   2461510.78 2027  4 15  6 39   2461518.81 2027  4 23  7 25
 2461547.05 2027  5 21 13  8   2461555.10 2027  5 29 14 25   2461563.15 2027  6  6 15 42
 2461591.35 2027  7  4 20 25   2461599.43 2027  7 12 22 12   2461607.50 2027  7 20 23 59
 2461635.65 2027  8 18  3 41   2461643.75 2027  8 26  5 59   2461651.84 2027  9  3  8 16
 2461679.96 2027 10  1 10 58   2461688.07 2027 10  9 13 45   2461696.19 2027 10 17 16 33
 2461724.26 2027 11 14 18 14   2461732.40 2027 11 22 21 32   2461740.54 2027 12  1  0 50
 2461768.56 2027 12 29  1 31   2461776.72 2028  1  6  5 19   2461784.88 2028  1 14  9  7
 2461812.87 2028  2 11  8 47   2461821.05 2028  2 19 13  6   2461829.23 2028  2 27 17 24
 2461857.17 2028  3 26 16  4   2461865.37 2028  4  3 20 52   2461873.57 2028  4 12  1 41
 2461901.47 2028  5  9 23 20   2461909.69 2028  5 18  4 39   2461917.92 2028  5 26  9 58
 2461945.78 2028  6 23  6 37   2461954.02 2028  7  1 12 26   2461962.26 2028  7  9 18 15
 2461990.08 2028  8  6 13 53   2461998.34 2028  8 14 20 12   2462006.61 2028  8 23  2 32
 2462034.38 2028  9 19 21 10   2462042.67 2028  9 28  3 59   2462050.95 2028 10  6 10 49
 2462078.69 2028 11  3  4 26   2462086.99 2028 11 11 11 46   2462095.30 2028 11 19 19  6
 2462122.99 2028 12 17 11 43   2462131.31 2028 12 25 19 33   2462139.64 2029  1  3  3 23
 2462167.29 2029  1 30 18 59   2462175.64 2029  2  8  3 19   2462183.99 2029  2 16 11 40
 2462211.59 2029  3 16  2 16   2462219.96 2029  3 24 11  6   2462228.33 2029  4  1 19 57
 2462255.90 2029  4 29  9 32   2462264.29 2029  5  7 18 53   2462272.68 2029  5 16  4 14
 2462300.20 2029  6 12 16 49   2462308.61 2029  6 21  2 40   2462317.02 2029  6 29 12 31
 2462344.50 2029  7 27  0  5   2462352.94 2029  8  4 10 26   2462361.37 2029  8 12 20 47
 2462388.81 2029  9  9  7 21   2462397.26 2029  9 17 18 13   2462405.71 2029  9 26  5  4
 2462433.11 2029 10 23 14 38   2462441.58 2029 11  1  2  0   2462450.06 2029 11  9 13 21
 2462477.41 2029 12  6 21 54   2462485.91 2029 12 15  9 46   2462494.40 2029 12 23 21 38
 2462521.72 2030  1 20  5 11   2462530.23 2030  1 28 17 33   2462538.75 2030  2  6  5 55
 2462566.02 2030  3  5 12 27   2462574.56 2030  3 14  1 20   2462583.09 2030  3 22 14 12
 2462610.32 2030  4 18 19 44   2462618.88 2030  4 27  9  7   2462627.44 2030  5  5 22 29
 2462654.63 2030  6  2  3  0   2462663.20 2030  6 10 16 53   2462671.78 2030  6 19  6 46
 2462698.93 2030  7 16 10 17   2462707.53 2030  7 25  0 40   2462716.13 2030  8  2 15  3
 2462743.23 2030  8 29 17 33   2462751.85 2030  9  7  8 27   2462760.47 2030  9 15 23 20
 2462787.53 2030 10 13  0 50   2462796.18 2030 10 21 16 13   2462804.82 2030 10 30  7 37
 2462831.84 2030 11 26  8  6   2462840.50 2030 12  5  0  0   2462849.16 2030 12 13 15 54
 2462876.14 2031  1  9 15 23   2462884.82 2031  1 18  7 47   2462893.51 2031  1 27  0 11
 2462920.44 2031  2 22 22 39   2462929.15 2031  3  3 15 34   2462937.85 2031  3 12  8 28
 2462964.75 2031  4  8  5 56   2462973.47 2031  4 16 23 20   2462982.20 2031  4 25 16 45
 2463009.05 2031  5 22 13 12   2463017.80 2031  5 31  7  7   2463026.54 2031  6  9  1  2
 2463053.35 2031  7  5 20 29   2463062.12 2031  7 14 14 54   2463070.89 2031  7 23  9 19
 2463097.66 2031  8 19  3 45   2463106.45 2031  8 27 22 40   2463115.23 2031  9  5 17 36
 2463141.96 2031 10  2 11  2   2463150.77 2031 10 11  6 27   2463159.58 2031 10 20  1 53
 2463186.26 2031 11 15 18 18   2463195.09 2031 11 24 14 14   2463203.92 2031 12  3 10 10
 2463230.57 2031 12 30  1 35   2463239.42 2032  1  7 22  1   2463248.27 2032  1 16 18 27
 2463274.87 2032  2 12  8 51   2463283.74 2032  2 21  5 47   2463292.61 2032  3  1  2 44
 2463319.17 2032  3 27 16  8   2463328.07 2032  4  5 13 34   2463336.96 2032  4 14 11  1
 2463363.48 2032  5 10 23 24   2463372.39 2032  5 19 21 21   2463381.30 2032  5 28 19 18
 2463407.78 2032  6 24  6 40   2463416.71 2032  7  3  5  7   2463425.65 2032  7 12  3 34
 2463452.08 2032  8  7 13 57   2463461.04 2032  8 16 12 54   2463469.99 2032  8 25 11 51
 2463496.38 2032  9 20 21 13   2463505.36 2032  9 29 20 41   2463514.34 2032 10  8 20  8
 2463540.69 2032 11  4  4 30   2463549.69 2032 11 13  4 28   2463558.68 2032 11 22  4 25
 2463584.99 2032 12 18 11 46   2463594.01 2032 12 27 12 14   2463603.03 2033  1  5 12 42
 2463629.29 2033  1 31 19  3   2463638.33 2033  2  9 20  1   2463647.37 2033  2 18 20 59
 2463673.60 2033  3 17  2 19   2463682.66 2033  3 26  3 48   2463691.72 2033  4  4  5 16
 2463717.90 2033  4 30  9 36   2463726.98 2033  5  9 11 35   2463736.07 2033  5 18 13 33
 2463762.20 2033  6 13 16 52   2463771.31 2033  6 22 19 21   2463780.41 2033  7  1 21 50
 2463806.51 2033  7 28  0  9   2463815.63 2033  8  6  3  8   2463824.76 2033  8 15  6  7
 2463850.81 2033  9 10  7 25   2463859.95 2033  9 19 10 55   2463869.10 2033  9 28 14 24
 2463895.11 2033 10 24 14 42   2463904.28 2033 11  2 18 41   2463913.45 2033 11 11 22 41
 2463939.42 2033 12  7 21 58   2463948.60 2033 12 17  2 28   2463957.79 2033 12 26  6 58
 2463983.72 2034  1 21  5 15   2463992.93 2034  1 30 10 15   2464002.14 2034  2  8 15 15
 2464028.02 2034  3  6 12 31   2464037.25 2034  3 15 18  2   2464046.48 2034  3 24 23 32
 2464072.33 2034  4 19 19 48   2464081.58 2034  4 29  1 48   2464090.83 2034  5  8  7 49
 2464116.63 2034  6  3  3  4   2464125.90 2034  6 12  9 35   2464135.17 2034  6 21 16  6
 2464160.93 2034  7 17 10 21   2464170.22 2034  7 26 17 22   2464179.52 2034  8  5  0 23
 2464205.23 2034  8 30 17 37   2464214.55 2034  9  9  1  8   2464223.86 2034  9 18  8 40
