 Predicted Transit Epochs: 55cancri_ b

 Predicted Duration of a Central Transit:   265. Minutes

 Begin Transit Window           PREDICTED CENTRAL TRANSIT     End Transit Window
                                     All Times UT

                               HJD        Year M  D  H  M
 2454470.15 2008  1  4 15 32   2454470.43 2008  1  4 22 23   2454470.72 2008  1  5  5 13
 2454484.80 2008  1 19  7 12   2454485.09 2008  1 19 14  3   2454485.37 2008  1 19 20 55
 2454499.45 2008  2  2 22 52   2454499.74 2008  2  3  5 44   2454500.03 2008  2  3 12 36
 2454514.11 2008  2 17 14 31   2454514.39 2008  2 17 21 24   2454514.68 2008  2 18  4 17
 2454528.76 2008  3  3  6 11   2454529.05 2008  3  3 13  5   2454529.33 2008  3  3 19 59
 2454543.41 2008  3 17 21 50   2454543.70 2008  3 18  4 45   2454543.99 2008  3 18 11 40
 2454558.06 2008  4  1 13 30   2454558.35 2008  4  1 20 26   2454558.64 2008  4  2  3 21
 2454572.72 2008  4 16  5 10   2454573.00 2008  4 16 12  6   2454573.29 2008  4 16 19  3
 2454587.37 2008  4 30 20 49   2454587.66 2008  5  1  3 47   2454587.95 2008  5  1 10 44
 2454602.02 2008  5 15 12 29   2454602.31 2008  5 15 19 27   2454602.60 2008  5 16  2 25
 2454616.67 2008  5 30  4  8   2454616.96 2008  5 30 11  7   2454617.25 2008  5 30 18  6
 2454631.33 2008  6 13 19 48   2454631.62 2008  6 14  2 48   2454631.91 2008  6 14  9 48
 2454645.98 2008  6 28 11 28   2454646.27 2008  6 28 18 28   2454646.56 2008  6 29  1 29
 2454660.63 2008  7 13  3  7   2454660.92 2008  7 13 10  9   2454661.22 2008  7 13 17 10
 2454675.28 2008  7 27 18 47   2454675.58 2008  7 28  1 49   2454675.87 2008  7 28  8 52
 2454689.94 2008  8 11 10 26   2454690.23 2008  8 11 17 30   2454690.52 2008  8 12  0 33
 2454704.59 2008  8 26  2  6   2454704.88 2008  8 26  9 10   2454705.18 2008  8 26 16 14
 2454719.24 2008  9  9 17 46   2454719.54 2008  9 10  0 51   2454719.83 2008  9 10  7 56
 2454733.89 2008  9 24  9 25   2454734.19 2008  9 24 16 31   2454734.48 2008  9 24 23 37
 2454748.55 2008 10  9  1  5   2454748.84 2008 10  9  8 12   2454749.14 2008 10  9 15 18
 2454763.20 2008 10 23 16 44   2454763.49 2008 10 23 23 52   2454763.79 2008 10 24  7  0
 2454777.85 2008 11  7  8 24   2454778.15 2008 11  7 15 33   2454778.45 2008 11  7 22 41
 2454792.50 2008 11 22  0  4   2454792.80 2008 11 22  7 13   2454793.10 2008 11 22 14 22
 2454807.16 2008 12  6 15 43   2454807.45 2008 12  6 22 53   2454807.75 2008 12  7  6  4
 2454821.81 2008 12 21  7 23   2454822.11 2008 12 21 14 34   2454822.41 2008 12 21 21 45
 2454836.46 2009  1  4 23  2   2454836.76 2009  1  5  6 14   2454837.06 2009  1  5 13 26
 2454851.11 2009  1 19 14 42   2454851.41 2009  1 19 21 55   2454851.71 2009  1 20  5  8
 2454865.77 2009  2  3  6 22   2454866.07 2009  2  3 13 35   2454866.37 2009  2  3 20 49
 2454880.42 2009  2 17 22  1   2454880.72 2009  2 18  5 16   2454881.02 2009  2 18 12 30
 2454895.07 2009  3  4 13 41   2454895.37 2009  3  4 20 56   2454895.68 2009  3  5  4 12
 2454909.72 2009  3 19  5 20   2454910.03 2009  3 19 12 37   2454910.33 2009  3 19 19 53
 2454924.38 2009  4  2 21  0   2454924.68 2009  4  3  4 17   2454924.98 2009  4  3 11 34
 2454939.03 2009  4 17 12 40   2454939.33 2009  4 17 19 58   2454939.64 2009  4 18  3 16
 2454953.68 2009  5  2  4 19   2454953.99 2009  5  2 11 38   2454954.29 2009  5  2 18 57
 2454968.33 2009  5 16 19 59   2454968.64 2009  5 17  3 19   2454968.94 2009  5 17 10 38
 2454982.99 2009  5 31 11 38   2454983.29 2009  5 31 18 59   2454983.60 2009  6  1  2 20
 2454997.64 2009  6 15  3 18   2454997.94 2009  6 15 10 40   2454998.25 2009  6 15 18  1
 2455012.29 2009  6 29 18 58   2455012.60 2009  6 30  2 20   2455012.90 2009  6 30  9 42
 2455026.94 2009  7 14 10 37   2455027.25 2009  7 14 18  0   2455027.56 2009  7 15  1 24
 2455041.60 2009  7 29  2 17   2455041.90 2009  7 29  9 41   2455042.21 2009  7 29 17  5
 2455056.25 2009  8 12 17 56   2455056.56 2009  8 13  1 21   2455056.87 2009  8 13  8 46
 2455070.90 2009  8 27  9 36   2455071.21 2009  8 27 17  2   2455071.52 2009  8 28  0 28
 2455085.55 2009  9 11  1 16   2455085.86 2009  9 11  8 42   2455086.17 2009  9 11 16  9
 2455100.21 2009  9 25 16 55   2455100.52 2009  9 26  0 23   2455100.83 2009  9 26  7 50
 2455114.86 2009 10 10  8 35   2455115.17 2009 10 10 16  3   2455115.48 2009 10 10 23 32
 2455129.51 2009 10 25  0 14   2455129.82 2009 10 25  7 44   2455130.13 2009 10 25 15 13
 2455144.16 2009 11  8 15 54   2455144.48 2009 11  8 23 24   2455144.79 2009 11  9  6 54
 2455158.82 2009 11 23  7 34   2455159.13 2009 11 23 15  5   2455159.44 2009 11 23 22 36
 2455173.47 2009 12  7 23 13   2455173.78 2009 12  8  6 45   2455174.10 2009 12  8 14 17
 2455188.12 2009 12 22 14 53   2455188.43 2009 12 22 22 26   2455188.75 2009 12 23  5 58
 2455202.77 2010  1  6  6 32   2455203.09 2010  1  6 14  6   2455203.40 2010  1  6 21 40
 2455217.43 2010  1 20 22 12   2455217.74 2010  1 21  5 46   2455218.06 2010  1 21 13 21
 2455232.08 2010  2  4 13 52   2455232.39 2010  2  4 21 27   2455232.71 2010  2  5  5  2
 2455246.73 2010  2 19  5 31   2455247.05 2010  2 19 13  7   2455247.36 2010  2 19 20 44
 2455261.38 2010  3  5 21 11   2455261.70 2010  3  6  4 48   2455262.02 2010  3  6 12 25
 2455276.04 2010  3 20 12 50   2455276.35 2010  3 20 20 28   2455276.67 2010  3 21  4  6
 2455290.69 2010  4  4  4 30   2455291.01 2010  4  4 12  9   2455291.33 2010  4  4 19 48
 2455305.34 2010  4 18 20 10   2455305.66 2010  4 19  3 49   2455305.98 2010  4 19 11 29
 2455319.99 2010  5  3 11 49   2455320.31 2010  5  3 19 30   2455320.63 2010  5  4  3 10
