 Predicted Transit Epochs: 61Vir____ b

 Predicted Duration of a Central Transit:   172. Minutes

 Begin Transit Window           PREDICTED CENTRAL TRANSIT     End Transit Window
                                     All Times UT

                               HJD        Year M  D  H  M
 2456759.62 2014  4 12  2 58   2456760.07 2014  4 12 13 44   2456760.52 2014  4 13  0 30
 2456763.84 2014  4 16  8  6   2456764.29 2014  4 16 18 53   2456764.74 2014  4 17  5 41
 2456768.05 2014  4 20 13 15   2456768.50 2014  4 21  0  3   2456768.95 2014  4 21 10 51
 2456772.27 2014  4 24 18 23   2456772.72 2014  4 25  5 12   2456773.17 2014  4 25 16  1
 2456776.48 2014  4 28 23 32   2456776.93 2014  4 29 10 22   2456777.38 2014  4 29 21 12
 2456780.70 2014  5  3  4 41   2456781.15 2014  5  3 15 31   2456781.60 2014  5  4  2 22
 2456784.91 2014  5  7  9 49   2456785.36 2014  5  7 20 41   2456785.81 2014  5  8  7 32
 2456789.12 2014  5 11 14 58   2456789.58 2014  5 12  1 50   2456790.03 2014  5 12 12 43
 2456793.34 2014  5 15 20  6   2456793.79 2014  5 16  7  0   2456794.25 2014  5 16 17 53
 2456797.55 2014  5 20  1 15   2456798.01 2014  5 20 12  9   2456798.46 2014  5 20 23  3
 2456801.77 2014  5 24  6 24   2456802.22 2014  5 24 17 18   2456802.68 2014  5 25  4 13
 2456805.98 2014  5 28 11 32   2456806.44 2014  5 28 22 28   2456806.89 2014  5 29  9 24
 2456810.20 2014  6  1 16 41   2456810.65 2014  6  2  3 37   2456811.11 2014  6  2 14 34
 2456814.41 2014  6  5 21 49   2456814.87 2014  6  6  8 47   2456815.32 2014  6  6 19 44
 2456818.62 2014  6 10  2 58   2456819.08 2014  6 10 13 56   2456819.54 2014  6 11  0 55
 2456822.84 2014  6 14  8  6   2456823.30 2014  6 14 19  6   2456823.75 2014  6 15  6  5
 2456827.05 2014  6 18 13 15   2456827.51 2014  6 19  0 15   2456827.97 2014  6 19 11 15
 2456831.27 2014  6 22 18 24   2456831.73 2014  6 23  5 25   2456832.18 2014  6 23 16 26
 2456835.48 2014  6 26 23 32   2456835.94 2014  6 27 10 34   2456836.40 2014  6 27 21 36
 2456839.70 2014  7  1  4 41   2456840.16 2014  7  1 15 44   2456840.62 2014  7  2  2 46
 2456843.91 2014  7  5  9 49   2456844.37 2014  7  5 20 53   2456844.83 2014  7  6  7 57
 2456848.12 2014  7  9 14 58   2456848.59 2014  7 10  2  3   2456849.05 2014  7 10 13  7
 2456852.34 2014  7 13 20  7   2456852.80 2014  7 14  7 12   2456853.26 2014  7 14 18 17
 2456856.55 2014  7 18  1 15   2456857.02 2014  7 18 12 21   2456857.48 2014  7 18 23 28
 2456860.77 2014  7 22  6 24   2456861.23 2014  7 22 17 31   2456861.69 2014  7 23  4 38
 2456864.98 2014  7 26 11 32   2456865.45 2014  7 26 22 40   2456865.91 2014  7 27  9 48
 2456869.20 2014  7 30 16 41   2456869.66 2014  7 31  3 50   2456870.12 2014  7 31 14 59
 2456873.41 2014  8  3 21 50   2456873.87 2014  8  4  8 59   2456874.34 2014  8  4 20  9
 2456877.62 2014  8  8  2 58   2456878.09 2014  8  8 14  9   2456878.56 2014  8  9  1 19
 2456881.84 2014  8 12  8  7   2456882.30 2014  8 12 19 18   2456882.77 2014  8 13  6 30
 2456886.05 2014  8 16 13 15   2456886.52 2014  8 17  0 28   2456886.99 2014  8 17 11 40
 2456890.27 2014  8 20 18 24   2456890.73 2014  8 21  5 37   2456891.20 2014  8 21 16 50
 2456894.48 2014  8 24 23 33   2456894.95 2014  8 25 10 47   2456895.42 2014  8 25 22  1
 2456898.70 2014  8 29  4 41   2456899.16 2014  8 29 15 56   2456899.63 2014  8 30  3 11
 2456902.91 2014  9  2  9 50   2456903.38 2014  9  2 21  5   2456903.85 2014  9  3  8 21
 2456907.12 2014  9  6 14 58   2456907.59 2014  9  7  2 15   2456908.06 2014  9  7 13 31
 2456911.34 2014  9 10 20  7   2456911.81 2014  9 11  7 24   2456912.28 2014  9 11 18 42
 2456915.55 2014  9 15  1 16   2456916.02 2014  9 15 12 34   2456916.49 2014  9 15 23 52
 2456919.77 2014  9 19  6 24   2456920.24 2014  9 19 17 43   2456920.71 2014  9 20  5  2
 2456923.98 2014  9 23 11 33   2456924.45 2014  9 23 22 53   2456924.93 2014  9 24 10 13
 2456928.20 2014  9 27 16 41   2456928.67 2014  9 28  4  2   2456929.14 2014  9 28 15 23
 2456932.41 2014 10  1 21 50   2456932.88 2014 10  2  9 12   2456933.36 2014 10  2 20 33
 2456936.62 2014 10  6  2 58   2456937.10 2014 10  6 14 21   2456937.57 2014 10  7  1 44
 2456940.84 2014 10 10  8  7   2456941.31 2014 10 10 19 31   2456941.79 2014 10 11  6 54
 2456945.05 2014 10 14 13 16   2456945.53 2014 10 15  0 40   2456946.00 2014 10 15 12  4
 2456949.27 2014 10 18 18 24   2456949.74 2014 10 19  5 49   2456950.22 2014 10 19 17 15
 2456953.48 2014 10 22 23 33   2456953.96 2014 10 23 10 59   2456954.43 2014 10 23 22 25
 2456957.70 2014 10 27  4 41   2456958.17 2014 10 27 16  8   2456958.65 2014 10 28  3 35
 2456961.91 2014 10 31  9 50   2456962.39 2014 10 31 21 18   2456962.87 2014 11  1  8 46
 2456966.12 2014 11  4 14 59   2456966.60 2014 11  5  2 27   2456967.08 2014 11  5 13 56
 2456970.34 2014 11  8 20  7   2456970.82 2014 11  9  7 37   2456971.30 2014 11  9 19  6
 2456974.55 2014 11 13  1 16   2456975.03 2014 11 13 12 46   2456975.51 2014 11 14  0 17
 2456978.77 2014 11 17  6 24   2456979.25 2014 11 17 17 56   2456979.73 2014 11 18  5 27
 2456982.98 2014 11 21 11 33   2456983.46 2014 11 21 23  5   2456983.94 2014 11 22 10 37
 2456987.20 2014 11 25 16 42   2456987.68 2014 11 26  4 15   2456988.16 2014 11 26 15 48
 2456991.41 2014 11 29 21 50   2456991.89 2014 11 30  9 24   2456992.37 2014 11 30 20 58
 2456995.62 2014 12  4  2 59   2456996.11 2014 12  4 14 33   2456996.59 2014 12  5  2  8
 2456999.84 2014 12  8  8  7   2457000.32 2014 12  8 19 43   2457000.80 2014 12  9  7 19
 2457004.05 2014 12 12 13 16   2457004.54 2014 12 13  0 52   2457005.02 2014 12 13 12 29
 2457008.27 2014 12 16 18 25   2457008.75 2014 12 17  6  2   2457009.24 2014 12 17 17 39
 2457012.48 2014 12 20 23 33   2457012.97 2014 12 21 11 11   2457013.45 2014 12 21 22 49
 2457016.70 2014 12 25  4 42   2457017.18 2014 12 25 16 21   2457017.67 2014 12 26  4  0
 2457020.91 2014 12 29  9 50   2457021.40 2014 12 29 21 30   2457021.88 2014 12 30  9 10
 2457025.12 2015  1  2 14 59   2457025.61 2015  1  3  2 40   2457026.10 2015  1  3 14 20
 2457029.34 2015  1  6 20  7   2457029.83 2015  1  7  7 49   2457030.31 2015  1  7 19 31
 2457033.55 2015  1 11  1 16   2457034.04 2015  1 11 12 59   2457034.53 2015  1 12  0 41
 2457037.77 2015  1 15  6 25   2457038.26 2015  1 15 18  8   2457038.74 2015  1 16  5 51
 2457041.98 2015  1 19 11 33   2457042.47 2015  1 19 23 17   2457042.96 2015  1 20 11  2
 2457046.20 2015  1 23 16 42   2457046.69 2015  1 24  4 27   2457047.18 2015  1 24 16 12
 2457050.41 2015  1 27 21 50   2457050.90 2015  1 28  9 36   2457051.39 2015  1 28 21 22
 2457054.62 2015  2  1  2 59   2457055.12 2015  2  1 14 46   2457055.61 2015  2  2  2 33
 2457058.84 2015  2  5  8  8   2457059.33 2015  2  5 19 55   2457059.82 2015  2  6  7 43
 2457063.05 2015  2  9 13 16   2457063.55 2015  2 10  1  5   2457064.04 2015  2 10 12 53
 2457067.27 2015  2 13 18 25   2457067.76 2015  2 14  6 14   2457068.25 2015  2 14 18  4
 2457071.48 2015  2 17 23 33   2457071.98 2015  2 18 11 24   2457072.47 2015  2 18 23 14
 2457075.70 2015  2 22  4 42   2457076.19 2015  2 22 16 33   2457076.68 2015  2 23  4 24
 2457079.91 2015  2 26  9 51   2457080.40 2015  2 26 21 43   2457080.90 2015  2 27  9 35
 2457084.12 2015  3  2 14 59   2457084.62 2015  3  3  2 52   2457085.11 2015  3  3 14 45
 2457088.34 2015  3  6 20  8   2457088.83 2015  3  7  8  2   2457089.33 2015  3  7 19 55
 2457092.55 2015  3 11  1 16   2457093.05 2015  3 11 13 11   2457093.55 2015  3 12  1  6
 2457096.77 2015  3 15  6 25   2457097.26 2015  3 15 18 20   2457097.76 2015  3 16  6 16
 2457100.98 2015  3 19 11 34   2457101.48 2015  3 19 23 30   2457101.98 2015  3 20 11 26
 2457105.20 2015  3 23 16 42   2457105.69 2015  3 24  4 39   2457106.19 2015  3 24 16 37
 2457109.41 2015  3 27 21 51   2457109.91 2015  3 28  9 49   2457110.41 2015  3 28 21 47
 2457113.62 2015  4  1  2 59   2457114.12 2015  4  1 14 58   2457114.62 2015  4  2  2 57
 2457117.84 2015  4  5  8  8   2457118.34 2015  4  5 20  8   2457118.84 2015  4  6  8  7
 2457122.05 2015  4  9 13 17   2457122.55 2015  4 10  1 17   2457123.05 2015  4 10 13 18
 2457126.27 2015  4 13 18 25   2457126.77 2015  4 14  6 27   2457127.27 2015  4 14 18 28
 2457130.48 2015  4 17 23 34   2457130.98 2015  4 18 11 36   2457131.49 2015  4 18 23 38
 2457134.70 2015  4 22  4 42   2457135.20 2015  4 22 16 46   2457135.70 2015  4 23  4 49
 2457138.91 2015  4 26  9 51   2457139.41 2015  4 26 21 55   2457139.92 2015  4 27  9 59
 2457143.12 2015  4 30 14 59   2457143.63 2015  5  1  3  4   2457144.13 2015  5  1 15  9
 2457147.34 2015  5  4 20  8   2457147.84 2015  5  5  8 14   2457148.35 2015  5  5 20 20
 2457151.55 2015  5  9  1 17   2457152.06 2015  5  9 13 23   2457152.56 2015  5 10  1 30
 2457155.77 2015  5 13  6 25   2457156.27 2015  5 13 18 33   2457156.78 2015  5 14  6 40
 2457159.98 2015  5 17 11 34   2457160.49 2015  5 17 23 42   2457160.99 2015  5 18 11 51
 2457164.20 2015  5 21 16 42   2457164.70 2015  5 22  4 52   2457165.21 2015  5 22 17  1
 2457168.41 2015  5 25 21 51   2457168.92 2015  5 26 10  1   2457169.42 2015  5 26 22 11
 2457172.63 2015  5 30  3  0   2457173.13 2015  5 30 15 11   2457173.64 2015  5 31  3 22
 2457176.84 2015  6  3  8  8   2457177.35 2015  6  3 20 20   2457177.86 2015  6  4  8 32
 2457181.05 2015  6  7 13 17   2457181.56 2015  6  8  1 30   2457182.07 2015  6  8 13 42
 2457185.27 2015  6 11 18 25   2457185.78 2015  6 12  6 39   2457186.29 2015  6 12 18 53
 2457189.48 2015  6 15 23 34   2457189.99 2015  6 16 11 48   2457190.50 2015  6 17  0  3
 2457193.70 2015  6 20  4 43   2457194.21 2015  6 20 16 58   2457194.72 2015  6 21  5 13
 2457197.91 2015  6 24  9 51   2457198.42 2015  6 24 22  7   2457198.93 2015  6 25 10 24
 2457202.13 2015  6 28 15  0   2457202.64 2015  6 29  3 17   2457203.15 2015  6 29 15 34
 2457206.34 2015  7  2 20  8   2457206.85 2015  7  3  8 26   2457207.36 2015  7  3 20 44
 2457210.55 2015  7  7  1 17   2457211.07 2015  7  7 13 36   2457211.58 2015  7  8  1 55
 2457214.77 2015  7 11  6 26   2457215.28 2015  7 11 18 45   2457215.80 2015  7 12  7  5
 2457218.98 2015  7 15 11 34   2457219.50 2015  7 15 23 55   2457220.01 2015  7 16 12 15
 2457223.20 2015  7 19 16 43   2457223.71 2015  7 20  5  4   2457224.23 2015  7 20 17 25
 2457227.41 2015  7 23 21 51   2457227.93 2015  7 24 10 14   2457228.44 2015  7 24 22 36
 2457231.63 2015  7 28  3  0   2457232.14 2015  7 28 15 23   2457232.66 2015  7 29  3 46
 2457235.84 2015  8  1  8  9   2457236.36 2015  8  1 20 32   2457236.87 2015  8  2  8 56
 2457240.05 2015  8  5 13 17   2457240.57 2015  8  6  1 42   2457241.09 2015  8  6 14  7
 2457244.27 2015  8  9 18 26   2457244.79 2015  8 10  6 51   2457245.30 2015  8 10 19 17
 2457248.48 2015  8 13 23 34   2457249.00 2015  8 14 12  1   2457249.52 2015  8 15  0 27
 2457252.70 2015  8 18  4 43   2457253.22 2015  8 18 17 10   2457253.73 2015  8 19  5 38
 2457256.91 2015  8 22  9 51   2457257.43 2015  8 22 22 20   2457257.95 2015  8 23 10 48
 2457261.13 2015  8 26 15  0   2457261.65 2015  8 27  3 29   2457262.17 2015  8 27 15 58
 2457265.34 2015  8 30 20  9   2457265.86 2015  8 31  8 39   2457266.38 2015  8 31 21  9
 2457269.55 2015  9  4  1 17   2457270.08 2015  9  4 13 48   2457270.60 2015  9  5  2 19
 2457273.77 2015  9  8  6 26   2457274.29 2015  9  8 18 58   2457274.81 2015  9  9  7 29
 2457277.98 2015  9 12 11 34   2457278.51 2015  9 13  0  7   2457279.03 2015  9 13 12 40
 2457282.20 2015  9 16 16 43   2457282.72 2015  9 17  5 16   2457283.24 2015  9 17 17 50
 2457286.41 2015  9 20 21 52   2457286.94 2015  9 21 10 26   2457287.46 2015  9 21 23  0
 2457290.63 2015  9 25  3  0   2457291.15 2015  9 25 15 35   2457291.67 2015  9 26  4 11
 2457294.84 2015  9 29  8  9   2457295.36 2015  9 29 20 45   2457295.89 2015  9 30  9 21
 2457299.05 2015 10  3 13 17   2457299.58 2015 10  4  1 54   2457300.11 2015 10  4 14 31
 2457303.27 2015 10  7 18 26   2457303.79 2015 10  8  7  4   2457304.32 2015 10  8 19 42
 2457307.48 2015 10 11 23 35   2457308.01 2015 10 12 12 13   2457308.54 2015 10 13  0 52
 2457311.70 2015 10 16  4 43   2457312.22 2015 10 16 17 23   2457312.75 2015 10 17  6  2
 2457315.91 2015 10 20  9 52   2457316.44 2015 10 20 22 32   2457316.97 2015 10 21 11 13
 2457320.13 2015 10 24 15  0   2457320.65 2015 10 25  3 42   2457321.18 2015 10 25 16 23
 2457324.34 2015 10 28 20  9   2457324.87 2015 10 29  8 51   2457325.40 2015 10 29 21 33
 2457328.55 2015 11  2  1 18   2457329.08 2015 11  2 14  0   2457329.61 2015 11  3  2 43
 2457332.77 2015 11  6  6 26   2457333.30 2015 11  6 19 10   2457333.83 2015 11  7  7 54
 2457336.98 2015 11 10 11 35   2457337.51 2015 11 11  0 19   2457338.04 2015 11 11 13  4
 2457341.20 2015 11 14 16 43   2457341.73 2015 11 15  5 29   2457342.26 2015 11 15 18 14
 2457345.41 2015 11 18 21 52   2457345.94 2015 11 19 10 38   2457346.48 2015 11 19 23 25
 2457349.63 2015 11 23  3  0   2457350.16 2015 11 23 15 48   2457350.69 2015 11 24  4 35
 2457353.84 2015 11 27  8  9   2457354.37 2015 11 27 20 57   2457354.91 2015 11 28  9 45
 2457358.05 2015 12  1 13 18   2457358.59 2015 12  2  2  7   2457359.12 2015 12  2 14 56
 2457362.27 2015 12  5 18 26   2457362.80 2015 12  6  7 16   2457363.34 2015 12  6 20  6
 2457366.48 2015 12  9 23 35   2457367.02 2015 12 10 12 26   2457367.55 2015 12 11  1 16
 2457370.70 2015 12 14  4 43   2457371.23 2015 12 14 17 35   2457371.77 2015 12 15  6 27
 2457374.91 2015 12 18  9 52   2457375.45 2015 12 18 22 45   2457375.98 2015 12 19 11 37
 2457379.13 2015 12 22 15  1   2457379.66 2015 12 23  3 54   2457380.20 2015 12 23 16 47
 2457383.34 2015 12 26 20  9   2457383.88 2015 12 27  9  3   2457384.42 2015 12 27 21 58
 2457387.55 2015 12 31  1 18   2457388.09 2015 12 31 14 13   2457388.63 2016  1  1  3  8
 2457391.77 2016  1  4  6 26   2457392.31 2016  1  4 19 22   2457392.85 2016  1  5  8 18
 2457395.98 2016  1  8 11 35   2457396.52 2016  1  9  0 32   2457397.06 2016  1  9 13 29
 2457400.20 2016  1 12 16 44   2457400.74 2016  1 13  5 41   2457401.28 2016  1 13 18 39
 2457404.41 2016  1 16 21 52   2457404.95 2016  1 17 10 51   2457405.49 2016  1 17 23 49
 2457408.63 2016  1 21  3  1   2457409.17 2016  1 21 16  0   2457409.71 2016  1 22  5  0
 2457412.84 2016  1 25  8  9   2457413.38 2016  1 25 21 10   2457413.92 2016  1 26 10 10
 2457417.05 2016  1 29 13 18   2457417.60 2016  1 30  2 19   2457418.14 2016  1 30 15 20
 2457421.27 2016  2  2 18 27   2457421.81 2016  2  3  7 29   2457422.35 2016  2  3 20 31
 2457425.48 2016  2  6 23 35   2457426.03 2016  2  7 12 38   2457426.57 2016  2  8  1 41
 2457429.70 2016  2 11  4 44   2457430.24 2016  2 11 17 47   2457430.79 2016  2 12  6 51
 2457433.91 2016  2 15  9 52   2457434.46 2016  2 15 22 57   2457435.00 2016  2 16 12  1
 2457438.13 2016  2 19 15  1   2457438.67 2016  2 20  4  6   2457439.22 2016  2 20 17 12
 2457442.34 2016  2 23 20 10   2457442.89 2016  2 24  9 16   2457443.43 2016  2 24 22 22
 2457446.55 2016  2 28  1 18   2457447.10 2016  2 28 14 25   2457447.65 2016  2 29  3 32
 2457450.77 2016  3  3  6 27   2457451.32 2016  3  3 19 35   2457451.86 2016  3  4  8 43
 2457454.98 2016  3  7 11 35   2457455.53 2016  3  8  0 44   2457456.08 2016  3  8 13 53
 2457459.20 2016  3 11 16 44   2457459.75 2016  3 12  5 54   2457460.29 2016  3 12 19  3
 2457463.41 2016  3 15 21 52   2457463.96 2016  3 16 11  3   2457464.51 2016  3 17  0 14
 2457467.63 2016  3 20  3  1   2457468.18 2016  3 20 16 13   2457468.73 2016  3 21  5 24
 2457471.84 2016  3 24  8 10   2457472.39 2016  3 24 21 22   2457472.94 2016  3 25 10 34
 2457476.05 2016  3 28 13 18   2457476.61 2016  3 29  2 31   2457477.16 2016  3 29 15 45
 2457480.27 2016  4  1 18 27   2457480.82 2016  4  2  7 41   2457481.37 2016  4  2 20 55
 2457484.48 2016  4  5 23 35   2457485.04 2016  4  6 12 50   2457485.59 2016  4  7  2  5
 2457488.70 2016  4 10  4 44   2457489.25 2016  4 10 18  0   2457489.80 2016  4 11  7 16
 2457492.91 2016  4 14  9 53   2457493.47 2016  4 14 23  9   2457494.02 2016  4 15 12 26
 2457497.13 2016  4 18 15  1   2457497.68 2016  4 19  4 19   2457498.23 2016  4 19 17 36
 2457501.34 2016  4 22 20 10   2457501.89 2016  4 23  9 28   2457502.45 2016  4 23 22 47
 2457505.55 2016  4 27  1 18   2457506.11 2016  4 27 14 38   2457506.66 2016  4 28  3 57
 2457509.77 2016  5  1  6 27   2457510.32 2016  5  1 19 47   2457510.88 2016  5  2  9  7
 2457513.98 2016  5  5 11 36   2457514.54 2016  5  6  0 57   2457515.10 2016  5  6 14 18
 2457518.20 2016  5  9 16 44   2457518.75 2016  5 10  6  6   2457519.31 2016  5 10 19 28
 2457522.41 2016  5 13 21 53   2457522.97 2016  5 14 11 15   2457523.53 2016  5 15  0 38
 2457526.63 2016  5 18  3  1   2457527.18 2016  5 18 16 25   2457527.74 2016  5 19  5 49
 2457530.84 2016  5 22  8 10   2457531.40 2016  5 22 21 34   2457531.96 2016  5 23 10 59
 2457535.05 2016  5 26 13 19   2457535.61 2016  5 27  2 44   2457536.17 2016  5 27 16  9
 2457539.27 2016  5 30 18 27   2457539.83 2016  5 31  7 53   2457540.39 2016  5 31 21 19
 2457543.48 2016  6  3 23 36   2457544.04 2016  6  4 13  3   2457544.60 2016  6  5  2 30
 2457547.70 2016  6  8  4 44   2457548.26 2016  6  8 18 12   2457548.82 2016  6  9  7 40
 2457551.91 2016  6 12  9 53   2457552.47 2016  6 12 23 22   2457553.04 2016  6 13 12 50
 2457556.13 2016  6 16 15  1   2457556.69 2016  6 17  4 31   2457557.25 2016  6 17 18  1
 2457560.34 2016  6 20 20 10   2457560.90 2016  6 21  9 41   2457561.47 2016  6 21 23 11
 2457564.55 2016  6 25  1 19   2457565.12 2016  6 25 14 50   2457565.68 2016  6 26  4 21
 2457568.77 2016  6 29  6 27   2457569.33 2016  6 29 19 59   2457569.90 2016  6 30  9 32
 2457572.98 2016  7  3 11 36   2457573.55 2016  7  4  1  9   2457574.11 2016  7  4 14 42
 2457577.20 2016  7  7 16 44   2457577.76 2016  7  8  6 18   2457578.33 2016  7  8 19 52
 2457581.41 2016  7 11 21 53   2457581.98 2016  7 12 11 28   2457582.54 2016  7 13  1  3
 2457585.63 2016  7 16  3  2   2457586.19 2016  7 16 16 37   2457586.76 2016  7 17  6 13
 2457589.84 2016  7 20  8 10   2457590.41 2016  7 20 21 47   2457590.97 2016  7 21 11 23
 2457594.06 2016  7 24 13 19   2457594.62 2016  7 25  2 56   2457595.19 2016  7 25 16 34
 2457598.27 2016  7 28 18 27   2457598.84 2016  7 29  8  6   2457599.41 2016  7 29 21 44
 2457602.48 2016  8  1 23 36   2457603.05 2016  8  2 13 15   2457603.62 2016  8  3  2 54
 2457606.70 2016  8  6  4 45   2457607.27 2016  8  6 18 25   2457607.84 2016  8  7  8  5
