 Predicted Transit Epochs: 70_Vir___ b

 Predicted Duration of a Central Transit:     9.   Hours

 Begin Transit Window           PREDICTED CENTRAL TRANSIT     End Transit Window
                                     All Times UT

                               HJD        Year M  D  H  M
 2456816.44 2014  6  7 22 34   2456823.45 2014  6 14 22 47   2456830.46 2014  6 21 22 59
 2456933.03 2014 10  2 12 42   2456940.14 2014 10  9 15 19   2456947.25 2014 10 16 17 55
 2457049.62 2015  1 27  2 50   2457056.83 2015  2  3  7 51   2457064.04 2015  2 10 12 51
 2457166.21 2015  5 23 16 59   2457173.52 2015  5 31  0 23   2457180.83 2015  6  7  7 48
 2457282.80 2015  9 17  7  7   2457290.21 2015  9 24 16 55   2457297.61 2015 10  2  2 44
 2457399.39 2016  1 11 21 15   2457406.89 2016  1 19  9 27   2457414.40 2016  1 26 21 40
 2457515.97 2016  5  7 11 23   2457523.58 2016  5 15  2  0   2457531.19 2016  5 22 16 36
 2457632.56 2016  9  1  1 31   2457640.27 2016  9  8 18 32   2457647.98 2016  9 16 11 32
 2457749.15 2016 12 26 15 39   2457756.96 2017  1  3 11  4   2457764.77 2017  1 11  6 28
 2457865.74 2017  4 22  5 48   2457873.65 2017  4 30  3 36   2457881.56 2017  5  8  1 25
 2457982.33 2017  8 16 19 56   2457990.34 2017  8 24 20  8   2457998.35 2017  9  1 20 21
 2458098.92 2017 12 11 10  4   2458107.03 2017 12 19 12 40   2458115.14 2017 12 27 15 17
 2458215.51 2018  4  7  0 12   2458223.72 2018  4 15  5 13   2458231.93 2018  4 23 10 13
 2458332.10 2018  8  1 14 20   2458340.41 2018  8  9 21 45   2458348.72 2018  8 18  5  9
 2458448.69 2018 11 26  4 28   2458457.10 2018 12  4 14 17   2458465.50 2018 12 13  0  5
 2458565.28 2019  3 22 18 37   2458573.78 2019  3 31  6 49   2458582.29 2019  4  8 19  1
 2458681.86 2019  7 17  8 45   2458690.47 2019  7 25 23 21   2458699.08 2019  8  3 13 58
 2458798.45 2019 11 10 22 53   2458807.16 2019 11 19 15 53   2458815.87 2019 11 28  8 54
 2458915.04 2020  3  6 13  1   2458923.85 2020  3 15  8 26   2458932.66 2020  3 24  3 50
 2459031.63 2020  7  1  3  9   2459040.54 2020  7 10  0 58   2459049.45 2020  7 18 22 46
 2459148.22 2020 10 25 17 17   2459157.23 2020 11  3 17 30   2459166.24 2020 11 12 17 42
 2459264.81 2021  2 19  7 26   2459273.92 2021  2 28 10  2   2459283.03 2021  3  9 12 38
 2459381.40 2021  6 15 21 34   2459390.61 2021  6 25  2 34   2459399.82 2021  7  4  7 35
 2459497.99 2021 10 10 11 42   2459507.30 2021 10 19 19  6   2459516.61 2021 10 29  2 31
 2459614.58 2022  2  4  1 50   2459623.99 2022  2 13 11 38   2459633.39 2022  2 22 21 27
 2459731.17 2022  5 31 15 58   2459740.67 2022  6 10  4 11   2459750.18 2022  6 19 16 23
 2459847.75 2022  9 25  6  6   2459857.36 2022 10  4 20 43   2459866.97 2022 10 14 11 19
 2459964.34 2023  1 19 20 14   2459974.05 2023  1 29 13 15   2459983.76 2023  2  8  6 15
 2460080.93 2023  5 16 10 23   2460090.74 2023  5 26  5 47   2460100.55 2023  6  5  1 12
 2460197.52 2023  9 10  0 31   2460207.43 2023  9 19 22 19   2460217.34 2023  9 29 20  8
 2460314.11 2024  1  4 14 39   2460324.12 2024  1 14 14 51   2460334.13 2024  1 24 15  4
 2460430.70 2024  4 30  4 47   2460440.81 2024  5 10  7 24   2460450.92 2024  5 20 10  0
 2460547.29 2024  8 24 18 55   2460557.50 2024  9  3 23 56   2460567.71 2024  9 14  4 56
 2460663.88 2024 12 19  9  3   2460674.19 2024 12 29 16 28   2460684.50 2025  1  8 23 52
 2460780.47 2025  4 14 23 12   2460790.88 2025  4 25  9  0   2460801.28 2025  5  5 18 49
 2460897.06 2025  8  9 13 20   2460907.56 2025  8 20  1 32   2460918.07 2025  8 30 13 45
 2461013.64 2025 12  4  3 28   2461024.25 2025 12 14 18  4   2461034.86 2025 12 25  8 41
 2461130.23 2026  3 30 17 36   2461140.94 2026  4 10 10 37   2461151.65 2026  4 21  3 37
 2461246.82 2026  7 25  7 44   2461257.63 2026  8  5  3  9   2461268.44 2026  8 15 22 33
 2461363.41 2026 11 18 21 52   2461374.32 2026 11 29 19 41   2461385.23 2026 12 10 17 29
 2461480.00 2027  3 15 12  1   2461491.01 2027  3 26 12 13   2461502.02 2027  4  6 12 25
 2461596.59 2027  7 10  2  9   2461607.70 2027  7 21  4 45   2461618.81 2027  8  1  7 22
 2461713.18 2027 11  3 16 17   2461724.39 2027 11 14 21 17   2461735.60 2027 11 26  2 18
 2461829.77 2028  2 28  6 25   2461841.08 2028  3 10 13 50   2461852.39 2028  3 21 21 14
 2461946.36 2028  6 23 20 33   2461957.77 2028  7  5  6 22   2461969.17 2028  7 16 16 10
 2462062.95 2028 10 18 10 41   2462074.45 2028 10 29 22 54   2462085.96 2028 11 10 11  6
 2462179.53 2029  2 12  0 50   2462191.14 2029  2 23 15 26   2462202.75 2029  3  7  6  2
 2462296.12 2029  6  8 14 58   2462307.83 2029  6 20  7 58   2462319.54 2029  7  2  0 59
 2462412.71 2029 10  3  5  6   2462424.52 2029 10 15  0 30   2462436.33 2029 10 26 19 55
 2462529.30 2030  1 27 19 14   2462541.21 2030  2  8 17  2   2462553.12 2030  2 20 14 51
 2462645.89 2030  5 24  9 22   2462657.90 2030  6  5  9 35   2462669.91 2030  6 17  9 47
 2462762.48 2030  9 17 23 30   2462774.59 2030  9 30  2  7   2462786.70 2030 10 12  4 43
 2462879.07 2031  1 12 13 38   2462891.28 2031  1 24 18 39   2462903.49 2031  2  5 23 39
 2462995.66 2031  5  9  3 47   2463007.97 2031  5 21 11 11   2463020.28 2031  6  2 18 36
 2463112.25 2031  9  2 17 55   2463124.66 2031  9 15  3 43   2463137.06 2031  9 27 13 32
 2463228.84 2031 12 28  8  3   2463241.34 2032  1  9 20 15   2463253.85 2032  1 22  8 28
 2463345.42 2032  4 22 22 11   2463358.03 2032  5  5 12 48   2463370.64 2032  5 18  3 24
 2463462.01 2032  8 17 12 19   2463474.72 2032  8 30  5 20   2463487.43 2032  9 11 22 20
 2463578.60 2032 12 12  2 27   2463591.41 2032 12 24 21 52   2463604.22 2033  1  6 17 16
 2463695.19 2033  4  7 16 36   2463708.10 2033  4 20 14 24   2463721.01 2033  5  3 12 13
 2463811.78 2033  8  2  6 44   2463824.79 2033  8 15  6 56   2463837.80 2033  8 28  7  9
 2463928.37 2033 11 26 20 52   2463941.48 2033 12  9 23 28   2463954.59 2033 12 23  2  5
 2464044.96 2034  3 23 11  0   2464058.17 2034  4  5 16  1   2464071.38 2034  4 18 21  1
 2464161.55 2034  7 18  1  8   2464174.86 2034  7 31  8 33   2464188.17 2034  8 13 15 57
 2464278.14 2034 11 11 15 16   2464291.55 2034 11 25  1  5   2464304.95 2034 12  8 10 53
