 Predicted Transit Epochs: BD-082823 c

 Predicted Duration of a Central Transit:     9.   Hours

 Begin Transit Window           PREDICTED CENTRAL TRANSIT     End Transit Window
                                     All Times UT

                               HJD        Year M  D  H  M
 2456760.34 2014  4 12 20 11   2456789.92 2014  5 12  9 58   2456819.49 2014  6 10 23 45
 2456996.44 2014 12  4 22 35   2457027.52 2015  1  5  0 22   2457058.59 2015  2  5  2  9
 2457232.54 2015  7 29  0 59   2457265.12 2015  8 30 14 46   2457297.69 2015 10  2  4 33
 2457468.64 2016  3 21  3 23   2457502.72 2016  4 24  5 10   2457536.79 2016  5 28  6 57
 2457704.74 2016 11 12  5 47   2457740.32 2016 12 17 19 34   2457775.89 2017  1 22  9 21
 2457940.84 2017  7  6  8 11   2457977.92 2017  8 12  9 58   2458014.99 2017  9 18 11 45
 2458176.94 2018  2 27 10 35   2458215.52 2018  4  7  0 22   2458254.09 2018  5 15 14  9
 2458413.04 2018 10 21 12 59   2458453.12 2018 11 30 14 46   2458493.19 2019  1  9 16 33
 2458649.14 2019  6 14 15 23   2458690.72 2019  7 26  5 10   2458732.29 2019  9  5 18 57
 2458885.24 2020  2  5 17 47   2458928.32 2020  3 19 19 34   2458971.39 2020  5  1 21 21
 2459121.34 2020  9 28 20 11   2459165.92 2020 11 12  9 58   2459210.49 2020 12 26 23 45
 2459357.44 2021  5 22 22 35   2459403.52 2021  7  8  0 22   2459449.59 2021  8 23  2  9
 2459593.54 2022  1 14  0 59   2459641.12 2022  3  2 14 46   2459688.69 2022  4 19  4 33
 2459829.64 2022  9  7  3 23   2459878.72 2022 10 26  5 10   2459927.79 2022 12 14  6 57
 2460065.74 2023  5  1  5 47   2460116.32 2023  6 20 19 34   2460166.89 2023  8 10  9 21
 2460301.84 2023 12 23  8 11   2460353.92 2024  2 13  9 58   2460405.99 2024  4  5 11 45
 2460537.94 2024  8 15 10 35   2460591.52 2024 10  8  0 22   2460645.09 2024 11 30 14  9
 2460774.04 2025  4  8 12 59   2460829.12 2025  6  2 14 46   2460884.19 2025  7 27 16 33
 2461010.14 2025 11 30 15 23   2461066.72 2026  1 26  5 10   2461123.29 2026  3 23 18 57
 2461246.24 2026  7 24 17 47   2461304.32 2026  9 20 19 34   2461362.39 2026 11 17 21 21
 2461482.34 2027  3 17 20 11   2461541.92 2027  5 16  9 58   2461601.49 2027  7 14 23 45
 2461718.44 2027 11  8 22 35   2461779.52 2028  1  9  0 22   2461840.59 2028  3 10  2  9
 2461954.54 2028  7  2  0 59   2462017.12 2028  9  2 14 46   2462079.69 2028 11  4  4 33
 2462190.64 2029  2 23  3 23   2462254.72 2029  4 28  5 10   2462318.79 2029  7  1  6 57
 2462426.74 2029 10 17  5 47   2462492.32 2029 12 21 19 34   2462557.89 2030  2 25  9 21
 2462662.84 2030  6 10  8 11   2462729.92 2030  8 16  9 58   2462796.99 2030 10 22 11 45
 2462898.94 2031  2  1 10 35   2462967.52 2031  4 11  0 22   2463036.09 2031  6 18 14  9
 2463135.04 2031  9 25 12 59   2463205.12 2031 12  4 14 46   2463275.19 2032  2 12 16 33
 2463371.14 2032  5 18 15 23   2463442.72 2032  7 29  5 10   2463514.29 2032 10  8 18 57
 2463607.24 2033  1  9 17 47   2463680.32 2033  3 23 19 34   2463753.39 2033  6  4 21 21
 2463843.34 2033  9  2 20 11   2463917.92 2033 11 16  9 58   2463992.49 2034  1 29 23 45
 2464079.44 2034  4 26 22 35   2464155.52 2034  7 12  0 22   2464231.59 2034  9 26  2  9
 2464315.54 2034 12 19  0 59   2464393.12 2035  3  6 14 46   2464470.69 2035  5 23  4 33
