 Predicted Transit Epochs: BD-082823 b

 Predicted Duration of a Central Transit:   146. Minutes

 Begin Transit Window           PREDICTED CENTRAL TRANSIT     End Transit Window
                                     All Times UT

                               HJD        Year M  D  H  M
 2456751.58 2014  4  4  1 57   2456760.81 2014  4 13  7 33   2456770.05 2014  4 22 13  9
 2456757.16 2014  4  9 15 52   2456766.41 2014  4 18 21 57   2456775.67 2014  4 28  4  2
 2456762.74 2014  4 15  5 47   2456772.01 2014  4 24 12 21   2456781.29 2014  5  3 18 54
 2456768.32 2014  4 20 19 42   2456777.61 2014  4 30  2 45   2456786.91 2014  5  9  9 47
 2456773.90 2014  4 26  9 38   2456783.21 2014  5  5 17  9   2456792.53 2014  5 15  0 40
 2456779.48 2014  5  1 23 33   2456788.81 2014  5 11  7 33   2456798.15 2014  5 20 15 33
 2456785.06 2014  5  7 13 28   2456794.41 2014  5 16 21 57   2456803.77 2014  5 26  6 26
 2456790.64 2014  5 13  3 23   2456800.01 2014  5 22 12 21   2456809.39 2014  5 31 21 18
 2456796.22 2014  5 18 17 18   2456805.61 2014  5 28  2 45   2456815.01 2014  6  6 12 11
 2456801.80 2014  5 24  7 14   2456811.21 2014  6  2 17  9   2456820.63 2014  6 12  3  4
 2456807.38 2014  5 29 21  9   2456816.81 2014  6  8  7 33   2456826.25 2014  6 17 17 57
 2456812.96 2014  6  4 11  4   2456822.41 2014  6 13 21 57   2456831.87 2014  6 23  8 50
 2456818.54 2014  6 10  0 59   2456828.01 2014  6 19 12 21   2456837.49 2014  6 28 23 42
 2456824.12 2014  6 15 14 54   2456833.61 2014  6 25  2 45   2456843.11 2014  7  4 14 35
 2456829.70 2014  6 21  4 50   2456839.21 2014  6 30 17  9   2456848.73 2014  7 10  5 28
 2456835.28 2014  6 26 18 45   2456844.81 2014  7  6  7 33   2456854.35 2014  7 15 20 21
 2456840.86 2014  7  2  8 40   2456850.41 2014  7 11 21 57   2456859.97 2014  7 21 11 14
 2456846.44 2014  7  7 22 35   2456856.01 2014  7 17 12 21   2456865.59 2014  7 27  2  6
 2456852.02 2014  7 13 12 30   2456861.61 2014  7 23  2 45   2456871.21 2014  8  1 16 59
 2456857.60 2014  7 19  2 26   2456867.21 2014  7 28 17  9   2456876.83 2014  8  7  7 52
 2456863.18 2014  7 24 16 21   2456872.81 2014  8  3  7 33   2456882.45 2014  8 12 22 45
 2456868.76 2014  7 30  6 16   2456878.41 2014  8  8 21 57   2456888.07 2014  8 18 13 38
 2456874.34 2014  8  4 20 11   2456884.01 2014  8 14 12 21   2456893.69 2014  8 24  4 30
 2456879.92 2014  8 10 10  6   2456889.61 2014  8 20  2 45   2456899.31 2014  8 29 19 23
 2456885.50 2014  8 16  0  2   2456895.21 2014  8 25 17  9   2456904.93 2014  9  4 10 16
 2456891.08 2014  8 21 13 57   2456900.81 2014  8 31  7 33   2456910.55 2014  9 10  1  9
 2456896.66 2014  8 27  3 52   2456906.41 2014  9  5 21 57   2456916.17 2014  9 15 16  2
 2456902.24 2014  9  1 17 47   2456912.01 2014  9 11 12 21   2456921.79 2014  9 21  6 54
 2456907.82 2014  9  7  7 42   2456917.61 2014  9 17  2 45   2456927.41 2014  9 26 21 47
 2456913.40 2014  9 12 21 38   2456923.21 2014  9 22 17  9   2456933.03 2014 10  2 12 40
 2456918.98 2014  9 18 11 33   2456928.81 2014  9 28  7 33   2456938.65 2014 10  8  3 33
 2456924.56 2014  9 24  1 28   2456934.41 2014 10  3 21 57   2456944.27 2014 10 13 18 26
 2456930.14 2014  9 29 15 23   2456940.01 2014 10  9 12 21   2456949.89 2014 10 19  9 18
 2456935.72 2014 10  5  5 18   2456945.61 2014 10 15  2 45   2456955.51 2014 10 25  0 11
 2456941.30 2014 10 10 19 14   2456951.21 2014 10 20 17  9   2456961.13 2014 10 30 15  4
 2456946.88 2014 10 16  9  9   2456956.81 2014 10 26  7 33   2456966.75 2014 11  5  5 57
 2456952.46 2014 10 21 23  4   2456962.41 2014 10 31 21 57   2456972.37 2014 11 10 20 50
 2456958.04 2014 10 27 12 59   2456968.01 2014 11  6 12 21   2456977.99 2014 11 16 11 42
 2456963.62 2014 11  2  2 54   2456973.61 2014 11 12  2 45   2456983.61 2014 11 22  2 35
 2456969.20 2014 11  7 16 50   2456979.21 2014 11 17 17  9   2456989.23 2014 11 27 17 28
 2456974.78 2014 11 13  6 45   2456984.81 2014 11 23  7 33   2456994.85 2014 12  3  8 21
 2456980.36 2014 11 18 20 40   2456990.41 2014 11 28 21 57   2457000.47 2014 12  8 23 14
 2456985.94 2014 11 24 10 35   2456996.01 2014 12  4 12 21   2457006.09 2014 12 14 14  6
 2456991.52 2014 11 30  0 30   2457001.61 2014 12 10  2 45   2457011.71 2014 12 20  4 59
 2456997.10 2014 12  5 14 26   2457007.21 2014 12 15 17  9   2457017.33 2014 12 25 19 52
 2457002.68 2014 12 11  4 21   2457012.81 2014 12 21  7 33   2457022.95 2014 12 31 10 45
 2457008.26 2014 12 16 18 16   2457018.41 2014 12 26 21 57   2457028.57 2015  1  6  1 38
 2457013.84 2014 12 22  8 11   2457024.01 2015  1  1 12 21   2457034.19 2015  1 11 16 30
 2457019.42 2014 12 27 22  6   2457029.61 2015  1  7  2 45   2457039.81 2015  1 17  7 23
 2457025.00 2015  1  2 12  2   2457035.21 2015  1 12 17  9   2457045.43 2015  1 22 22 16
 2457030.58 2015  1  8  1 57   2457040.81 2015  1 18  7 33   2457051.05 2015  1 28 13  9
 2457036.16 2015  1 13 15 52   2457046.41 2015  1 23 21 57   2457056.67 2015  2  3  4  2
 2457041.74 2015  1 19  5 47   2457052.01 2015  1 29 12 21   2457062.29 2015  2  8 18 54
 2457047.32 2015  1 24 19 42   2457057.61 2015  2  4  2 45   2457067.91 2015  2 14  9 47
 2457052.90 2015  1 30  9 38   2457063.21 2015  2  9 17  9   2457073.53 2015  2 20  0 40
 2457058.48 2015  2  4 23 33   2457068.81 2015  2 15  7 33   2457079.15 2015  2 25 15 33
 2457064.06 2015  2 10 13 28   2457074.41 2015  2 20 21 57   2457084.77 2015  3  3  6 26
 2457069.64 2015  2 16  3 23   2457080.01 2015  2 26 12 21   2457090.39 2015  3  8 21 18
 2457075.22 2015  2 21 17 18   2457085.61 2015  3  4  2 45   2457096.01 2015  3 14 12 11
 2457080.80 2015  2 27  7 14   2457091.21 2015  3  9 17  9   2457101.63 2015  3 20  3  4
 2457086.38 2015  3  4 21  9   2457096.81 2015  3 15  7 33   2457107.25 2015  3 25 17 57
 2457091.96 2015  3 10 11  4   2457102.41 2015  3 20 21 57   2457112.87 2015  3 31  8 50
 2457097.54 2015  3 16  0 59   2457108.01 2015  3 26 12 21   2457118.49 2015  4  5 23 42
 2457103.12 2015  3 21 14 54   2457113.61 2015  4  1  2 45   2457124.11 2015  4 11 14 35
 2457108.70 2015  3 27  4 50   2457119.21 2015  4  6 17  9   2457129.73 2015  4 17  5 28
 2457114.28 2015  4  1 18 45   2457124.81 2015  4 12  7 33   2457135.35 2015  4 22 20 21
 2457119.86 2015  4  7  8 40   2457130.41 2015  4 17 21 57   2457140.97 2015  4 28 11 14
 2457125.44 2015  4 12 22 35   2457136.01 2015  4 23 12 21   2457146.59 2015  5  4  2  6
 2457131.02 2015  4 18 12 30   2457141.61 2015  4 29  2 45   2457152.21 2015  5  9 16 59
 2457136.60 2015  4 24  2 26   2457147.21 2015  5  4 17  9   2457157.83 2015  5 15  7 52
 2457142.18 2015  4 29 16 21   2457152.81 2015  5 10  7 33   2457163.45 2015  5 20 22 45
 2457147.76 2015  5  5  6 16   2457158.41 2015  5 15 21 57   2457169.07 2015  5 26 13 38
 2457153.34 2015  5 10 20 11   2457164.01 2015  5 21 12 21   2457174.69 2015  6  1  4 30
 2457158.92 2015  5 16 10  6   2457169.61 2015  5 27  2 45   2457180.31 2015  6  6 19 23
 2457164.50 2015  5 22  0  2   2457175.21 2015  6  1 17  9   2457185.93 2015  6 12 10 16
 2457170.08 2015  5 27 13 57   2457180.81 2015  6  7  7 33   2457191.55 2015  6 18  1  9
 2457175.66 2015  6  2  3 52   2457186.41 2015  6 12 21 57   2457197.17 2015  6 23 16  2
 2457181.24 2015  6  7 17 47   2457192.01 2015  6 18 12 21   2457202.79 2015  6 29  6 54
 2457186.82 2015  6 13  7 42   2457197.61 2015  6 24  2 45   2457208.41 2015  7  4 21 47
 2457192.40 2015  6 18 21 38   2457203.21 2015  6 29 17  9   2457214.03 2015  7 10 12 40
 2457197.98 2015  6 24 11 33   2457208.81 2015  7  5  7 33   2457219.65 2015  7 16  3 33
 2457203.56 2015  6 30  1 28   2457214.41 2015  7 10 21 57   2457225.27 2015  7 21 18 26
 2457209.14 2015  7  5 15 23   2457220.01 2015  7 16 12 21   2457230.89 2015  7 27  9 18
 2457214.72 2015  7 11  5 18   2457225.61 2015  7 22  2 45   2457236.51 2015  8  2  0 11
 2457220.30 2015  7 16 19 14   2457231.21 2015  7 27 17  9   2457242.13 2015  8  7 15  4
 2457225.88 2015  7 22  9  9   2457236.81 2015  8  2  7 33   2457247.75 2015  8 13  5 57
 2457231.46 2015  7 27 23  4   2457242.41 2015  8  7 21 57   2457253.37 2015  8 18 20 50
 2457237.04 2015  8  2 12 59   2457248.01 2015  8 13 12 21   2457258.99 2015  8 24 11 42
 2457242.62 2015  8  8  2 54   2457253.61 2015  8 19  2 45   2457264.61 2015  8 30  2 35
 2457248.20 2015  8 13 16 50   2457259.21 2015  8 24 17  9   2457270.23 2015  9  4 17 28
 2457253.78 2015  8 19  6 45   2457264.81 2015  8 30  7 33   2457275.85 2015  9 10  8 21
 2457259.36 2015  8 24 20 40   2457270.41 2015  9  4 21 57   2457281.47 2015  9 15 23 14
 2457264.94 2015  8 30 10 35   2457276.01 2015  9 10 12 21   2457287.09 2015  9 21 14  6
 2457270.52 2015  9  5  0 30   2457281.61 2015  9 16  2 45   2457292.71 2015  9 27  4 59
 2457276.10 2015  9 10 14 26   2457287.21 2015  9 21 17  9   2457298.33 2015 10  2 19 52
 2457281.68 2015  9 16  4 21   2457292.81 2015  9 27  7 33   2457303.95 2015 10  8 10 45
 2457287.26 2015  9 21 18 16   2457298.41 2015 10  2 21 57   2457309.57 2015 10 14  1 38
 2457292.84 2015  9 27  8 11   2457304.01 2015 10  8 12 21   2457315.19 2015 10 19 16 30
 2457298.42 2015 10  2 22  6   2457309.61 2015 10 14  2 45   2457320.81 2015 10 25  7 23
 2457304.00 2015 10  8 12  2   2457315.21 2015 10 19 17  9   2457326.43 2015 10 30 22 16
 2457309.58 2015 10 14  1 57   2457320.81 2015 10 25  7 33   2457332.05 2015 11  5 13  9
 2457315.16 2015 10 19 15 52   2457326.41 2015 10 30 21 57   2457337.67 2015 11 11  4  2
 2457320.74 2015 10 25  5 47   2457332.01 2015 11  5 12 21   2457343.29 2015 11 16 18 54
 2457326.32 2015 10 30 19 42   2457337.61 2015 11 11  2 45   2457348.91 2015 11 22  9 47
 2457331.90 2015 11  5  9 38   2457343.21 2015 11 16 17  9   2457354.53 2015 11 28  0 40
 2457337.48 2015 11 10 23 33   2457348.81 2015 11 22  7 33   2457360.15 2015 12  3 15 33
 2457343.06 2015 11 16 13 28   2457354.41 2015 11 27 21 57   2457365.77 2015 12  9  6 26
 2457348.64 2015 11 22  3 23   2457360.01 2015 12  3 12 21   2457371.39 2015 12 14 21 18
 2457354.22 2015 11 27 17 18   2457365.61 2015 12  9  2 45   2457377.01 2015 12 20 12 11
 2457359.80 2015 12  3  7 14   2457371.21 2015 12 14 17  9   2457382.63 2015 12 26  3  4
 2457365.38 2015 12  8 21  9   2457376.81 2015 12 20  7 33   2457388.25 2015 12 31 17 57
 2457370.96 2015 12 14 11  4   2457382.41 2015 12 25 21 57   2457393.87 2016  1  6  8 50
 2457376.54 2015 12 20  0 59   2457388.01 2015 12 31 12 21   2457399.49 2016  1 11 23 42
 2457382.12 2015 12 25 14 54   2457393.61 2016  1  6  2 45   2457405.11 2016  1 17 14 35
 2457387.70 2015 12 31  4 50   2457399.21 2016  1 11 17  9   2457410.73 2016  1 23  5 28
 2457393.28 2016  1  5 18 45   2457404.81 2016  1 17  7 33   2457416.35 2016  1 28 20 21
 2457398.86 2016  1 11  8 40   2457410.41 2016  1 22 21 57   2457421.97 2016  2  3 11 14
 2457404.44 2016  1 16 22 35   2457416.01 2016  1 28 12 21   2457427.59 2016  2  9  2  6
 2457410.02 2016  1 22 12 30   2457421.61 2016  2  3  2 45   2457433.21 2016  2 14 16 59
 2457415.60 2016  1 28  2 26   2457427.21 2016  2  8 17  9   2457438.83 2016  2 20  7 52
 2457421.18 2016  2  2 16 21   2457432.81 2016  2 14  7 33   2457444.45 2016  2 25 22 45
 2457426.76 2016  2  8  6 16   2457438.41 2016  2 19 21 57   2457450.07 2016  3  2 13 38
 2457432.34 2016  2 13 20 11   2457444.01 2016  2 25 12 21   2457455.69 2016  3  8  4 30
 2457437.92 2016  2 19 10  6   2457449.61 2016  3  2  2 45   2457461.31 2016  3 13 19 23
 2457443.50 2016  2 25  0  2   2457455.21 2016  3  7 17  9   2457466.93 2016  3 19 10 16
 2457449.08 2016  3  1 13 57   2457460.81 2016  3 13  7 33   2457472.55 2016  3 25  1  9
 2457454.66 2016  3  7  3 52   2457466.41 2016  3 18 21 57   2457478.17 2016  3 30 16  2
 2457460.24 2016  3 12 17 47   2457472.01 2016  3 24 12 21   2457483.79 2016  4  5  6 54
 2457465.82 2016  3 18  7 42   2457477.61 2016  3 30  2 45   2457489.41 2016  4 10 21 47
 2457471.40 2016  3 23 21 38   2457483.21 2016  4  4 17  9   2457495.03 2016  4 16 12 40
 2457476.98 2016  3 29 11 33   2457488.81 2016  4 10  7 33   2457500.65 2016  4 22  3 33
 2457482.56 2016  4  4  1 28   2457494.41 2016  4 15 21 57   2457506.27 2016  4 27 18 26
 2457488.14 2016  4  9 15 23   2457500.01 2016  4 21 12 21   2457511.89 2016  5  3  9 18
 2457493.72 2016  4 15  5 18   2457505.61 2016  4 27  2 45   2457517.51 2016  5  9  0 11
 2457499.30 2016  4 20 19 14   2457511.21 2016  5  2 17  9   2457523.13 2016  5 14 15  4
 2457504.88 2016  4 26  9  9   2457516.81 2016  5  8  7 33   2457528.75 2016  5 20  5 57
 2457510.46 2016  5  1 23  4   2457522.41 2016  5 13 21 57   2457534.37 2016  5 25 20 50
 2457516.04 2016  5  7 12 59   2457528.01 2016  5 19 12 21   2457539.99 2016  5 31 11 42
 2457521.62 2016  5 13  2 54   2457533.61 2016  5 25  2 45   2457545.61 2016  6  6  2 35
 2457527.20 2016  5 18 16 50   2457539.21 2016  5 30 17  9   2457551.23 2016  6 11 17 28
 2457532.78 2016  5 24  6 45   2457544.81 2016  6  5  7 33   2457556.85 2016  6 17  8 21
 2457538.36 2016  5 29 20 40   2457550.41 2016  6 10 21 57   2457562.47 2016  6 22 23 14
 2457543.94 2016  6  4 10 35   2457556.01 2016  6 16 12 21   2457568.09 2016  6 28 14  6
 2457549.52 2016  6 10  0 30   2457561.61 2016  6 22  2 45   2457573.71 2016  7  4  4 59
 2457555.10 2016  6 15 14 26   2457567.21 2016  6 27 17  9   2457579.33 2016  7  9 19 52
 2457560.68 2016  6 21  4 21   2457572.81 2016  7  3  7 33   2457584.95 2016  7 15 10 45
 2457566.26 2016  6 26 18 16   2457578.41 2016  7  8 21 57   2457590.57 2016  7 21  1 38
 2457571.84 2016  7  2  8 11   2457584.01 2016  7 14 12 21   2457596.19 2016  7 26 16 30
 2457577.42 2016  7  7 22  6   2457589.61 2016  7 20  2 45   2457601.81 2016  8  1  7 23
 2457583.00 2016  7 13 12  2   2457595.21 2016  7 25 17  9   2457607.43 2016  8  6 22 16
 2457588.58 2016  7 19  1 57   2457600.81 2016  7 31  7 33   2457613.05 2016  8 12 13  9
 2457594.16 2016  7 24 15 52   2457606.41 2016  8  5 21 57   2457618.67 2016  8 18  4  2
