 Predicted Transit Epochs: BD-1763__ b

 Predicted Duration of a Central Transit:   453. Minutes

 Begin Transit Window           PREDICTED CENTRAL TRANSIT     End Transit Window
                                     All Times UT

                               HJD        Year M  D  H  M
 2455925.11 2011 12 29 14 33   2455927.95 2012  1  1 10 54   2455930.80 2012  1  4  7 15
 2456580.11 2013 10 14 14 33   2456583.55 2013 10 18  1 18   2456587.00 2013 10 21 12  3
 2457235.11 2015  7 31 14 33   2457239.15 2015  8  4 15 42   2457243.20 2015  8  8 16 51
 2457890.11 2017  5 16 14 33   2457894.75 2017  5 21  6  6   2457899.40 2017  5 25 21 39
 2458545.11 2019  3  2 14 33   2458550.35 2019  3  7 20 30   2458555.60 2019  3 13  2 27
 2459200.11 2020 12 16 14 33   2459205.95 2020 12 22 10 54   2459211.80 2020 12 28  7 15
 2459855.11 2022 10  2 14 33   2459861.55 2022 10  9  1 18   2459868.00 2022 10 15 12  3
 2460510.11 2024  7 18 14 33   2460517.15 2024  7 25 15 42   2460524.20 2024  8  1 16 51
 2461165.11 2026  5  4 14 33   2461172.75 2026  5 12  6  6   2461180.40 2026  5 19 21 39
 2461820.11 2028  2 18 14 33   2461828.35 2028  2 26 20 30   2461836.60 2028  3  6  2 27
 2462475.11 2029 12  4 14 33   2462483.95 2029 12 13 10 54   2462492.80 2029 12 22  7 15
