 Predicted Transit Epochs: BD-103166 b

 Predicted Duration of a Central Transit:   190. Minutes

 Begin Transit Window           PREDICTED CENTRAL TRANSIT     End Transit Window
                                     All Times UT

                               HJD        Year M  D  H  M
 2454463.92 2007 12 29 10  4   2454464.78 2007 12 30  6 42   2454465.64 2007 12 31  3 20
 2454467.41 2008  1  1 21 46   2454468.27 2008  1  2 18 25   2454469.13 2008  1  3 15  3
 2454470.90 2008  1  5  9 29   2454471.76 2008  1  6  6  7   2454472.62 2008  1  7  2 45
 2454474.38 2008  1  8 21 11   2454475.24 2008  1  9 17 49   2454476.10 2008  1 10 14 28
 2454477.87 2008  1 12  8 53   2454478.73 2008  1 13  5 32   2454479.59 2008  1 14  2 10
 2454481.36 2008  1 15 20 35   2454482.22 2008  1 16 17 14   2454483.08 2008  1 17 13 53
 2454484.85 2008  1 19  8 17   2454485.71 2008  1 20  4 57   2454486.57 2008  1 21  1 36
 2454488.33 2008  1 22 20  0   2454489.19 2008  1 23 16 39   2454490.05 2008  1 24 13 18
 2454491.82 2008  1 26  7 42   2454492.68 2008  1 27  4 21   2454493.54 2008  1 28  1  1
 2454495.31 2008  1 29 19 24   2454496.17 2008  1 30 16  4   2454497.03 2008  1 31 12 43
 2454498.80 2008  2  2  7  6   2454499.66 2008  2  3  3 46   2454500.52 2008  2  4  0 26
 2454502.28 2008  2  5 18 49   2454503.15 2008  2  6 15 28   2454504.01 2008  2  7 12  8
 2454505.77 2008  2  9  6 31   2454506.63 2008  2 10  3 11   2454507.49 2008  2 10 23 51
 2454509.26 2008  2 12 18 13   2454510.12 2008  2 13 14 53   2454510.98 2008  2 14 11 33
 2454512.75 2008  2 16  5 55   2454513.61 2008  2 17  2 36   2454514.47 2008  2 17 23 16
 2454516.23 2008  2 19 17 38   2454517.10 2008  2 20 14 18   2454517.96 2008  2 21 10 58
 2454519.72 2008  2 23  5 20   2454520.58 2008  2 24  2  0   2454521.45 2008  2 24 22 41
 2454523.21 2008  2 26 17  2   2454524.07 2008  2 27 13 43   2454524.93 2008  2 28 10 24
 2454526.70 2008  3  1  4 44   2454527.56 2008  3  2  1 25   2454528.42 2008  3  2 22  6
 2454530.19 2008  3  4 16 26   2454531.05 2008  3  5 13  8   2454531.91 2008  3  6  9 49
 2454533.67 2008  3  8  4  9   2454534.54 2008  3  9  0 50   2454535.40 2008  3  9 21 31
 2454537.16 2008  3 11 15 51   2454538.02 2008  3 12 12 32   2454538.88 2008  3 13  9 14
 2454540.65 2008  3 15  3 33   2454541.51 2008  3 16  0 15   2454542.37 2008  3 16 20 56
 2454544.14 2008  3 18 15 15   2454545.00 2008  3 19 11 57   2454545.86 2008  3 20  8 39
 2454547.62 2008  3 22  2 58   2454548.49 2008  3 22 23 40   2454549.35 2008  3 23 20 21
 2454551.11 2008  3 25 14 40   2454551.97 2008  3 26 11 22   2454552.84 2008  3 27  8  4
 2454554.60 2008  3 29  2 22   2454555.46 2008  3 29 23  4   2454556.32 2008  3 30 19 46
 2454558.09 2008  4  1 14  4   2454558.95 2008  4  2 10 47   2454559.81 2008  4  3  7 29
 2454561.57 2008  4  5  1 47   2454562.44 2008  4  5 22 29   2454563.30 2008  4  6 19 12
 2454565.06 2008  4  8 13 29   2454565.92 2008  4  9 10 11   2454566.79 2008  4 10  6 54
 2454568.55 2008  4 12  1 11   2454569.41 2008  4 12 21 54   2454570.28 2008  4 13 18 37
 2454572.04 2008  4 15 12 53   2454572.90 2008  4 16  9 36   2454573.76 2008  4 17  6 19
 2454575.52 2008  4 19  0 35   2454576.39 2008  4 19 21 19   2454577.25 2008  4 20 18  2
 2454579.01 2008  4 22 12 18   2454579.88 2008  4 23  9  1   2454580.74 2008  4 24  5 44
 2454582.50 2008  4 26  0  0   2454583.36 2008  4 26 20 43   2454584.23 2008  4 27 17 27
 2454585.99 2008  4 29 11 42   2454586.85 2008  4 30  8 26   2454587.72 2008  5  1  5  9
 2454589.48 2008  5  2 23 24   2454590.34 2008  5  3 20  8   2454591.20 2008  5  4 16 52
 2454592.96 2008  5  6 11  7   2454593.83 2008  5  7  7 51   2454594.69 2008  5  8  4 35
 2454596.45 2008  5  9 22 49   2454597.31 2008  5 10 19 33   2454598.18 2008  5 11 16 17
 2454599.94 2008  5 13 10 31   2454600.80 2008  5 14  7 15   2454601.67 2008  5 15  4  0
 2454603.43 2008  5 16 22 13   2454604.29 2008  5 17 18 58   2454605.15 2008  5 18 15 42
 2454606.91 2008  5 20  9 56   2454607.78 2008  5 21  6 40   2454608.64 2008  5 22  3 25
 2454610.40 2008  5 23 21 38   2454611.27 2008  5 24 18 23   2454612.13 2008  5 25 15  7
 2454613.89 2008  5 27  9 20   2454614.75 2008  5 28  6  5   2454615.62 2008  5 29  2 50
 2454617.38 2008  5 30 21  2   2454618.24 2008  5 31 17 47   2454619.11 2008  6  1 14 32
 2454620.86 2008  6  3  8 44   2454621.73 2008  6  4  5 30   2454622.59 2008  6  5  2 15
 2454624.35 2008  6  6 20 27   2454625.22 2008  6  7 17 12   2454626.08 2008  6  8 13 57
 2454627.84 2008  6 10  8  9   2454628.70 2008  6 11  4 54   2454629.57 2008  6 12  1 40
 2454631.33 2008  6 13 19 51   2454632.19 2008  6 14 16 37   2454633.06 2008  6 15 13 23
 2454634.82 2008  6 17  7 33   2454635.68 2008  6 18  4 19   2454636.55 2008  6 19  1  5
 2454638.30 2008  6 20 19 16   2454639.17 2008  6 21 16  2   2454640.03 2008  6 22 12 48
 2454641.79 2008  6 24  6 58   2454642.66 2008  6 25  3 44   2454643.52 2008  6 26  0 30
 2454645.28 2008  6 27 18 40   2454646.14 2008  6 28 15 26   2454647.01 2008  6 29 12 13
 2454648.77 2008  7  1  6 22   2454649.63 2008  7  2  3  9   2454650.50 2008  7  2 23 55
 2454652.25 2008  7  4 18  5   2454653.12 2008  7  5 14 51   2454653.98 2008  7  6 11 38
 2454655.74 2008  7  8  5 47   2454656.61 2008  7  9  2 34   2454657.47 2008  7  9 23 20
 2454659.23 2008  7 11 17 29   2454660.09 2008  7 12 14 16   2454660.96 2008  7 13 11  3
 2454662.72 2008  7 15  5 11   2454663.58 2008  7 16  1 58   2454664.45 2008  7 16 22 45
 2454666.20 2008  7 18 16 53   2454667.07 2008  7 19 13 41   2454667.94 2008  7 20 10 28
 2454669.69 2008  7 22  4 36   2454670.56 2008  7 23  1 23   2454671.42 2008  7 23 22 11
 2454673.18 2008  7 25 16 18   2454674.05 2008  7 26 13  6   2454674.91 2008  7 27  9 53
 2454676.67 2008  7 29  4  0   2454677.53 2008  7 30  0 48   2454678.40 2008  7 30 21 36
 2454680.15 2008  8  1 15 42   2454681.02 2008  8  2 12 30   2454681.89 2008  8  3  9 18
 2454683.64 2008  8  5  3 25   2454684.51 2008  8  6  0 13   2454685.38 2008  8  6 21  1
 2454687.13 2008  8  8 15  7   2454688.00 2008  8  9 11 55   2454688.86 2008  8 10  8 43
 2454690.62 2008  8 12  2 49   2454691.48 2008  8 12 23 37   2454692.35 2008  8 13 20 26
 2454694.11 2008  8 15 14 31   2454694.97 2008  8 16 11 20   2454695.84 2008  8 17  8  8
 2454697.59 2008  8 19  2 14   2454698.46 2008  8 19 23  2   2454699.33 2008  8 20 19 51
 2454701.08 2008  8 22 13 56   2454701.95 2008  8 23 10 45   2454702.82 2008  8 24  7 33
 2454704.57 2008  8 26  1 38   2454705.44 2008  8 26 22 27   2454706.30 2008  8 27 19 16
 2454708.06 2008  8 29 13 20   2454708.92 2008  8 30 10  9   2454709.79 2008  8 31  6 59
 2454711.54 2008  9  2  1  2   2454712.41 2008  9  2 21 52   2454713.28 2008  9  3 18 41
 2454715.03 2008  9  5 12 45   2454715.90 2008  9  6  9 34   2454716.77 2008  9  7  6 24
 2454718.52 2008  9  9  0 27   2454719.39 2008  9  9 21 17   2454720.25 2008  9 10 18  6
 2454722.01 2008  9 12 12  9   2454722.87 2008  9 13  8 59   2454723.74 2008  9 14  5 49
 2454725.49 2008  9 15 23 51   2454726.36 2008  9 16 20 41   2454727.23 2008  9 17 17 31
 2454728.98 2008  9 19 11 34   2454729.85 2008  9 20  8 24   2454730.72 2008  9 21  5 14
 2454732.47 2008  9 22 23 16   2454733.34 2008  9 23 20  6   2454734.21 2008  9 24 16 56
 2454735.96 2008  9 26 10 58   2454736.83 2008  9 27  7 49   2454737.69 2008  9 28  4 39
 2454739.44 2008  9 29 22 40   2454740.31 2008  9 30 19 31   2454741.18 2008 10  1 16 22
 2454742.93 2008 10  3 10 23   2454743.80 2008 10  4  7 13   2454744.67 2008 10  5  4  4
 2454746.42 2008 10  6 22  5   2454747.29 2008 10  7 18 56   2454748.16 2008 10  8 15 47
 2454749.91 2008 10 10  9 47   2454750.78 2008 10 11  6 38   2454751.65 2008 10 12  3 29
 2454753.40 2008 10 13 21 29   2454754.26 2008 10 14 18 20   2454755.13 2008 10 15 15 12
 2454756.88 2008 10 17  9 11   2454757.75 2008 10 18  6  3   2454758.62 2008 10 19  2 54
 2454760.37 2008 10 20 20 54   2454761.24 2008 10 21 17 45   2454762.11 2008 10 22 14 37
 2454763.86 2008 10 24  8 36   2454764.73 2008 10 25  5 28   2454765.60 2008 10 26  2 19
 2454767.35 2008 10 27 20 18   2454768.22 2008 10 28 17 10   2454769.08 2008 10 29 14  2
 2454770.83 2008 10 31  8  0   2454771.70 2008 11  1  4 52   2454772.57 2008 11  2  1 44
 2454774.32 2008 11  3 19 43   2454775.19 2008 11  4 16 35   2454776.06 2008 11  5 13 27
 2454777.81 2008 11  7  7 25   2454778.68 2008 11  8  4 17   2454779.55 2008 11  9  1 10
 2454781.30 2008 11 10 19  7   2454782.17 2008 11 11 16  0   2454783.04 2008 11 12 12 52
 2454784.78 2008 11 14  6 49   2454785.65 2008 11 15  3 42   2454786.52 2008 11 16  0 35
 2454788.27 2008 11 17 18 32   2454789.14 2008 11 18 15 24   2454790.01 2008 11 19 12 17
 2454791.76 2008 11 21  6 14   2454792.63 2008 11 22  3  7   2454793.50 2008 11 23  0  0
 2454795.25 2008 11 24 17 56   2454796.12 2008 11 25 14 49   2454796.99 2008 11 26 11 42
 2454798.74 2008 11 28  5 38   2454799.61 2008 11 29  2 32   2454800.48 2008 11 29 23 25
 2454802.22 2008 12  1 17 20   2454803.09 2008 12  2 14 14   2454803.96 2008 12  3 11  7
 2454805.71 2008 12  5  5  3   2454806.58 2008 12  6  1 56   2454807.45 2008 12  6 22 50
 2454809.20 2008 12  8 16 45   2454810.07 2008 12  9 13 39   2454810.94 2008 12 10 10 32
 2454812.69 2008 12 12  4 27   2454813.56 2008 12 13  1 21   2454814.43 2008 12 13 22 15
 2454816.17 2008 12 15 16  9   2454817.04 2008 12 16 13  3   2454817.92 2008 12 17  9 58
 2454819.66 2008 12 19  3 52   2454820.53 2008 12 20  0 46   2454821.40 2008 12 20 21 40
 2454823.15 2008 12 22 15 34   2454824.02 2008 12 23 12 28   2454824.89 2008 12 24  9 23
 2454826.64 2008 12 26  3 16   2454827.51 2008 12 27  0 11   2454828.38 2008 12 27 21  5
 2454830.12 2008 12 29 14 58   2454831.00 2008 12 30 11 53   2454831.87 2008 12 31  8 48
 2454833.61 2009  1  2  2 41   2454834.48 2009  1  2 23 35   2454835.35 2009  1  3 20 30
 2454837.10 2009  1  5 14 23   2454837.97 2009  1  6 11 18   2454838.84 2009  1  7  8 13
 2454840.59 2009  1  9  2  5   2454841.46 2009  1  9 23  0   2454842.33 2009  1 10 19 55
 2454844.07 2009  1 12 13 47   2454844.95 2009  1 13 10 43   2454845.82 2009  1 14  7 38
 2454847.56 2009  1 16  1 29   2454848.43 2009  1 16 22 25   2454849.31 2009  1 17 19 20
 2454851.05 2009  1 19 13 12   2454851.92 2009  1 20 10  7   2454852.79 2009  1 21  7  3
 2454854.54 2009  1 23  0 54   2454855.41 2009  1 23 21 50   2454856.28 2009  1 24 18 46
 2454858.03 2009  1 26 12 36   2454858.90 2009  1 27  9 32   2454859.77 2009  1 28  6 28
 2454861.51 2009  1 30  0 18   2454862.39 2009  1 30 21 15   2454863.26 2009  1 31 18 11
 2454865.00 2009  2  2 12  1   2454865.87 2009  2  3  8 57   2454866.75 2009  2  4  5 53
 2454868.49 2009  2  5 23 43   2454869.36 2009  2  6 20 39   2454870.23 2009  2  7 17 36
 2454871.98 2009  2  9 11 25   2454872.85 2009  2 10  8 22   2454873.72 2009  2 11  5 18
 2454875.46 2009  2 12 23  7   2454876.34 2009  2 13 20  4   2454877.21 2009  2 14 17  1
 2454878.95 2009  2 16 10 50   2454879.82 2009  2 17  7 46   2454880.70 2009  2 18  4 43
 2454882.44 2009  2 19 22 32   2454883.31 2009  2 20 19 29   2454884.19 2009  2 21 16 26
 2454885.93 2009  2 23 10 14   2454886.80 2009  2 24  7 11   2454887.67 2009  2 25  4  8
 2454889.41 2009  2 26 21 56   2454890.29 2009  2 27 18 54   2454891.16 2009  2 28 15 51
 2454892.90 2009  3  2  9 38   2454893.78 2009  3  3  6 36   2454894.65 2009  3  4  3 34
 2454896.39 2009  3  5 21 21   2454897.26 2009  3  6 18 18   2454898.14 2009  3  7 15 16
 2454899.88 2009  3  9  9  3   2454900.75 2009  3 10  6  1   2454901.62 2009  3 11  2 59
 2454903.37 2009  3 12 20 45   2454904.24 2009  3 13 17 43   2454905.11 2009  3 14 14 41
 2454906.85 2009  3 16  8 27   2454907.73 2009  3 17  5 26   2454908.60 2009  3 18  2 24
 2454910.34 2009  3 19 20 10   2454911.21 2009  3 20 17  8   2454912.09 2009  3 21 14  6
 2454913.83 2009  3 23  7 52   2454914.70 2009  3 24  4 50   2454915.58 2009  3 25  1 49
 2454917.32 2009  3 26 19 34   2454918.19 2009  3 27 16 33   2454919.06 2009  3 28 13 31
 2454920.80 2009  3 30  7 16   2454921.68 2009  3 31  4 15   2454922.55 2009  4  1  1 14
 2454924.29 2009  4  2 18 59   2454925.17 2009  4  3 15 58   2454926.04 2009  4  4 12 57
 2454927.78 2009  4  6  6 41   2454928.65 2009  4  7  3 40   2454929.53 2009  4  8  0 39
 2454931.27 2009  4  9 18 23   2454932.14 2009  4 10 15 22   2454933.02 2009  4 11 12 22
 2454934.75 2009  4 13  6  5   2454935.63 2009  4 14  3  5   2454936.50 2009  4 15  0  4
 2454938.24 2009  4 16 17 47   2454939.12 2009  4 17 14 47   2454939.99 2009  4 18 11 47
 2454941.73 2009  4 20  5 30   2454942.60 2009  4 21  2 29   2454943.48 2009  4 21 23 29
 2454945.22 2009  4 23 17 12   2454946.09 2009  4 24 14 12   2454946.97 2009  4 25 11 12
 2454948.70 2009  4 27  4 54   2454949.58 2009  4 28  1 54   2454950.45 2009  4 28 22 54
 2454952.19 2009  4 30 16 36   2454953.07 2009  5  1 13 37   2454953.94 2009  5  2 10 37
 2454955.68 2009  5  4  4 19   2454956.56 2009  5  5  1 19   2454957.43 2009  5  5 22 19
 2454959.17 2009  5  7 16  1   2454960.04 2009  5  8 13  1   2454960.92 2009  5  9 10  2
 2454962.66 2009  5 11  3 43   2454963.53 2009  5 12  0 44   2454964.41 2009  5 12 21 45
 2454966.14 2009  5 14 15 25   2454967.02 2009  5 15 12 26   2454967.89 2009  5 16  9 27
 2454969.63 2009  5 18  3  7   2454970.51 2009  5 19  0  9   2454971.38 2009  5 19 21 10
 2454973.12 2009  5 21 14 50   2454973.99 2009  5 22 11 51   2454974.87 2009  5 23  8 52
 2454976.61 2009  5 25  2 32   2454977.48 2009  5 25 23 33   2454978.36 2009  5 26 20 35
 2454980.09 2009  5 28 14 14   2454980.97 2009  5 29 11 16   2454981.85 2009  5 30  8 17
 2454983.58 2009  6  1  1 56   2454984.46 2009  6  1 22 58   2454985.33 2009  6  2 20  0
 2454987.07 2009  6  4 13 39   2454987.95 2009  6  5 10 41   2454988.82 2009  6  6  7 42
 2454990.56 2009  6  8  1 21   2454991.43 2009  6  8 22 23   2454992.31 2009  6  9 19 25
 2454994.04 2009  6 11 13  3   2454994.92 2009  6 12 10  5   2454995.80 2009  6 13  7  7
 2454997.53 2009  6 15  0 45   2454998.41 2009  6 15 21 48   2454999.29 2009  6 16 18 50
 2455001.02 2009  6 18 12 28   2455001.90 2009  6 19  9 30   2455002.77 2009  6 20  6 33
 2455004.51 2009  6 22  0 10   2455005.38 2009  6 22 21 12   2455006.26 2009  6 23 18 15
 2455007.99 2009  6 25 11 52   2455008.87 2009  6 26  8 55   2455009.75 2009  6 27  5 58
 2455011.48 2009  6 28 23 34   2455012.36 2009  6 29 20 37   2455013.24 2009  6 30 17 40
 2455014.97 2009  7  2 11 16   2455015.85 2009  7  3  8 20   2455016.72 2009  7  4  5 23
 2455018.46 2009  7  5 22 59   2455019.34 2009  7  6 20  2   2455020.21 2009  7  7 17  5
 2455021.95 2009  7  9 10 41   2455022.82 2009  7 10  7 44   2455023.70 2009  7 11  4 48
 2455025.43 2009  7 12 22 23   2455026.31 2009  7 13 19 27   2455027.19 2009  7 14 16 30
 2455028.92 2009  7 16 10  5   2455029.80 2009  7 17  7  9   2455030.68 2009  7 18  4 13
 2455032.41 2009  7 19 21 48   2455033.29 2009  7 20 18 52   2455034.16 2009  7 21 15 55
 2455035.90 2009  7 23  9 30   2455036.77 2009  7 24  6 34   2455037.65 2009  7 25  3 38
 2455039.38 2009  7 26 21 12   2455040.26 2009  7 27 18 16   2455041.14 2009  7 28 15 21
 2455042.87 2009  7 30  8 54   2455043.75 2009  7 31  5 59   2455044.63 2009  8  1  3  3
 2455046.36 2009  8  2 20 37   2455047.24 2009  8  3 17 41   2455048.12 2009  8  4 14 46
 2455049.85 2009  8  6  8 19   2455050.72 2009  8  7  5 23   2455051.60 2009  8  8  2 28
 2455053.33 2009  8  9 20  1   2455054.21 2009  8 10 17  6   2455055.09 2009  8 11 14 11
 2455056.82 2009  8 13  7 43   2455057.70 2009  8 14  4 48   2455058.58 2009  8 15  1 53
 2455060.31 2009  8 16 19 25   2455061.19 2009  8 17 16 31   2455062.07 2009  8 18 13 36
 2455063.80 2009  8 20  7  8   2455064.68 2009  8 21  4 13   2455065.55 2009  8 22  1 18
 2455067.29 2009  8 23 18 50   2455068.16 2009  8 24 15 55   2455069.04 2009  8 25 13  1
 2455070.77 2009  8 27  6 32   2455071.65 2009  8 28  3 38   2455072.53 2009  8 29  0 43
 2455074.26 2009  8 30 18 14   2455075.14 2009  8 31 15 20   2455076.02 2009  9  1 12 26
 2455077.75 2009  9  3  5 57   2455078.63 2009  9  4  3  3   2455079.51 2009  9  5  0  9
 2455081.24 2009  9  6 17 39   2455082.11 2009  9  7 14 45   2455082.99 2009  9  8 11 51
 2455084.72 2009  9 10  5 21   2455085.60 2009  9 11  2 27   2455086.48 2009  9 11 23 34
 2455088.21 2009  9 13 17  3   2455089.09 2009  9 14 14 10   2455089.97 2009  9 15 11 16
 2455091.70 2009  9 17  4 46   2455092.58 2009  9 18  1 52   2455093.46 2009  9 18 22 59
 2455095.19 2009  9 20 16 28   2455096.07 2009  9 21 13 35   2455096.95 2009  9 22 10 41
 2455098.67 2009  9 24  4 10   2455099.55 2009  9 25  1 17   2455100.43 2009  9 25 22 24
 2455102.16 2009  9 27 15 52   2455103.04 2009  9 28 12 59   2455103.92 2009  9 29 10  6
 2455105.65 2009 10  1  3 34   2455106.53 2009 10  2  0 42   2455107.41 2009 10  2 21 49
 2455109.14 2009 10  4 15 17   2455110.02 2009 10  5 12 24   2455110.90 2009 10  6  9 32
 2455112.62 2009 10  8  2 59   2455113.50 2009 10  9  0  6   2455114.39 2009 10  9 21 14
 2455116.11 2009 10 11 14 41   2455116.99 2009 10 12 11 49   2455117.87 2009 10 13  8 57
 2455119.60 2009 10 15  2 23   2455120.48 2009 10 15 23 31   2455121.36 2009 10 16 20 39
 2455123.09 2009 10 18 14  6   2455123.97 2009 10 19 11 14   2455124.85 2009 10 20  8 22
 2455126.58 2009 10 22  1 48   2455127.46 2009 10 22 22 56   2455128.34 2009 10 23 20  4
 2455130.06 2009 10 25 13 30   2455130.94 2009 10 26 10 38   2455131.82 2009 10 27  7 47
 2455133.55 2009 10 29  1 12   2455134.43 2009 10 29 22 21   2455135.31 2009 10 30 19 29
 2455137.04 2009 11  1 12 55   2455137.92 2009 11  2 10  3   2455138.80 2009 11  3  7 12
 2455140.53 2009 11  5  0 37   2455141.41 2009 11  5 21 46   2455142.29 2009 11  6 18 54
 2455144.01 2009 11  8 12 19   2455144.89 2009 11  9  9 28   2455145.78 2009 11 10  6 37
 2455147.50 2009 11 12  0  1   2455148.38 2009 11 12 21 10   2455149.26 2009 11 13 18 20
 2455150.99 2009 11 15 11 43   2455151.87 2009 11 16  8 53   2455152.75 2009 11 17  6  2
 2455154.48 2009 11 18 23 26   2455155.36 2009 11 19 20 35   2455156.24 2009 11 20 17 45
 2455157.96 2009 11 22 11  8   2455158.85 2009 11 23  8 18   2455159.73 2009 11 24  5 27
 2455161.45 2009 11 25 22 50   2455162.33 2009 11 26 20  0   2455163.22 2009 11 27 17 10
 2455164.94 2009 11 29 10 32   2455165.82 2009 11 30  7 42   2455166.70 2009 12  1  4 52
 2455168.43 2009 12  2 22 15   2455169.31 2009 12  3 19 25   2455170.19 2009 12  4 16 35
 2455171.91 2009 12  6  9 57   2455172.80 2009 12  7  7  7   2455173.68 2009 12  8  4 17
 2455175.40 2009 12  9 21 39   2455176.28 2009 12 10 18 49   2455177.17 2009 12 11 16  0
 2455178.89 2009 12 13  9 21   2455179.77 2009 12 14  6 32   2455180.65 2009 12 15  3 42
 2455182.38 2009 12 16 21  4   2455183.26 2009 12 17 18 14   2455184.14 2009 12 18 15 25
 2455185.87 2009 12 20  8 46   2455186.75 2009 12 21  5 57   2455187.63 2009 12 22  3  8
 2455189.35 2009 12 23 20 28   2455190.24 2009 12 24 17 39   2455191.12 2009 12 25 14 50
 2455192.84 2009 12 27  8 10   2455193.72 2009 12 28  5 21   2455194.61 2009 12 29  2 33
 2455196.33 2009 12 30 19 52   2455197.21 2009 12 31 17  4   2455198.09 2010  1  1 14 15
 2455199.82 2010  1  3  7 35   2455200.70 2010  1  4  4 46   2455201.58 2010  1  5  1 58
 2455203.30 2010  1  6 19 17   2455204.19 2010  1  7 16 29   2455205.07 2010  1  8 13 40
 2455206.79 2010  1 10  6 59   2455207.67 2010  1 11  4 11   2455208.56 2010  1 12  1 23
 2455210.28 2010  1 13 18 41   2455211.16 2010  1 14 15 53   2455212.05 2010  1 15 13  5
 2455213.77 2010  1 17  6 24   2455214.65 2010  1 18  3 36   2455215.53 2010  1 19  0 48
 2455217.25 2010  1 20 18  6   2455218.14 2010  1 21 15 18   2455219.02 2010  1 22 12 30
 2455220.74 2010  1 24  5 48   2455221.63 2010  1 25  3  1   2455222.51 2010  1 26  0 13
 2455224.23 2010  1 27 17 30   2455225.11 2010  1 28 14 43   2455226.00 2010  1 29 11 56
 2455227.72 2010  1 31  5 13   2455228.60 2010  2  1  2 25   2455229.49 2010  2  1 23 38
 2455231.21 2010  2  3 16 55   2455232.09 2010  2  4 14  8   2455232.97 2010  2  5 11 21
 2455234.69 2010  2  7  4 37   2455235.58 2010  2  8  1 50   2455236.46 2010  2  8 23  3
 2455238.18 2010  2 10 16 19   2455239.06 2010  2 11 13 32   2455239.95 2010  2 12 10 46
 2455241.67 2010  2 14  4  1   2455242.55 2010  2 15  1 15   2455243.44 2010  2 15 22 28
 2455245.16 2010  2 17 15 44   2455246.04 2010  2 18 12 57   2455246.92 2010  2 19 10 11
 2455248.64 2010  2 21  3 26   2455249.53 2010  2 22  0 40   2455250.41 2010  2 22 21 53
 2455252.13 2010  2 24 15  8   2455253.02 2010  2 25 12 22   2455253.90 2010  2 26  9 36
 2455255.62 2010  2 28  2 50   2455256.50 2010  3  1  0  4   2455257.39 2010  3  1 21 18
 2455259.11 2010  3  3 14 33   2455259.99 2010  3  4 11 47   2455260.88 2010  3  5  9  1
 2455262.59 2010  3  7  2 15   2455263.48 2010  3  7 23 29   2455264.36 2010  3  8 20 44
 2455266.08 2010  3 10 13 57   2455266.97 2010  3 11 11 12   2455267.85 2010  3 12  8 26
 2455269.57 2010  3 14  1 39   2455270.45 2010  3 14 22 54   2455271.34 2010  3 15 20  9
 2455273.06 2010  3 17 13 22   2455273.94 2010  3 18 10 36   2455274.83 2010  3 19  7 51
 2455276.54 2010  3 21  1  4   2455277.43 2010  3 21 22 19   2455278.32 2010  3 22 19 34
 2455280.03 2010  3 24 12 46   2455280.92 2010  3 25 10  1   2455281.80 2010  3 26  7 16
 2455283.52 2010  3 28  0 28   2455284.41 2010  3 28 21 44   2455285.29 2010  3 29 18 59
 2455287.01 2010  3 31 12 10   2455287.89 2010  4  1  9 26   2455288.78 2010  4  2  6 41
 2455290.50 2010  4  3 23 53   2455291.38 2010  4  4 21  8   2455292.27 2010  4  5 18 24
 2455293.98 2010  4  7 11 35   2455294.87 2010  4  8  8 51   2455295.75 2010  4  9  6  7
 2455297.47 2010  4 10 23 17   2455298.36 2010  4 11 20 33   2455299.24 2010  4 12 17 49
 2455300.96 2010  4 14 10 59   2455301.84 2010  4 15  8 15   2455302.73 2010  4 16  5 32
 2455304.45 2010  4 17 22 42   2455305.33 2010  4 18 19 58   2455306.22 2010  4 19 17 14
 2455307.93 2010  4 21 10 24   2455308.82 2010  4 22  7 40   2455309.71 2010  4 23  4 57
 2455311.42 2010  4 24 22  6   2455312.31 2010  4 25 19 23   2455313.19 2010  4 26 16 39
 2455314.91 2010  4 28  9 48   2455315.80 2010  4 29  7  5   2455316.68 2010  4 30  4 22
