 Predicted Transit Epochs: CoRoTExo2 b

Observed Transit Duration:  125.3 Minutes

 Begin Transit Window           PREDICTED CENTRAL TRANSIT     End Transit Window
                                     All Times UT

                               HJD        Year M  D  H  M
 2454464.08 2007 12 29 13 57   2454464.13 2007 12 29 15  0   2454464.17 2007 12 29 16  3
 2454465.82 2007 12 31  7 46   2454465.87 2007 12 31  8 50   2454465.91 2007 12 31  9 53
 2454467.57 2008  1  2  1 36   2454467.61 2008  1  2  2 40   2454467.66 2008  1  2  3 43
 2454469.31 2008  1  3 19 26   2454469.35 2008  1  3 20 29   2454469.40 2008  1  3 21 33
 2454471.05 2008  1  5 13 16   2454471.10 2008  1  5 14 19   2454471.14 2008  1  5 15 23
 2454472.80 2008  1  7  7  6   2454472.84 2008  1  7  8  9   2454472.88 2008  1  7  9 12
 2454474.54 2008  1  9  0 56   2454474.58 2008  1  9  1 59   2454474.63 2008  1  9  3  2
 2454476.28 2008  1 10 18 46   2454476.33 2008  1 10 19 49   2454476.37 2008  1 10 20 52
 2454478.03 2008  1 12 12 36   2454478.07 2008  1 12 13 39   2454478.11 2008  1 12 14 42
 2454479.77 2008  1 14  6 26   2454479.81 2008  1 14  7 29   2454479.86 2008  1 14  8 32
 2454481.51 2008  1 16  0 16   2454481.56 2008  1 16  1 19   2454481.60 2008  1 16  2 22
 2454483.25 2008  1 17 18  6   2454483.30 2008  1 17 19  9   2454483.34 2008  1 17 20 12
 2454485.00 2008  1 19 11 56   2454485.04 2008  1 19 12 59   2454485.08 2008  1 19 14  2
 2454486.74 2008  1 21  5 45   2454486.78 2008  1 21  6 49   2454486.83 2008  1 21  7 52
 2454488.48 2008  1 22 23 35   2454488.53 2008  1 23  0 39   2454488.57 2008  1 23  1 42
 2454490.23 2008  1 24 17 25   2454490.27 2008  1 24 18 28   2454490.31 2008  1 24 19 32
 2454491.97 2008  1 26 11 15   2454492.01 2008  1 26 12 18   2454492.06 2008  1 26 13 22
 2454493.71 2008  1 28  5  5   2454493.76 2008  1 28  6  8   2454493.80 2008  1 28  7 11
 2454495.46 2008  1 29 22 55   2454495.50 2008  1 29 23 58   2454495.54 2008  1 30  1  1
 2454497.20 2008  1 31 16 45   2454497.24 2008  1 31 17 48   2454497.29 2008  1 31 18 51
 2454498.94 2008  2  2 10 35   2454498.99 2008  2  2 11 38   2454499.03 2008  2  2 12 41
 2454500.68 2008  2  4  4 25   2454500.73 2008  2  4  5 28   2454500.77 2008  2  4  6 31
 2454502.43 2008  2  5 22 15   2454502.47 2008  2  5 23 18   2454502.51 2008  2  6  0 21
 2454504.17 2008  2  7 16  5   2454504.21 2008  2  7 17  8   2454504.26 2008  2  7 18 11
 2454505.91 2008  2  9  9 54   2454505.96 2008  2  9 10 58   2454506.00 2008  2  9 12  1
 2454507.66 2008  2 11  3 44   2454507.70 2008  2 11  4 48   2454507.74 2008  2 11  5 51
 2454509.40 2008  2 12 21 34   2454509.44 2008  2 12 22 38   2454509.49 2008  2 12 23 41
 2454511.14 2008  2 14 15 24   2454511.19 2008  2 14 16 27   2454511.23 2008  2 14 17 31
 2454512.89 2008  2 16  9 14   2454512.93 2008  2 16 10 17   2454512.97 2008  2 16 11 21
 2454514.63 2008  2 18  3  4   2454514.67 2008  2 18  4  7   2454514.72 2008  2 18  5 10
 2454516.37 2008  2 19 20 54   2454516.42 2008  2 19 21 57   2454516.46 2008  2 19 23  0
 2454518.11 2008  2 21 14 44   2454518.16 2008  2 21 15 47   2454518.20 2008  2 21 16 50
 2454519.86 2008  2 23  8 34   2454519.90 2008  2 23  9 37   2454519.94 2008  2 23 10 40
 2454521.60 2008  2 25  2 24   2454521.64 2008  2 25  3 27   2454521.69 2008  2 25  4 30
 2454523.34 2008  2 26 20 14   2454523.39 2008  2 26 21 17   2454523.43 2008  2 26 22 20
 2454525.09 2008  2 28 14  3   2454525.13 2008  2 28 15  7   2454525.17 2008  2 28 16 10
 2454526.83 2008  3  1  7 53   2454526.87 2008  3  1  8 57   2454526.92 2008  3  1 10  0
 2454528.57 2008  3  3  1 43   2454528.62 2008  3  3  2 47   2454528.66 2008  3  3  3 50
 2454530.32 2008  3  4 19 33   2454530.36 2008  3  4 20 36   2454530.40 2008  3  4 21 40
 2454532.06 2008  3  6 13 23   2454532.10 2008  3  6 14 26   2454532.15 2008  3  6 15 30
 2454533.80 2008  3  8  7 13   2454533.85 2008  3  8  8 16   2454533.89 2008  3  8  9 20
 2454535.54 2008  3 10  1  3   2454535.59 2008  3 10  2  6   2454535.63 2008  3 10  3  9
 2454537.29 2008  3 11 18 53   2454537.33 2008  3 11 19 56   2454537.37 2008  3 11 20 59
 2454539.03 2008  3 13 12 43   2454539.07 2008  3 13 13 46   2454539.12 2008  3 13 14 49
 2454540.77 2008  3 15  6 33   2454540.82 2008  3 15  7 36   2454540.86 2008  3 15  8 39
 2454542.52 2008  3 17  0 23   2454542.56 2008  3 17  1 26   2454542.60 2008  3 17  2 29
 2454544.26 2008  3 18 18 13   2454544.30 2008  3 18 19 16   2454544.35 2008  3 18 20 19
 2454546.00 2008  3 20 12  2   2454546.05 2008  3 20 13  6   2454546.09 2008  3 20 14  9
 2454547.75 2008  3 22  5 52   2454547.79 2008  3 22  6 56   2454547.83 2008  3 22  7 59
 2454549.49 2008  3 23 23 42   2454549.53 2008  3 24  0 46   2454549.58 2008  3 24  1 49
 2454551.23 2008  3 25 17 32   2454551.27 2008  3 25 18 35   2454551.32 2008  3 25 19 39
 2454552.97 2008  3 27 11 22   2454553.02 2008  3 27 12 25   2454553.06 2008  3 27 13 29
 2454554.72 2008  3 29  5 12   2454554.76 2008  3 29  6 15   2454554.80 2008  3 29  7 19
 2454556.46 2008  3 30 23  2   2454556.50 2008  3 31  0  5   2454556.55 2008  3 31  1  8
 2454558.20 2008  4  1 16 52   2454558.25 2008  4  1 17 55   2454558.29 2008  4  1 18 58
 2454559.95 2008  4  3 10 42   2454559.99 2008  4  3 11 45   2454560.03 2008  4  3 12 48
 2454561.69 2008  4  5  4 32   2454561.73 2008  4  5  5 35   2454561.78 2008  4  5  6 38
 2454563.43 2008  4  6 22 22   2454563.48 2008  4  6 23 25   2454563.52 2008  4  7  0 28
 2454565.17 2008  4  8 16 11   2454565.22 2008  4  8 17 15   2454565.26 2008  4  8 18 18
 2454566.92 2008  4 10 10  1   2454566.96 2008  4 10 11  5   2454567.01 2008  4 10 12  8
 2454568.66 2008  4 12  3 51   2454568.70 2008  4 12  4 55   2454568.75 2008  4 12  5 58
 2454570.40 2008  4 13 21 41   2454570.45 2008  4 13 22 45   2454570.49 2008  4 13 23 48
 2454572.15 2008  4 15 15 31   2454572.19 2008  4 15 16 34   2454572.23 2008  4 15 17 38
 2454573.89 2008  4 17  9 21   2454573.93 2008  4 17 10 24   2454573.98 2008  4 17 11 28
 2454575.63 2008  4 19  3 11   2454575.68 2008  4 19  4 14   2454575.72 2008  4 19  5 18
 2454577.38 2008  4 20 21  1   2454577.42 2008  4 20 22  4   2454577.46 2008  4 20 23  8
 2454579.12 2008  4 22 14 51   2454579.16 2008  4 22 15 54   2454579.21 2008  4 22 16 57
 2454580.86 2008  4 24  8 41   2454580.91 2008  4 24  9 44   2454580.95 2008  4 24 10 47
 2454582.60 2008  4 26  2 31   2454582.65 2008  4 26  3 34   2454582.69 2008  4 26  4 37
 2454584.35 2008  4 27 20 21   2454584.39 2008  4 27 21 24   2454584.44 2008  4 27 22 27
 2454586.09 2008  4 29 14 10   2454586.13 2008  4 29 15 14   2454586.18 2008  4 29 16 17
 2454587.83 2008  5  1  8  0   2454587.88 2008  5  1  9  4   2454587.92 2008  5  1 10  7
 2454589.58 2008  5  3  1 50   2454589.62 2008  5  3  2 54   2454589.66 2008  5  3  3 57
 2454591.32 2008  5  4 19 40   2454591.36 2008  5  4 20 44   2454591.41 2008  5  4 21 47
 2454593.06 2008  5  6 13 30   2454593.11 2008  5  6 14 33   2454593.15 2008  5  6 15 37
 2454594.81 2008  5  8  7 20   2454594.85 2008  5  8  8 23   2454594.89 2008  5  8  9 27
 2454596.55 2008  5 10  1 10   2454596.59 2008  5 10  2 13   2454596.64 2008  5 10  3 17
 2454598.29 2008  5 11 19  0   2454598.34 2008  5 11 20  3   2454598.38 2008  5 11 21  7
 2454600.03 2008  5 13 12 50   2454600.08 2008  5 13 13 53   2454600.12 2008  5 13 14 56
 2454601.78 2008  5 15  6 40   2454601.82 2008  5 15  7 43   2454601.87 2008  5 15  8 46
 2454603.52 2008  5 17  0 30   2454603.56 2008  5 17  1 33   2454603.61 2008  5 17  2 36
 2454605.26 2008  5 18 18 19   2454605.31 2008  5 18 19 23   2454605.35 2008  5 18 20 26
 2454607.01 2008  5 20 12  9   2454607.05 2008  5 20 13 13   2454607.09 2008  5 20 14 16
 2454608.75 2008  5 22  5 59   2454608.79 2008  5 22  7  3   2454608.84 2008  5 22  8  6
 2454610.49 2008  5 23 23 49   2454610.54 2008  5 24  0 53   2454610.58 2008  5 24  1 56
 2454612.24 2008  5 25 17 39   2454612.28 2008  5 25 18 42   2454612.32 2008  5 25 19 46
 2454613.98 2008  5 27 11 29   2454614.02 2008  5 27 12 32   2454614.07 2008  5 27 13 36
 2454615.72 2008  5 29  5 19   2454615.77 2008  5 29  6 22   2454615.81 2008  5 29  7 26
 2454617.46 2008  5 30 23  9   2454617.51 2008  5 31  0 12   2454617.55 2008  5 31  1 16
 2454619.21 2008  6  1 16 59   2454619.25 2008  6  1 18  2   2454619.30 2008  6  1 19  6
 2454620.95 2008  6  3 10 49   2454620.99 2008  6  3 11 52   2454621.04 2008  6  3 12 55
 2454622.69 2008  6  5  4 39   2454622.74 2008  6  5  5 42   2454622.78 2008  6  5  6 45
 2454624.44 2008  6  6 22 28   2454624.48 2008  6  6 23 32   2454624.52 2008  6  7  0 35
 2454626.18 2008  6  8 16 18   2454626.22 2008  6  8 17 22   2454626.27 2008  6  8 18 25
 2454627.92 2008  6 10 10  8   2454627.97 2008  6 10 11 12   2454628.01 2008  6 10 12 15
 2454629.67 2008  6 12  3 58   2454629.71 2008  6 12  5  2   2454629.75 2008  6 12  6  5
 2454631.41 2008  6 13 21 48   2454631.45 2008  6 13 22 52   2454631.50 2008  6 13 23 55
 2454633.15 2008  6 15 15 38   2454633.20 2008  6 15 16 41   2454633.24 2008  6 15 17 45
 2454634.89 2008  6 17  9 28   2454634.94 2008  6 17 10 31   2454634.98 2008  6 17 11 35
 2454636.64 2008  6 19  3 18   2454636.68 2008  6 19  4 21   2454636.73 2008  6 19  5 25
 2454638.38 2008  6 20 21  8   2454638.42 2008  6 20 22 11   2454638.47 2008  6 20 23 15
 2454640.12 2008  6 22 14 58   2454640.17 2008  6 22 16  1   2454640.21 2008  6 22 17  5
 2454641.87 2008  6 24  8 48   2454641.91 2008  6 24  9 51   2454641.95 2008  6 24 10 54
 2454643.61 2008  6 26  2 38   2454643.65 2008  6 26  3 41   2454643.70 2008  6 26  4 44
 2454645.35 2008  6 27 20 27   2454645.40 2008  6 27 21 31   2454645.44 2008  6 27 22 34
 2454647.10 2008  6 29 14 17   2454647.14 2008  6 29 15 21   2454647.18 2008  6 29 16 24
 2454648.84 2008  7  1  8  7   2454648.88 2008  7  1  9 11   2454648.93 2008  7  1 10 14
 2454650.58 2008  7  3  1 57   2454650.63 2008  7  3  3  1   2454650.67 2008  7  3  4  4
 2454652.32 2008  7  4 19 47   2454652.37 2008  7  4 20 51   2454652.41 2008  7  4 21 54
 2454654.07 2008  7  6 13 37   2454654.11 2008  7  6 14 40   2454654.16 2008  7  6 15 44
 2454655.81 2008  7  8  7 27   2454655.85 2008  7  8  8 30   2454655.90 2008  7  8  9 34
 2454657.55 2008  7 10  1 17   2454657.60 2008  7 10  2 20   2454657.64 2008  7 10  3 24
 2454659.30 2008  7 11 19  7   2454659.34 2008  7 11 20 10   2454659.38 2008  7 11 21 14
 2454661.04 2008  7 13 12 57   2454661.08 2008  7 13 14  0   2454661.13 2008  7 13 15  4
 2454662.78 2008  7 15  6 47   2454662.83 2008  7 15  7 50   2454662.87 2008  7 15  8 53
 2454664.53 2008  7 17  0 36   2454664.57 2008  7 17  1 40   2454664.61 2008  7 17  2 43
 2454666.27 2008  7 18 18 26   2454666.31 2008  7 18 19 30   2454666.36 2008  7 18 20 33
 2454668.01 2008  7 20 12 16   2454668.06 2008  7 20 13 20   2454668.10 2008  7 20 14 23
 2454669.75 2008  7 22  6  6   2454669.80 2008  7 22  7 10   2454669.84 2008  7 22  8 13
 2454671.50 2008  7 23 23 56   2454671.54 2008  7 24  1  0   2454671.59 2008  7 24  2  3
 2454673.24 2008  7 25 17 46   2454673.28 2008  7 25 18 49   2454673.33 2008  7 25 19 53
 2454674.98 2008  7 27 11 36   2454675.03 2008  7 27 12 39   2454675.07 2008  7 27 13 43
 2454676.73 2008  7 29  5 26   2454676.77 2008  7 29  6 29   2454676.81 2008  7 29  7 33
 2454678.47 2008  7 30 23 16   2454678.51 2008  7 31  0 19   2454678.56 2008  7 31  1 23
 2454680.21 2008  8  1 17  6   2454680.26 2008  8  1 18  9   2454680.30 2008  8  1 19 13
 2454681.96 2008  8  3 10 56   2454682.00 2008  8  3 11 59   2454682.04 2008  8  3 13  3
 2454683.70 2008  8  5  4 46   2454683.74 2008  8  5  5 49   2454683.79 2008  8  5  6 52
 2454685.44 2008  8  6 22 35   2454685.49 2008  8  6 23 39   2454685.53 2008  8  7  0 42
 2454687.18 2008  8  8 16 25   2454687.23 2008  8  8 17 29   2454687.27 2008  8  8 18 32
 2454688.93 2008  8 10 10 15   2454688.97 2008  8 10 11 19   2454689.02 2008  8 10 12 22
 2454690.67 2008  8 12  4  5   2454690.71 2008  8 12  5  9   2454690.76 2008  8 12  6 12
 2454692.41 2008  8 13 21 55   2454692.46 2008  8 13 22 59   2454692.50 2008  8 14  0  2
 2454694.16 2008  8 15 15 45   2454694.20 2008  8 15 16 48   2454694.24 2008  8 15 17 52
 2454695.90 2008  8 17  9 35   2454695.94 2008  8 17 10 38   2454695.99 2008  8 17 11 42
 2454697.64 2008  8 19  3 25   2454697.69 2008  8 19  4 28   2454697.73 2008  8 19  5 32
 2454699.39 2008  8 20 21 15   2454699.43 2008  8 20 22 18   2454699.47 2008  8 20 23 22
 2454701.13 2008  8 22 15  5   2454701.17 2008  8 22 16  8   2454701.22 2008  8 22 17 12
 2454702.87 2008  8 24  8 55   2454702.92 2008  8 24  9 58   2454702.96 2008  8 24 11  2
 2454704.61 2008  8 26  2 44   2454704.66 2008  8 26  3 48   2454704.70 2008  8 26  4 51
 2454706.36 2008  8 27 20 34   2454706.40 2008  8 27 21 38   2454706.45 2008  8 27 22 41
 2454708.10 2008  8 29 14 24   2454708.14 2008  8 29 15 28   2454708.19 2008  8 29 16 31
 2454709.84 2008  8 31  8 14   2454709.89 2008  8 31  9 18   2454709.93 2008  8 31 10 21
 2454711.59 2008  9  2  2  4   2454711.63 2008  9  2  3  8   2454711.67 2008  9  2  4 11
 2454713.33 2008  9  3 19 54   2454713.37 2008  9  3 20 58   2454713.42 2008  9  3 22  1
 2454715.07 2008  9  5 13 44   2454715.12 2008  9  5 14 47   2454715.16 2008  9  5 15 51
 2454716.82 2008  9  7  7 34   2454716.86 2008  9  7  8 37   2454716.90 2008  9  7  9 41
 2454718.56 2008  9  9  1 24   2454718.60 2008  9  9  2 27   2454718.65 2008  9  9  3 31
 2454720.30 2008  9 10 19 14   2454720.35 2008  9 10 20 17   2454720.39 2008  9 10 21 21
 2454722.04 2008  9 12 13  4   2454722.09 2008  9 12 14  7   2454722.13 2008  9 12 15 11
 2454723.79 2008  9 14  6 54   2454723.83 2008  9 14  7 57   2454723.88 2008  9 14  9  1
 2454725.53 2008  9 16  0 43   2454725.57 2008  9 16  1 47   2454725.62 2008  9 16  2 50
 2454727.27 2008  9 17 18 33   2454727.32 2008  9 17 19 37   2454727.36 2008  9 17 20 40
 2454729.02 2008  9 19 12 23   2454729.06 2008  9 19 13 27   2454729.10 2008  9 19 14 30
 2454730.76 2008  9 21  6 13   2454730.80 2008  9 21  7 17   2454730.85 2008  9 21  8 20
 2454732.50 2008  9 23  0  3   2454732.55 2008  9 23  1  7   2454732.59 2008  9 23  2 10
 2454734.25 2008  9 24 17 53   2454734.29 2008  9 24 18 57   2454734.33 2008  9 24 20  0
 2454735.99 2008  9 26 11 43   2454736.03 2008  9 26 12 46   2454736.08 2008  9 26 13 50
 2454737.73 2008  9 28  5 33   2454737.78 2008  9 28  6 36   2454737.82 2008  9 28  7 40
 2454739.47 2008  9 29 23 23   2454739.52 2008  9 30  0 26   2454739.56 2008  9 30  1 30
 2454741.22 2008 10  1 17 13   2454741.26 2008 10  1 18 16   2454741.31 2008 10  1 19 20
 2454742.96 2008 10  3 11  3   2454743.00 2008 10  3 12  6   2454743.05 2008 10  3 13 10
 2454744.70 2008 10  5  4 52   2454744.75 2008 10  5  5 56   2454744.79 2008 10  5  7  0
 2454746.45 2008 10  6 22 42   2454746.49 2008 10  6 23 46   2454746.53 2008 10  7  0 49
 2454748.19 2008 10  8 16 32   2454748.23 2008 10  8 17 36   2454748.28 2008 10  8 18 39
 2454749.93 2008 10 10 10 22   2454749.98 2008 10 10 11 26   2454750.02 2008 10 10 12 29
 2454751.68 2008 10 12  4 12   2454751.72 2008 10 12  5 16   2454751.76 2008 10 12  6 19
 2454753.42 2008 10 13 22  2   2454753.46 2008 10 13 23  6   2454753.51 2008 10 14  0  9
 2454755.16 2008 10 15 15 52   2454755.21 2008 10 15 16 55   2454755.25 2008 10 15 17 59
 2454756.90 2008 10 17  9 42   2454756.95 2008 10 17 10 45   2454756.99 2008 10 17 11 49
 2454758.65 2008 10 19  3 32   2454758.69 2008 10 19  4 35   2454758.74 2008 10 19  5 39
 2454760.39 2008 10 20 21 22   2454760.43 2008 10 20 22 25   2454760.48 2008 10 20 23 29
 2454762.13 2008 10 22 15 12   2454762.18 2008 10 22 16 15   2454762.22 2008 10 22 17 19
 2454763.88 2008 10 24  9  1   2454763.92 2008 10 24 10  5   2454763.96 2008 10 24 11  9
 2454765.62 2008 10 26  2 51   2454765.66 2008 10 26  3 55   2454765.71 2008 10 26  4 59
 2454767.36 2008 10 27 20 41   2454767.41 2008 10 27 21 45   2454767.45 2008 10 27 22 48
 2454769.11 2008 10 29 14 31   2454769.15 2008 10 29 15 35   2454769.19 2008 10 29 16 38
 2454770.85 2008 10 31  8 21   2454770.89 2008 10 31  9 25   2454770.94 2008 10 31 10 28
 2454772.59 2008 11  2  2 11   2454772.64 2008 11  2  3 15   2454772.68 2008 11  2  4 18
 2454774.33 2008 11  3 20  1   2454774.38 2008 11  3 21  5   2454774.42 2008 11  3 22  8
 2454776.08 2008 11  5 13 51   2454776.12 2008 11  5 14 54   2454776.17 2008 11  5 15 58
 2454777.82 2008 11  7  7 41   2454777.86 2008 11  7  8 44   2454777.91 2008 11  7  9 48
 2454779.56 2008 11  9  1 31   2454779.61 2008 11  9  2 34   2454779.65 2008 11  9  3 38
 2454781.31 2008 11 10 19 21   2454781.35 2008 11 10 20 24   2454781.39 2008 11 10 21 28
 2454783.05 2008 11 12 13 11   2454783.09 2008 11 12 14 14   2454783.14 2008 11 12 15 18
 2454784.79 2008 11 14  7  0   2454784.84 2008 11 14  8  4   2454784.88 2008 11 14  9  8
 2454786.54 2008 11 16  0 50   2454786.58 2008 11 16  1 54   2454786.62 2008 11 16  2 58
 2454788.28 2008 11 17 18 40   2454788.32 2008 11 17 19 44   2454788.37 2008 11 17 20 47
 2454790.02 2008 11 19 12 30   2454790.07 2008 11 19 13 34   2454790.11 2008 11 19 14 37
 2454791.76 2008 11 21  6 20   2454791.81 2008 11 21  7 24   2454791.85 2008 11 21  8 27
 2454793.51 2008 11 23  0 10   2454793.55 2008 11 23  1 14   2454793.60 2008 11 23  2 17
 2454795.25 2008 11 24 18  0   2454795.29 2008 11 24 19  4   2454795.34 2008 11 24 20  7
 2454796.99 2008 11 26 11 50   2454797.04 2008 11 26 12 53   2454797.08 2008 11 26 13 57
 2454798.74 2008 11 28  5 40   2454798.78 2008 11 28  6 43   2454798.82 2008 11 28  7 47
 2454800.48 2008 11 29 23 30   2454800.52 2008 11 30  0 33   2454800.57 2008 11 30  1 37
 2454802.22 2008 12  1 17 20   2454802.27 2008 12  1 18 23   2454802.31 2008 12  1 19 27
 2454803.97 2008 12  3 11  9   2454804.01 2008 12  3 12 13   2454804.05 2008 12  3 13 17
 2454805.71 2008 12  5  4 59   2454805.75 2008 12  5  6  3   2454805.80 2008 12  5  7  7
 2454807.45 2008 12  6 22 49   2454807.50 2008 12  6 23 53   2454807.54 2008 12  7  0 57
 2454809.19 2008 12  8 16 39   2454809.24 2008 12  8 17 43   2454809.28 2008 12  8 18 46
 2454810.94 2008 12 10 10 29   2454810.98 2008 12 10 11 33   2454811.03 2008 12 10 12 36
 2454812.68 2008 12 12  4 19   2454812.72 2008 12 12  5 23   2454812.77 2008 12 12  6 26
 2454814.42 2008 12 13 22  9   2454814.47 2008 12 13 23 13   2454814.51 2008 12 14  0 16
 2454816.17 2008 12 15 15 59   2454816.21 2008 12 15 17  3   2454816.25 2008 12 15 18  6
 2454817.91 2008 12 17  9 49   2454817.95 2008 12 17 10 52   2454818.00 2008 12 17 11 56
 2454819.65 2008 12 19  3 39   2454819.70 2008 12 19  4 42   2454819.74 2008 12 19  5 46
 2454821.40 2008 12 20 21 29   2454821.44 2008 12 20 22 32   2454821.48 2008 12 20 23 36
 2454823.14 2008 12 22 15 19   2454823.18 2008 12 22 16 22   2454823.23 2008 12 22 17 26
 2454824.88 2008 12 24  9  8   2454824.93 2008 12 24 10 12   2454824.97 2008 12 24 11 16
 2454826.62 2008 12 26  2 58   2454826.67 2008 12 26  4  2   2454826.71 2008 12 26  5  6
 2454828.37 2008 12 27 20 48   2454828.41 2008 12 27 21 52   2454828.46 2008 12 27 22 56
 2454830.11 2008 12 29 14 38   2454830.15 2008 12 29 15 42   2454830.20 2008 12 29 16 46
 2454831.85 2008 12 31  8 28   2454831.90 2008 12 31  9 32   2454831.94 2008 12 31 10 35
 2454833.60 2009  1  2  2 18   2454833.64 2009  1  2  3 22   2454833.68 2009  1  2  4 25
 2454835.34 2009  1  3 20  8   2454835.38 2009  1  3 21 12   2454835.43 2009  1  3 22 15
 2454837.08 2009  1  5 13 58   2454837.13 2009  1  5 15  1   2454837.17 2009  1  5 16  5
 2454838.83 2009  1  7  7 48   2454838.87 2009  1  7  8 51   2454838.91 2009  1  7  9 55
 2454840.57 2009  1  9  1 38   2454840.61 2009  1  9  2 41   2454840.66 2009  1  9  3 45
 2454842.31 2009  1 10 19 28   2454842.36 2009  1 10 20 31   2454842.40 2009  1 10 21 35
 2454844.05 2009  1 12 13 17   2454844.10 2009  1 12 14 21   2454844.14 2009  1 12 15 25
 2454845.80 2009  1 14  7  7   2454845.84 2009  1 14  8 11   2454845.89 2009  1 14  9 15
 2454847.54 2009  1 16  0 57   2454847.58 2009  1 16  2  1   2454847.63 2009  1 16  3  5
 2454849.28 2009  1 17 18 47   2454849.33 2009  1 17 19 51   2454849.37 2009  1 17 20 55
 2454851.03 2009  1 19 12 37   2454851.07 2009  1 19 13 41   2454851.11 2009  1 19 14 45
 2454852.77 2009  1 21  6 27   2454852.81 2009  1 21  7 31   2454852.86 2009  1 21  8 34
 2454854.51 2009  1 23  0 17   2454854.56 2009  1 23  1 21   2454854.60 2009  1 23  2 24
 2454856.26 2009  1 24 18  7   2454856.30 2009  1 24 19 11   2454856.34 2009  1 24 20 14
 2454858.00 2009  1 26 11 57   2454858.04 2009  1 26 13  0   2454858.09 2009  1 26 14  4
 2454859.74 2009  1 28  5 47   2454859.79 2009  1 28  6 50   2454859.83 2009  1 28  7 54
 2454861.48 2009  1 29 23 37   2454861.53 2009  1 30  0 40   2454861.57 2009  1 30  1 44
 2454863.23 2009  1 31 17 26   2454863.27 2009  1 31 18 30   2454863.32 2009  1 31 19 34
 2454864.97 2009  2  2 11 16   2454865.01 2009  2  2 12 20   2454865.06 2009  2  2 13 24
 2454866.71 2009  2  4  5  6   2454866.76 2009  2  4  6 10   2454866.80 2009  2  4  7 14
 2454868.46 2009  2  5 22 56   2454868.50 2009  2  6  0  0   2454868.54 2009  2  6  1  4
 2454870.20 2009  2  7 16 46   2454870.24 2009  2  7 17 50   2454870.29 2009  2  7 18 54
 2454871.94 2009  2  9 10 36   2454871.99 2009  2  9 11 40   2454872.03 2009  2  9 12 44
 2454873.69 2009  2 11  4 26   2454873.73 2009  2 11  5 30   2454873.77 2009  2 11  6 33
 2454875.43 2009  2 12 22 16   2454875.47 2009  2 12 23 20   2454875.52 2009  2 13  0 23
 2454877.17 2009  2 14 16  6   2454877.22 2009  2 14 17 10   2454877.26 2009  2 14 18 13
 2454878.91 2009  2 16  9 56   2454878.96 2009  2 16 10 59   2454879.00 2009  2 16 12  3
 2454880.66 2009  2 18  3 46   2454880.70 2009  2 18  4 49   2454880.75 2009  2 18  5 53
 2454882.40 2009  2 19 21 36   2454882.44 2009  2 19 22 39   2454882.49 2009  2 19 23 43
 2454884.14 2009  2 21 15 25   2454884.19 2009  2 21 16 29   2454884.23 2009  2 21 17 33
 2454885.89 2009  2 23  9 15   2454885.93 2009  2 23 10 19   2454885.97 2009  2 23 11 23
 2454887.63 2009  2 25  3  5   2454887.67 2009  2 25  4  9   2454887.72 2009  2 25  5 13
 2454889.37 2009  2 26 20 55   2454889.42 2009  2 26 21 59   2454889.46 2009  2 26 23  3
 2454891.11 2009  2 28 14 45   2454891.16 2009  2 28 15 49   2454891.20 2009  2 28 16 53
 2454892.86 2009  3  2  8 35   2454892.90 2009  3  2  9 39   2454892.95 2009  3  2 10 43
 2454894.60 2009  3  4  2 25   2454894.65 2009  3  4  3 29   2454894.69 2009  3  4  4 32
 2454896.34 2009  3  5 20 15   2454896.39 2009  3  5 21 19   2454896.43 2009  3  5 22 22
 2454898.09 2009  3  7 14  5   2454898.13 2009  3  7 15  9   2454898.18 2009  3  7 16 12
 2454899.83 2009  3  9  7 55   2454899.87 2009  3  9  8 58   2454899.92 2009  3  9 10  2
 2454901.57 2009  3 11  1 45   2454901.62 2009  3 11  2 48   2454901.66 2009  3 11  3 52
 2454903.32 2009  3 12 19 34   2454903.36 2009  3 12 20 38   2454903.40 2009  3 12 21 42
 2454905.06 2009  3 14 13 24   2454905.10 2009  3 14 14 28   2454905.15 2009  3 14 15 32
 2454906.80 2009  3 16  7 14   2454906.85 2009  3 16  8 18   2454906.89 2009  3 16  9 22
 2454908.54 2009  3 18  1  4   2454908.59 2009  3 18  2  8   2454908.63 2009  3 18  3 12
 2454910.29 2009  3 19 18 54   2454910.33 2009  3 19 19 58   2454910.38 2009  3 19 21  2
 2454912.03 2009  3 21 12 44   2454912.08 2009  3 21 13 48   2454912.12 2009  3 21 14 52
 2454913.77 2009  3 23  6 34   2454913.82 2009  3 23  7 38   2454913.86 2009  3 23  8 42
 2454915.52 2009  3 25  0 24   2454915.56 2009  3 25  1 28   2454915.61 2009  3 25  2 31
 2454917.26 2009  3 26 18 14   2454917.30 2009  3 26 19 18   2454917.35 2009  3 26 20 21
 2454919.00 2009  3 28 12  4   2454919.05 2009  3 28 13  7   2454919.09 2009  3 28 14 11
 2454920.75 2009  3 30  5 54   2454920.79 2009  3 30  6 57   2454920.83 2009  3 30  8  1
 2454922.49 2009  3 31 23 44   2454922.53 2009  4  1  0 47   2454922.58 2009  4  1  1 51
 2454924.23 2009  4  2 17 33   2454924.28 2009  4  2 18 37   2454924.32 2009  4  2 19 41
 2454925.97 2009  4  4 11 23   2454926.02 2009  4  4 12 27   2454926.06 2009  4  4 13 31
 2454927.72 2009  4  6  5 13   2454927.76 2009  4  6  6 17   2454927.81 2009  4  6  7 21
 2454929.46 2009  4  7 23  3   2454929.51 2009  4  8  0  7   2454929.55 2009  4  8  1 11
 2454931.20 2009  4  9 16 53   2454931.25 2009  4  9 17 57   2454931.29 2009  4  9 19  1
 2454932.95 2009  4 11 10 43   2454932.99 2009  4 11 11 47   2454933.04 2009  4 11 12 51
 2454934.69 2009  4 13  4 33   2454934.73 2009  4 13  5 37   2454934.78 2009  4 13  6 41
 2454936.43 2009  4 14 22 23   2454936.48 2009  4 14 23 27   2454936.52 2009  4 15  0 30
 2454938.18 2009  4 16 16 13   2454938.22 2009  4 16 17 17   2454938.26 2009  4 16 18 20
 2454939.92 2009  4 18 10  3   2454939.96 2009  4 18 11  6   2454940.01 2009  4 18 12 10
 2454941.66 2009  4 20  3 53   2454941.71 2009  4 20  4 56   2454941.75 2009  4 20  6  0
 2454943.40 2009  4 21 21 42   2454943.45 2009  4 21 22 46   2454943.49 2009  4 21 23 50
 2454945.15 2009  4 23 15 32   2454945.19 2009  4 23 16 36   2454945.24 2009  4 23 17 40
 2454946.89 2009  4 25  9 22   2454946.94 2009  4 25 10 26   2454946.98 2009  4 25 11 30
 2454948.63 2009  4 27  3 12   2454948.68 2009  4 27  4 16   2454948.72 2009  4 27  5 20
 2454950.38 2009  4 28 21  2   2454950.42 2009  4 28 22  6   2454950.47 2009  4 28 23 10
 2454952.12 2009  4 30 14 52   2454952.16 2009  4 30 15 56   2454952.21 2009  4 30 17  0
 2454953.86 2009  5  2  8 42   2454953.91 2009  5  2  9 46   2454953.95 2009  5  2 10 50
 2454955.61 2009  5  4  2 32   2454955.65 2009  5  4  3 36   2454955.69 2009  5  4  4 40
 2454957.35 2009  5  5 20 22   2454957.39 2009  5  5 21 26   2454957.44 2009  5  5 22 29
 2454959.09 2009  5  7 14 12   2454959.14 2009  5  7 15 16   2454959.18 2009  5  7 16 19
 2454960.83 2009  5  9  8  2   2454960.88 2009  5  9  9  5   2454960.92 2009  5  9 10  9
 2454962.58 2009  5 11  1 51   2454962.62 2009  5 11  2 55   2454962.67 2009  5 11  3 59
 2454964.32 2009  5 12 19 41   2454964.37 2009  5 12 20 45   2454964.41 2009  5 12 21 49
 2454966.06 2009  5 14 13 31   2454966.11 2009  5 14 14 35   2454966.15 2009  5 14 15 39
 2454967.81 2009  5 16  7 21   2454967.85 2009  5 16  8 25   2454967.90 2009  5 16  9 29
 2454969.55 2009  5 18  1 11   2454969.59 2009  5 18  2 15   2454969.64 2009  5 18  3 19
 2454971.29 2009  5 19 19  1   2454971.34 2009  5 19 20  5   2454971.38 2009  5 19 21  9
 2454973.04 2009  5 21 12 51   2454973.08 2009  5 21 13 55   2454973.12 2009  5 21 14 59
 2454974.78 2009  5 23  6 41   2454974.82 2009  5 23  7 45   2454974.87 2009  5 23  8 49
 2454976.52 2009  5 25  0 31   2454976.57 2009  5 25  1 35   2454976.61 2009  5 25  2 39
 2454978.26 2009  5 26 18 21   2454978.31 2009  5 26 19 25   2454978.35 2009  5 26 20 28
 2454980.01 2009  5 28 12 11   2454980.05 2009  5 28 13 15   2454980.10 2009  5 28 14 18
 2454981.75 2009  5 30  6  1   2454981.80 2009  5 30  7  4   2454981.84 2009  5 30  8  8
 2454983.49 2009  5 31 23 50   2454983.54 2009  6  1  0 54   2454983.58 2009  6  1  1 58
 2454985.24 2009  6  2 17 40   2454985.28 2009  6  2 18 44   2454985.33 2009  6  2 19 48
 2454986.98 2009  6  4 11 30   2454987.02 2009  6  4 12 34   2454987.07 2009  6  4 13 38
 2454988.72 2009  6  6  5 20   2454988.77 2009  6  6  6 24   2454988.81 2009  6  6  7 28
 2454990.47 2009  6  7 23 10   2454990.51 2009  6  8  0 14   2454990.55 2009  6  8  1 18
 2454992.21 2009  6  9 17  0   2454992.25 2009  6  9 18  4   2454992.30 2009  6  9 19  8
 2454993.95 2009  6 11 10 50   2454994.00 2009  6 11 11 54   2454994.04 2009  6 11 12 58
 2454995.69 2009  6 13  4 40   2454995.74 2009  6 13  5 44   2454995.78 2009  6 13  6 48
 2454997.44 2009  6 14 22 30   2454997.48 2009  6 14 23 34   2454997.53 2009  6 15  0 38
 2454999.18 2009  6 16 16 20   2454999.23 2009  6 16 17 24   2454999.27 2009  6 16 18 27
 2455000.92 2009  6 18 10 10   2455000.97 2009  6 18 11 13   2455001.01 2009  6 18 12 17
 2455002.67 2009  6 20  3 59   2455002.71 2009  6 20  5  3   2455002.76 2009  6 20  6  7
 2455004.41 2009  6 21 21 49   2455004.45 2009  6 21 22 53   2455004.50 2009  6 21 23 57
 2455006.15 2009  6 23 15 39   2455006.20 2009  6 23 16 43   2455006.24 2009  6 23 17 47
 2455007.90 2009  6 25  9 29   2455007.94 2009  6 25 10 33   2455007.98 2009  6 25 11 37
 2455009.64 2009  6 27  3 19   2455009.68 2009  6 27  4 23   2455009.73 2009  6 27  5 27
 2455011.38 2009  6 28 21  9   2455011.43 2009  6 28 22 13   2455011.47 2009  6 28 23 17
 2455013.12 2009  6 30 14 59   2455013.17 2009  6 30 16  3   2455013.21 2009  6 30 17  7
 2455014.87 2009  7  2  8 49   2455014.91 2009  7  2  9 53   2455014.96 2009  7  2 10 57
 2455016.61 2009  7  4  2 39   2455016.66 2009  7  4  3 43   2455016.70 2009  7  4  4 47
 2455018.35 2009  7  5 20 29   2455018.40 2009  7  5 21 33   2455018.44 2009  7  5 22 37
 2455020.10 2009  7  7 14 19   2455020.14 2009  7  7 15 23   2455020.19 2009  7  7 16 26
 2455021.84 2009  7  9  8  9   2455021.88 2009  7  9  9 12   2455021.93 2009  7  9 10 16
 2455023.58 2009  7 11  1 58   2455023.63 2009  7 11  3  2   2455023.67 2009  7 11  4  6
 2455025.33 2009  7 12 19 48   2455025.37 2009  7 12 20 52   2455025.41 2009  7 12 21 56
 2455027.07 2009  7 14 13 38   2455027.11 2009  7 14 14 42   2455027.16 2009  7 14 15 46
 2455028.81 2009  7 16  7 28   2455028.86 2009  7 16  8 32   2455028.90 2009  7 16  9 36
 2455030.55 2009  7 18  1 18   2455030.60 2009  7 18  2 22   2455030.64 2009  7 18  3 26
 2455032.30 2009  7 19 19  8   2455032.34 2009  7 19 20 12   2455032.39 2009  7 19 21 16
 2455034.04 2009  7 21 12 58   2455034.08 2009  7 21 14  2   2455034.13 2009  7 21 15  6
 2455035.78 2009  7 23  6 48   2455035.83 2009  7 23  7 52   2455035.87 2009  7 23  8 56
 2455037.53 2009  7 25  0 38   2455037.57 2009  7 25  1 42   2455037.62 2009  7 25  2 46
 2455039.27 2009  7 26 18 28   2455039.31 2009  7 26 19 32   2455039.36 2009  7 26 20 36
 2455041.01 2009  7 28 12 18   2455041.06 2009  7 28 13 22   2455041.10 2009  7 28 14 25
 2455042.76 2009  7 30  6  7   2455042.80 2009  7 30  7 11   2455042.84 2009  7 30  8 15
 2455044.50 2009  7 31 23 57   2455044.54 2009  8  1  1  1   2455044.59 2009  8  1  2  5
 2455046.24 2009  8  2 17 47   2455046.29 2009  8  2 18 51   2455046.33 2009  8  2 19 55
 2455047.98 2009  8  4 11 37   2455048.03 2009  8  4 12 41   2455048.07 2009  8  4 13 45
 2455049.73 2009  8  6  5 27   2455049.77 2009  8  6  6 31   2455049.82 2009  8  6  7 35
 2455051.47 2009  8  7 23 17   2455051.51 2009  8  8  0 21   2455051.56 2009  8  8  1 25
 2455053.21 2009  8  9 17  7   2455053.26 2009  8  9 18 11   2455053.30 2009  8  9 19 15
 2455054.96 2009  8 11 10 57   2455055.00 2009  8 11 12  1   2455055.05 2009  8 11 13  5
 2455056.70 2009  8 13  4 47   2455056.74 2009  8 13  5 51   2455056.79 2009  8 13  6 55
 2455058.44 2009  8 14 22 37   2455058.49 2009  8 14 23 41   2455058.53 2009  8 15  0 45
 2455060.19 2009  8 16 16 27   2455060.23 2009  8 16 17 31   2455060.27 2009  8 16 18 35
 2455061.93 2009  8 18 10 17   2455061.97 2009  8 18 11 21   2455062.02 2009  8 18 12 25
 2455063.67 2009  8 20  4  6   2455063.72 2009  8 20  5 10   2455063.76 2009  8 20  6 14
 2455065.41 2009  8 21 21 56   2455065.46 2009  8 21 23  0   2455065.50 2009  8 22  0  4
 2455067.16 2009  8 23 15 46   2455067.20 2009  8 23 16 50   2455067.25 2009  8 23 17 54
 2455068.90 2009  8 25  9 36   2455068.94 2009  8 25 10 40   2455068.99 2009  8 25 11 44
 2455070.64 2009  8 27  3 26   2455070.69 2009  8 27  4 30   2455070.73 2009  8 27  5 34
 2455072.39 2009  8 28 21 16   2455072.43 2009  8 28 22 20   2455072.48 2009  8 28 23 24
 2455074.13 2009  8 30 15  6   2455074.17 2009  8 30 16 10   2455074.22 2009  8 30 17 14
 2455075.87 2009  9  1  8 56   2455075.92 2009  9  1 10  0   2455075.96 2009  9  1 11  4
 2455077.62 2009  9  3  2 46   2455077.66 2009  9  3  3 50   2455077.70 2009  9  3  4 54
 2455079.36 2009  9  4 20 36   2455079.40 2009  9  4 21 40   2455079.45 2009  9  4 22 44
 2455081.10 2009  9  6 14 26   2455081.15 2009  9  6 15 30   2455081.19 2009  9  6 16 34
 2455082.84 2009  9  8  8 15   2455082.89 2009  9  8  9 19   2455082.93 2009  9  8 10 24
 2455084.59 2009  9 10  2  5   2455084.63 2009  9 10  3  9   2455084.68 2009  9 10  4 13
 2455086.33 2009  9 11 19 55   2455086.37 2009  9 11 20 59   2455086.42 2009  9 11 22  3
 2455088.07 2009  9 13 13 45   2455088.12 2009  9 13 14 49   2455088.16 2009  9 13 15 53
 2455089.82 2009  9 15  7 35   2455089.86 2009  9 15  8 39   2455089.91 2009  9 15  9 43
 2455091.56 2009  9 17  1 25   2455091.60 2009  9 17  2 29   2455091.65 2009  9 17  3 33
 2455093.30 2009  9 18 19 15   2455093.35 2009  9 18 20 19   2455093.39 2009  9 18 21 23
 2455095.05 2009  9 20 13  5   2455095.09 2009  9 20 14  9   2455095.13 2009  9 20 15 13
 2455096.79 2009  9 22  6 55   2455096.83 2009  9 22  7 59   2455096.88 2009  9 22  9  3
 2455098.53 2009  9 24  0 45   2455098.58 2009  9 24  1 49   2455098.62 2009  9 24  2 53
 2455100.27 2009  9 25 18 35   2455100.32 2009  9 25 19 39   2455100.36 2009  9 25 20 43
 2455102.02 2009  9 27 12 24   2455102.06 2009  9 27 13 29   2455102.11 2009  9 27 14 33
 2455103.76 2009  9 29  6 14   2455103.80 2009  9 29  7 18   2455103.85 2009  9 29  8 23
 2455105.50 2009 10  1  0  4   2455105.55 2009 10  1  1  8   2455105.59 2009 10  1  2 12
 2455107.25 2009 10  2 17 54   2455107.29 2009 10  2 18 58   2455107.34 2009 10  2 20  2
 2455108.99 2009 10  4 11 44   2455109.03 2009 10  4 12 48   2455109.08 2009 10  4 13 52
 2455110.73 2009 10  6  5 34   2455110.78 2009 10  6  6 38   2455110.82 2009 10  6  7 42
 2455112.48 2009 10  7 23 24   2455112.52 2009 10  8  0 28   2455112.56 2009 10  8  1 32
 2455114.22 2009 10  9 17 14   2455114.26 2009 10  9 18 18   2455114.31 2009 10  9 19 22
 2455115.96 2009 10 11 11  4   2455116.01 2009 10 11 12  8   2455116.05 2009 10 11 13 12
 2455117.70 2009 10 13  4 54   2455117.75 2009 10 13  5 58   2455117.79 2009 10 13  7  2
 2455119.45 2009 10 14 22 44   2455119.49 2009 10 14 23 48   2455119.54 2009 10 15  0 52
 2455121.19 2009 10 16 16 34   2455121.23 2009 10 16 17 38   2455121.28 2009 10 16 18 42
 2455122.93 2009 10 18 10 23   2455122.98 2009 10 18 11 28   2455123.02 2009 10 18 12 32
 2455124.68 2009 10 20  4 13   2455124.72 2009 10 20  5 17   2455124.77 2009 10 20  6 22
 2455126.42 2009 10 21 22  3   2455126.46 2009 10 21 23  7   2455126.51 2009 10 22  0 11
 2455128.16 2009 10 23 15 53   2455128.21 2009 10 23 16 57   2455128.25 2009 10 23 18  1
 2455129.91 2009 10 25  9 43   2455129.95 2009 10 25 10 47   2455129.99 2009 10 25 11 51
 2455131.65 2009 10 27  3 33   2455131.69 2009 10 27  4 37   2455131.74 2009 10 27  5 41
 2455133.39 2009 10 28 21 23   2455133.44 2009 10 28 22 27   2455133.48 2009 10 28 23 31
 2455135.13 2009 10 30 15 13   2455135.18 2009 10 30 16 17   2455135.22 2009 10 30 17 21
 2455136.88 2009 11  1  9  3   2455136.92 2009 11  1 10  7   2455136.97 2009 11  1 11 11
 2455138.62 2009 11  3  2 53   2455138.66 2009 11  3  3 57   2455138.71 2009 11  3  5  1
 2455140.36 2009 11  4 20 43   2455140.41 2009 11  4 21 47   2455140.45 2009 11  4 22 51
 2455142.11 2009 11  6 14 32   2455142.15 2009 11  6 15 37   2455142.20 2009 11  6 16 41
 2455143.85 2009 11  8  8 22   2455143.89 2009 11  8  9 26   2455143.94 2009 11  8 10 31
 2455145.59 2009 11 10  2 12   2455145.64 2009 11 10  3 16   2455145.68 2009 11 10  4 21
 2455147.34 2009 11 11 20  2   2455147.38 2009 11 11 21  6   2455147.42 2009 11 11 22 10
 2455149.08 2009 11 13 13 52   2455149.12 2009 11 13 14 56   2455149.17 2009 11 13 16  0
 2455150.82 2009 11 15  7 42   2455150.87 2009 11 15  8 46   2455150.91 2009 11 15  9 50
 2455152.56 2009 11 17  1 32   2455152.61 2009 11 17  2 36   2455152.65 2009 11 17  3 40
 2455154.31 2009 11 18 19 22   2455154.35 2009 11 18 20 26   2455154.40 2009 11 18 21 30
 2455156.05 2009 11 20 13 12   2455156.09 2009 11 20 14 16   2455156.14 2009 11 20 15 20
 2455157.79 2009 11 22  7  2   2455157.84 2009 11 22  8  6   2455157.88 2009 11 22  9 10
 2455159.54 2009 11 24  0 52   2455159.58 2009 11 24  1 56   2455159.63 2009 11 24  3  0
 2455161.28 2009 11 25 18 42   2455161.32 2009 11 25 19 46   2455161.37 2009 11 25 20 50
 2455163.02 2009 11 27 12 31   2455163.07 2009 11 27 13 36   2455163.11 2009 11 27 14 40
 2455164.77 2009 11 29  6 21   2455164.81 2009 11 29  7 25   2455164.85 2009 11 29  8 30
 2455166.51 2009 12  1  0 11   2455166.55 2009 12  1  1 15   2455166.60 2009 12  1  2 20
 2455168.25 2009 12  2 18  1   2455168.30 2009 12  2 19  5   2455168.34 2009 12  2 20  9
 2455169.99 2009 12  4 11 51   2455170.04 2009 12  4 12 55   2455170.08 2009 12  4 13 59
 2455171.74 2009 12  6  5 41   2455171.78 2009 12  6  6 45   2455171.83 2009 12  6  7 49
 2455173.48 2009 12  7 23 31   2455173.52 2009 12  8  0 35   2455173.57 2009 12  8  1 39
 2455175.22 2009 12  9 17 21   2455175.27 2009 12  9 18 25   2455175.31 2009 12  9 19 29
 2455176.97 2009 12 11 11 11   2455177.01 2009 12 11 12 15   2455177.06 2009 12 11 13 19
 2455178.71 2009 12 13  5  1   2455178.75 2009 12 13  6  5   2455178.80 2009 12 13  7  9
 2455180.45 2009 12 14 22 51   2455180.50 2009 12 14 23 55   2455180.54 2009 12 15  0 59
 2455182.20 2009 12 16 16 40   2455182.24 2009 12 16 17 45   2455182.28 2009 12 16 18 49
 2455183.94 2009 12 18 10 30   2455183.98 2009 12 18 11 35   2455184.03 2009 12 18 12 39
 2455185.68 2009 12 20  4 20   2455185.73 2009 12 20  5 24   2455185.77 2009 12 20  6 29
 2455187.42 2009 12 21 22 10   2455187.47 2009 12 21 23 14   2455187.51 2009 12 22  0 19
 2455189.17 2009 12 23 16  0   2455189.21 2009 12 23 17  4   2455189.26 2009 12 23 18  8
 2455190.91 2009 12 25  9 50   2455190.95 2009 12 25 10 54   2455191.00 2009 12 25 11 58
 2455192.65 2009 12 27  3 40   2455192.70 2009 12 27  4 44   2455192.74 2009 12 27  5 48
 2455194.40 2009 12 28 21 30   2455194.44 2009 12 28 22 34   2455194.49 2009 12 28 23 38
 2455196.14 2009 12 30 15 20   2455196.18 2009 12 30 16 24   2455196.23 2009 12 30 17 28
 2455197.88 2010  1  1  9 10   2455197.93 2010  1  1 10 14   2455197.97 2010  1  1 11 18
 2455199.63 2010  1  3  3  0   2455199.67 2010  1  3  4  4   2455199.71 2010  1  3  5  8
 2455201.37 2010  1  4 20 49   2455201.41 2010  1  4 21 54   2455201.46 2010  1  4 22 58
 2455203.11 2010  1  6 14 39   2455203.16 2010  1  6 15 44   2455203.20 2010  1  6 16 48
 2455204.85 2010  1  8  8 29   2455204.90 2010  1  8  9 34   2455204.94 2010  1  8 10 38
 2455206.60 2010  1 10  2 19   2455206.64 2010  1 10  3 23   2455206.69 2010  1 10  4 28
 2455208.34 2010  1 11 20  9   2455208.38 2010  1 11 21 13   2455208.43 2010  1 11 22 18
 2455210.08 2010  1 13 13 59   2455210.13 2010  1 13 15  3   2455210.17 2010  1 13 16  7
 2455211.83 2010  1 15  7 49   2455211.87 2010  1 15  8 53   2455211.92 2010  1 15  9 57
 2455213.57 2010  1 17  1 39   2455213.61 2010  1 17  2 43   2455213.66 2010  1 17  3 47
 2455215.31 2010  1 18 19 29   2455215.36 2010  1 18 20 33   2455215.40 2010  1 18 21 37
 2455217.06 2010  1 20 13 19   2455217.10 2010  1 20 14 23   2455217.14 2010  1 20 15 27
 2455218.80 2010  1 22  7  9   2455218.84 2010  1 22  8 13   2455218.89 2010  1 22  9 17
 2455220.54 2010  1 24  0 59   2455220.59 2010  1 24  2  3   2455220.63 2010  1 24  3  7
 2455222.28 2010  1 25 18 48   2455222.33 2010  1 25 19 53   2455222.37 2010  1 25 20 57
 2455224.03 2010  1 27 12 38   2455224.07 2010  1 27 13 43   2455224.12 2010  1 27 14 47
 2455225.77 2010  1 29  6 28   2455225.81 2010  1 29  7 32   2455225.86 2010  1 29  8 37
 2455227.51 2010  1 31  0 18   2455227.56 2010  1 31  1 22   2455227.60 2010  1 31  2 27
 2455229.26 2010  2  1 18  8   2455229.30 2010  2  1 19 12   2455229.35 2010  2  1 20 17
 2455231.00 2010  2  3 11 58   2455231.04 2010  2  3 13  2   2455231.09 2010  2  3 14  6
 2455232.74 2010  2  5  5 48   2455232.79 2010  2  5  6 52   2455232.83 2010  2  5  7 56
 2455234.48 2010  2  6 23 38   2455234.53 2010  2  7  0 42   2455234.57 2010  2  7  1 46
 2455236.23 2010  2  8 17 28   2455236.27 2010  2  8 18 32   2455236.32 2010  2  8 19 36
 2455237.97 2010  2 10 11 18   2455238.02 2010  2 10 12 22   2455238.06 2010  2 10 13 26
 2455239.71 2010  2 12  5  8   2455239.76 2010  2 12  6 12   2455239.80 2010  2 12  7 16
 2455241.46 2010  2 13 22 57   2455241.50 2010  2 14  0  2   2455241.55 2010  2 14  1  6
 2455243.20 2010  2 15 16 47   2455243.24 2010  2 15 17 52   2455243.29 2010  2 15 18 56
 2455244.94 2010  2 17 10 37   2455244.99 2010  2 17 11 42   2455245.03 2010  2 17 12 46
 2455246.69 2010  2 19  4 27   2455246.73 2010  2 19  5 31   2455246.78 2010  2 19  6 36
 2455248.43 2010  2 20 22 17   2455248.47 2010  2 20 23 21   2455248.52 2010  2 21  0 26
 2455250.17 2010  2 22 16  7   2455250.22 2010  2 22 17 11   2455250.26 2010  2 22 18 16
 2455251.91 2010  2 24  9 57   2455251.96 2010  2 24 11  1   2455252.00 2010  2 24 12  5
 2455253.66 2010  2 26  3 47   2455253.70 2010  2 26  4 51   2455253.75 2010  2 26  5 55
 2455255.40 2010  2 27 21 37   2455255.45 2010  2 27 22 41   2455255.49 2010  2 27 23 45
 2455257.14 2010  3  1 15 27   2455257.19 2010  3  1 16 31   2455257.23 2010  3  1 17 35
 2455258.89 2010  3  3  9 17   2455258.93 2010  3  3 10 21   2455258.98 2010  3  3 11 25
 2455260.63 2010  3  5  3  7   2455260.67 2010  3  5  4 11   2455260.72 2010  3  5  5 15
 2455262.37 2010  3  6 20 56   2455262.42 2010  3  6 22  1   2455262.46 2010  3  6 23  5
 2455264.12 2010  3  8 14 46   2455264.16 2010  3  8 15 51   2455264.21 2010  3  8 16 55
 2455265.86 2010  3 10  8 36   2455265.90 2010  3 10  9 41   2455265.95 2010  3 10 10 45
 2455267.60 2010  3 12  2 26   2455267.65 2010  3 12  3 30   2455267.69 2010  3 12  4 35
 2455269.34 2010  3 13 20 16   2455269.39 2010  3 13 21 20   2455269.43 2010  3 13 22 25
 2455271.09 2010  3 15 14  6   2455271.13 2010  3 15 15 10   2455271.18 2010  3 15 16 15
 2455272.83 2010  3 17  7 56   2455272.88 2010  3 17  9  0   2455272.92 2010  3 17 10  4
 2455274.57 2010  3 19  1 46   2455274.62 2010  3 19  2 50   2455274.66 2010  3 19  3 54
 2455276.32 2010  3 20 19 36   2455276.36 2010  3 20 20 40   2455276.41 2010  3 20 21 44
 2455278.06 2010  3 22 13 26   2455278.10 2010  3 22 14 30   2455278.15 2010  3 22 15 34
 2455279.80 2010  3 24  7 16   2455279.85 2010  3 24  8 20   2455279.89 2010  3 24  9 24
 2455281.55 2010  3 26  1  5   2455281.59 2010  3 26  2 10   2455281.64 2010  3 26  3 14
 2455283.29 2010  3 27 18 55   2455283.33 2010  3 27 20  0   2455283.38 2010  3 27 21  4
 2455285.03 2010  3 29 12 45   2455285.08 2010  3 29 13 50   2455285.12 2010  3 29 14 54
 2455286.77 2010  3 31  6 35   2455286.82 2010  3 31  7 40   2455286.86 2010  3 31  8 44
 2455288.52 2010  4  2  0 25   2455288.56 2010  4  2  1 29   2455288.61 2010  4  2  2 34
 2455290.26 2010  4  3 18 15   2455290.31 2010  4  3 19 19   2455290.35 2010  4  3 20 24
 2455292.00 2010  4  5 12  5   2455292.05 2010  4  5 13  9   2455292.09 2010  4  5 14 14
 2455293.75 2010  4  7  5 55   2455293.79 2010  4  7  6 59   2455293.84 2010  4  7  8  3
 2455295.49 2010  4  8 23 45   2455295.53 2010  4  9  0 49   2455295.58 2010  4  9  1 53
 2455297.23 2010  4 10 17 35   2455297.28 2010  4 10 18 39   2455297.32 2010  4 10 19 43
 2455298.98 2010  4 12 11 25   2455299.02 2010  4 12 12 29   2455299.07 2010  4 12 13 33
 2455300.72 2010  4 14  5 14   2455300.76 2010  4 14  6 19   2455300.81 2010  4 14  7 23
 2455302.46 2010  4 15 23  4   2455302.51 2010  4 16  0  9   2455302.55 2010  4 16  1 13
 2455304.20 2010  4 17 16 54   2455304.25 2010  4 17 17 59   2455304.29 2010  4 17 19  3
 2455305.95 2010  4 19 10 44   2455305.99 2010  4 19 11 49   2455306.04 2010  4 19 12 53
 2455307.69 2010  4 21  4 34   2455307.74 2010  4 21  5 38   2455307.78 2010  4 21  6 43
 2455309.43 2010  4 22 22 24   2455309.48 2010  4 22 23 28   2455309.52 2010  4 23  0 33
 2455311.18 2010  4 24 16 14   2455311.22 2010  4 24 17 18   2455311.27 2010  4 24 18 23
 2455312.92 2010  4 26 10  4   2455312.96 2010  4 26 11  8   2455313.01 2010  4 26 12 13
