 Predicted Transit Epochs: CoRoT-7__ c

Observed Transit Duration:    0.0 Minutes

 Begin Transit Window           PREDICTED CENTRAL TRANSIT     End Transit Window
                                     All Times UT

                               HJD        Year M  D  H  M
 2456757.37 2014  4  9 20 52   2456759.95 2014  4 12 10 45   2456762.53 2014  4 15  0 37
 2456761.06 2014  4 13 13 33   2456763.65 2014  4 16  3 30   2456766.23 2014  4 18 17 26
 2456764.76 2014  4 17  6 14   2456767.34 2014  4 19 20 15   2456769.93 2014  4 22 10 16
 2456768.45 2014  4 20 22 55   2456771.04 2014  4 23 13  0   2456773.63 2014  4 26  3  5
 2456772.15 2014  4 24 15 35   2456774.74 2014  4 27  5 45   2456777.33 2014  4 29 19 55
 2456775.84 2014  4 28  8 16   2456778.44 2014  4 30 22 30   2456781.03 2014  5  3 12 44
 2456779.54 2014  5  2  0 57   2456782.14 2014  5  4 15 15   2456784.73 2014  5  7  5 34
 2456783.23 2014  5  5 17 38   2456785.83 2014  5  8  8  0   2456788.43 2014  5 10 22 23
 2456786.93 2014  5  9 10 19   2456789.53 2014  5 12  0 46   2456792.13 2014  5 14 15 12
 2456790.62 2014  5 13  3  0   2456793.23 2014  5 15 17 31   2456795.83 2014  5 18  8  2
 2456794.32 2014  5 16 19 40   2456796.93 2014  5 19 10 16   2456799.54 2014  5 22  0 51
 2456798.01 2014  5 20 12 21   2456800.63 2014  5 23  3  1   2456803.24 2014  5 25 17 41
 2456801.71 2014  5 24  5  2   2456804.32 2014  5 26 19 46   2456806.94 2014  5 29 10 30
 2456805.40 2014  5 27 21 43   2456808.02 2014  5 30 12 31   2456810.64 2014  6  2  3 20
 2456809.10 2014  5 31 14 23   2456811.72 2014  6  3  5 16   2456814.34 2014  6  5 20  9
 2456812.79 2014  6  4  7  4   2456815.42 2014  6  6 22  1   2456818.04 2014  6  9 12 59
 2456816.49 2014  6  7 23 45   2456819.12 2014  6 10 14 47   2456821.74 2014  6 13  5 48
 2456820.18 2014  6 11 16 26   2456822.81 2014  6 14  7 32   2456825.44 2014  6 16 22 37
 2456823.88 2014  6 15  9  7   2456826.51 2014  6 18  0 17   2456829.14 2014  6 20 15 27
 2456827.57 2014  6 19  1 47   2456830.21 2014  6 21 17  2   2456832.85 2014  6 24  8 16
 2456831.27 2014  6 22 18 28   2456833.91 2014  6 25  9 47   2456836.55 2014  6 28  1  6
 2456834.96 2014  6 26 11  9   2456837.61 2014  6 29  2 32   2456840.25 2014  7  1 17 55
 2456838.66 2014  6 30  3 50   2456841.30 2014  7  2 19 17   2456843.95 2014  7  5 10 45
 2456842.35 2014  7  3 20 31   2456845.00 2014  7  6 12  2   2456847.65 2014  7  9  3 34
 2456846.05 2014  7  7 13 11   2456848.70 2014  7 10  4 48   2456851.35 2014  7 12 20 24
 2456849.74 2014  7 11  5 52   2456852.40 2014  7 13 21 33   2456855.05 2014  7 16 13 13
 2456853.44 2014  7 14 22 33   2456856.10 2014  7 17 14 18   2456858.75 2014  7 20  6  2
 2456857.13 2014  7 18 15 14   2456859.79 2014  7 21  7  3   2456862.45 2014  7 23 22 52
 2456860.83 2014  7 22  7 55   2456863.49 2014  7 24 23 48   2456866.15 2014  7 27 15 41
 2456864.52 2014  7 26  0 35   2456867.19 2014  7 28 16 33   2456869.85 2014  7 31  8 31
 2456868.22 2014  7 29 17 16   2456870.89 2014  8  1  9 18   2456873.56 2014  8  4  1 20
 2456871.92 2014  8  2  9 57   2456874.59 2014  8  5  2  3   2456877.26 2014  8  7 18 10
 2456875.61 2014  8  6  2 38   2456878.28 2014  8  8 18 48   2456880.96 2014  8 11 10 59
 2456879.30 2014  8  9 19 19   2456881.98 2014  8 12 11 34   2456884.66 2014  8 15  3 48
 2456883.00 2014  8 13 12  0   2456885.68 2014  8 16  4 19   2456888.36 2014  8 18 20 38
 2456886.69 2014  8 17  4 40   2456889.38 2014  8 19 21  4   2456892.06 2014  8 22 13 27
 2456890.39 2014  8 20 21 21   2456893.08 2014  8 23 13 49   2456895.76 2014  8 26  6 17
 2456894.08 2014  8 24 14  2   2456896.77 2014  8 27  6 34   2456899.46 2014  8 29 23  6
 2456897.78 2014  8 28  6 43   2456900.47 2014  8 30 23 19   2456903.16 2014  9  2 15 56
 2456901.47 2014  8 31 23 23   2456904.17 2014  9  3 16  4   2456906.87 2014  9  6  8 45
 2456905.17 2014  9  4 16  4   2456907.87 2014  9  7  8 49   2456910.57 2014  9 10  1 35
 2456908.86 2014  9  8  8 45   2456911.57 2014  9 11  1 35   2456914.27 2014  9 13 18 24
 2456912.56 2014  9 12  1 26   2456915.26 2014  9 14 18 20   2456917.97 2014  9 17 11 13
 2456916.25 2014  9 15 18  7   2456918.96 2014  9 18 11  5   2456921.67 2014  9 21  4  3
 2456919.95 2014  9 19 10 47   2456922.66 2014  9 22  3 50   2456925.37 2014  9 24 20 52
 2456923.65 2014  9 23  3 28   2456926.36 2014  9 25 20 35   2456929.07 2014  9 28 13 42
 2456927.34 2014  9 26 20  9   2456930.06 2014  9 29 13 20   2456932.77 2014 10  2  6 31
 2456931.03 2014  9 30 12 50   2456933.75 2014 10  3  6  5   2456936.47 2014 10  5 23 21
 2456934.73 2014 10  4  5 31   2456937.45 2014 10  6 22 50   2456940.17 2014 10  9 16 10
 2456938.42 2014 10  7 22 11   2456941.15 2014 10 10 15 35   2456943.88 2014 10 13  9  0
 2456942.12 2014 10 11 14 52   2456944.85 2014 10 14  8 21   2456947.58 2014 10 17  1 49
 2456945.81 2014 10 15  7 33   2456948.55 2014 10 18  1  6   2456951.28 2014 10 20 18 38
 2456949.51 2014 10 19  0 14   2456952.24 2014 10 21 17 51   2456954.98 2014 10 24 11 28
 2456953.20 2014 10 22 16 55   2456955.94 2014 10 25 10 36   2456958.68 2014 10 28  4 17
 2456956.90 2014 10 26  9 35   2456959.64 2014 10 29  3 21   2456962.38 2014 10 31 21  7
 2456960.59 2014 10 30  2 16   2456963.34 2014 11  1 20  6   2456966.08 2014 11  4 13 56
 2456964.29 2014 11  2 18 57   2456967.04 2014 11  5 12 51   2456969.78 2014 11  8  6 46
 2456967.98 2014 11  6 11 38   2456970.73 2014 11  9  5 36   2456973.48 2014 11 11 23 35
 2456971.68 2014 11 10  4 19   2456974.43 2014 11 12 22 22   2456977.18 2014 11 15 16 24
 2456975.38 2014 11 13 21  0   2456978.13 2014 11 16 15  7   2456980.89 2014 11 19  9 14
 2456979.07 2014 11 17 13 40   2456981.83 2014 11 20  7 52   2456984.59 2014 11 23  2  3
 2456982.76 2014 11 21  6 21   2456985.53 2014 11 24  0 37   2456988.29 2014 11 26 18 53
 2456986.46 2014 11 24 23  2   2456989.22 2014 11 27 17 22   2456991.99 2014 11 30 11 42
 2456990.15 2014 11 28 15 43   2456992.92 2014 12  1 10  7   2456995.69 2014 12  4  4 32
 2456993.85 2014 12  2  8 23   2456996.62 2014 12  5  2 52   2456999.39 2014 12  7 21 21
 2456997.54 2014 12  6  1  4   2457000.32 2014 12  8 19 37   2457003.09 2014 12 11 14 11
 2457001.24 2014 12  9 17 45   2457004.02 2014 12 12 12 23   2457006.79 2014 12 15  7  0
 2457004.93 2014 12 13 10 26   2457007.71 2014 12 16  5  8   2457010.49 2014 12 18 23 49
 2457008.63 2014 12 17  3  7   2457011.41 2014 12 19 21 53   2457014.19 2014 12 22 16 39
 2457012.32 2014 12 20 19 47   2457015.11 2014 12 23 14 38   2457017.90 2014 12 26  9 28
 2457016.02 2014 12 24 12 28   2457018.81 2014 12 27  7 23   2457021.60 2014 12 30  2 18
 2457019.71 2014 12 28  5  9   2457022.51 2014 12 31  0  8   2457025.30 2015  1  2 19  7
 2457023.41 2014 12 31 21 50   2457026.20 2015  1  3 16 53   2457029.00 2015  1  6 11 57
 2457027.10 2015  1  4 14 31   2457029.90 2015  1  7  9 38   2457032.70 2015  1 10  4 46
 2457030.80 2015  1  8  7 11   2457033.60 2015  1 11  2 24   2457036.40 2015  1 13 21 36
 2457034.49 2015  1 11 23 52   2457037.30 2015  1 14 19  9   2457040.10 2015  1 17 14 25
 2457038.19 2015  1 15 16 33   2457041.00 2015  1 18 11 54   2457043.80 2015  1 21  7 14
 2457041.88 2015  1 19  9 14   2457044.69 2015  1 22  4 39   2457047.50 2015  1 25  0  4
 2457045.58 2015  1 23  1 55   2457048.39 2015  1 25 21 24   2457051.20 2015  1 28 16 53
 2457049.27 2015  1 26 18 35   2457052.09 2015  1 29 14  9   2457054.91 2015  2  1  9 43
 2457052.97 2015  1 30 11 16   2457055.79 2015  2  2  6 54   2457058.61 2015  2  5  2 32
 2457056.67 2015  2  3  3 57   2457059.49 2015  2  5 23 39   2457062.31 2015  2  8 19 22
 2457060.36 2015  2  6 20 38   2457063.18 2015  2  9 16 24   2457066.01 2015  2 12 12 11
 2457064.05 2015  2 10 13 19   2457066.88 2015  2 13  9 10   2457069.71 2015  2 16  5  0
 2457067.75 2015  2 14  6  0   2457070.58 2015  2 17  1 55   2457073.41 2015  2 19 21 50
 2457071.44 2015  2 17 22 40   2457074.28 2015  2 20 18 40   2457077.11 2015  2 23 14 39
 2457075.14 2015  2 21 15 21   2457077.98 2015  2 24 11 25   2457080.81 2015  2 27  7 29
 2457078.83 2015  2 25  8  2   2457081.67 2015  2 28  4 10   2457084.51 2015  3  3  0 18
 2457082.53 2015  3  1  0 43   2457085.37 2015  3  3 20 55   2457088.21 2015  3  6 17  8
 2457086.22 2015  3  4 17 23   2457089.07 2015  3  7 13 40   2457091.92 2015  3 10  9 57
 2457089.92 2015  3  8 10  4   2457092.77 2015  3 11  6 25   2457095.62 2015  3 14  2 47
 2457093.61 2015  3 12  2 45   2457096.47 2015  3 14 23 11   2457099.32 2015  3 17 19 36
 2457097.31 2015  3 15 19 26   2457100.16 2015  3 18 15 56   2457103.02 2015  3 21 12 25
 2457101.00 2015  3 19 12  7   2457103.86 2015  3 22  8 41   2457106.72 2015  3 25  5 15
 2457104.70 2015  3 23  4 47   2457107.56 2015  3 26  1 26   2457110.42 2015  3 28 22  4
 2457108.40 2015  3 26 21 28   2457111.26 2015  3 29 18 11   2457114.12 2015  4  1 14 54
 2457112.09 2015  3 30 14  9   2457114.96 2015  4  2 10 56   2457117.82 2015  4  5  7 43
 2457115.78 2015  4  3  6 50   2457118.65 2015  4  6  3 41   2457121.52 2015  4  9  0 33
 2457119.48 2015  4  6 23 31   2457122.35 2015  4  9 20 26   2457125.22 2015  4 12 17 22
 2457123.17 2015  4 10 16 11   2457126.05 2015  4 13 13 11   2457128.93 2015  4 16 10 12
 2457126.87 2015  4 14  8 52   2457129.75 2015  4 17  5 57   2457132.63 2015  4 20  3  1
 2457130.56 2015  4 18  1 33   2457133.45 2015  4 20 22 42   2457136.33 2015  4 23 19 50
 2457134.26 2015  4 21 18 14   2457137.14 2015  4 24 15 27   2457140.03 2015  4 27 12 40
 2457137.95 2015  4 25 10 55   2457140.84 2015  4 28  8 12   2457143.73 2015  5  1  5 29
 2457141.65 2015  4 29  3 35   2457144.54 2015  5  2  0 57   2457147.43 2015  5  4 22 19
 2457145.34 2015  5  2 20 16   2457148.24 2015  5  5 17 42   2457151.13 2015  5  8 15  8
 2457149.04 2015  5  6 12 57   2457151.94 2015  5  9 10 27   2457154.83 2015  5 12  7 58
 2457152.73 2015  5 10  5 38   2457155.63 2015  5 13  3 12   2457158.53 2015  5 16  0 47
 2457156.43 2015  5 13 22 19   2457159.33 2015  5 16 19 58   2457162.23 2015  5 19 17 36
 2457160.12 2015  5 17 15  0   2457163.03 2015  5 20 12 43   2457165.94 2015  5 23 10 26
 2457163.82 2015  5 21  7 40   2457166.73 2015  5 24  5 28   2457169.64 2015  5 27  3 15
 2457167.51 2015  5 25  0 21   2457170.43 2015  5 27 22 13   2457173.34 2015  5 30 20  5
 2457171.21 2015  5 28 17  2   2457174.12 2015  5 31 14 58   2457177.04 2015  6  3 12 54
 2457174.90 2015  6  1  9 43   2457177.82 2015  6  4  7 43   2457180.74 2015  6  7  5 44
 2457178.60 2015  6  5  2 23   2457181.52 2015  6  8  0 28   2457184.44 2015  6 10 22 33
 2457182.29 2015  6  8 19  4   2457185.22 2015  6 11 17 13   2457188.14 2015  6 14 15 23
 2457185.99 2015  6 12 11 45   2457188.92 2015  6 15  9 59   2457191.84 2015  6 18  8 12
 2457189.68 2015  6 16  4 26   2457192.61 2015  6 19  2 44   2457195.54 2015  6 22  1  1
 2457193.38 2015  6 19 21  7   2457196.31 2015  6 22 19 29   2457199.24 2015  6 25 17 51
 2457197.07 2015  6 23 13 47   2457200.01 2015  6 26 12 14   2457202.95 2015  6 29 10 40
 2457200.77 2015  6 27  6 28   2457203.71 2015  6 30  4 59   2457206.65 2015  7  3  3 30
 2457204.46 2015  6 30 23  9   2457207.41 2015  7  3 21 44   2457210.35 2015  7  6 20 19
 2457208.16 2015  7  4 15 50   2457211.10 2015  7  7 14 29   2457214.05 2015  7 10 13  9
 2457211.85 2015  7  8  8 31   2457214.80 2015  7 11  7 14   2457217.75 2015  7 14  5 58
 2457215.55 2015  7 12  1 11   2457218.50 2015  7 15  0  0   2457221.45 2015  7 17 22 48
 2457219.24 2015  7 15 17 52   2457222.20 2015  7 18 16 45   2457225.15 2015  7 21 15 37
 2457222.94 2015  7 19 10 33   2457225.90 2015  7 22  9 30   2457228.85 2015  7 25  8 26
 2457226.63 2015  7 23  3 14   2457229.59 2015  7 26  2 15   2457232.55 2015  7 29  1 16
 2457230.33 2015  7 26 19 55   2457233.29 2015  7 29 19  0   2457236.25 2015  8  1 18  5
 2457234.02 2015  7 30 12 35   2457236.99 2015  8  2 11 45   2457239.96 2015  8  5 10 55
 2457237.72 2015  8  3  5 16   2457240.69 2015  8  6  4 30   2457243.66 2015  8  9  3 44
 2457241.42 2015  8  6 21 57   2457244.39 2015  8  9 21 15   2457247.36 2015  8 12 20 34
 2457245.11 2015  8 10 14 38   2457248.08 2015  8 13 14  0   2457251.06 2015  8 16 13 23
 2457248.80 2015  8 14  7 19   2457251.78 2015  8 17  6 46   2457254.76 2015  8 20  6 12
 2457252.50 2015  8 18  0  0   2457255.48 2015  8 20 23 31   2457258.46 2015  8 23 23  2
 2457256.19 2015  8 21 16 40   2457259.18 2015  8 24 16 16   2457262.16 2015  8 27 15 51
 2457259.89 2015  8 25  9 21   2457262.88 2015  8 28  9  1   2457265.86 2015  8 31  8 41
 2457263.58 2015  8 29  2  2   2457266.57 2015  9  1  1 46   2457269.56 2015  9  4  1 30
 2457267.28 2015  9  1 18 43   2457270.27 2015  9  4 18 31   2457273.26 2015  9  7 18 20
 2457270.97 2015  9  5 11 23   2457273.97 2015  9  8 11 16   2457276.97 2015  9 11 11  9
 2457274.67 2015  9  9  4  4   2457277.67 2015  9 12  4  1   2457280.67 2015  9 15  3 59
 2457278.36 2015  9 12 20 45   2457281.37 2015  9 15 20 47   2457284.37 2015  9 18 20 48
 2457282.06 2015  9 16 13 26   2457285.06 2015  9 19 13 32   2457288.07 2015  9 22 13 37
 2457285.75 2015  9 20  6  7   2457288.76 2015  9 23  6 17   2457291.77 2015  9 26  6 27
 2457289.45 2015  9 23 22 47   2457292.46 2015  9 26 23  2   2457295.47 2015  9 29 23 16
 2457293.15 2015  9 27 15 28   2457296.16 2015  9 30 15 47   2457299.17 2015 10  3 16  6
 2457296.84 2015 10  1  8  9   2457299.86 2015 10  4  8 32   2457302.87 2015 10  7  8 55
 2457300.53 2015 10  5  0 50   2457303.55 2015 10  8  1 17   2457306.57 2015 10 11  1 45
 2457304.23 2015 10  8 17 31   2457307.25 2015 10 11 18  2   2457310.27 2015 10 14 18 34
 2457307.92 2015 10 12 10 11   2457310.95 2015 10 15 10 48   2457313.98 2015 10 18 11 24
 2457311.62 2015 10 16  2 52   2457314.65 2015 10 19  3 33   2457317.68 2015 10 22  4 13
 2457315.31 2015 10 19 19 33   2457318.35 2015 10 22 20 18   2457321.38 2015 10 25 21  2
 2457319.01 2015 10 23 12 14   2457322.04 2015 10 26 13  3   2457325.08 2015 10 29 13 52
 2457322.70 2015 10 27  4 55   2457325.74 2015 10 30  5 48   2457328.78 2015 11  2  6 41
 2457326.40 2015 10 30 21 35   2457329.44 2015 11  2 22 33   2457332.48 2015 11  5 23 31
 2457330.09 2015 11  3 14 16   2457333.14 2015 11  6 15 18   2457336.18 2015 11  9 16 20
 2457333.79 2015 11  7  6 57   2457336.84 2015 11 10  8  3   2457339.88 2015 11 13  9 10
 2457337.48 2015 11 10 23 38   2457340.53 2015 11 14  0 48   2457343.58 2015 11 17  1 59
 2457341.18 2015 11 14 16 19   2457344.23 2015 11 17 17 34   2457347.28 2015 11 20 18 48
 2457344.88 2015 11 18  9  0   2457347.93 2015 11 21 10 19   2457350.99 2015 11 24 11 38
 2457348.57 2015 11 22  1 40   2457351.63 2015 11 25  3  4   2457354.69 2015 11 28  4 27
 2457352.26 2015 11 25 18 21   2457355.33 2015 11 28 19 49   2457358.39 2015 12  1 21 17
 2457355.96 2015 11 29 11  2   2457359.02 2015 12  2 12 34   2457362.09 2015 12  5 14  6
 2457359.65 2015 12  3  3 43   2457362.72 2015 12  6  5 19   2457365.79 2015 12  9  6 56
 2457363.35 2015 12  6 20 23   2457366.42 2015 12  9 22  4   2457369.49 2015 12 12 23 45
 2457367.04 2015 12 10 13  4   2457370.12 2015 12 13 14 49   2457373.19 2015 12 16 16 35
 2457370.74 2015 12 14  5 45   2457373.82 2015 12 17  7 35   2457376.89 2015 12 20  9 24
 2457374.43 2015 12 17 22 26   2457377.51 2015 12 21  0 20   2457380.59 2015 12 24  2 13
 2457378.13 2015 12 21 15  7   2457381.21 2015 12 24 17  5   2457384.29 2015 12 27 19  3
 2457381.82 2015 12 25  7 47   2457384.91 2015 12 28  9 50   2457388.00 2015 12 31 11 52
 2457385.52 2015 12 29  0 28   2457388.61 2016  1  1  2 35   2457391.70 2016  1  4  4 42
 2457389.21 2016  1  1 17  9   2457392.31 2016  1  4 19 20   2457395.40 2016  1  7 21 31
 2457392.91 2016  1  5  9 50   2457396.00 2016  1  8 12  5   2457399.10 2016  1 11 14 21
 2457396.60 2016  1  9  2 31   2457399.70 2016  1 12  4 50   2457402.80 2016  1 15  7 10
 2457400.30 2016  1 12 19 11   2457403.40 2016  1 15 21 35   2457406.50 2016  1 19  0  0
 2457403.99 2016  1 16 11 52   2457407.10 2016  1 19 14 21   2457410.20 2016  1 22 16 49
 2457407.69 2016  1 20  4 33   2457410.80 2016  1 23  7  6   2457413.90 2016  1 26  9 38
 2457411.38 2016  1 23 21 14   2457414.49 2016  1 26 23 51   2457417.60 2016  1 30  2 28
 2457415.08 2016  1 27 13 55   2457418.19 2016  1 30 16 36   2457421.30 2016  2  2 19 17
 2457418.77 2016  1 31  6 35   2457421.89 2016  2  3  9 21   2457425.01 2016  2  6 12  7
 2457422.47 2016  2  3 23 16   2457425.59 2016  2  7  2  6   2457428.71 2016  2 10  4 56
 2457426.17 2016  2  7 15 57   2457429.29 2016  2 10 18 51   2457432.41 2016  2 13 21 46
 2457429.86 2016  2 11  8 38   2457432.98 2016  2 14 11 36   2457436.11 2016  2 17 14 35
 2457433.55 2016  2 15  1 19   2457436.68 2016  2 18  4 22   2457439.81 2016  2 21  7 24
 2457437.25 2016  2 18 18  0   2457440.38 2016  2 21 21  7   2457443.51 2016  2 25  0 14
 2457440.94 2016  2 22 10 40   2457444.08 2016  2 25 13 52   2457447.21 2016  2 28 17  3
 2457444.64 2016  2 26  3 21   2457447.78 2016  2 29  6 37   2457450.91 2016  3  3  9 53
 2457448.33 2016  2 29 20  2   2457451.47 2016  3  3 23 22   2457454.61 2016  3  7  2 42
 2457452.03 2016  3  4 12 43   2457455.17 2016  3  7 16  7   2457458.31 2016  3 10 19 32
 2457455.72 2016  3  8  5 23   2457458.87 2016  3 11  8 52   2457462.02 2016  3 14 12 21
 2457459.42 2016  3 11 22  4   2457462.57 2016  3 15  1 37   2457465.72 2016  3 18  5 11
 2457463.11 2016  3 15 14 45   2457466.27 2016  3 18 18 23   2457469.42 2016  3 21 22  0
 2457466.81 2016  3 19  7 26   2457469.96 2016  3 22 11  8   2457473.12 2016  3 25 14 49
 2457470.50 2016  3 23  0  7   2457473.66 2016  3 26  3 53   2457476.82 2016  3 29  7 39
 2457474.20 2016  3 26 16 47   2457477.36 2016  3 29 20 38   2457480.52 2016  4  2  0 28
 2457477.90 2016  3 30  9 28   2457481.06 2016  4  2 13 23   2457484.22 2016  4  5 17 18
 2457481.59 2016  4  3  2  9   2457484.76 2016  4  6  6  8   2457487.92 2016  4  9 10  7
 2457485.28 2016  4  6 18 50   2457488.45 2016  4  9 22 53   2457491.62 2016  4 13  2 57
 2457488.98 2016  4 10 11 31   2457492.15 2016  4 13 15 38   2457495.32 2016  4 16 19 46
 2457492.67 2016  4 14  4 11   2457495.85 2016  4 17  8 24   2457499.03 2016  4 20 12 36
 2457496.37 2016  4 17 20 52   2457499.55 2016  4 21  1  9   2457502.73 2016  4 24  5 25
 2457500.06 2016  4 21 13 33   2457503.25 2016  4 24 17 54   2457506.43 2016  4 27 22 14
 2457503.76 2016  4 25  6 14   2457506.94 2016  4 28 10 39   2457510.13 2016  5  1 15  4
 2457507.45 2016  4 28 22 55   2457510.64 2016  5  2  3 24   2457513.83 2016  5  5  7 53
 2457511.15 2016  5  2 15 35   2457514.34 2016  5  5 20  9   2457517.53 2016  5  9  0 43
 2457514.84 2016  5  6  8 16   2457518.04 2016  5  9 12 54   2457521.23 2016  5 12 17 32
 2457518.54 2016  5 10  0 57   2457521.74 2016  5 13  5 39   2457524.93 2016  5 16 10 22
 2457522.23 2016  5 13 17 38   2457525.43 2016  5 16 22 24   2457528.63 2016  5 20  3 11
 2457525.93 2016  5 17 10 19   2457529.13 2016  5 20 15 10   2457532.33 2016  5 23 20  0
 2457529.62 2016  5 21  3  0   2457532.83 2016  5 24  7 55   2457536.04 2016  5 27 12 50
 2457533.32 2016  5 24 19 40   2457536.53 2016  5 28  0 40   2457539.74 2016  5 31  5 39
 2457537.01 2016  5 28 12 21   2457540.23 2016  5 31 17 25   2457543.44 2016  6  3 22 29
 2457540.71 2016  6  1  5  2   2457543.92 2016  6  4 10 10   2457547.14 2016  6  7 15 18
 2457544.40 2016  6  4 21 43   2457547.62 2016  6  8  2 55   2457550.84 2016  6 11  8  8
 2457548.10 2016  6  8 14 23   2457551.32 2016  6 11 19 40   2457554.54 2016  6 15  0 57
 2457551.79 2016  6 12  7  4   2457555.02 2016  6 15 12 25   2457558.24 2016  6 18 17 47
 2457555.49 2016  6 15 23 45   2457558.72 2016  6 19  5 11   2457561.94 2016  6 22 10 36
 2457559.18 2016  6 19 16 26   2457562.41 2016  6 22 21 56   2457565.64 2016  6 26  3 25
 2457562.88 2016  6 23  9  7   2457566.11 2016  6 26 14 41   2457569.34 2016  6 29 20 15
 2457566.57 2016  6 27  1 47   2457569.81 2016  6 30  7 26   2457573.05 2016  7  3 13  4
 2457570.27 2016  6 30 18 28   2457573.51 2016  7  4  0 11   2457576.75 2016  7  7  5 54
 2457573.96 2016  7  4 11  9   2457577.21 2016  7  7 16 56   2457580.45 2016  7 10 22 43
 2457577.66 2016  7  8  3 50   2457580.90 2016  7 11  9 41   2457584.15 2016  7 14 15 33
 2457581.35 2016  7 11 20 31   2457584.60 2016  7 15  2 26   2457587.85 2016  7 18  8 22
 2457585.05 2016  7 15 13 11   2457588.30 2016  7 18 19 11   2457591.55 2016  7 22  1 12
 2457588.74 2016  7 19  5 52   2457592.00 2016  7 22 11 57   2457595.25 2016  7 25 18  1
 2457592.44 2016  7 22 22 33   2457595.70 2016  7 26  4 42   2457598.95 2016  7 29 10 50
 2457596.13 2016  7 26 15 14   2457599.39 2016  7 29 21 27   2457602.65 2016  8  2  3 40
 2457599.83 2016  7 30  7 55   2457603.09 2016  8  2 14 12   2457606.35 2016  8  5 20 29
 2457603.52 2016  8  3  0 35   2457606.79 2016  8  6  6 57   2457610.06 2016  8  9 13 19
