 Predicted Transit Epochs: CoRoT-7__ b

Observed Transit Duration:   78.0 Minutes

 Begin Transit Window           PREDICTED CENTRAL TRANSIT     End Transit Window
                                     All Times UT

                               HJD        Year M  D  H  M
 2456756.44 2014  4  8 22 29   2456756.53 2014  4  9  0 46   2456756.63 2014  4  9  3  2
 2456757.29 2014  4  9 18 58   2456757.39 2014  4  9 21 15   2456757.48 2014  4  9 23 32
 2456758.14 2014  4 10 15 27   2456758.24 2014  4 10 17 44   2456758.33 2014  4 10 20  1
 2456759.00 2014  4 11 11 56   2456759.09 2014  4 11 14 13   2456759.19 2014  4 11 16 30
 2456759.85 2014  4 12  8 25   2456759.95 2014  4 12 10 42   2456760.04 2014  4 12 12 59
 2456760.70 2014  4 13  4 54   2456760.80 2014  4 13  7 11   2456760.90 2014  4 13  9 28
 2456761.56 2014  4 14  1 24   2456761.65 2014  4 14  3 41   2456761.75 2014  4 14  5 58
 2456762.41 2014  4 14 21 53   2456762.51 2014  4 15  0 10   2456762.60 2014  4 15  2 27
 2456763.27 2014  4 15 18 22   2456763.36 2014  4 15 20 39   2456763.46 2014  4 15 22 56
 2456764.12 2014  4 16 14 51   2456764.21 2014  4 16 17  8   2456764.31 2014  4 16 19 25
 2456764.97 2014  4 17 11 20   2456765.07 2014  4 17 13 37   2456765.16 2014  4 17 15 54
 2456765.83 2014  4 18  7 49   2456765.92 2014  4 18 10  6   2456766.02 2014  4 18 12 24
 2456766.68 2014  4 19  4 18   2456766.78 2014  4 19  6 36   2456766.87 2014  4 19  8 53
 2456767.53 2014  4 20  0 47   2456767.63 2014  4 20  3  5   2456767.72 2014  4 20  5 22
 2456768.39 2014  4 20 21 17   2456768.48 2014  4 20 23 34   2456768.58 2014  4 21  1 51
 2456769.24 2014  4 21 17 46   2456769.34 2014  4 21 20  3   2456769.43 2014  4 21 22 20
 2456770.09 2014  4 22 14 15   2456770.19 2014  4 22 16 32   2456770.28 2014  4 22 18 50
 2456770.95 2014  4 23 10 44   2456771.04 2014  4 23 13  1   2456771.14 2014  4 23 15 19
 2456771.80 2014  4 24  7 13   2456771.90 2014  4 24  9 31   2456771.99 2014  4 24 11 48
 2456772.65 2014  4 25  3 42   2456772.75 2014  4 25  6  0   2456772.85 2014  4 25  8 17
 2456773.51 2014  4 26  0 11   2456773.60 2014  4 26  2 29   2456773.70 2014  4 26  4 46
 2456774.36 2014  4 26 20 40   2456774.46 2014  4 26 22 58   2456774.55 2014  4 27  1 16
 2456775.22 2014  4 27 17 10   2456775.31 2014  4 27 19 27   2456775.41 2014  4 27 21 45
 2456776.07 2014  4 28 13 39   2456776.16 2014  4 28 15 56   2456776.26 2014  4 28 18 14
 2456776.92 2014  4 29 10  8   2456777.02 2014  4 29 12 25   2456777.11 2014  4 29 14 43
 2456777.78 2014  4 30  6 37   2456777.87 2014  4 30  8 55   2456777.97 2014  4 30 11 12
 2456778.63 2014  5  1  3  6   2456778.73 2014  5  1  5 24   2456778.82 2014  5  1  7 42
 2456779.48 2014  5  1 23 35   2456779.58 2014  5  2  1 53   2456779.67 2014  5  2  4 11
 2456780.34 2014  5  2 20  4   2456780.43 2014  5  2 22 22   2456780.53 2014  5  3  0 40
 2456781.19 2014  5  3 16 33   2456781.29 2014  5  3 18 51   2456781.38 2014  5  3 21  9
 2456782.04 2014  5  4 13  3   2456782.14 2014  5  4 15 20   2456782.24 2014  5  4 17 38
 2456782.90 2014  5  5  9 32   2456782.99 2014  5  5 11 50   2456783.09 2014  5  5 14  8
 2456783.75 2014  5  6  6  1   2456783.85 2014  5  6  8 19   2456783.94 2014  5  6 10 37
 2456784.60 2014  5  7  2 30   2456784.70 2014  5  7  4 48   2456784.80 2014  5  7  7  6
 2456785.46 2014  5  7 22 59   2456785.55 2014  5  8  1 17   2456785.65 2014  5  8  3 35
 2456786.31 2014  5  8 19 28   2456786.41 2014  5  8 21 46   2456786.50 2014  5  9  0  4
 2456787.17 2014  5  9 15 57   2456787.26 2014  5  9 18 15   2456787.36 2014  5  9 20 34
 2456788.02 2014  5 10 12 26   2456788.11 2014  5 10 14 45   2456788.21 2014  5 10 17  3
 2456788.87 2014  5 11  8 56   2456788.97 2014  5 11 11 14   2456789.06 2014  5 11 13 32
 2456789.73 2014  5 12  5 25   2456789.82 2014  5 12  7 43   2456789.92 2014  5 12 10  1
 2456790.58 2014  5 13  1 54   2456790.68 2014  5 13  4 12   2456790.77 2014  5 13  6 30
 2456791.43 2014  5 13 22 23   2456791.53 2014  5 14  0 41   2456791.63 2014  5 14  3  0
 2456792.29 2014  5 14 18 52   2456792.38 2014  5 14 21 10   2456792.48 2014  5 14 23 29
 2456793.14 2014  5 15 15 21   2456793.24 2014  5 15 17 40   2456793.33 2014  5 15 19 58
 2456793.99 2014  5 16 11 50   2456794.09 2014  5 16 14  9   2456794.19 2014  5 16 16 27
 2456794.85 2014  5 17  8 20   2456794.94 2014  5 17 10 38   2456795.04 2014  5 17 12 56
 2456795.70 2014  5 18  4 49   2456795.80 2014  5 18  7  7   2456795.89 2014  5 18  9 25
 2456796.55 2014  5 19  1 18   2456796.65 2014  5 19  3 36   2456796.75 2014  5 19  5 55
 2456797.41 2014  5 19 21 47   2456797.50 2014  5 20  0  5   2456797.60 2014  5 20  2 24
 2456798.26 2014  5 20 18 16   2456798.36 2014  5 20 20 35   2456798.45 2014  5 20 22 53
 2456799.12 2014  5 21 14 45   2456799.21 2014  5 21 17  4   2456799.31 2014  5 21 19 22
 2456799.97 2014  5 22 11 14   2456800.06 2014  5 22 13 33   2456800.16 2014  5 22 15 51
 2456800.82 2014  5 23  7 43   2456800.92 2014  5 23 10  2   2456801.01 2014  5 23 12 21
 2456801.68 2014  5 24  4 13   2456801.77 2014  5 24  6 31   2456801.87 2014  5 24  8 50
 2456802.53 2014  5 25  0 42   2456802.63 2014  5 25  3  0   2456802.72 2014  5 25  5 19
 2456803.38 2014  5 25 21 11   2456803.48 2014  5 25 23 30   2456803.58 2014  5 26  1 48
 2456804.24 2014  5 26 17 40   2456804.33 2014  5 26 19 59   2456804.43 2014  5 26 22 17
 2456805.09 2014  5 27 14  9   2456805.19 2014  5 27 16 28   2456805.28 2014  5 27 18 47
 2456805.94 2014  5 28 10 38   2456806.04 2014  5 28 12 57   2456806.14 2014  5 28 15 16
 2456806.80 2014  5 29  7  7   2456806.89 2014  5 29  9 26   2456806.99 2014  5 29 11 45
 2456807.65 2014  5 30  3 36   2456807.75 2014  5 30  5 55   2456807.84 2014  5 30  8 14
 2456808.50 2014  5 31  0  6   2456808.60 2014  5 31  2 25   2456808.70 2014  5 31  4 43
 2456809.36 2014  5 31 20 35   2456809.45 2014  5 31 22 54   2456809.55 2014  6  1  1 13
 2456810.21 2014  6  1 17  4   2456810.31 2014  6  1 19 23   2456810.40 2014  6  1 21 42
 2456811.06 2014  6  2 13 33   2456811.16 2014  6  2 15 52   2456811.26 2014  6  2 18 11
 2456811.92 2014  6  3 10  2   2456812.02 2014  6  3 12 21   2456812.11 2014  6  3 14 40
 2456812.77 2014  6  4  6 31   2456812.87 2014  6  4  8 50   2456812.97 2014  6  4 11  9
 2456813.63 2014  6  5  3  0   2456813.72 2014  6  5  5 19   2456813.82 2014  6  5  7 39
 2456814.48 2014  6  5 23 29   2456814.58 2014  6  6  1 49   2456814.67 2014  6  6  4  8
 2456815.33 2014  6  6 19 59   2456815.43 2014  6  6 22 18   2456815.53 2014  6  7  0 37
 2456816.19 2014  6  7 16 28   2456816.28 2014  6  7 18 47   2456816.38 2014  6  7 21  6
 2456817.04 2014  6  8 12 57   2456817.14 2014  6  8 15 16   2456817.23 2014  6  8 17 35
 2456817.89 2014  6  9  9 26   2456817.99 2014  6  9 11 45   2456818.09 2014  6  9 14  5
 2456818.75 2014  6 10  5 55   2456818.84 2014  6 10  8 14   2456818.94 2014  6 10 10 34
 2456819.60 2014  6 11  2 24   2456819.70 2014  6 11  4 44   2456819.79 2014  6 11  7  3
 2456820.45 2014  6 11 22 53   2456820.55 2014  6 12  1 13   2456820.65 2014  6 12  3 32
 2456821.31 2014  6 12 19 22   2456821.40 2014  6 12 21 42   2456821.50 2014  6 13  0  1
 2456822.16 2014  6 13 15 52   2456822.26 2014  6 13 18 11   2456822.35 2014  6 13 20 31
 2456823.01 2014  6 14 12 21   2456823.11 2014  6 14 14 40   2456823.21 2014  6 14 17  0
 2456823.87 2014  6 15  8 50   2456823.97 2014  6 15 11  9   2456824.06 2014  6 15 13 29
 2456824.72 2014  6 16  5 19   2456824.82 2014  6 16  7 39   2456824.92 2014  6 16  9 58
 2456825.58 2014  6 17  1 48   2456825.67 2014  6 17  4  8   2456825.77 2014  6 17  6 27
 2456826.43 2014  6 17 22 17   2456826.53 2014  6 18  0 37   2456826.62 2014  6 18  2 57
 2456827.28 2014  6 18 18 46   2456827.38 2014  6 18 21  6   2456827.48 2014  6 18 23 26
 2456828.14 2014  6 19 15 15   2456828.23 2014  6 19 17 35   2456828.33 2014  6 19 19 55
 2456828.99 2014  6 20 11 45   2456829.09 2014  6 20 14  4   2456829.18 2014  6 20 16 24
 2456829.84 2014  6 21  8 14   2456829.94 2014  6 21 10 34   2456830.04 2014  6 21 12 53
 2456830.70 2014  6 22  4 43   2456830.79 2014  6 22  7  3   2456830.89 2014  6 22  9 23
 2456831.55 2014  6 23  1 12   2456831.65 2014  6 23  3 32   2456831.74 2014  6 23  5 52
 2456832.40 2014  6 23 21 41   2456832.50 2014  6 24  0  1   2456832.60 2014  6 24  2 21
 2456833.26 2014  6 24 18 10   2456833.35 2014  6 24 20 30   2456833.45 2014  6 24 22 50
 2456834.11 2014  6 25 14 39   2456834.21 2014  6 25 16 59   2456834.31 2014  6 25 19 19
 2456834.96 2014  6 26 11  9   2456835.06 2014  6 26 13 29   2456835.16 2014  6 26 15 49
 2456835.82 2014  6 27  7 38   2456835.92 2014  6 27  9 58   2456836.01 2014  6 27 12 18
 2456836.67 2014  6 28  4  7   2456836.77 2014  6 28  6 27   2456836.87 2014  6 28  8 47
 2456837.53 2014  6 29  0 36   2456837.62 2014  6 29  2 56   2456837.72 2014  6 29  5 16
 2456838.38 2014  6 29 21  5   2456838.48 2014  6 29 23 25   2456838.57 2014  6 30  1 45
 2456839.23 2014  6 30 17 34   2456839.33 2014  6 30 19 54   2456839.43 2014  6 30 22 15
 2456840.09 2014  7  1 14  3   2456840.18 2014  7  1 16 24   2456840.28 2014  7  1 18 44
 2456840.94 2014  7  2 10 32   2456841.04 2014  7  2 12 53   2456841.13 2014  7  2 15 13
 2456841.79 2014  7  3  7  2   2456841.89 2014  7  3  9 22   2456841.99 2014  7  3 11 42
 2456842.65 2014  7  4  3 31   2456842.74 2014  7  4  5 51   2456842.84 2014  7  4  8 11
 2456843.50 2014  7  5  0  0   2456843.60 2014  7  5  2 20   2456843.70 2014  7  5  4 41
 2456844.35 2014  7  5 20 29   2456844.45 2014  7  5 22 49   2456844.55 2014  7  6  1 10
 2456845.21 2014  7  6 16 58   2456845.30 2014  7  6 19 18   2456845.40 2014  7  6 21 39
 2456846.06 2014  7  7 13 27   2456846.16 2014  7  7 15 48   2456846.26 2014  7  7 18  8
 2456846.91 2014  7  8  9 56   2456847.01 2014  7  8 12 17   2456847.11 2014  7  8 14 37
 2456847.77 2014  7  9  6 25   2456847.87 2014  7  9  8 46   2456847.96 2014  7  9 11  7
 2456848.62 2014  7 10  2 55   2456848.72 2014  7 10  5 15   2456848.82 2014  7 10  7 36
 2456849.48 2014  7 10 23 24   2456849.57 2014  7 11  1 44   2456849.67 2014  7 11  4  5
 2456850.33 2014  7 11 19 53   2456850.43 2014  7 11 22 13   2456850.52 2014  7 12  0 34
 2456851.18 2014  7 12 16 22   2456851.28 2014  7 12 18 43   2456851.38 2014  7 12 21  3
 2456852.04 2014  7 13 12 51   2456852.13 2014  7 13 15 12   2456852.23 2014  7 13 17 32
 2456852.89 2014  7 14  9 20   2456852.99 2014  7 14 11 41   2456853.08 2014  7 14 14  2
 2456853.74 2014  7 15  5 49   2456853.84 2014  7 15  8 10   2456853.94 2014  7 15 10 31
 2456854.60 2014  7 16  2 18   2456854.69 2014  7 16  4 39   2456854.79 2014  7 16  7  0
 2456855.45 2014  7 16 22 48   2456855.55 2014  7 17  1  8   2456855.65 2014  7 17  3 29
 2456856.30 2014  7 17 19 17   2456856.40 2014  7 17 21 38   2456856.50 2014  7 17 23 58
 2456857.16 2014  7 18 15 46   2456857.26 2014  7 18 18  7   2456857.35 2014  7 18 20 28
 2456858.01 2014  7 19 12 15   2456858.11 2014  7 19 14 36   2456858.21 2014  7 19 16 57
 2456858.86 2014  7 20  8 44   2456858.96 2014  7 20 11  5   2456859.06 2014  7 20 13 26
 2456859.72 2014  7 21  5 13   2456859.82 2014  7 21  7 34   2456859.91 2014  7 21  9 55
 2456860.57 2014  7 22  1 42   2456860.67 2014  7 22  4  3   2456860.77 2014  7 22  6 24
 2456861.42 2014  7 22 22 11   2456861.52 2014  7 23  0 33   2456861.62 2014  7 23  2 54
 2456862.28 2014  7 23 18 41   2456862.38 2014  7 23 21  2   2456862.47 2014  7 23 23 23
 2456863.13 2014  7 24 15 10   2456863.23 2014  7 24 17 31   2456863.33 2014  7 24 19 52
 2456863.99 2014  7 25 11 39   2456864.08 2014  7 25 14  0   2456864.18 2014  7 25 16 21
 2456864.84 2014  7 26  8  8   2456864.94 2014  7 26 10 29   2456865.04 2014  7 26 12 50
 2456865.69 2014  7 27  4 37   2456865.79 2014  7 27  6 58   2456865.89 2014  7 27  9 20
 2456866.55 2014  7 28  1  6   2456866.64 2014  7 28  3 28   2456866.74 2014  7 28  5 49
 2456867.40 2014  7 28 21 35   2456867.50 2014  7 28 23 57   2456867.60 2014  7 29  2 18
 2456868.25 2014  7 29 18  5   2456868.35 2014  7 29 20 26   2456868.45 2014  7 29 22 47
 2456869.11 2014  7 30 14 34   2456869.21 2014  7 30 16 55   2456869.30 2014  7 30 19 16
 2456869.96 2014  7 31 11  3   2456870.06 2014  7 31 13 24   2456870.16 2014  7 31 15 46
 2456870.81 2014  8  1  7 32   2456870.91 2014  8  1  9 53   2456871.01 2014  8  1 12 15
 2456871.67 2014  8  2  4  1   2456871.77 2014  8  2  6 23   2456871.86 2014  8  2  8 44
 2456872.52 2014  8  3  0 30   2456872.62 2014  8  3  2 52   2456872.72 2014  8  3  5 13
 2456873.37 2014  8  3 20 59   2456873.47 2014  8  3 23 21   2456873.57 2014  8  4  1 42
 2456874.23 2014  8  4 17 28   2456874.33 2014  8  4 19 50   2456874.43 2014  8  4 22 12
 2456875.08 2014  8  5 13 58   2456875.18 2014  8  5 16 19   2456875.28 2014  8  5 18 41
 2456875.94 2014  8  6 10 27   2456876.03 2014  8  6 12 48   2456876.13 2014  8  6 15 10
 2456876.79 2014  8  7  6 56   2456876.89 2014  8  7  9 17   2456876.99 2014  8  7 11 39
 2456877.64 2014  8  8  3 25   2456877.74 2014  8  8  5 47   2456877.84 2014  8  8  8  8
 2456878.50 2014  8  8 23 54   2456878.59 2014  8  9  2 16   2456878.69 2014  8  9  4 38
 2456879.35 2014  8  9 20 23   2456879.45 2014  8  9 22 45   2456879.55 2014  8 10  1  7
 2456880.20 2014  8 10 16 52   2456880.30 2014  8 10 19 14   2456880.40 2014  8 10 21 36
 2456881.06 2014  8 11 13 21   2456881.16 2014  8 11 15 43   2456881.25 2014  8 11 18  5
 2456881.91 2014  8 12  9 51   2456882.01 2014  8 12 12 12   2456882.11 2014  8 12 14 34
 2456882.76 2014  8 13  6 20   2456882.86 2014  8 13  8 42   2456882.96 2014  8 13 11  4
 2456883.62 2014  8 14  2 49   2456883.72 2014  8 14  5 11   2456883.81 2014  8 14  7 33
 2456884.47 2014  8 14 23 18   2456884.57 2014  8 15  1 40   2456884.67 2014  8 15  4  2
 2456885.32 2014  8 15 19 47   2456885.42 2014  8 15 22  9   2456885.52 2014  8 16  0 31
 2456886.18 2014  8 16 16 16   2456886.28 2014  8 16 18 38   2456886.38 2014  8 16 21  0
 2456887.03 2014  8 17 12 45   2456887.13 2014  8 17 15  7   2456887.23 2014  8 17 17 30
 2456887.89 2014  8 18  9 14   2456887.98 2014  8 18 11 37   2456888.08 2014  8 18 13 59
 2456888.74 2014  8 19  5 44   2456888.84 2014  8 19  8  6   2456888.94 2014  8 19 10 28
 2456889.59 2014  8 20  2 13   2456889.69 2014  8 20  4 35   2456889.79 2014  8 20  6 57
 2456890.45 2014  8 20 22 42   2456890.54 2014  8 21  1  4   2456890.64 2014  8 21  3 26
 2456891.30 2014  8 21 19 11   2456891.40 2014  8 21 21 33   2456891.50 2014  8 21 23 56
 2456892.15 2014  8 22 15 40   2456892.25 2014  8 22 18  2   2456892.35 2014  8 22 20 25
 2456893.01 2014  8 23 12  9   2456893.11 2014  8 23 14 32   2456893.20 2014  8 23 16 54
 2456893.86 2014  8 24  8 38   2456893.96 2014  8 24 11  1   2456894.06 2014  8 24 13 23
 2456894.71 2014  8 25  5  7   2456894.81 2014  8 25  7 30   2456894.91 2014  8 25  9 52
 2456895.57 2014  8 26  1 37   2456895.67 2014  8 26  3 59   2456895.77 2014  8 26  6 22
 2456896.42 2014  8 26 22  6   2456896.52 2014  8 27  0 28   2456896.62 2014  8 27  2 51
 2456897.27 2014  8 27 18 35   2456897.37 2014  8 27 20 57   2456897.47 2014  8 27 23 20
 2456898.13 2014  8 28 15  4   2456898.23 2014  8 28 17 27   2456898.33 2014  8 28 19 49
 2456898.98 2014  8 29 11 33   2456899.08 2014  8 29 13 56   2456899.18 2014  8 29 16 18
 2456899.84 2014  8 30  8  2   2456899.93 2014  8 30 10 25   2456900.03 2014  8 30 12 48
 2456900.69 2014  8 31  4 31   2456900.79 2014  8 31  6 54   2456900.89 2014  8 31  9 17
 2456901.54 2014  9  1  1  0   2456901.64 2014  9  1  3 23   2456901.74 2014  9  1  5 46
 2456902.40 2014  9  1 21 30   2456902.50 2014  9  1 23 52   2456902.59 2014  9  2  2 15
 2456903.25 2014  9  2 17 59   2456903.35 2014  9  2 20 22   2456903.45 2014  9  2 22 44
 2456904.10 2014  9  3 14 28   2456904.20 2014  9  3 16 51   2456904.30 2014  9  3 19 14
 2456904.96 2014  9  4 10 57   2456905.06 2014  9  4 13 20   2456905.16 2014  9  4 15 43
 2456905.81 2014  9  5  7 26   2456905.91 2014  9  5  9 49   2456906.01 2014  9  5 12 12
 2456906.66 2014  9  6  3 55   2456906.76 2014  9  6  6 18   2456906.86 2014  9  6  8 41
 2456907.52 2014  9  7  0 24   2456907.62 2014  9  7  2 47   2456907.72 2014  9  7  5 10
 2456908.37 2014  9  7 20 54   2456908.47 2014  9  7 23 17   2456908.57 2014  9  8  1 39
 2456909.22 2014  9  8 17 23   2456909.32 2014  9  8 19 46   2456909.42 2014  9  8 22  9
 2456910.08 2014  9  9 13 52   2456910.18 2014  9  9 16 15   2456910.28 2014  9  9 18 38
 2456910.93 2014  9 10 10 21   2456911.03 2014  9 10 12 44   2456911.13 2014  9 10 15  7
 2456911.79 2014  9 11  6 50   2456911.88 2014  9 11  9 13   2456911.98 2014  9 11 11 36
 2456912.64 2014  9 12  3 19   2456912.74 2014  9 12  5 42   2456912.84 2014  9 12  8  5
 2456913.49 2014  9 12 23 48   2456913.59 2014  9 13  2 11   2456913.69 2014  9 13  4 35
 2456914.35 2014  9 13 20 17   2456914.45 2014  9 13 22 41   2456914.54 2014  9 14  1  4
 2456915.20 2014  9 14 16 47   2456915.30 2014  9 14 19 10   2456915.40 2014  9 14 21 33
 2456916.05 2014  9 15 13 16   2456916.15 2014  9 15 15 39   2456916.25 2014  9 15 18  2
 2456916.91 2014  9 16  9 45   2456917.01 2014  9 16 12  8   2456917.11 2014  9 16 14 31
 2456917.76 2014  9 17  6 14   2456917.86 2014  9 17  8 37   2456917.96 2014  9 17 11  1
 2456918.61 2014  9 18  2 43   2456918.71 2014  9 18  5  6   2456918.81 2014  9 18  7 30
 2456919.47 2014  9 18 23 12   2456919.57 2014  9 19  1 36   2456919.67 2014  9 19  3 59
 2456920.32 2014  9 19 19 41   2456920.42 2014  9 19 22  5   2456920.52 2014  9 20  0 28
 2456921.17 2014  9 20 16 10   2456921.27 2014  9 20 18 34   2456921.37 2014  9 20 20 57
 2456922.03 2014  9 21 12 40   2456922.13 2014  9 21 15  3   2456922.23 2014  9 21 17 27
 2456922.88 2014  9 22  9  9   2456922.98 2014  9 22 11 32   2456923.08 2014  9 22 13 56
 2456923.73 2014  9 23  5 38   2456923.83 2014  9 23  8  1   2456923.93 2014  9 23 10 25
 2456924.59 2014  9 24  2  7   2456924.69 2014  9 24  4 31   2456924.79 2014  9 24  6 54
 2456925.44 2014  9 24 22 36   2456925.54 2014  9 25  1  0   2456925.64 2014  9 25  3 23
 2456926.30 2014  9 25 19  5   2456926.40 2014  9 25 21 29   2456926.50 2014  9 25 23 53
 2456927.15 2014  9 26 15 34   2456927.25 2014  9 26 17 58   2456927.35 2014  9 26 20 22
 2456928.00 2014  9 27 12  3   2456928.10 2014  9 27 14 27   2456928.20 2014  9 27 16 51
 2456928.86 2014  9 28  8 33   2456928.96 2014  9 28 10 56   2456929.06 2014  9 28 13 20
 2456929.71 2014  9 29  5  2   2456929.81 2014  9 29  7 26   2456929.91 2014  9 29  9 49
 2456930.56 2014  9 30  1 31   2456930.66 2014  9 30  3 55   2456930.76 2014  9 30  6 19
 2456931.42 2014  9 30 22  0   2456931.52 2014 10  1  0 24   2456931.62 2014 10  1  2 48
 2456932.27 2014 10  1 18 29   2456932.37 2014 10  1 20 53   2456932.47 2014 10  1 23 17
 2456933.12 2014 10  2 14 58   2456933.22 2014 10  2 17 22   2456933.32 2014 10  2 19 46
 2456933.98 2014 10  3 11 27   2456934.08 2014 10  3 13 51   2456934.18 2014 10  3 16 15
 2456934.83 2014 10  4  7 56   2456934.93 2014 10  4 10 21   2456935.03 2014 10  4 12 45
 2456935.68 2014 10  5  4 26   2456935.78 2014 10  5  6 50   2456935.88 2014 10  5  9 14
 2456936.54 2014 10  6  0 55   2456936.64 2014 10  6  3 19   2456936.74 2014 10  6  5 43
 2456937.39 2014 10  6 21 24   2456937.49 2014 10  6 23 48   2456937.59 2014 10  7  2 12
 2456938.25 2014 10  7 17 53   2456938.35 2014 10  7 20 17   2456938.45 2014 10  7 22 41
 2456939.10 2014 10  8 14 22   2456939.20 2014 10  8 16 46   2456939.30 2014 10  8 19 11
 2456939.95 2014 10  9 10 51   2456940.05 2014 10  9 13 16   2456940.15 2014 10  9 15 40
 2456940.81 2014 10 10  7 20   2456940.91 2014 10 10  9 45   2456941.01 2014 10 10 12  9
 2456941.66 2014 10 11  3 49   2456941.76 2014 10 11  6 14   2456941.86 2014 10 11  8 38
 2456942.51 2014 10 12  0 19   2456942.61 2014 10 12  2 43   2456942.71 2014 10 12  5  7
 2456943.37 2014 10 12 20 48   2456943.47 2014 10 12 23 12   2456943.57 2014 10 13  1 37
 2456944.22 2014 10 13 17 17   2456944.32 2014 10 13 19 41   2456944.42 2014 10 13 22  6
 2456945.07 2014 10 14 13 46   2456945.17 2014 10 14 16 10   2456945.27 2014 10 14 18 35
 2456945.93 2014 10 15 10 15   2456946.03 2014 10 15 12 40   2456946.13 2014 10 15 15  4
 2456946.78 2014 10 16  6 44   2456946.88 2014 10 16  9  9   2456946.98 2014 10 16 11 33
 2456947.63 2014 10 17  3 13   2456947.74 2014 10 17  5 38   2456947.84 2014 10 17  8  3
 2456948.49 2014 10 17 23 43   2456948.59 2014 10 18  2  7   2456948.69 2014 10 18  4 32
 2456949.34 2014 10 18 20 12   2456949.44 2014 10 18 22 36   2456949.54 2014 10 19  1  1
 2456950.20 2014 10 19 16 41   2456950.30 2014 10 19 19  5   2456950.40 2014 10 19 21 30
 2456951.05 2014 10 20 13 10   2456951.15 2014 10 20 15 35   2456951.25 2014 10 20 17 59
 2456951.90 2014 10 21  9 39   2456952.00 2014 10 21 12  4   2456952.10 2014 10 21 14 29
 2456952.76 2014 10 22  6  8   2456952.86 2014 10 22  8 33   2456952.96 2014 10 22 10 58
 2456953.61 2014 10 23  2 37   2456953.71 2014 10 23  5  2   2456953.81 2014 10 23  7 27
 2456954.46 2014 10 23 23  6   2456954.56 2014 10 24  1 31   2456954.66 2014 10 24  3 56
 2456955.32 2014 10 24 19 36   2456955.42 2014 10 24 22  0   2456955.52 2014 10 25  0 25
 2456956.17 2014 10 25 16  5   2456956.27 2014 10 25 18 30   2456956.37 2014 10 25 20 55
 2456957.02 2014 10 26 12 34   2456957.12 2014 10 26 14 59   2456957.23 2014 10 26 17 24
 2456957.88 2014 10 27  9  3   2456957.98 2014 10 27 11 28   2456958.08 2014 10 27 13 53
 2456958.73 2014 10 28  5 32   2456958.83 2014 10 28  7 57   2456958.93 2014 10 28 10 22
 2456959.58 2014 10 29  2  1   2456959.69 2014 10 29  4 26   2456959.79 2014 10 29  6 51
 2456960.44 2014 10 29 22 30   2456960.54 2014 10 30  0 55   2456960.64 2014 10 30  3 21
 2456961.29 2014 10 30 18 59   2456961.39 2014 10 30 21 25   2456961.49 2014 10 30 23 50
 2456962.15 2014 10 31 15 29   2456962.25 2014 10 31 17 54   2456962.35 2014 10 31 20 19
 2456963.00 2014 11  1 11 58   2456963.10 2014 11  1 14 23   2456963.20 2014 11  1 16 48
 2456963.85 2014 11  2  8 27   2456963.95 2014 11  2 10 52   2456964.05 2014 11  2 13 17
 2456964.71 2014 11  3  4 56   2456964.81 2014 11  3  7 21   2456964.91 2014 11  3  9 46
 2456965.56 2014 11  4  1 25   2456965.66 2014 11  4  3 50   2456965.76 2014 11  4  6 16
 2456966.41 2014 11  4 21 54   2456966.51 2014 11  5  0 20   2456966.61 2014 11  5  2 45
 2456967.27 2014 11  5 18 23   2456967.37 2014 11  5 20 49   2456967.47 2014 11  5 23 14
 2456968.12 2014 11  6 14 52   2456968.22 2014 11  6 17 18   2456968.32 2014 11  6 19 43
 2456968.97 2014 11  7 11 22   2456969.07 2014 11  7 13 47   2456969.18 2014 11  7 16 12
 2456969.83 2014 11  8  7 51   2456969.93 2014 11  8 10 16   2456970.03 2014 11  8 12 42
 2456970.68 2014 11  9  4 20   2456970.78 2014 11  9  6 45   2456970.88 2014 11  9  9 11
 2456971.53 2014 11 10  0 49   2456971.64 2014 11 10  3 15   2456971.74 2014 11 10  5 40
 2456972.39 2014 11 10 21 18   2456972.49 2014 11 10 23 44   2456972.59 2014 11 11  2  9
 2456973.24 2014 11 11 17 47   2456973.34 2014 11 11 20 13   2456973.44 2014 11 11 22 38
 2456974.10 2014 11 12 14 16   2456974.20 2014 11 12 16 42   2456974.30 2014 11 12 19  8
 2456974.95 2014 11 13 10 45   2456975.05 2014 11 13 13 11   2456975.15 2014 11 13 15 37
 2456975.80 2014 11 14  7 15   2456975.90 2014 11 14  9 40   2456976.00 2014 11 14 12  6
 2456976.66 2014 11 15  3 44   2456976.76 2014 11 15  6  9   2456976.86 2014 11 15  8 35
 2456977.51 2014 11 16  0 13   2456977.61 2014 11 16  2 39   2456977.71 2014 11 16  5  4
 2456978.36 2014 11 16 20 42   2456978.46 2014 11 16 23  8   2456978.57 2014 11 17  1 34
 2456979.22 2014 11 17 17 11   2456979.32 2014 11 17 19 37   2456979.42 2014 11 17 22  3
 2456980.07 2014 11 18 13 40   2456980.17 2014 11 18 16  6   2456980.27 2014 11 18 18 32
 2456980.92 2014 11 19 10  9   2456981.02 2014 11 19 12 35   2456981.13 2014 11 19 15  1
 2456981.78 2014 11 20  6 39   2456981.88 2014 11 20  9  4   2456981.98 2014 11 20 11 30
 2456982.63 2014 11 21  3  8   2456982.73 2014 11 21  5 34   2456982.83 2014 11 21  8  0
 2456983.48 2014 11 21 23 37   2456983.59 2014 11 22  2  3   2456983.69 2014 11 22  4 29
 2456984.34 2014 11 22 20  6   2456984.44 2014 11 22 22 32   2456984.54 2014 11 23  0 58
 2456985.19 2014 11 23 16 35   2456985.29 2014 11 23 19  1   2456985.39 2014 11 23 21 27
 2456986.04 2014 11 24 13  4   2456986.15 2014 11 24 15 30   2456986.25 2014 11 24 17 56
 2456986.90 2014 11 25  9 33   2456987.00 2014 11 25 11 59   2456987.10 2014 11 25 14 26
 2456987.75 2014 11 26  6  2   2456987.85 2014 11 26  8 29   2456987.96 2014 11 26 10 55
 2456988.61 2014 11 27  2 32   2456988.71 2014 11 27  4 58   2456988.81 2014 11 27  7 24
 2456989.46 2014 11 27 23  1   2456989.56 2014 11 28  1 27   2456989.66 2014 11 28  3 53
 2456990.31 2014 11 28 19 30   2456990.41 2014 11 28 21 56   2456990.52 2014 11 29  0 22
 2456991.17 2014 11 29 15 59   2456991.27 2014 11 29 18 25   2456991.37 2014 11 29 20 52
 2456992.02 2014 11 30 12 28   2456992.12 2014 11 30 14 54   2456992.22 2014 11 30 17 21
 2456992.87 2014 12  1  8 57   2456992.98 2014 12  1 11 24   2456993.08 2014 12  1 13 50
 2456993.73 2014 12  2  5 26   2456993.83 2014 12  2  7 53   2456993.93 2014 12  2 10 19
 2456994.58 2014 12  3  1 55   2456994.68 2014 12  3  4 22   2456994.78 2014 12  3  6 48
 2456995.43 2014 12  3 22 25   2456995.54 2014 12  4  0 51   2456995.64 2014 12  4  3 18
 2456996.29 2014 12  4 18 54   2456996.39 2014 12  4 21 20   2456996.49 2014 12  4 23 47
 2456997.14 2014 12  5 15 23   2456997.24 2014 12  5 17 49   2456997.34 2014 12  5 20 16
 2456997.99 2014 12  6 11 52   2456998.10 2014 12  6 14 19   2456998.20 2014 12  6 16 45
 2456998.85 2014 12  7  8 21   2456998.95 2014 12  7 10 48   2456999.05 2014 12  7 13 14
 2456999.70 2014 12  8  4 50   2456999.80 2014 12  8  7 17   2456999.91 2014 12  8  9 44
 2457000.56 2014 12  9  1 19   2457000.66 2014 12  9  3 46   2457000.76 2014 12  9  6 13
 2457001.41 2014 12  9 21 48   2457001.51 2014 12 10  0 15   2457001.61 2014 12 10  2 42
 2457002.26 2014 12 10 18 18   2457002.36 2014 12 10 20 44   2457002.47 2014 12 10 23 11
 2457003.12 2014 12 11 14 47   2457003.22 2014 12 11 17 14   2457003.32 2014 12 11 19 40
 2457003.97 2014 12 12 11 16   2457004.07 2014 12 12 13 43   2457004.17 2014 12 12 16 10
 2457004.82 2014 12 13  7 45   2457004.93 2014 12 13 10 12   2457005.03 2014 12 13 12 39
 2457005.68 2014 12 14  4 14   2457005.78 2014 12 14  6 41   2457005.88 2014 12 14  9  8
 2457006.53 2014 12 15  0 43   2457006.63 2014 12 15  3 10   2457006.73 2014 12 15  5 37
 2457007.38 2014 12 15 21 12   2457007.49 2014 12 15 23 39   2457007.59 2014 12 16  2  6
 2457008.24 2014 12 16 17 41   2457008.34 2014 12 16 20  9   2457008.44 2014 12 16 22 36
 2457009.09 2014 12 17 14 11   2457009.19 2014 12 17 16 38   2457009.30 2014 12 17 19  5
 2457009.94 2014 12 18 10 40   2457010.05 2014 12 18 13  7   2457010.15 2014 12 18 15 34
 2457010.80 2014 12 19  7  9   2457010.90 2014 12 19  9 36   2457011.00 2014 12 19 12  3
 2457011.65 2014 12 20  3 38   2457011.75 2014 12 20  6  5   2457011.86 2014 12 20  8 32
 2457012.51 2014 12 21  0  7   2457012.61 2014 12 21  2 34   2457012.71 2014 12 21  5  2
 2457013.36 2014 12 21 20 36   2457013.46 2014 12 21 23  3   2457013.56 2014 12 22  1 31
 2457014.21 2014 12 22 17  5   2457014.31 2014 12 22 19 33   2457014.42 2014 12 22 22  0
 2457015.07 2014 12 23 13 34   2457015.17 2014 12 23 16  2   2457015.27 2014 12 23 18 29
 2457015.92 2014 12 24 10  4   2457016.02 2014 12 24 12 31   2457016.12 2014 12 24 14 58
 2457016.77 2014 12 25  6 33   2457016.88 2014 12 25  9  0   2457016.98 2014 12 25 11 28
 2457017.63 2014 12 26  3  2   2457017.73 2014 12 26  5 29   2457017.83 2014 12 26  7 57
 2457018.48 2014 12 26 23 31   2457018.58 2014 12 27  1 58   2457018.69 2014 12 27  4 26
 2457019.33 2014 12 27 20  0   2457019.44 2014 12 27 22 28   2457019.54 2014 12 28  0 55
 2457020.19 2014 12 28 16 29   2457020.29 2014 12 28 18 57   2457020.39 2014 12 28 21 24
 2457021.04 2014 12 29 12 58   2457021.14 2014 12 29 15 26   2457021.25 2014 12 29 17 53
 2457021.89 2014 12 30  9 28   2457022.00 2014 12 30 11 55   2457022.10 2014 12 30 14 23
 2457022.75 2014 12 31  5 57   2457022.85 2014 12 31  8 24   2457022.95 2014 12 31 10 52
 2457023.60 2015  1  1  2 26   2457023.70 2015  1  1  4 53   2457023.81 2015  1  1  7 21
 2457024.46 2015  1  1 22 55   2457024.56 2015  1  2  1 23   2457024.66 2015  1  2  3 50
 2457025.31 2015  1  2 19 24   2457025.41 2015  1  2 21 52   2457025.51 2015  1  3  0 19
 2457026.16 2015  1  3 15 53   2457026.26 2015  1  3 18 21   2457026.37 2015  1  3 20 49
 2457027.02 2015  1  4 12 22   2457027.12 2015  1  4 14 50   2457027.22 2015  1  4 17 18
 2457027.87 2015  1  5  8 51   2457027.97 2015  1  5 11 19   2457028.07 2015  1  5 13 47
 2457028.72 2015  1  6  5 21   2457028.83 2015  1  6  7 48   2457028.93 2015  1  6 10 16
 2457029.58 2015  1  7  1 50   2457029.68 2015  1  7  4 18   2457029.78 2015  1  7  6 45
 2457030.43 2015  1  7 22 19   2457030.53 2015  1  8  0 47   2457030.64 2015  1  8  3 15
 2457031.28 2015  1  8 18 48   2457031.39 2015  1  8 21 16   2457031.49 2015  1  8 23 44
 2457032.14 2015  1  9 15 17   2457032.24 2015  1  9 17 45   2457032.34 2015  1  9 20 13
 2457032.99 2015  1 10 11 46   2457033.09 2015  1 10 14 14   2457033.20 2015  1 10 16 42
 2457033.84 2015  1 11  8 15   2457033.95 2015  1 11 10 43   2457034.05 2015  1 11 13 11
 2457034.70 2015  1 12  4 44   2457034.80 2015  1 12  7 13   2457034.90 2015  1 12  9 41
 2457035.55 2015  1 13  1 14   2457035.65 2015  1 13  3 42   2457035.76 2015  1 13  6 10
 2457036.40 2015  1 13 21 43   2457036.51 2015  1 14  0 11   2457036.61 2015  1 14  2 39
 2457037.26 2015  1 14 18 12   2457037.36 2015  1 14 20 40   2457037.46 2015  1 14 23  8
 2457038.11 2015  1 15 14 41   2457038.22 2015  1 15 17  9   2457038.32 2015  1 15 19 37
 2457038.97 2015  1 16 11 10   2457039.07 2015  1 16 13 38   2457039.17 2015  1 16 16  7
 2457039.82 2015  1 17  7 39   2457039.92 2015  1 17 10  8   2457040.03 2015  1 17 12 36
 2457040.67 2015  1 18  4  8   2457040.78 2015  1 18  6 37   2457040.88 2015  1 18  9  5
 2457041.53 2015  1 19  0 37   2457041.63 2015  1 19  3  6   2457041.73 2015  1 19  5 34
 2457042.38 2015  1 19 21  7   2457042.48 2015  1 19 23 35   2457042.59 2015  1 20  2  3
 2457043.23 2015  1 20 17 36   2457043.34 2015  1 20 20  4   2457043.44 2015  1 20 22 33
 2457044.09 2015  1 21 14  5   2457044.19 2015  1 21 16 33   2457044.29 2015  1 21 19  2
 2457044.94 2015  1 22 10 34   2457045.04 2015  1 22 13  2   2457045.15 2015  1 22 15 31
 2457045.79 2015  1 23  7  3   2457045.90 2015  1 23  9 32   2457046.00 2015  1 23 12  0
 2457046.65 2015  1 24  3 32   2457046.75 2015  1 24  6  1   2457046.85 2015  1 24  8 29
 2457047.50 2015  1 25  0  1   2457047.60 2015  1 25  2 30   2457047.71 2015  1 25  4 59
 2457048.35 2015  1 25 20 30   2457048.46 2015  1 25 22 59   2457048.56 2015  1 26  1 28
 2457049.21 2015  1 26 17  0   2457049.31 2015  1 26 19 28   2457049.41 2015  1 26 21 57
 2457050.06 2015  1 27 13 29   2457050.17 2015  1 27 15 57   2457050.27 2015  1 27 18 26
 2457050.92 2015  1 28  9 58   2457051.02 2015  1 28 12 27   2457051.12 2015  1 28 14 55
 2457051.77 2015  1 29  6 27   2457051.87 2015  1 29  8 56   2457051.98 2015  1 29 11 25
 2457052.62 2015  1 30  2 56   2457052.73 2015  1 30  5 25   2457052.83 2015  1 30  7 54
 2457053.48 2015  1 30 23 25   2457053.58 2015  1 31  1 54   2457053.68 2015  1 31  4 23
 2457054.33 2015  1 31 19 54   2457054.43 2015  1 31 22 23   2457054.54 2015  2  1  0 52
 2457055.18 2015  2  1 16 23   2457055.29 2015  2  1 18 52   2457055.39 2015  2  1 21 21
 2457056.04 2015  2  2 12 53   2457056.14 2015  2  2 15 22   2457056.24 2015  2  2 17 51
 2457056.89 2015  2  3  9 22   2457056.99 2015  2  3 11 51   2457057.10 2015  2  3 14 20
 2457057.74 2015  2  4  5 51   2457057.85 2015  2  4  8 20   2457057.95 2015  2  4 10 49
 2457058.60 2015  2  5  2 20   2457058.70 2015  2  5  4 49   2457058.80 2015  2  5  7 18
 2457059.45 2015  2  5 22 49   2457059.55 2015  2  6  1 18   2457059.66 2015  2  6  3 47
 2457060.30 2015  2  6 19 18   2457060.41 2015  2  6 21 47   2457060.51 2015  2  7  0 17
 2457061.16 2015  2  7 15 47   2457061.26 2015  2  7 18 17   2457061.37 2015  2  7 20 46
 2457062.01 2015  2  8 12 17   2457062.12 2015  2  8 14 46   2457062.22 2015  2  8 17 15
 2457062.87 2015  2  9  8 46   2457062.97 2015  2  9 11 15   2457063.07 2015  2  9 13 44
 2457063.72 2015  2 10  5 15   2457063.82 2015  2 10  7 44   2457063.93 2015  2 10 10 13
 2457064.57 2015  2 11  1 44   2457064.68 2015  2 11  4 13   2457064.78 2015  2 11  6 43
 2457065.43 2015  2 11 22 13   2457065.53 2015  2 12  0 42   2457065.63 2015  2 12  3 12
 2457066.28 2015  2 12 18 42   2457066.38 2015  2 12 21 12   2457066.49 2015  2 12 23 41
 2457067.13 2015  2 13 15 11   2457067.24 2015  2 13 17 41   2457067.34 2015  2 13 20 10
 2457067.99 2015  2 14 11 40   2457068.09 2015  2 14 14 10   2457068.19 2015  2 14 16 39
 2457068.84 2015  2 15  8 10   2457068.94 2015  2 15 10 39   2457069.05 2015  2 15 13  9
 2457069.69 2015  2 16  4 39   2457069.80 2015  2 16  7  8   2457069.90 2015  2 16  9 38
 2457070.55 2015  2 17  1  8   2457070.65 2015  2 17  3 37   2457070.76 2015  2 17  6  7
 2457071.40 2015  2 17 21 37   2457071.50 2015  2 18  0  7   2457071.61 2015  2 18  2 36
 2457072.25 2015  2 18 18  6   2457072.36 2015  2 18 20 36   2457072.46 2015  2 18 23  5
 2457073.11 2015  2 19 14 35   2457073.21 2015  2 19 17  5   2457073.32 2015  2 19 19 35
 2457073.96 2015  2 20 11  4   2457074.07 2015  2 20 13 34   2457074.17 2015  2 20 16  4
 2457074.82 2015  2 21  7 33   2457074.92 2015  2 21 10  3   2457075.02 2015  2 21 12 33
 2457075.67 2015  2 22  4  3   2457075.77 2015  2 22  6 32   2457075.88 2015  2 22  9  2
 2457076.52 2015  2 23  0 32   2457076.63 2015  2 23  3  1   2457076.73 2015  2 23  5 31
 2457077.38 2015  2 23 21  1   2457077.48 2015  2 23 23 31   2457077.58 2015  2 24  2  0
 2457078.23 2015  2 24 17 30   2457078.33 2015  2 24 20  0   2457078.44 2015  2 24 22 30
 2457079.08 2015  2 25 13 59   2457079.19 2015  2 25 16 29   2457079.29 2015  2 25 18 59
 2457079.94 2015  2 26 10 28   2457080.04 2015  2 26 12 58   2457080.14 2015  2 26 15 28
 2457080.79 2015  2 27  6 57   2457080.89 2015  2 27  9 27   2457081.00 2015  2 27 11 57
 2457081.64 2015  2 28  3 26   2457081.75 2015  2 28  5 56   2457081.85 2015  2 28  8 26
 2457082.50 2015  2 28 23 56   2457082.60 2015  3  1  2 26   2457082.71 2015  3  1  4 56
 2457083.35 2015  3  1 20 25   2457083.46 2015  3  1 22 55   2457083.56 2015  3  2  1 25
 2457084.20 2015  3  2 16 54   2457084.31 2015  3  2 19 24   2457084.41 2015  3  2 21 54
 2457085.06 2015  3  3 13 23   2457085.16 2015  3  3 15 53   2457085.27 2015  3  3 18 23
 2457085.91 2015  3  4  9 52   2457086.02 2015  3  4 12 22   2457086.12 2015  3  4 14 52
 2457086.77 2015  3  5  6 21   2457086.87 2015  3  5  8 51   2457086.97 2015  3  5 11 22
 2457087.62 2015  3  6  2 50   2457087.72 2015  3  6  5 21   2457087.83 2015  3  6  7 51
 2457088.47 2015  3  6 23 19   2457088.58 2015  3  7  1 50   2457088.68 2015  3  7  4 20
 2457089.33 2015  3  7 19 49   2457089.43 2015  3  7 22 19   2457089.53 2015  3  8  0 49
 2457090.18 2015  3  8 16 18   2457090.28 2015  3  8 18 48   2457090.39 2015  3  8 21 18
 2457091.03 2015  3  9 12 47   2457091.14 2015  3  9 15 17   2457091.24 2015  3  9 17 48
 2457091.89 2015  3 10  9 16   2457091.99 2015  3 10 11 46   2457092.10 2015  3 10 14 17
 2457092.74 2015  3 11  5 45   2457092.84 2015  3 11  8 16   2457092.95 2015  3 11 10 46
 2457093.59 2015  3 12  2 14   2457093.70 2015  3 12  4 45   2457093.80 2015  3 12  7 15
 2457094.45 2015  3 12 22 43   2457094.55 2015  3 13  1 14   2457094.66 2015  3 13  3 44
 2457095.30 2015  3 13 19 13   2457095.41 2015  3 13 21 43   2457095.51 2015  3 14  0 14
 2457096.15 2015  3 14 15 42   2457096.26 2015  3 14 18 12   2457096.36 2015  3 14 20 43
 2457097.01 2015  3 15 12 11   2457097.11 2015  3 15 14 41   2457097.22 2015  3 15 17 12
 2457097.86 2015  3 16  8 40   2457097.97 2015  3 16 11 11   2457098.07 2015  3 16 13 41
 2457098.71 2015  3 17  5  9   2457098.82 2015  3 17  7 40   2457098.92 2015  3 17 10 10
 2457099.57 2015  3 18  1 38   2457099.67 2015  3 18  4  9   2457099.78 2015  3 18  6 40
 2457100.42 2015  3 18 22  7   2457100.53 2015  3 19  0 38   2457100.63 2015  3 19  3  9
 2457101.28 2015  3 19 18 36   2457101.38 2015  3 19 21  7   2457101.49 2015  3 19 23 38
 2457102.13 2015  3 20 15  6   2457102.23 2015  3 20 17 36   2457102.34 2015  3 20 20  7
 2457102.98 2015  3 21 11 35   2457103.09 2015  3 21 14  6   2457103.19 2015  3 21 16 36
 2457103.84 2015  3 22  8  4   2457103.94 2015  3 22 10 35   2457104.05 2015  3 22 13  6
 2457104.69 2015  3 23  4 33   2457104.79 2015  3 23  7  4   2457104.90 2015  3 23  9 35
 2457105.54 2015  3 24  1  2   2457105.65 2015  3 24  3 33   2457105.75 2015  3 24  6  4
 2457106.40 2015  3 24 21 31   2457106.50 2015  3 25  0  2   2457106.61 2015  3 25  2 33
 2457107.25 2015  3 25 18  0   2457107.36 2015  3 25 20 31   2457107.46 2015  3 25 23  2
 2457108.10 2015  3 26 14 29   2457108.21 2015  3 26 17  1   2457108.31 2015  3 26 19 32
 2457108.96 2015  3 27 10 59   2457109.06 2015  3 27 13 30   2457109.17 2015  3 27 16  1
 2457109.81 2015  3 28  7 28   2457109.92 2015  3 28  9 59   2457110.02 2015  3 28 12 30
 2457110.66 2015  3 29  3 57   2457110.77 2015  3 29  6 28   2457110.87 2015  3 29  8 59
 2457111.52 2015  3 30  0 26   2457111.62 2015  3 30  2 57   2457111.73 2015  3 30  5 28
 2457112.37 2015  3 30 20 55   2457112.48 2015  3 30 23 26   2457112.58 2015  3 31  1 58
 2457113.23 2015  3 31 17 24   2457113.33 2015  3 31 19 55   2457113.44 2015  3 31 22 27
 2457114.08 2015  4  1 13 53   2457114.18 2015  4  1 16 25   2457114.29 2015  4  1 18 56
 2457114.93 2015  4  2 10 22   2457115.04 2015  4  2 12 54   2457115.14 2015  4  2 15 25
 2457115.79 2015  4  3  6 52   2457115.89 2015  4  3  9 23   2457116.00 2015  4  3 11 54
 2457116.64 2015  4  4  3 21   2457116.74 2015  4  4  5 52   2457116.85 2015  4  4  8 24
 2457117.49 2015  4  4 23 50   2457117.60 2015  4  5  2 21   2457117.70 2015  4  5  4 53
 2457118.35 2015  4  5 20 19   2457118.45 2015  4  5 22 50   2457118.56 2015  4  6  1 22
 2457119.20 2015  4  6 16 48   2457119.31 2015  4  6 19 20   2457119.41 2015  4  6 21 51
 2457120.05 2015  4  7 13 17   2457120.16 2015  4  7 15 49   2457120.26 2015  4  7 18 20
 2457120.91 2015  4  8  9 46   2457121.01 2015  4  8 12 18   2457121.12 2015  4  8 14 50
 2457121.76 2015  4  9  6 15   2457121.87 2015  4  9  8 47   2457121.97 2015  4  9 11 19
 2457122.61 2015  4 10  2 45   2457122.72 2015  4 10  5 16   2457122.83 2015  4 10  7 48
 2457123.47 2015  4 10 23 14   2457123.57 2015  4 11  1 45   2457123.68 2015  4 11  4 17
 2457124.32 2015  4 11 19 43   2457124.43 2015  4 11 22 15   2457124.53 2015  4 12  0 46
 2457125.18 2015  4 12 16 12   2457125.28 2015  4 12 18 44   2457125.39 2015  4 12 21 16
 2457126.03 2015  4 13 12 41   2457126.13 2015  4 13 15 13   2457126.24 2015  4 13 17 45
 2457126.88 2015  4 14  9 10   2457126.99 2015  4 14 11 42   2457127.09 2015  4 14 14 14
 2457127.74 2015  4 15  5 39   2457127.84 2015  4 15  8 11   2457127.95 2015  4 15 10 43
 2457128.59 2015  4 16  2  8   2457128.70 2015  4 16  4 40   2457128.80 2015  4 16  7 12
 2457129.44 2015  4 16 22 38   2457129.55 2015  4 17  1 10   2457129.65 2015  4 17  3 42
 2457130.30 2015  4 17 19  7   2457130.40 2015  4 17 21 39   2457130.51 2015  4 18  0 11
 2457131.15 2015  4 18 15 36   2457131.26 2015  4 18 18  8   2457131.36 2015  4 18 20 40
 2457132.00 2015  4 19 12  5   2457132.11 2015  4 19 14 37   2457132.21 2015  4 19 17  9
 2457132.86 2015  4 20  8 34   2457132.96 2015  4 20 11  6   2457133.07 2015  4 20 13 38
 2457133.71 2015  4 21  5  3   2457133.82 2015  4 21  7 35   2457133.92 2015  4 21 10  7
 2457134.56 2015  4 22  1 32   2457134.67 2015  4 22  4  5   2457134.78 2015  4 22  6 37
 2457135.42 2015  4 22 22  2   2457135.52 2015  4 23  0 34   2457135.63 2015  4 23  3  6
 2457136.27 2015  4 23 18 31   2457136.38 2015  4 23 21  3   2457136.48 2015  4 23 23 35
 2457137.13 2015  4 24 15  0   2457137.23 2015  4 24 17 32   2457137.34 2015  4 24 20  4
 2457137.98 2015  4 25 11 29   2457138.08 2015  4 25 14  1   2457138.19 2015  4 25 16 33
 2457138.83 2015  4 26  7 58   2457138.94 2015  4 26 10 30   2457139.04 2015  4 26 13  3
 2457139.69 2015  4 27  4 27   2457139.79 2015  4 27  7  0   2457139.90 2015  4 27  9 32
 2457140.54 2015  4 28  0 56   2457140.65 2015  4 28  3 29   2457140.75 2015  4 28  6  1
 2457141.39 2015  4 28 21 25   2457141.50 2015  4 28 23 58   2457141.60 2015  4 29  2 30
 2457142.25 2015  4 29 17 55   2457142.35 2015  4 29 20 27   2457142.46 2015  4 29 22 59
 2457143.10 2015  4 30 14 24   2457143.21 2015  4 30 16 56   2457143.31 2015  4 30 19 29
 2457143.95 2015  5  1 10 53   2457144.06 2015  5  1 13 25   2457144.17 2015  5  1 15 58
 2457144.81 2015  5  2  7 22   2457144.91 2015  5  2  9 54   2457145.02 2015  5  2 12 27
 2457145.66 2015  5  3  3 51   2457145.77 2015  5  3  6 24   2457145.87 2015  5  3  8 56
 2457146.51 2015  5  4  0 20   2457146.62 2015  5  4  2 53   2457146.73 2015  5  4  5 25
 2457147.37 2015  5  4 20 49   2457147.47 2015  5  4 23 22   2457147.58 2015  5  5  1 55
 2457148.22 2015  5  5 17 18   2457148.33 2015  5  5 19 51   2457148.43 2015  5  5 22 24
 2457149.08 2015  5  6 13 48   2457149.18 2015  5  6 16 20   2457149.29 2015  5  6 18 53
 2457149.93 2015  5  7 10 17   2457150.03 2015  5  7 12 49   2457150.14 2015  5  7 15 22
 2457150.78 2015  5  8  6 46   2457150.89 2015  5  8  9 19   2457150.99 2015  5  8 11 51
 2457151.64 2015  5  9  3 15   2457151.74 2015  5  9  5 48   2457151.85 2015  5  9  8 21
 2457152.49 2015  5  9 23 44   2457152.60 2015  5 10  2 17   2457152.70 2015  5 10  4 50
 2457153.34 2015  5 10 20 13   2457153.45 2015  5 10 22 46   2457153.56 2015  5 11  1 19
 2457154.20 2015  5 11 16 42   2457154.30 2015  5 11 19 15   2457154.41 2015  5 11 21 48
 2457155.05 2015  5 12 13 11   2457155.16 2015  5 12 15 44   2457155.26 2015  5 12 18 17
 2457155.90 2015  5 13  9 41   2457156.01 2015  5 13 12 14   2457156.12 2015  5 13 14 47
 2457156.76 2015  5 14  6 10   2457156.86 2015  5 14  8 43   2457156.97 2015  5 14 11 16
 2457157.61 2015  5 15  2 39   2457157.72 2015  5 15  5 12   2457157.82 2015  5 15  7 45
 2457158.46 2015  5 15 23  8   2457158.57 2015  5 16  1 41   2457158.68 2015  5 16  4 14
 2457159.32 2015  5 16 19 37   2457159.42 2015  5 16 22 10   2457159.53 2015  5 17  0 43
 2457160.17 2015  5 17 16  6   2457160.28 2015  5 17 18 39   2457160.38 2015  5 17 21 13
 2457161.02 2015  5 18 12 35   2457161.13 2015  5 18 15  9   2457161.24 2015  5 18 17 42
 2457161.88 2015  5 19  9  4   2457161.98 2015  5 19 11 38   2457162.09 2015  5 19 14 11
 2457162.73 2015  5 20  5 34   2457162.84 2015  5 20  8  7   2457162.94 2015  5 20 10 40
 2457163.59 2015  5 21  2  3   2457163.69 2015  5 21  4 36   2457163.80 2015  5 21  7  9
 2457164.44 2015  5 21 22 32   2457164.55 2015  5 22  1  5   2457164.65 2015  5 22  3 39
 2457165.29 2015  5 22 19  1   2457165.40 2015  5 22 21 34   2457165.51 2015  5 23  0  8
 2457166.15 2015  5 23 15 30   2457166.25 2015  5 23 18  4   2457166.36 2015  5 23 20 37
 2457167.00 2015  5 24 11 59   2457167.11 2015  5 24 14 33   2457167.21 2015  5 24 17  6
 2457167.85 2015  5 25  8 28   2457167.96 2015  5 25 11  2   2457168.07 2015  5 25 13 35
 2457168.71 2015  5 26  4 58   2457168.81 2015  5 26  7 31   2457168.92 2015  5 26 10  5
 2457169.56 2015  5 27  1 27   2457169.67 2015  5 27  4  0   2457169.77 2015  5 27  6 34
 2457170.41 2015  5 27 21 56   2457170.52 2015  5 28  0 29   2457170.63 2015  5 28  3  3
 2457171.27 2015  5 28 18 25   2457171.37 2015  5 28 20 59   2457171.48 2015  5 28 23 32
 2457172.12 2015  5 29 14 54   2457172.23 2015  5 29 17 28   2457172.33 2015  5 29 20  1
 2457172.97 2015  5 30 11 23   2457173.08 2015  5 30 13 57   2457173.19 2015  5 30 16 31
 2457173.83 2015  5 31  7 52   2457173.94 2015  5 31 10 26   2457174.04 2015  5 31 13  0
 2457174.68 2015  6  1  4 21   2457174.79 2015  6  1  6 55   2457174.90 2015  6  1  9 29
 2457175.54 2015  6  2  0 51   2457175.64 2015  6  2  3 24   2457175.75 2015  6  2  5 58
 2457176.39 2015  6  2 21 20   2457176.50 2015  6  2 23 53   2457176.60 2015  6  3  2 27
 2457177.24 2015  6  3 17 49   2457177.35 2015  6  3 20 23   2457177.46 2015  6  3 22 57
 2457178.10 2015  6  4 14 18   2457178.20 2015  6  4 16 52   2457178.31 2015  6  4 19 26
 2457178.95 2015  6  5 10 47   2457179.06 2015  6  5 13 21   2457179.16 2015  6  5 15 55
 2457179.80 2015  6  6  7 16   2457179.91 2015  6  6  9 50   2457180.02 2015  6  6 12 24
 2457180.66 2015  6  7  3 45   2457180.76 2015  6  7  6 19   2457180.87 2015  6  7  8 53
 2457181.51 2015  6  8  0 14   2457181.62 2015  6  8  2 48   2457181.72 2015  6  8  5 23
 2457182.36 2015  6  8 20 44   2457182.47 2015  6  8 23 18   2457182.58 2015  6  9  1 52
 2457183.22 2015  6  9 17 13   2457183.32 2015  6  9 19 47   2457183.43 2015  6  9 22 21
 2457184.07 2015  6 10 13 42   2457184.18 2015  6 10 16 16   2457184.29 2015  6 10 18 50
 2457184.92 2015  6 11 10 11   2457185.03 2015  6 11 12 45   2457185.14 2015  6 11 15 19
 2457185.78 2015  6 12  6 40   2457185.89 2015  6 12  9 14   2457185.99 2015  6 12 11 49
 2457186.63 2015  6 13  3  9   2457186.74 2015  6 13  5 43   2457186.85 2015  6 13  8 18
 2457187.49 2015  6 13 23 38   2457187.59 2015  6 14  2 13   2457187.70 2015  6 14  4 47
 2457188.34 2015  6 14 20  7   2457188.45 2015  6 14 22 42   2457188.55 2015  6 15  1 16
 2457189.19 2015  6 15 16 37   2457189.30 2015  6 15 19 11   2457189.41 2015  6 15 21 45
 2457190.05 2015  6 16 13  6   2457190.15 2015  6 16 15 40   2457190.26 2015  6 16 18 14
 2457190.90 2015  6 17  9 35   2457191.01 2015  6 17 12  9   2457191.11 2015  6 17 14 44
 2457191.75 2015  6 18  6  4   2457191.86 2015  6 18  8 38   2457191.97 2015  6 18 11 13
 2457192.61 2015  6 19  2 33   2457192.71 2015  6 19  5  8   2457192.82 2015  6 19  7 42
 2457193.46 2015  6 19 23  2   2457193.57 2015  6 20  1 37   2457193.67 2015  6 20  4 11
 2457194.31 2015  6 20 19 31   2457194.42 2015  6 20 22  6   2457194.53 2015  6 21  0 40
 2457195.17 2015  6 21 16  0   2457195.27 2015  6 21 18 35   2457195.38 2015  6 21 21 10
 2457196.02 2015  6 22 12 30   2457196.13 2015  6 22 15  4   2457196.24 2015  6 22 17 39
 2457196.87 2015  6 23  8 59   2457196.98 2015  6 23 11 33   2457197.09 2015  6 23 14  8
 2457197.73 2015  6 24  5 28   2457197.84 2015  6 24  8  3   2457197.94 2015  6 24 10 37
 2457198.58 2015  6 25  1 57   2457198.69 2015  6 25  4 32   2457198.80 2015  6 25  7  6
 2457199.44 2015  6 25 22 26   2457199.54 2015  6 26  1  1   2457199.65 2015  6 26  3 36
 2457200.29 2015  6 26 18 55   2457200.40 2015  6 26 21 30   2457200.50 2015  6 27  0  5
 2457201.14 2015  6 27 15 24   2457201.25 2015  6 27 17 59   2457201.36 2015  6 27 20 34
 2457202.00 2015  6 28 11 53   2457202.10 2015  6 28 14 28   2457202.21 2015  6 28 17  3
 2457202.85 2015  6 29  8 23   2457202.96 2015  6 29 10 58   2457203.06 2015  6 29 13 32
 2457203.70 2015  6 30  4 52   2457203.81 2015  6 30  7 27   2457203.92 2015  6 30 10  2
 2457204.56 2015  7  1  1 21   2457204.66 2015  7  1  3 56   2457204.77 2015  7  1  6 31
 2457205.41 2015  7  1 21 50   2457205.52 2015  7  2  0 25   2457205.63 2015  7  2  3  0
 2457206.26 2015  7  2 18 19   2457206.37 2015  7  2 20 54   2457206.48 2015  7  2 23 29
 2457207.12 2015  7  3 14 48   2457207.22 2015  7  3 17 23   2457207.33 2015  7  3 19 58
 2457207.97 2015  7  4 11 17   2457208.08 2015  7  4 13 53   2457208.19 2015  7  4 16 28
 2457208.82 2015  7  5  7 47   2457208.93 2015  7  5 10 22   2457209.04 2015  7  5 12 57
 2457209.68 2015  7  6  4 16   2457209.79 2015  7  6  6 51   2457209.89 2015  7  6  9 26
 2457210.53 2015  7  7  0 45   2457210.64 2015  7  7  3 20   2457210.75 2015  7  7  5 55
 2457211.38 2015  7  7 21 14   2457211.49 2015  7  7 23 49   2457211.60 2015  7  8  2 24
 2457212.24 2015  7  8 17 43   2457212.35 2015  7  8 20 18   2457212.45 2015  7  8 22 54
 2457213.09 2015  7  9 14 12   2457213.20 2015  7  9 16 47   2457213.31 2015  7  9 19 23
 2457213.95 2015  7 10 10 41   2457214.05 2015  7 10 13 17   2457214.16 2015  7 10 15 52
 2457214.80 2015  7 11  7 10   2457214.91 2015  7 11  9 46   2457215.02 2015  7 11 12 21
 2457215.65 2015  7 12  3 40   2457215.76 2015  7 12  6 15   2457215.87 2015  7 12  8 50
 2457216.51 2015  7 13  0  9   2457216.61 2015  7 13  2 44   2457216.72 2015  7 13  5 20
 2457217.36 2015  7 13 20 38   2457217.47 2015  7 13 23 13   2457217.58 2015  7 14  1 49
 2457218.21 2015  7 14 17  7   2457218.32 2015  7 14 19 42   2457218.43 2015  7 14 22 18
 2457219.07 2015  7 15 13 36   2457219.18 2015  7 15 16 12   2457219.28 2015  7 15 18 47
 2457219.92 2015  7 16 10  5   2457220.03 2015  7 16 12 41   2457220.14 2015  7 16 15 16
 2457220.77 2015  7 17  6 34   2457220.88 2015  7 17  9 10   2457220.99 2015  7 17 11 46
 2457221.63 2015  7 18  3  3   2457221.74 2015  7 18  5 39   2457221.84 2015  7 18  8 15
 2457222.48 2015  7 18 23 33   2457222.59 2015  7 19  2  8   2457222.70 2015  7 19  4 44
 2457223.33 2015  7 19 20  2   2457223.44 2015  7 19 22 37   2457223.55 2015  7 20  1 13
 2457224.19 2015  7 20 16 31   2457224.30 2015  7 20 19  7   2457224.40 2015  7 20 21 42
 2457225.04 2015  7 21 13  0   2457225.15 2015  7 21 15 36   2457225.26 2015  7 21 18 12
 2457225.90 2015  7 22  9 29   2457226.00 2015  7 22 12  5   2457226.11 2015  7 22 14 41
 2457226.75 2015  7 23  5 58   2457226.86 2015  7 23  8 34   2457226.97 2015  7 23 11 10
 2457227.60 2015  7 24  2 27   2457227.71 2015  7 24  5  3   2457227.82 2015  7 24  7 39
 2457228.46 2015  7 24 22 56   2457228.56 2015  7 25  1 32   2457228.67 2015  7 25  4  8
 2457229.31 2015  7 25 19 26   2457229.42 2015  7 25 22  2   2457229.53 2015  7 26  0 38
 2457230.16 2015  7 26 15 55   2457230.27 2015  7 26 18 31   2457230.38 2015  7 26 21  7
 2457231.02 2015  7 27 12 24   2457231.13 2015  7 27 15  0   2457231.23 2015  7 27 17 36
 2457231.87 2015  7 28  8 53   2457231.98 2015  7 28 11 29   2457232.09 2015  7 28 14  5
 2457232.72 2015  7 29  5 22   2457232.83 2015  7 29  7 58   2457232.94 2015  7 29 10 34
 2457233.58 2015  7 30  1 51   2457233.69 2015  7 30  4 27   2457233.79 2015  7 30  7  4
 2457234.43 2015  7 30 22 20   2457234.54 2015  7 31  0 57   2457234.65 2015  7 31  3 33
 2457235.28 2015  7 31 18 49   2457235.39 2015  7 31 21 26   2457235.50 2015  8  1  0  2
 2457236.14 2015  8  1 15 19   2457236.25 2015  8  1 17 55   2457236.36 2015  8  1 20 31
 2457236.99 2015  8  2 11 48   2457237.10 2015  8  2 14 24   2457237.21 2015  8  2 17  0
 2457237.85 2015  8  3  8 17   2457237.95 2015  8  3 10 53   2457238.06 2015  8  3 13 30
 2457238.70 2015  8  4  4 46   2457238.81 2015  8  4  7 22   2457238.92 2015  8  4  9 59
 2457239.55 2015  8  5  1 15   2457239.66 2015  8  5  3 52   2457239.77 2015  8  5  6 28
 2457240.41 2015  8  5 21 44   2457240.51 2015  8  6  0 21   2457240.62 2015  8  6  2 57
 2457241.26 2015  8  6 18 13   2457241.37 2015  8  6 20 50   2457241.48 2015  8  6 23 26
 2457242.11 2015  8  7 14 42   2457242.22 2015  8  7 17 19   2457242.33 2015  8  7 19 56
 2457242.97 2015  8  8 11 12   2457243.08 2015  8  8 13 48   2457243.18 2015  8  8 16 25
 2457243.82 2015  8  9  7 41   2457243.93 2015  8  9 10 17   2457244.04 2015  8  9 12 54
 2457244.67 2015  8 10  4 10   2457244.78 2015  8 10  6 46   2457244.89 2015  8 10  9 23
 2457245.53 2015  8 11  0 39   2457245.64 2015  8 11  3 16   2457245.74 2015  8 11  5 52
 2457246.38 2015  8 11 21  8   2457246.49 2015  8 11 23 45   2457246.60 2015  8 12  2 21
 2457247.23 2015  8 12 17 37   2457247.34 2015  8 12 20 14   2457247.45 2015  8 12 22 51
 2457248.09 2015  8 13 14  6   2457248.20 2015  8 13 16 43   2457248.31 2015  8 13 19 20
 2457248.94 2015  8 14 10 36   2457249.05 2015  8 14 13 12   2457249.16 2015  8 14 15 49
 2457249.80 2015  8 15  7  5   2457249.90 2015  8 15  9 41   2457250.01 2015  8 15 12 18
 2457250.65 2015  8 16  3 34   2457250.76 2015  8 16  6 11   2457250.87 2015  8 16  8 47
 2457251.50 2015  8 17  0  3   2457251.61 2015  8 17  2 40   2457251.72 2015  8 17  5 17
 2457252.36 2015  8 17 20 32   2457252.46 2015  8 17 23  9   2457252.57 2015  8 18  1 46
 2457253.21 2015  8 18 17  1   2457253.32 2015  8 18 19 38   2457253.43 2015  8 18 22 15
 2457254.06 2015  8 19 13 30   2457254.17 2015  8 19 16  7   2457254.28 2015  8 19 18 44
 2457254.92 2015  8 20  9 59   2457255.03 2015  8 20 12 36   2457255.13 2015  8 20 15 13
 2457255.77 2015  8 21  6 29   2457255.88 2015  8 21  9  6   2457255.99 2015  8 21 11 43
 2457256.62 2015  8 22  2 58   2457256.73 2015  8 22  5 35   2457256.84 2015  8 22  8 12
 2457257.48 2015  8 22 23 27   2457257.59 2015  8 23  2  4   2457257.70 2015  8 23  4 41
 2457258.33 2015  8 23 19 56   2457258.44 2015  8 23 22 33   2457258.55 2015  8 24  1 10
 2457259.18 2015  8 24 16 25   2457259.29 2015  8 24 19  2   2457259.40 2015  8 24 21 39
 2457260.04 2015  8 25 12 54   2457260.15 2015  8 25 15 31   2457260.26 2015  8 25 18  9
 2457260.89 2015  8 26  9 23   2457261.00 2015  8 26 12  1   2457261.11 2015  8 26 14 38
 2457261.75 2015  8 27  5 52   2457261.85 2015  8 27  8 30   2457261.96 2015  8 27 11  7
 2457262.60 2015  8 28  2 22   2457262.71 2015  8 28  4 59   2457262.82 2015  8 28  7 36
 2457263.45 2015  8 28 22 51   2457263.56 2015  8 29  1 28   2457263.67 2015  8 29  4  5
 2457264.31 2015  8 29 19 20   2457264.42 2015  8 29 21 57   2457264.52 2015  8 30  0 35
 2457265.16 2015  8 30 15 49   2457265.27 2015  8 30 18 26   2457265.38 2015  8 30 21  4
 2457266.01 2015  8 31 12 18   2457266.12 2015  8 31 14 56   2457266.23 2015  8 31 17 33
 2457266.87 2015  9  1  8 47   2457266.98 2015  9  1 11 25   2457267.09 2015  9  1 14  2
 2457267.72 2015  9  2  5 16   2457267.83 2015  9  2  7 54   2457267.94 2015  9  2 10 31
 2457268.57 2015  9  3  1 45   2457268.68 2015  9  3  4 23   2457268.79 2015  9  3  7  1
 2457269.43 2015  9  3 22 15   2457269.54 2015  9  4  0 52   2457269.65 2015  9  4  3 30
 2457270.28 2015  9  4 18 44   2457270.39 2015  9  4 21 21   2457270.50 2015  9  4 23 59
 2457271.13 2015  9  5 15 13   2457271.24 2015  9  5 17 51   2457271.35 2015  9  5 20 28
 2457271.99 2015  9  6 11 42   2457272.10 2015  9  6 14 20   2457272.21 2015  9  6 16 57
 2457272.84 2015  9  7  8 11   2457272.95 2015  9  7 10 49   2457273.06 2015  9  7 13 27
 2457273.69 2015  9  8  4 40   2457273.80 2015  9  8  7 18   2457273.91 2015  9  8  9 56
 2457274.55 2015  9  9  1  9   2457274.66 2015  9  9  3 47   2457274.77 2015  9  9  6 25
 2457275.40 2015  9  9 21 38   2457275.51 2015  9 10  0 16   2457275.62 2015  9 10  2 54
 2457276.26 2015  9 10 18  8   2457276.37 2015  9 10 20 45   2457276.47 2015  9 10 23 23
 2457277.11 2015  9 11 14 37   2457277.22 2015  9 11 17 15   2457277.33 2015  9 11 19 53
 2457277.96 2015  9 12 11  6   2457278.07 2015  9 12 13 44   2457278.18 2015  9 12 16 22
 2457278.82 2015  9 13  7 35   2457278.93 2015  9 13 10 13   2457279.04 2015  9 13 12 51
 2457279.67 2015  9 14  4  4   2457279.78 2015  9 14  6 42   2457279.89 2015  9 14  9 20
 2457280.52 2015  9 15  0 33   2457280.63 2015  9 15  3 11   2457280.74 2015  9 15  5 49
 2457281.38 2015  9 15 21  2   2457281.49 2015  9 15 23 40   2457281.60 2015  9 16  2 19
 2457282.23 2015  9 16 17 32   2457282.34 2015  9 16 20 10   2457282.45 2015  9 16 22 48
 2457283.08 2015  9 17 14  1   2457283.19 2015  9 17 16 39   2457283.30 2015  9 17 19 17
 2457283.94 2015  9 18 10 30   2457284.05 2015  9 18 13  8   2457284.16 2015  9 18 15 46
 2457284.79 2015  9 19  6 59   2457284.90 2015  9 19  9 37   2457285.01 2015  9 19 12 15
 2457285.64 2015  9 20  3 28   2457285.75 2015  9 20  6  6   2457285.86 2015  9 20  8 45
 2457286.50 2015  9 20 23 57   2457286.61 2015  9 21  2 35   2457286.72 2015  9 21  5 14
 2457287.35 2015  9 21 20 26   2457287.46 2015  9 21 23  5   2457287.57 2015  9 22  1 43
 2457288.21 2015  9 22 16 55   2457288.32 2015  9 22 19 34   2457288.43 2015  9 22 22 12
 2457289.06 2015  9 23 13 25   2457289.17 2015  9 23 16  3   2457289.28 2015  9 23 18 41
 2457289.91 2015  9 24  9 54   2457290.02 2015  9 24 12 32   2457290.13 2015  9 24 15 11
 2457290.77 2015  9 25  6 23   2457290.88 2015  9 25  9  1   2457290.99 2015  9 25 11 40
 2457291.62 2015  9 26  2 52   2457291.73 2015  9 26  5 30   2457291.84 2015  9 26  8  9
 2457292.47 2015  9 26 23 21   2457292.58 2015  9 27  2  0   2457292.69 2015  9 27  4 38
 2457293.33 2015  9 27 19 50   2457293.44 2015  9 27 22 29   2457293.55 2015  9 28  1  7
 2457294.18 2015  9 28 16 19   2457294.29 2015  9 28 18 58   2457294.40 2015  9 28 21 37
 2457295.03 2015  9 29 12 48   2457295.14 2015  9 29 15 27   2457295.25 2015  9 29 18  6
 2457295.89 2015  9 30  9 18   2457296.00 2015  9 30 11 56   2457296.11 2015  9 30 14 35
 2457296.74 2015 10  1  5 47   2457296.85 2015 10  1  8 25   2457296.96 2015 10  1 11  4
 2457297.59 2015 10  2  2 16   2457297.70 2015 10  2  4 55   2457297.82 2015 10  2  7 33
 2457298.45 2015 10  2 22 45   2457298.56 2015 10  3  1 24   2457298.67 2015 10  3  4  3
 2457299.30 2015 10  3 19 14   2457299.41 2015 10  3 21 53   2457299.52 2015 10  4  0 32
 2457300.16 2015 10  4 15 43   2457300.27 2015 10  4 18 22   2457300.38 2015 10  4 21  1
 2457301.01 2015 10  5 12 12   2457301.12 2015 10  5 14 51   2457301.23 2015 10  5 17 30
 2457301.86 2015 10  6  8 41   2457301.97 2015 10  6 11 20   2457302.08 2015 10  6 13 59
 2457302.72 2015 10  7  5 11   2457302.83 2015 10  7  7 50   2457302.94 2015 10  7 10 28
 2457303.57 2015 10  8  1 40   2457303.68 2015 10  8  4 19   2457303.79 2015 10  8  6 58
 2457304.42 2015 10  8 22  9   2457304.53 2015 10  9  0 48   2457304.64 2015 10  9  3 27
 2457305.28 2015 10  9 18 38   2457305.39 2015 10  9 21 17   2457305.50 2015 10  9 23 56
 2457306.13 2015 10 10 15  7   2457306.24 2015 10 10 17 46   2457306.35 2015 10 10 20 25
 2457306.98 2015 10 11 11 36   2457307.09 2015 10 11 14 15   2457307.20 2015 10 11 16 54
 2457307.84 2015 10 12  8  5   2457307.95 2015 10 12 10 45   2457308.06 2015 10 12 13 24
 2457308.69 2015 10 13  4 34   2457308.80 2015 10 13  7 14   2457308.91 2015 10 13  9 53
 2457309.54 2015 10 14  1  4   2457309.66 2015 10 14  3 43   2457309.77 2015 10 14  6 22
 2457310.40 2015 10 14 21 33   2457310.51 2015 10 15  0 12   2457310.62 2015 10 15  2 51
 2457311.25 2015 10 15 18  2   2457311.36 2015 10 15 20 41   2457311.47 2015 10 15 23 20
 2457312.11 2015 10 16 14 31   2457312.22 2015 10 16 17 10   2457312.33 2015 10 16 19 50
 2457312.96 2015 10 17 11  0   2457313.07 2015 10 17 13 39   2457313.18 2015 10 17 16 19
 2457313.81 2015 10 18  7 29   2457313.92 2015 10 18 10  9   2457314.03 2015 10 18 12 48
 2457314.67 2015 10 19  3 58   2457314.78 2015 10 19  6 38   2457314.89 2015 10 19  9 17
 2457315.52 2015 10 20  0 27   2457315.63 2015 10 20  3  7   2457315.74 2015 10 20  5 46
 2457316.37 2015 10 20 20 57   2457316.48 2015 10 20 23 36   2457316.59 2015 10 21  2 16
 2457317.23 2015 10 21 17 26   2457317.34 2015 10 21 20  5   2457317.45 2015 10 21 22 45
 2457318.08 2015 10 22 13 55   2457318.19 2015 10 22 16 34   2457318.30 2015 10 22 19 14
 2457318.93 2015 10 23 10 24   2457319.04 2015 10 23 13  4   2457319.16 2015 10 23 15 43
 2457319.79 2015 10 24  6 53   2457319.90 2015 10 24  9 33   2457320.01 2015 10 24 12 12
 2457320.64 2015 10 25  3 22   2457320.75 2015 10 25  6  2   2457320.86 2015 10 25  8 42
 2457321.49 2015 10 25 23 51   2457321.61 2015 10 26  2 31   2457321.72 2015 10 26  5 11
 2457322.35 2015 10 26 20 21   2457322.46 2015 10 26 23  0   2457322.57 2015 10 27  1 40
 2457323.20 2015 10 27 16 50   2457323.31 2015 10 27 19 29   2457323.42 2015 10 27 22  9
 2457324.06 2015 10 28 13 19   2457324.17 2015 10 28 15 59   2457324.28 2015 10 28 18 38
 2457324.91 2015 10 29  9 48   2457325.02 2015 10 29 12 28   2457325.13 2015 10 29 15  8
 2457325.76 2015 10 30  6 17   2457325.87 2015 10 30  8 57   2457325.98 2015 10 30 11 37
 2457326.62 2015 10 31  2 46   2457326.73 2015 10 31  5 26   2457326.84 2015 10 31  8  6
 2457327.47 2015 10 31 23 15   2457327.58 2015 11  1  1 55   2457327.69 2015 11  1  4 35
 2457328.32 2015 11  1 19 44   2457328.43 2015 11  1 22 24   2457328.55 2015 11  2  1  4
 2457329.18 2015 11  2 16 14   2457329.29 2015 11  2 18 54   2457329.40 2015 11  2 21 34
 2457330.03 2015 11  3 12 43   2457330.14 2015 11  3 15 23   2457330.25 2015 11  3 18  3
 2457330.88 2015 11  4  9 12   2457330.99 2015 11  4 11 52   2457331.11 2015 11  4 14 32
 2457331.74 2015 11  5  5 41   2457331.85 2015 11  5  8 21   2457331.96 2015 11  5 11  1
 2457332.59 2015 11  6  2 10   2457332.70 2015 11  6  4 50   2457332.81 2015 11  6  7 30
 2457333.44 2015 11  6 22 39   2457333.56 2015 11  7  1 19   2457333.67 2015 11  7  4  0
 2457334.30 2015 11  7 19  8   2457334.41 2015 11  7 21 49   2457334.52 2015 11  8  0 29
 2457335.15 2015 11  8 15 37   2457335.26 2015 11  8 18 18   2457335.37 2015 11  8 20 58
 2457336.00 2015 11  9 12  7   2457336.12 2015 11  9 14 47   2457336.23 2015 11  9 17 27
 2457336.86 2015 11 10  8 36   2457336.97 2015 11 10 11 16   2457337.08 2015 11 10 13 56
 2457337.71 2015 11 11  5  5   2457337.82 2015 11 11  7 45   2457337.93 2015 11 11 10 26
 2457338.57 2015 11 12  1 34   2457338.68 2015 11 12  4 14   2457338.79 2015 11 12  6 55
 2457339.42 2015 11 12 22  3   2457339.53 2015 11 13  0 44   2457339.64 2015 11 13  3 24
 2457340.27 2015 11 13 18 32   2457340.38 2015 11 13 21 13   2457340.50 2015 11 13 23 53
 2457341.13 2015 11 14 15  1   2457341.24 2015 11 14 17 42   2457341.35 2015 11 14 20 22
 2457341.98 2015 11 15 11 30   2457342.09 2015 11 15 14 11   2457342.20 2015 11 15 16 52
 2457342.83 2015 11 16  8  0   2457342.94 2015 11 16 10 40   2457343.06 2015 11 16 13 21
 2457343.69 2015 11 17  4 29   2457343.80 2015 11 17  7  9   2457343.91 2015 11 17  9 50
 2457344.54 2015 11 18  0 58   2457344.65 2015 11 18  3 38   2457344.76 2015 11 18  6 19
 2457345.39 2015 11 18 21 27   2457345.51 2015 11 19  0  8   2457345.62 2015 11 19  2 48
 2457346.25 2015 11 19 17 56   2457346.36 2015 11 19 20 37   2457346.47 2015 11 19 23 18
 2457347.10 2015 11 20 14 25   2457347.21 2015 11 20 17  6   2457347.32 2015 11 20 19 47
 2457347.95 2015 11 21 10 54   2457348.07 2015 11 21 13 35   2457348.18 2015 11 21 16 16
 2457348.81 2015 11 22  7 23   2457348.92 2015 11 22 10  4   2457349.03 2015 11 22 12 45
 2457349.66 2015 11 23  3 53   2457349.77 2015 11 23  6 33   2457349.89 2015 11 23  9 14
 2457350.52 2015 11 24  0 22   2457350.63 2015 11 24  3  3   2457350.74 2015 11 24  5 44
 2457351.37 2015 11 24 20 51   2457351.48 2015 11 24 23 32   2457351.59 2015 11 25  2 13
 2457352.22 2015 11 25 17 20   2457352.33 2015 11 25 20  1   2457352.45 2015 11 25 22 42
 2457353.08 2015 11 26 13 49   2457353.19 2015 11 26 16 30   2457353.30 2015 11 26 19 11
 2457353.93 2015 11 27 10 18   2457354.04 2015 11 27 12 59   2457354.15 2015 11 27 15 40
 2457354.78 2015 11 28  6 47   2457354.90 2015 11 28  9 28   2457355.01 2015 11 28 12 10
 2457355.64 2015 11 29  3 16   2457355.75 2015 11 29  5 58   2457355.86 2015 11 29  8 39
 2457356.49 2015 11 29 23 46   2457356.60 2015 11 30  2 27   2457356.71 2015 11 30  5  8
 2457357.34 2015 11 30 20 15   2457357.46 2015 11 30 22 56   2457357.57 2015 12  1  1 37
 2457358.20 2015 12  1 16 44   2457358.31 2015 12  1 19 25   2457358.42 2015 12  1 22  6
 2457359.05 2015 12  2 13 13   2457359.16 2015 12  2 15 54   2457359.27 2015 12  2 18 35
 2457359.90 2015 12  3  9 42   2457360.02 2015 12  3 12 23   2457360.13 2015 12  3 15  5
 2457360.76 2015 12  4  6 11   2457360.87 2015 12  4  8 53   2457360.98 2015 12  4 11 34
 2457361.61 2015 12  5  2 40   2457361.72 2015 12  5  5 22   2457361.84 2015 12  5  8  3
 2457362.47 2015 12  5 23 10   2457362.58 2015 12  6  1 51   2457362.69 2015 12  6  4 32
 2457363.32 2015 12  6 19 39   2457363.43 2015 12  6 22 20   2457363.54 2015 12  7  1  1
 2457364.17 2015 12  7 16  8   2457364.28 2015 12  7 18 49   2457364.40 2015 12  7 21 31
 2457365.03 2015 12  8 12 37   2457365.14 2015 12  8 15 18   2457365.25 2015 12  8 18  0
 2457365.88 2015 12  9  9  6   2457365.99 2015 12  9 11 48   2457366.10 2015 12  9 14 29
 2457366.73 2015 12 10  5 35   2457366.85 2015 12 10  8 17   2457366.96 2015 12 10 10 58
 2457367.59 2015 12 11  2  4   2457367.70 2015 12 11  4 46   2457367.81 2015 12 11  7 27
 2457368.44 2015 12 11 22 33   2457368.55 2015 12 12  1 15   2457368.66 2015 12 12  3 57
 2457369.29 2015 12 12 19  3   2457369.41 2015 12 12 21 44   2457369.52 2015 12 13  0 26
 2457370.15 2015 12 13 15 32   2457370.26 2015 12 13 18 13   2457370.37 2015 12 13 20 55
 2457371.00 2015 12 14 12  1   2457371.11 2015 12 14 14 43   2457371.23 2015 12 14 17 24
 2457371.85 2015 12 15  8 30   2457371.97 2015 12 15 11 12   2457372.08 2015 12 15 13 53
 2457372.71 2015 12 16  4 59   2457372.82 2015 12 16  7 41   2457372.93 2015 12 16 10 23
 2457373.56 2015 12 17  1 28   2457373.67 2015 12 17  4 10   2457373.79 2015 12 17  6 52
 2457374.42 2015 12 17 21 57   2457374.53 2015 12 18  0 39   2457374.64 2015 12 18  3 21
 2457375.27 2015 12 18 18 26   2457375.38 2015 12 18 21  8   2457375.49 2015 12 18 23 50
 2457376.12 2015 12 19 14 56   2457376.23 2015 12 19 17 37   2457376.35 2015 12 19 20 19
 2457376.98 2015 12 20 11 25   2457377.09 2015 12 20 14  7   2457377.20 2015 12 20 16 49
 2457377.83 2015 12 21  7 54   2457377.94 2015 12 21 10 36   2457378.05 2015 12 21 13 18
 2457378.68 2015 12 22  4 23   2457378.80 2015 12 22  7  5   2457378.91 2015 12 22  9 47
 2457379.54 2015 12 23  0 52   2457379.65 2015 12 23  3 34   2457379.76 2015 12 23  6 16
 2457380.39 2015 12 23 21 21   2457380.50 2015 12 24  0  3   2457380.62 2015 12 24  2 45
 2457381.24 2015 12 24 17 50   2457381.36 2015 12 24 20 32   2457381.47 2015 12 24 23 15
 2457382.10 2015 12 25 14 19   2457382.21 2015 12 25 17  2   2457382.32 2015 12 25 19 44
 2457382.95 2015 12 26 10 49   2457383.06 2015 12 26 13 31   2457383.18 2015 12 26 16 13
 2457383.80 2015 12 27  7 18   2457383.92 2015 12 27 10  0   2457384.03 2015 12 27 12 42
 2457384.66 2015 12 28  3 47   2457384.77 2015 12 28  6 29   2457384.88 2015 12 28  9 11
 2457385.51 2015 12 29  0 16   2457385.62 2015 12 29  2 58   2457385.74 2015 12 29  5 41
 2457386.37 2015 12 29 20 45   2457386.48 2015 12 29 23 27   2457386.59 2015 12 30  2 10
 2457387.22 2015 12 30 17 14   2457387.33 2015 12 30 19 57   2457387.44 2015 12 30 22 39
 2457388.07 2015 12 31 13 43   2457388.18 2015 12 31 16 26   2457388.30 2015 12 31 19  8
 2457388.93 2016  1  1 10 12   2457389.04 2016  1  1 12 55   2457389.15 2016  1  1 15 37
 2457389.78 2016  1  2  6 42   2457389.89 2016  1  2  9 24   2457390.00 2016  1  2 12  7
 2457390.63 2016  1  3  3 11   2457390.75 2016  1  3  5 53   2457390.86 2016  1  3  8 36
 2457391.49 2016  1  3 23 40   2457391.60 2016  1  4  2 22   2457391.71 2016  1  4  5  5
 2457392.34 2016  1  4 20  9   2457392.45 2016  1  4 22 52   2457392.57 2016  1  5  1 34
 2457393.19 2016  1  5 16 38   2457393.31 2016  1  5 19 21   2457393.42 2016  1  5 22  3
 2457394.05 2016  1  6 13  7   2457394.16 2016  1  6 15 50   2457394.27 2016  1  6 18 33
 2457394.90 2016  1  7  9 36   2457395.01 2016  1  7 12 19   2457395.13 2016  1  7 15  2
 2457395.75 2016  1  8  6  6   2457395.87 2016  1  8  8 48   2457395.98 2016  1  8 11 31
 2457396.61 2016  1  9  2 35   2457396.72 2016  1  9  5 17   2457396.83 2016  1  9  8  0
 2457397.46 2016  1  9 23  4   2457397.57 2016  1 10  1 47   2457397.69 2016  1 10  4 29
 2457398.31 2016  1 10 19 33   2457398.43 2016  1 10 22 16   2457398.54 2016  1 11  0 59
 2457399.17 2016  1 11 16  2   2457399.28 2016  1 11 18 45   2457399.39 2016  1 11 21 28
 2457400.02 2016  1 12 12 31   2457400.14 2016  1 12 15 14   2457400.25 2016  1 12 17 57
 2457400.88 2016  1 13  9  0   2457400.99 2016  1 13 11 43   2457401.10 2016  1 13 14 26
 2457401.73 2016  1 14  5 29   2457401.84 2016  1 14  8 12   2457401.96 2016  1 14 10 55
 2457402.58 2016  1 15  1 59   2457402.70 2016  1 15  4 42   2457402.81 2016  1 15  7 25
 2457403.44 2016  1 15 22 28   2457403.55 2016  1 16  1 11   2457403.66 2016  1 16  3 54
 2457404.29 2016  1 16 18 57   2457404.40 2016  1 16 21 40   2457404.52 2016  1 17  0 23
 2457405.14 2016  1 17 15 26   2457405.26 2016  1 17 18  9   2457405.37 2016  1 17 20 52
 2457406.00 2016  1 18 11 55   2457406.11 2016  1 18 14 38   2457406.22 2016  1 18 17 21
 2457406.85 2016  1 19  8 24   2457406.96 2016  1 19 11  7   2457407.08 2016  1 19 13 51
 2457407.70 2016  1 20  4 53   2457407.82 2016  1 20  7 37   2457407.93 2016  1 20 10 20
 2457408.56 2016  1 21  1 22   2457408.67 2016  1 21  4  6   2457408.78 2016  1 21  6 49
 2457409.41 2016  1 21 21 52   2457409.52 2016  1 22  0 35   2457409.64 2016  1 22  3 18
 2457410.26 2016  1 22 18 21   2457410.38 2016  1 22 21  4   2457410.49 2016  1 22 23 47
 2457411.12 2016  1 23 14 50   2457411.23 2016  1 23 17 33   2457411.35 2016  1 23 20 17
 2457411.97 2016  1 24 11 19   2457412.09 2016  1 24 14  2   2457412.20 2016  1 24 16 46
 2457412.83 2016  1 25  7 48   2457412.94 2016  1 25 10 31   2457413.05 2016  1 25 13 15
 2457413.68 2016  1 26  4 17   2457413.79 2016  1 26  7  1   2457413.91 2016  1 26  9 44
 2457414.53 2016  1 27  0 46   2457414.65 2016  1 27  3 30   2457414.76 2016  1 27  6 13
 2457415.39 2016  1 27 21 15   2457415.50 2016  1 27 23 59   2457415.61 2016  1 28  2 42
 2457416.24 2016  1 28 17 45   2457416.35 2016  1 28 20 28   2457416.47 2016  1 28 23 12
 2457417.09 2016  1 29 14 14   2457417.21 2016  1 29 16 57   2457417.32 2016  1 29 19 41
 2457417.95 2016  1 30 10 43   2457418.06 2016  1 30 13 26   2457418.17 2016  1 30 16 10
 2457418.80 2016  1 31  7 12   2457418.91 2016  1 31  9 56   2457419.03 2016  1 31 12 39
 2457419.65 2016  2  1  3 41   2457419.77 2016  2  1  6 25   2457419.88 2016  2  1  9  8
 2457420.51 2016  2  2  0 10   2457420.62 2016  2  2  2 54   2457420.73 2016  2  2  5 38
 2457421.36 2016  2  2 20 39   2457421.47 2016  2  2 23 23   2457421.59 2016  2  3  2  7
 2457422.21 2016  2  3 17  8   2457422.33 2016  2  3 19 52   2457422.44 2016  2  3 22 36
 2457423.07 2016  2  4 13 38   2457423.18 2016  2  4 16 21   2457423.30 2016  2  4 19  5
 2457423.92 2016  2  5 10  7   2457424.04 2016  2  5 12 51   2457424.15 2016  2  5 15 34
 2457424.78 2016  2  6  6 36   2457424.89 2016  2  6  9 20   2457425.00 2016  2  6 12  4
 2457425.63 2016  2  7  3  5   2457425.74 2016  2  7  5 49   2457425.86 2016  2  7  8 33
 2457426.48 2016  2  7 23 34   2457426.60 2016  2  8  2 18   2457426.71 2016  2  8  5  2
 2457427.34 2016  2  8 20  3   2457427.45 2016  2  8 22 47   2457427.56 2016  2  9  1 31
 2457428.19 2016  2  9 16 32   2457428.30 2016  2  9 19 16   2457428.42 2016  2  9 22  0
 2457429.04 2016  2 10 13  1   2457429.16 2016  2 10 15 46   2457429.27 2016  2 10 18 30
 2457429.90 2016  2 11  9 31   2457430.01 2016  2 11 12 15   2457430.12 2016  2 11 14 59
 2457430.75 2016  2 12  6  0   2457430.86 2016  2 12  8 44   2457430.98 2016  2 12 11 28
 2457431.60 2016  2 13  2 29   2457431.72 2016  2 13  5 13   2457431.83 2016  2 13  7 57
 2457432.46 2016  2 13 22 58   2457432.57 2016  2 14  1 42   2457432.69 2016  2 14  4 26
 2457433.31 2016  2 14 19 27   2457433.42 2016  2 14 22 11   2457433.54 2016  2 15  0 56
 2457434.16 2016  2 15 15 56   2457434.28 2016  2 15 18 41   2457434.39 2016  2 15 21 25
 2457435.02 2016  2 16 12 25   2457435.13 2016  2 16 15 10   2457435.25 2016  2 16 17 54
 2457435.87 2016  2 17  8 55   2457435.99 2016  2 17 11 39   2457436.10 2016  2 17 14 23
 2457436.73 2016  2 18  5 24   2457436.84 2016  2 18  8  8   2457436.95 2016  2 18 10 52
 2457437.58 2016  2 19  1 53   2457437.69 2016  2 19  4 37   2457437.81 2016  2 19  7 22
 2457438.43 2016  2 19 22 22   2457438.55 2016  2 20  1  6   2457438.66 2016  2 20  3 51
 2457439.29 2016  2 20 18 51   2457439.40 2016  2 20 21 36   2457439.51 2016  2 21  0 20
 2457440.14 2016  2 21 15 20   2457440.25 2016  2 21 18  5   2457440.37 2016  2 21 20 49
 2457440.99 2016  2 22 11 49   2457441.11 2016  2 22 14 34   2457441.22 2016  2 22 17 18
 2457441.85 2016  2 23  8 18   2457441.96 2016  2 23 11  3   2457442.08 2016  2 23 13 48
 2457442.70 2016  2 24  4 48   2457442.81 2016  2 24  7 32   2457442.93 2016  2 24 10 17
 2457443.55 2016  2 25  1 17   2457443.67 2016  2 25  4  1   2457443.78 2016  2 25  6 46
 2457444.41 2016  2 25 21 46   2457444.52 2016  2 26  0 30   2457444.64 2016  2 26  3 15
 2457445.26 2016  2 26 18 15   2457445.38 2016  2 26 21  0   2457445.49 2016  2 26 23 44
 2457446.11 2016  2 27 14 44   2457446.23 2016  2 27 17 29   2457446.34 2016  2 27 20 14
 2457446.97 2016  2 28 11 13   2457447.08 2016  2 28 13 58   2457447.20 2016  2 28 16 43
 2457447.82 2016  2 29  7 42   2457447.94 2016  2 29 10 27   2457448.05 2016  2 29 13 12
 2457448.67 2016  3  1  4 11   2457448.79 2016  3  1  6 56   2457448.90 2016  3  1  9 41
 2457449.53 2016  3  2  0 41   2457449.64 2016  3  2  3 25   2457449.76 2016  3  2  6 10
 2457450.38 2016  3  2 21 10   2457450.50 2016  3  2 23 55   2457450.61 2016  3  3  2 40
 2457451.24 2016  3  3 17 39   2457451.35 2016  3  3 20 24   2457451.46 2016  3  3 23  9
 2457452.09 2016  3  4 14  8   2457452.20 2016  3  4 16 53   2457452.32 2016  3  4 19 38
 2457452.94 2016  3  5 10 37   2457453.06 2016  3  5 13 22   2457453.17 2016  3  5 16  7
 2457453.80 2016  3  6  7  6   2457453.91 2016  3  6  9 51   2457454.03 2016  3  6 12 36
 2457454.65 2016  3  7  3 35   2457454.76 2016  3  7  6 20   2457454.88 2016  3  7  9  6
 2457455.50 2016  3  8  0  4   2457455.62 2016  3  8  2 50   2457455.73 2016  3  8  5 35
 2457456.36 2016  3  8 20 34   2457456.47 2016  3  8 23 19   2457456.59 2016  3  9  2  4
 2457457.21 2016  3  9 17  3   2457457.33 2016  3  9 19 48   2457457.44 2016  3  9 22 33
 2457458.06 2016  3 10 13 32   2457458.18 2016  3 10 16 17   2457458.29 2016  3 10 19  2
 2457458.92 2016  3 11 10  1   2457459.03 2016  3 11 12 46   2457459.15 2016  3 11 15 32
 2457459.77 2016  3 12  6 30   2457459.89 2016  3 12  9 15   2457460.00 2016  3 12 12  1
 2457460.62 2016  3 13  2 59   2457460.74 2016  3 13  5 45   2457460.85 2016  3 13  8 30
 2457461.48 2016  3 13 23 28   2457461.59 2016  3 14  2 14   2457461.71 2016  3 14  4 59
 2457462.33 2016  3 14 19 57   2457462.45 2016  3 14 22 43   2457462.56 2016  3 15  1 28
 2457463.19 2016  3 15 16 27   2457463.30 2016  3 15 19 12   2457463.42 2016  3 15 21 58
 2457464.04 2016  3 16 12 56   2457464.15 2016  3 16 15 41   2457464.27 2016  3 16 18 27
 2457464.89 2016  3 17  9 25   2457465.01 2016  3 17 12 10   2457465.12 2016  3 17 14 56
 2457465.75 2016  3 18  5 54   2457465.86 2016  3 18  8 40   2457465.98 2016  3 18 11 25
 2457466.60 2016  3 19  2 23   2457466.71 2016  3 19  5  9   2457466.83 2016  3 19  7 54
 2457467.45 2016  3 19 22 52   2457467.57 2016  3 20  1 38   2457467.68 2016  3 20  4 24
 2457468.31 2016  3 20 19 21   2457468.42 2016  3 20 22  7   2457468.54 2016  3 21  0 53
 2457469.16 2016  3 21 15 51   2457469.28 2016  3 21 18 36   2457469.39 2016  3 21 21 22
 2457470.01 2016  3 22 12 20   2457470.13 2016  3 22 15  5   2457470.24 2016  3 22 17 51
 2457470.87 2016  3 23  8 49   2457470.98 2016  3 23 11 35   2457471.10 2016  3 23 14 20
 2457471.72 2016  3 24  5 18   2457471.84 2016  3 24  8  4   2457471.95 2016  3 24 10 49
 2457472.57 2016  3 25  1 47   2457472.69 2016  3 25  4 33   2457472.80 2016  3 25  7 19
 2457473.43 2016  3 25 22 16   2457473.54 2016  3 26  1  2   2457473.66 2016  3 26  3 48
 2457474.28 2016  3 26 18 45   2457474.40 2016  3 26 21 31   2457474.51 2016  3 27  0 17
 2457475.14 2016  3 27 15 14   2457475.25 2016  3 27 18  0   2457475.37 2016  3 27 20 46
 2457475.99 2016  3 28 11 44   2457476.10 2016  3 28 14 29   2457476.22 2016  3 28 17 15
 2457476.84 2016  3 29  8 13   2457476.96 2016  3 29 10 59   2457477.07 2016  3 29 13 45
 2457477.70 2016  3 30  4 42   2457477.81 2016  3 30  7 28   2457477.93 2016  3 30 10 14
 2457478.55 2016  3 31  1 11   2457478.66 2016  3 31  3 57   2457478.78 2016  3 31  6 43
 2457479.40 2016  3 31 21 40   2457479.52 2016  4  1  0 26   2457479.63 2016  4  1  3 12
 2457480.26 2016  4  1 18  9   2457480.37 2016  4  1 20 55   2457480.49 2016  4  1 23 41
 2457481.11 2016  4  2 14 38   2457481.23 2016  4  2 17 24   2457481.34 2016  4  2 20 11
 2457481.96 2016  4  3 11  7   2457482.08 2016  4  3 13 54   2457482.19 2016  4  3 16 40
 2457482.82 2016  4  4  7 37   2457482.93 2016  4  4 10 23   2457483.05 2016  4  4 13  9
 2457483.67 2016  4  5  4  6   2457483.79 2016  4  5  6 52   2457483.90 2016  4  5  9 38
 2457484.52 2016  4  6  0 35   2457484.64 2016  4  6  3 21   2457484.76 2016  4  6  6  7
 2457485.38 2016  4  6 21  4   2457485.49 2016  4  6 23 50   2457485.61 2016  4  7  2 37
 2457486.23 2016  4  7 17 33   2457486.35 2016  4  7 20 19   2457486.46 2016  4  7 23  6
 2457487.09 2016  4  8 14  2   2457487.20 2016  4  8 16 49   2457487.32 2016  4  8 19 35
 2457487.94 2016  4  9 10 31   2457488.05 2016  4  9 13 18   2457488.17 2016  4  9 16  4
 2457488.79 2016  4 10  7  0   2457488.91 2016  4 10  9 47   2457489.02 2016  4 10 12 33
 2457489.65 2016  4 11  3 30   2457489.76 2016  4 11  6 16   2457489.88 2016  4 11  9  3
 2457490.50 2016  4 11 23 59   2457490.62 2016  4 12  2 45   2457490.73 2016  4 12  5 32
 2457491.35 2016  4 12 20 28   2457491.47 2016  4 12 23 14   2457491.58 2016  4 13  2  1
 2457492.21 2016  4 13 16 57   2457492.32 2016  4 13 19 44   2457492.44 2016  4 13 22 30
 2457493.06 2016  4 14 13 26   2457493.18 2016  4 14 16 13   2457493.29 2016  4 14 18 59
 2457493.91 2016  4 15  9 55   2457494.03 2016  4 15 12 42   2457494.15 2016  4 15 15 29
 2457494.77 2016  4 16  6 24   2457494.88 2016  4 16  9 11   2457495.00 2016  4 16 11 58
 2457495.62 2016  4 17  2 53   2457495.74 2016  4 17  5 40   2457495.85 2016  4 17  8 27
 2457496.47 2016  4 17 23 23   2457496.59 2016  4 18  2  9   2457496.71 2016  4 18  4 56
 2457497.33 2016  4 18 19 52   2457497.44 2016  4 18 22 39   2457497.56 2016  4 19  1 25
 2457498.18 2016  4 19 16 21   2457498.30 2016  4 19 19  8   2457498.41 2016  4 19 21 55
 2457499.04 2016  4 20 12 50   2457499.15 2016  4 20 15 37   2457499.27 2016  4 20 18 24
 2457499.89 2016  4 21  9 19   2457500.00 2016  4 21 12  6   2457500.12 2016  4 21 14 53
 2457500.74 2016  4 22  5 48   2457500.86 2016  4 22  8 35   2457500.97 2016  4 22 11 22
 2457501.60 2016  4 23  2 17   2457501.71 2016  4 23  5  4   2457501.83 2016  4 23  7 51
 2457502.45 2016  4 23 22 46   2457502.57 2016  4 24  1 34   2457502.68 2016  4 24  4 21
 2457503.30 2016  4 24 19 16   2457503.42 2016  4 24 22  3   2457503.53 2016  4 25  0 50
 2457504.16 2016  4 25 15 45   2457504.27 2016  4 25 18 32   2457504.39 2016  4 25 21 19
 2457505.01 2016  4 26 12 14   2457505.13 2016  4 26 15  1   2457505.24 2016  4 26 17 48
 2457505.86 2016  4 27  8 43   2457505.98 2016  4 27 11 30   2457506.10 2016  4 27 14 17
 2457506.72 2016  4 28  5 12   2457506.83 2016  4 28  7 59   2457506.95 2016  4 28 10 47
 2457507.57 2016  4 29  1 41   2457507.69 2016  4 29  4 29   2457507.80 2016  4 29  7 16
 2457508.42 2016  4 29 22 10   2457508.54 2016  4 30  0 58   2457508.66 2016  4 30  3 45
 2457509.28 2016  4 30 18 40   2457509.39 2016  4 30 21 27   2457509.51 2016  5  1  0 14
 2457510.13 2016  5  1 15  9   2457510.25 2016  5  1 17 56   2457510.36 2016  5  1 20 43
 2457510.98 2016  5  2 11 38   2457511.10 2016  5  2 14 25   2457511.22 2016  5  2 17 13
 2457511.84 2016  5  3  8  7   2457511.95 2016  5  3 10 54   2457512.07 2016  5  3 13 42
 2457512.69 2016  5  4  4 36   2457512.81 2016  5  4  7 23   2457512.92 2016  5  4 10 11
 2457513.55 2016  5  5  1  5   2457513.66 2016  5  5  3 53   2457513.78 2016  5  5  6 40
 2457514.40 2016  5  5 21 34   2457514.52 2016  5  6  0 22   2457514.63 2016  5  6  3  9
 2457515.25 2016  5  6 18  3   2457515.37 2016  5  6 20 51   2457515.49 2016  5  6 23 39
 2457516.11 2016  5  7 14 33   2457516.22 2016  5  7 17 20   2457516.34 2016  5  7 20  8
 2457516.96 2016  5  8 11  2   2457517.08 2016  5  8 13 49   2457517.19 2016  5  8 16 37
 2457517.81 2016  5  9  7 31   2457517.93 2016  5  9 10 18   2457518.05 2016  5  9 13  6
 2457518.67 2016  5 10  4  0   2457518.78 2016  5 10  6 48   2457518.90 2016  5 10  9 35
 2457519.52 2016  5 11  0 29   2457519.64 2016  5 11  3 17   2457519.75 2016  5 11  6  5
 2457520.37 2016  5 11 20 58   2457520.49 2016  5 11 23 46   2457520.61 2016  5 12  2 34
 2457521.23 2016  5 12 17 27   2457521.34 2016  5 12 20 15   2457521.46 2016  5 12 23  3
 2457522.08 2016  5 13 13 56   2457522.20 2016  5 13 16 44   2457522.31 2016  5 13 19 32
 2457522.93 2016  5 14 10 26   2457523.05 2016  5 14 13 13   2457523.17 2016  5 14 16  1
 2457523.79 2016  5 15  6 55   2457523.90 2016  5 15  9 43   2457524.02 2016  5 15 12 31
 2457524.64 2016  5 16  3 24   2457524.76 2016  5 16  6 12   2457524.88 2016  5 16  9  0
 2457525.50 2016  5 16 23 53   2457525.61 2016  5 17  2 41   2457525.73 2016  5 17  5 29
 2457526.35 2016  5 17 20 22   2457526.47 2016  5 17 23 10   2457526.58 2016  5 18  1 58
 2457527.20 2016  5 18 16 51   2457527.32 2016  5 18 19 39   2457527.44 2016  5 18 22 27
 2457528.06 2016  5 19 13 20   2457528.17 2016  5 19 16  8   2457528.29 2016  5 19 18 56
 2457528.91 2016  5 20  9 49   2457529.03 2016  5 20 12 38   2457529.14 2016  5 20 15 26
 2457529.76 2016  5 21  6 19   2457529.88 2016  5 21  9  7   2457530.00 2016  5 21 11 55
 2457530.62 2016  5 22  2 48   2457530.73 2016  5 22  5 36   2457530.85 2016  5 22  8 24
 2457531.47 2016  5 22 23 17   2457531.59 2016  5 23  2  5   2457531.70 2016  5 23  4 53
 2457532.32 2016  5 23 19 46   2457532.44 2016  5 23 22 34   2457532.56 2016  5 24  1 22
 2457533.18 2016  5 24 16 15   2457533.29 2016  5 24 19  3   2457533.41 2016  5 24 21 52
 2457534.03 2016  5 25 12 44   2457534.15 2016  5 25 15 33   2457534.26 2016  5 25 18 21
 2457534.88 2016  5 26  9 13   2457535.00 2016  5 26 12  2   2457535.12 2016  5 26 14 50
 2457535.74 2016  5 27  5 42   2457535.86 2016  5 27  8 31   2457535.97 2016  5 27 11 19
 2457536.59 2016  5 28  2 12   2457536.71 2016  5 28  5  0   2457536.83 2016  5 28  7 48
 2457537.45 2016  5 28 22 41   2457537.56 2016  5 29  1 29   2457537.68 2016  5 29  4 18
 2457538.30 2016  5 29 19 10   2457538.42 2016  5 29 21 58   2457538.53 2016  5 30  0 47
 2457539.15 2016  5 30 15 39   2457539.27 2016  5 30 18 28   2457539.39 2016  5 30 21 16
 2457540.01 2016  5 31 12  8   2457540.12 2016  5 31 14 57   2457540.24 2016  5 31 17 45
 2457540.86 2016  6  1  8 37   2457540.98 2016  6  1 11 26   2457541.09 2016  6  1 14 14
 2457541.71 2016  6  2  5  6   2457541.83 2016  6  2  7 55   2457541.95 2016  6  2 10 44
 2457542.57 2016  6  3  1 35   2457542.68 2016  6  3  4 24   2457542.80 2016  6  3  7 13
 2457543.42 2016  6  3 22  5   2457543.54 2016  6  4  0 53   2457543.65 2016  6  4  3 42
 2457544.27 2016  6  4 18 34   2457544.39 2016  6  4 21 22   2457544.51 2016  6  5  0 11
 2457545.13 2016  6  5 15  3   2457545.24 2016  6  5 17 52   2457545.36 2016  6  5 20 40
 2457545.98 2016  6  6 11 32   2457546.10 2016  6  6 14 21   2457546.22 2016  6  6 17 10
 2457546.83 2016  6  7  8  1   2457546.95 2016  6  7 10 50   2457547.07 2016  6  7 13 39
 2457547.69 2016  6  8  4 30   2457547.81 2016  6  8  7 19   2457547.92 2016  6  8 10  8
 2457548.54 2016  6  9  0 59   2457548.66 2016  6  9  3 48   2457548.78 2016  6  9  6 37
 2457549.40 2016  6  9 21 29   2457549.51 2016  6 10  0 17   2457549.63 2016  6 10  3  6
 2457550.25 2016  6 10 17 58   2457550.37 2016  6 10 20 47   2457550.48 2016  6 10 23 36
 2457551.10 2016  6 11 14 27   2457551.22 2016  6 11 17 16   2457551.34 2016  6 11 20  5
 2457551.96 2016  6 12 10 56   2457552.07 2016  6 12 13 45   2457552.19 2016  6 12 16 34
 2457552.81 2016  6 13  7 25   2457552.93 2016  6 13 10 14   2457553.04 2016  6 13 13  3
 2457553.66 2016  6 14  3 54   2457553.78 2016  6 14  6 43   2457553.90 2016  6 14  9 32
 2457554.52 2016  6 15  0 23   2457554.63 2016  6 15  3 12   2457554.75 2016  6 15  6  2
 2457555.37 2016  6 15 20 52   2457555.49 2016  6 15 23 42   2457555.61 2016  6 16  2 31
 2457556.22 2016  6 16 17 22   2457556.34 2016  6 16 20 11   2457556.46 2016  6 16 23  0
 2457557.08 2016  6 17 13 51   2457557.19 2016  6 17 16 40   2457557.31 2016  6 17 19 29
 2457557.93 2016  6 18 10 20   2457558.05 2016  6 18 13  9   2457558.17 2016  6 18 15 58
 2457558.78 2016  6 19  6 49   2457558.90 2016  6 19  9 38   2457559.02 2016  6 19 12 28
 2457559.64 2016  6 20  3 18   2457559.76 2016  6 20  6  7   2457559.87 2016  6 20  8 57
 2457560.49 2016  6 20 23 47   2457560.61 2016  6 21  2 37   2457560.73 2016  6 21  5 26
 2457561.35 2016  6 21 20 16   2457561.46 2016  6 21 23  6   2457561.58 2016  6 22  1 55
 2457562.20 2016  6 22 16 45   2457562.32 2016  6 22 19 35   2457562.43 2016  6 22 22 24
 2457563.05 2016  6 23 13 15   2457563.17 2016  6 23 16  4   2457563.29 2016  6 23 18 54
 2457563.91 2016  6 24  9 44   2457564.02 2016  6 24 12 33   2457564.14 2016  6 24 15 23
 2457564.76 2016  6 25  6 13   2457564.88 2016  6 25  9  2   2457564.99 2016  6 25 11 52
 2457565.61 2016  6 26  2 42   2457565.73 2016  6 26  5 32   2457565.85 2016  6 26  8 21
 2457566.47 2016  6 26 23 11   2457566.58 2016  6 27  2  1   2457566.70 2016  6 27  4 50
 2457567.32 2016  6 27 19 40   2457567.44 2016  6 27 22 30   2457567.56 2016  6 28  1 20
 2457568.17 2016  6 28 16  9   2457568.29 2016  6 28 18 59   2457568.41 2016  6 28 21 49
 2457569.03 2016  6 29 12 38   2457569.14 2016  6 29 15 28   2457569.26 2016  6 29 18 18
 2457569.88 2016  6 30  9  8   2457570.00 2016  6 30 11 57   2457570.12 2016  6 30 14 47
 2457570.73 2016  7  1  5 37   2457570.85 2016  7  1  8 27   2457570.97 2016  7  1 11 16
 2457571.59 2016  7  2  2  6   2457571.71 2016  7  2  4 56   2457571.82 2016  7  2  7 46
 2457572.44 2016  7  2 22 35   2457572.56 2016  7  3  1 25   2457572.68 2016  7  3  4 15
 2457573.29 2016  7  3 19  4   2457573.41 2016  7  3 21 54   2457573.53 2016  7  4  0 44
 2457574.15 2016  7  4 15 33   2457574.27 2016  7  4 18 23   2457574.38 2016  7  4 21 13
 2457575.00 2016  7  5 12  2   2457575.12 2016  7  5 14 52   2457575.24 2016  7  5 17 42
 2457575.86 2016  7  6  8 31   2457575.97 2016  7  6 11 21   2457576.09 2016  7  6 14 12
 2457576.71 2016  7  7  5  1   2457576.83 2016  7  7  7 51   2457576.95 2016  7  7 10 41
 2457577.56 2016  7  8  1 30   2457577.68 2016  7  8  4 20   2457577.80 2016  7  8  7 10
 2457578.42 2016  7  8 21 59   2457578.53 2016  7  9  0 49   2457578.65 2016  7  9  3 39
 2457579.27 2016  7  9 18 28   2457579.39 2016  7  9 21 18   2457579.51 2016  7 10  0  8
 2457580.12 2016  7 10 14 57   2457580.24 2016  7 10 17 47   2457580.36 2016  7 10 20 38
 2457580.98 2016  7 11 11 26   2457581.10 2016  7 11 14 16   2457581.21 2016  7 11 17  7
 2457581.83 2016  7 12  7 55   2457581.95 2016  7 12 10 46   2457582.07 2016  7 12 13 36
 2457582.68 2016  7 13  4 25   2457582.80 2016  7 13  7 15   2457582.92 2016  7 13 10  5
 2457583.54 2016  7 14  0 54   2457583.66 2016  7 14  3 44   2457583.77 2016  7 14  6 34
 2457584.39 2016  7 14 21 23   2457584.51 2016  7 15  0 13   2457584.63 2016  7 15  3  3
 2457585.24 2016  7 15 17 52   2457585.36 2016  7 15 20 42   2457585.48 2016  7 15 23 33
 2457586.10 2016  7 16 14 21   2457586.22 2016  7 16 17 11   2457586.33 2016  7 16 20  2
 2457586.95 2016  7 17 10 50   2457587.07 2016  7 17 13 41   2457587.19 2016  7 17 16 31
 2457587.81 2016  7 18  7 19   2457587.92 2016  7 18 10 10   2457588.04 2016  7 18 13  0
 2457588.66 2016  7 19  3 48   2457588.78 2016  7 19  6 39   2457588.90 2016  7 19  9 29
 2457589.51 2016  7 20  0 18   2457589.63 2016  7 20  3  8   2457589.75 2016  7 20  5 59
 2457590.37 2016  7 20 20 47   2457590.48 2016  7 20 23 37   2457590.60 2016  7 21  2 28
 2457591.22 2016  7 21 17 16   2457591.34 2016  7 21 20  6   2457591.46 2016  7 21 22 57
 2457592.07 2016  7 22 13 45   2457592.19 2016  7 22 16 36   2457592.31 2016  7 22 19 26
 2457592.93 2016  7 23 10 14   2457593.05 2016  7 23 13  5   2457593.16 2016  7 23 15 55
 2457593.78 2016  7 24  6 43   2457593.90 2016  7 24  9 34   2457594.02 2016  7 24 12 25
 2457594.63 2016  7 25  3 12   2457594.75 2016  7 25  6  3   2457594.87 2016  7 25  8 54
 2457595.49 2016  7 25 23 41   2457595.61 2016  7 26  2 32   2457595.72 2016  7 26  5 23
 2457596.34 2016  7 26 20 11   2457596.46 2016  7 26 23  1   2457596.58 2016  7 27  1 52
 2457597.19 2016  7 27 16 40   2457597.31 2016  7 27 19 31   2457597.43 2016  7 27 22 21
 2457598.05 2016  7 28 13  9   2457598.17 2016  7 28 16  0   2457598.29 2016  7 28 18 51
 2457598.90 2016  7 29  9 38   2457599.02 2016  7 29 12 29   2457599.14 2016  7 29 15 20
 2457599.76 2016  7 30  6  7   2457599.87 2016  7 30  8 58   2457599.99 2016  7 30 11 49
 2457600.61 2016  7 31  2 36   2457600.73 2016  7 31  5 27   2457600.85 2016  7 31  8 18
 2457601.46 2016  7 31 23  5   2457601.58 2016  8  1  1 56   2457601.70 2016  8  1  4 47
 2457602.32 2016  8  1 19 34   2457602.43 2016  8  1 22 26   2457602.55 2016  8  2  1 17
 2457603.17 2016  8  2 16  4   2457603.29 2016  8  2 18 55   2457603.41 2016  8  2 21 46
 2457604.02 2016  8  3 12 33   2457604.14 2016  8  3 15 24   2457604.26 2016  8  3 18 15
 2457604.88 2016  8  4  9  2   2457605.00 2016  8  4 11 53   2457605.11 2016  8  4 14 44
 2457605.73 2016  8  5  5 31   2457605.85 2016  8  5  8 22   2457605.97 2016  8  5 11 13
 2457606.58 2016  8  6  2  0   2457606.70 2016  8  6  4 51   2457606.82 2016  8  6  7 43
