 Predicted Transit Epochs: CoRoTExo1 b

Observed Transit Duration:  134.7 Minutes

 Begin Transit Window           PREDICTED CENTRAL TRANSIT     End Transit Window
                                     All Times UT

                               HJD        Year M  D  H  M
 2456756.31 2014  4  8 19 23   2456756.37 2014  4  8 20 46   2456756.42 2014  4  8 22 10
 2456757.82 2014  4 10  7 36   2456757.87 2014  4 10  8 59   2456757.93 2014  4 10 10 23
 2456759.33 2014  4 11 19 49   2456759.38 2014  4 11 21 12   2456759.44 2014  4 11 22 36
 2456760.83 2014  4 13  8  2   2456760.89 2014  4 13  9 25   2456760.95 2014  4 13 10 49
 2456762.34 2014  4 14 20 15   2456762.40 2014  4 14 21 38   2456762.46 2014  4 14 23  1
 2456763.85 2014  4 16  8 28   2456763.91 2014  4 16  9 51   2456763.97 2014  4 16 11 14
 2456765.36 2014  4 17 20 40   2456765.42 2014  4 17 22  4   2456765.48 2014  4 17 23 27
 2456766.87 2014  4 19  8 53   2456766.93 2014  4 19 10 17   2456766.99 2014  4 19 11 40
 2456768.38 2014  4 20 21  6   2456768.44 2014  4 20 22 30   2456768.50 2014  4 20 23 53
 2456769.89 2014  4 22  9 19   2456769.95 2014  4 22 10 43   2456770.00 2014  4 22 12  6
 2456771.40 2014  4 23 21 32   2456771.46 2014  4 23 22 55   2456771.51 2014  4 24  0 19
 2456772.91 2014  4 25  9 45   2456772.96 2014  4 25 11  8   2456773.02 2014  4 25 12 32
 2456774.42 2014  4 26 21 58   2456774.47 2014  4 26 23 21   2456774.53 2014  4 27  0 45
 2456775.92 2014  4 28 10 11   2456775.98 2014  4 28 11 34   2456776.04 2014  4 28 12 58
 2456777.43 2014  4 29 22 24   2456777.49 2014  4 29 23 47   2456777.55 2014  4 30  1 11
 2456778.94 2014  5  1 10 36   2456779.00 2014  5  1 12  0   2456779.06 2014  5  1 13 23
 2456780.45 2014  5  2 22 49   2456780.51 2014  5  3  0 13   2456780.57 2014  5  3  1 36
 2456781.96 2014  5  4 11  2   2456782.02 2014  5  4 12 26   2456782.08 2014  5  4 13 49
 2456783.47 2014  5  5 23 15   2456783.53 2014  5  6  0 39   2456783.59 2014  5  6  2  2
 2456784.98 2014  5  7 11 28   2456785.04 2014  5  7 12 52   2456785.09 2014  5  7 14 15
 2456786.49 2014  5  8 23 41   2456786.55 2014  5  9  1  4   2456786.60 2014  5  9  2 28
 2456788.00 2014  5 10 11 54   2456788.05 2014  5 10 13 17   2456788.11 2014  5 10 14 41
 2456789.50 2014  5 12  0  7   2456789.56 2014  5 12  1 30   2456789.62 2014  5 12  2 54
 2456791.01 2014  5 13 12 20   2456791.07 2014  5 13 13 43   2456791.13 2014  5 13 15  7
 2456792.52 2014  5 15  0 32   2456792.58 2014  5 15  1 56   2456792.64 2014  5 15  3 20
 2456794.03 2014  5 16 12 45   2456794.09 2014  5 16 14  9   2456794.15 2014  5 16 15 32
 2456795.54 2014  5 18  0 58   2456795.60 2014  5 18  2 22   2456795.66 2014  5 18  3 45
 2456797.05 2014  5 19 13 11   2456797.11 2014  5 19 14 35   2456797.17 2014  5 19 15 58
 2456798.56 2014  5 21  1 24   2456798.62 2014  5 21  2 48   2456798.67 2014  5 21  4 11
 2456800.07 2014  5 22 13 37   2456800.13 2014  5 22 15  0   2456800.18 2014  5 22 16 24
 2456801.58 2014  5 24  1 50   2456801.63 2014  5 24  3 13   2456801.69 2014  5 24  4 37
 2456803.09 2014  5 25 14  3   2456803.14 2014  5 25 15 26   2456803.20 2014  5 25 16 50
 2456804.59 2014  5 27  2 16   2456804.65 2014  5 27  3 39   2456804.71 2014  5 27  5  3
 2456806.10 2014  5 28 14 28   2456806.16 2014  5 28 15 52   2456806.22 2014  5 28 17 16
 2456807.61 2014  5 30  2 41   2456807.67 2014  5 30  4  5   2456807.73 2014  5 30  5 29
 2456809.12 2014  5 31 14 54   2456809.18 2014  5 31 16 18   2456809.24 2014  5 31 17 42
 2456810.63 2014  6  2  3  7   2456810.69 2014  6  2  4 31   2456810.75 2014  6  2  5 54
 2456812.14 2014  6  3 15 20   2456812.20 2014  6  3 16 44   2456812.26 2014  6  3 18  7
 2456813.65 2014  6  5  3 33   2456813.71 2014  6  5  4 57   2456813.76 2014  6  5  6 20
 2456815.16 2014  6  6 15 46   2456815.22 2014  6  6 17  9   2456815.27 2014  6  6 18 33
 2456816.67 2014  6  8  3 59   2456816.72 2014  6  8  5 22   2456816.78 2014  6  8  6 46
 2456818.17 2014  6  9 16 11   2456818.23 2014  6  9 17 35   2456818.29 2014  6  9 18 59
 2456819.68 2014  6 11  4 24   2456819.74 2014  6 11  5 48   2456819.80 2014  6 11  7 12
 2456821.19 2014  6 12 16 37   2456821.25 2014  6 12 18  1   2456821.31 2014  6 12 19 25
 2456822.70 2014  6 14  4 50   2456822.76 2014  6 14  6 14   2456822.82 2014  6 14  7 38
 2456824.21 2014  6 15 17  3   2456824.27 2014  6 15 18 27   2456824.33 2014  6 15 19 51
 2456825.72 2014  6 17  5 16   2456825.78 2014  6 17  6 40   2456825.84 2014  6 17  8  3
 2456827.23 2014  6 18 17 29   2456827.29 2014  6 18 18 53   2456827.35 2014  6 18 20 16
 2456828.74 2014  6 20  5 42   2456828.80 2014  6 20  7  5   2456828.85 2014  6 20  8 29
 2456830.25 2014  6 21 17 55   2456830.30 2014  6 21 19 18   2456830.36 2014  6 21 20 42
 2456831.76 2014  6 23  6  7   2456831.81 2014  6 23  7 31   2456831.87 2014  6 23  8 55
 2456833.26 2014  6 24 18 20   2456833.32 2014  6 24 19 44   2456833.38 2014  6 24 21  8
 2456834.77 2014  6 26  6 33   2456834.83 2014  6 26  7 57   2456834.89 2014  6 26  9 21
 2456836.28 2014  6 27 18 46   2456836.34 2014  6 27 20 10   2456836.40 2014  6 27 21 34
 2456837.79 2014  6 29  6 59   2456837.85 2014  6 29  8 23   2456837.91 2014  6 29  9 47
 2456839.30 2014  6 30 19 12   2456839.36 2014  6 30 20 36   2456839.42 2014  6 30 22  0
 2456840.81 2014  7  2  7 25   2456840.87 2014  7  2  8 49   2456840.93 2014  7  2 10 13
 2456842.32 2014  7  3 19 38   2456842.38 2014  7  3 21  2   2456842.43 2014  7  3 22 25
 2456843.83 2014  7  5  7 51   2456843.89 2014  7  5  9 14   2456843.94 2014  7  5 10 38
 2456845.34 2014  7  6 20  3   2456845.39 2014  7  6 21 27   2456845.45 2014  7  6 22 51
 2456846.85 2014  7  8  8 16   2456846.90 2014  7  8  9 40   2456846.96 2014  7  8 11  4
 2456848.35 2014  7  9 20 29   2456848.41 2014  7  9 21 53   2456848.47 2014  7  9 23 17
 2456849.86 2014  7 11  8 42   2456849.92 2014  7 11 10  6   2456849.98 2014  7 11 11 30
 2456851.37 2014  7 12 20 55   2456851.43 2014  7 12 22 19   2456851.49 2014  7 12 23 43
 2456852.88 2014  7 14  9  8   2456852.94 2014  7 14 10 32   2456853.00 2014  7 14 11 56
 2456854.39 2014  7 15 21 21   2456854.45 2014  7 15 22 45   2456854.51 2014  7 16  0  9
 2456855.90 2014  7 17  9 34   2456855.96 2014  7 17 10 58   2456856.02 2014  7 17 12 22
 2456857.41 2014  7 18 21 47   2456857.47 2014  7 18 23 11   2456857.52 2014  7 19  0 35
 2456858.92 2014  7 20  9 59   2456858.97 2014  7 20 11 23   2456859.03 2014  7 20 12 47
 2456860.43 2014  7 21 22 12   2456860.48 2014  7 21 23 36   2456860.54 2014  7 22  1  0
 2456861.93 2014  7 23 10 25   2456861.99 2014  7 23 11 49   2456862.05 2014  7 23 13 13
 2456863.44 2014  7 24 22 38   2456863.50 2014  7 25  0  2   2456863.56 2014  7 25  1 26
 2456864.95 2014  7 26 10 51   2456865.01 2014  7 26 12 15   2456865.07 2014  7 26 13 39
 2456866.46 2014  7 27 23  4   2456866.52 2014  7 28  0 28   2456866.58 2014  7 28  1 52
 2456867.97 2014  7 29 11 17   2456868.03 2014  7 29 12 41   2456868.09 2014  7 29 14  5
 2456869.48 2014  7 30 23 30   2456869.54 2014  7 31  0 54   2456869.60 2014  7 31  2 18
 2456870.99 2014  8  1 11 43   2456871.05 2014  8  1 13  7   2456871.10 2014  8  1 14 31
 2456872.50 2014  8  2 23 55   2456872.56 2014  8  3  1 19   2456872.61 2014  8  3  2 44
 2456874.01 2014  8  4 12  8   2456874.06 2014  8  4 13 32   2456874.12 2014  8  4 14 56
 2456875.52 2014  8  6  0 21   2456875.57 2014  8  6  1 45   2456875.63 2014  8  6  3  9
 2456877.02 2014  8  7 12 34   2456877.08 2014  8  7 13 58   2456877.14 2014  8  7 15 22
 2456878.53 2014  8  9  0 47   2456878.59 2014  8  9  2 11   2456878.65 2014  8  9  3 35
 2456880.04 2014  8 10 13  0   2456880.10 2014  8 10 14 24   2456880.16 2014  8 10 15 48
 2456881.55 2014  8 12  1 13   2456881.61 2014  8 12  2 37   2456881.67 2014  8 12  4  1
 2456883.06 2014  8 13 13 26   2456883.12 2014  8 13 14 50   2456883.18 2014  8 13 16 14
 2456884.57 2014  8 15  1 39   2456884.63 2014  8 15  3  3   2456884.69 2014  8 15  4 27
 2456886.08 2014  8 16 13 51   2456886.14 2014  8 16 15 16   2456886.19 2014  8 16 16 40
 2456887.59 2014  8 18  2  4   2456887.65 2014  8 18  3 28   2456887.70 2014  8 18  4 53
 2456889.10 2014  8 19 14 17   2456889.15 2014  8 19 15 41   2456889.21 2014  8 19 17  6
 2456890.60 2014  8 21  2 30   2456890.66 2014  8 21  3 54   2456890.72 2014  8 21  5 18
 2456892.11 2014  8 22 14 43   2456892.17 2014  8 22 16  7   2456892.23 2014  8 22 17 31
 2456893.62 2014  8 24  2 56   2456893.68 2014  8 24  4 20   2456893.74 2014  8 24  5 44
 2456895.13 2014  8 25 15  9   2456895.19 2014  8 25 16 33   2456895.25 2014  8 25 17 57
 2456896.64 2014  8 27  3 22   2456896.70 2014  8 27  4 46   2456896.76 2014  8 27  6 10
 2456898.15 2014  8 28 15 34   2456898.21 2014  8 28 16 59   2456898.27 2014  8 28 18 23
 2456899.66 2014  8 30  3 47   2456899.72 2014  8 30  5 12   2456899.78 2014  8 30  6 36
 2456901.17 2014  8 31 16  0   2456901.23 2014  8 31 17 25   2456901.28 2014  8 31 18 49
 2456902.68 2014  9  2  4 13   2456902.73 2014  9  2  5 37   2456902.79 2014  9  2  7  2
 2456904.19 2014  9  3 16 26   2456904.24 2014  9  3 17 50   2456904.30 2014  9  3 19 15
 2456905.69 2014  9  5  4 39   2456905.75 2014  9  5  6  3   2456905.81 2014  9  5  7 27
 2456907.20 2014  9  6 16 52   2456907.26 2014  9  6 18 16   2456907.32 2014  9  6 19 40
 2456908.71 2014  9  8  5  5   2456908.77 2014  9  8  6 29   2456908.83 2014  9  8  7 53
 2456910.22 2014  9  9 17 18   2456910.28 2014  9  9 18 42   2456910.34 2014  9  9 20  6
 2456911.73 2014  9 11  5 30   2456911.79 2014  9 11  6 55   2456911.85 2014  9 11  8 19
 2456913.24 2014  9 12 17 43   2456913.30 2014  9 12 19  8   2456913.36 2014  9 12 20 32
 2456914.75 2014  9 14  5 56   2456914.81 2014  9 14  7 21   2456914.86 2014  9 14  8 45
 2456916.26 2014  9 15 18  9   2456916.32 2014  9 15 19 33   2456916.37 2014  9 15 20 58
 2456917.77 2014  9 17  6 22   2456917.82 2014  9 17  7 46   2456917.88 2014  9 17  9 11
 2456919.27 2014  9 18 18 35   2456919.33 2014  9 18 19 59   2456919.39 2014  9 18 21 24
 2456920.78 2014  9 20  6 48   2456920.84 2014  9 20  8 12   2456920.90 2014  9 20  9 37
 2456922.29 2014  9 21 19  1   2456922.35 2014  9 21 20 25   2456922.41 2014  9 21 21 49
 2456923.80 2014  9 23  7 14   2456923.86 2014  9 23  8 38   2456923.92 2014  9 23 10  2
 2456925.31 2014  9 24 19 26   2456925.37 2014  9 24 20 51   2456925.43 2014  9 24 22 15
 2456926.82 2014  9 26  7 39   2456926.88 2014  9 26  9  4   2456926.94 2014  9 26 10 28
 2456928.33 2014  9 27 19 52   2456928.39 2014  9 27 21 17   2456928.45 2014  9 27 22 41
 2456929.84 2014  9 29  8  5   2456929.90 2014  9 29  9 30   2456929.95 2014  9 29 10 54
 2456931.35 2014  9 30 20 18   2456931.40 2014  9 30 21 42   2456931.46 2014  9 30 23  7
 2456932.86 2014 10  2  8 31   2456932.91 2014 10  2  9 55   2456932.97 2014 10  2 11 20
 2456934.36 2014 10  3 20 44   2456934.42 2014 10  3 22  8   2456934.48 2014 10  3 23 33
 2456935.87 2014 10  5  8 57   2456935.93 2014 10  5 10 21   2456935.99 2014 10  5 11 46
 2456937.38 2014 10  6 21 10   2456937.44 2014 10  6 22 34   2456937.50 2014 10  6 23 58
 2456938.89 2014 10  8  9 22   2456938.95 2014 10  8 10 47   2456939.01 2014 10  8 12 11
 2456940.40 2014 10  9 21 35   2456940.46 2014 10  9 23  0   2456940.52 2014 10 10  0 24
 2456941.91 2014 10 11  9 48   2456941.97 2014 10 11 11 13   2456942.03 2014 10 11 12 37
 2456943.42 2014 10 12 22  1   2456943.48 2014 10 12 23 26   2456943.54 2014 10 13  0 50
 2456944.93 2014 10 14 10 14   2456944.99 2014 10 14 11 39   2456945.04 2014 10 14 13  3
 2456946.44 2014 10 15 22 27   2456946.49 2014 10 15 23 51   2456946.55 2014 10 16  1 16
 2456947.94 2014 10 17 10 40   2456948.00 2014 10 17 12  4   2456948.06 2014 10 17 13 29
 2456949.45 2014 10 18 22 53   2456949.51 2014 10 19  0 17   2456949.57 2014 10 19  1 42
 2456950.96 2014 10 20 11  6   2456951.02 2014 10 20 12 30   2456951.08 2014 10 20 13 55
 2456952.47 2014 10 21 23 18   2456952.53 2014 10 22  0 43   2456952.59 2014 10 22  2  8
 2456953.98 2014 10 23 11 31   2456954.04 2014 10 23 12 56   2456954.10 2014 10 23 14 20
 2456955.49 2014 10 24 23 44   2456955.55 2014 10 25  1  9   2456955.61 2014 10 25  2 33
 2456957.00 2014 10 26 11 57   2456957.06 2014 10 26 13 22   2456957.12 2014 10 26 14 46
 2456958.51 2014 10 28  0 10   2456958.57 2014 10 28  1 35   2456958.62 2014 10 28  2 59
 2456960.02 2014 10 29 12 23   2456960.07 2014 10 29 13 47   2456960.13 2014 10 29 15 12
 2456961.53 2014 10 31  0 36   2456961.58 2014 10 31  2  0   2456961.64 2014 10 31  3 25
 2456963.03 2014 11  1 12 49   2456963.09 2014 11  1 14 13   2456963.15 2014 11  1 15 38
 2456964.54 2014 11  3  1  2   2456964.60 2014 11  3  2 26   2456964.66 2014 11  3  3 51
 2456966.05 2014 11  4 13 14   2456966.11 2014 11  4 14 39   2456966.17 2014 11  4 16  4
 2456967.56 2014 11  6  1 27   2456967.62 2014 11  6  2 52   2456967.68 2014 11  6  4 17
 2456969.07 2014 11  7 13 40   2456969.13 2014 11  7 15  5   2456969.19 2014 11  7 16 30
 2456970.58 2014 11  9  1 53   2456970.64 2014 11  9  3 18   2456970.70 2014 11  9  4 42
 2456972.09 2014 11 10 14  6   2456972.15 2014 11 10 15 31   2456972.21 2014 11 10 16 55
 2456973.60 2014 11 12  2 19   2456973.66 2014 11 12  3 44   2456973.71 2014 11 12  5  8
 2456975.11 2014 11 13 14 32   2456975.16 2014 11 13 15 56   2456975.22 2014 11 13 17 21
 2456976.61 2014 11 15  2 45   2456976.67 2014 11 15  4  9   2456976.73 2014 11 15  5 34
 2456978.12 2014 11 16 14 58   2456978.18 2014 11 16 16 22   2456978.24 2014 11 16 17 47
 2456979.63 2014 11 18  3 10   2456979.69 2014 11 18  4 35   2456979.75 2014 11 18  6  0
 2456981.14 2014 11 19 15 23   2456981.20 2014 11 19 16 48   2456981.26 2014 11 19 18 13
 2456982.65 2014 11 21  3 36   2456982.71 2014 11 21  5  1   2456982.77 2014 11 21  6 26
 2456984.16 2014 11 22 15 49   2456984.22 2014 11 22 17 14   2456984.28 2014 11 22 18 39
 2456985.67 2014 11 24  4  2   2456985.73 2014 11 24  5 27   2456985.79 2014 11 24  6 51
 2456987.18 2014 11 25 16 15   2456987.24 2014 11 25 17 40   2456987.30 2014 11 25 19  4
 2456988.69 2014 11 27  4 28   2456988.75 2014 11 27  5 52   2456988.80 2014 11 27  7 17
 2456990.20 2014 11 28 16 41   2456990.25 2014 11 28 18  5   2456990.31 2014 11 28 19 30
 2456991.70 2014 11 30  4 53   2456991.76 2014 11 30  6 18   2456991.82 2014 11 30  7 43
 2456993.21 2014 12  1 17  6   2456993.27 2014 12  1 18 31   2456993.33 2014 12  1 19 56
 2456994.72 2014 12  3  5 19   2456994.78 2014 12  3  6 44   2456994.84 2014 12  3  8  9
 2456996.23 2014 12  4 17 32   2456996.29 2014 12  4 18 57   2456996.35 2014 12  4 20 22
 2456997.74 2014 12  6  5 45   2456997.80 2014 12  6  7 10   2456997.86 2014 12  6  8 35
 2456999.25 2014 12  7 17 58   2456999.31 2014 12  7 19 23   2456999.37 2014 12  7 20 48
 2457000.76 2014 12  9  6 11   2457000.82 2014 12  9  7 36   2457000.88 2014 12  9  9  1
 2457002.27 2014 12 10 18 24   2457002.33 2014 12 10 19 49   2457002.38 2014 12 10 21 13
 2457003.78 2014 12 12  6 37   2457003.83 2014 12 12  8  1   2457003.89 2014 12 12  9 26
 2457005.28 2014 12 13 18 49   2457005.34 2014 12 13 20 14   2457005.40 2014 12 13 21 39
 2457006.79 2014 12 15  7  2   2457006.85 2014 12 15  8 27   2457006.91 2014 12 15  9 52
 2457008.30 2014 12 16 19 15   2457008.36 2014 12 16 20 40   2457008.42 2014 12 16 22  5
 2457009.81 2014 12 18  7 28   2457009.87 2014 12 18  8 53   2457009.93 2014 12 18 10 18
 2457011.32 2014 12 19 19 41   2457011.38 2014 12 19 21  6   2457011.44 2014 12 19 22 31
 2457012.83 2014 12 21  7 54   2457012.89 2014 12 21  9 19   2457012.95 2014 12 21 10 44
 2457014.34 2014 12 22 20  7   2457014.40 2014 12 22 21 32   2457014.46 2014 12 22 22 57
 2457015.85 2014 12 24  8 20   2457015.91 2014 12 24  9 45   2457015.97 2014 12 24 11 10
 2457017.36 2014 12 25 20 33   2457017.42 2014 12 25 21 58   2457017.47 2014 12 25 23 22
 2457018.87 2014 12 27  8 45   2457018.92 2014 12 27 10 10   2457018.98 2014 12 27 11 35
 2457020.37 2014 12 28 20 58   2457020.43 2014 12 28 22 23   2457020.49 2014 12 28 23 48
 2457021.88 2014 12 30  9 11   2457021.94 2014 12 30 10 36   2457022.00 2014 12 30 12  1
 2457023.39 2014 12 31 21 24   2457023.45 2014 12 31 22 49   2457023.51 2015  1  1  0 14
 2457024.90 2015  1  2  9 37   2457024.96 2015  1  2 11  2   2457025.02 2015  1  2 12 27
 2457026.41 2015  1  3 21 50   2457026.47 2015  1  3 23 15   2457026.53 2015  1  4  0 40
 2457027.92 2015  1  5 10  3   2457027.98 2015  1  5 11 28   2457028.04 2015  1  5 12 53
 2457029.43 2015  1  6 22 16   2457029.49 2015  1  6 23 41   2457029.55 2015  1  7  1  6
 2457030.94 2015  1  8 10 29   2457031.00 2015  1  8 11 54   2457031.05 2015  1  8 13 19
 2457032.45 2015  1  9 22 41   2457032.50 2015  1 10  0  6   2457032.56 2015  1 10  1 32
 2457033.95 2015  1 11 10 54   2457034.01 2015  1 11 12 19   2457034.07 2015  1 11 13 44
 2457035.46 2015  1 12 23  7   2457035.52 2015  1 13  0 32   2457035.58 2015  1 13  1 57
 2457036.97 2015  1 14 11 20   2457037.03 2015  1 14 12 45   2457037.09 2015  1 14 14 10
 2457038.48 2015  1 15 23 33   2457038.54 2015  1 16  0 58   2457038.60 2015  1 16  2 23
 2457039.99 2015  1 17 11 46   2457040.05 2015  1 17 13 11   2457040.11 2015  1 17 14 36
 2457041.50 2015  1 18 23 59   2457041.56 2015  1 19  1 24   2457041.62 2015  1 19  2 49
 2457043.01 2015  1 20 12 12   2457043.07 2015  1 20 13 37   2457043.13 2015  1 20 15  2
 2457044.52 2015  1 22  0 25   2457044.58 2015  1 22  1 50   2457044.64 2015  1 22  3 15
 2457046.03 2015  1 23 12 37   2457046.09 2015  1 23 14  3   2457046.14 2015  1 23 15 28
 2457047.54 2015  1 25  0 50   2457047.59 2015  1 25  2 15   2457047.65 2015  1 25  3 41
 2457049.04 2015  1 26 13  3   2457049.10 2015  1 26 14 28   2457049.16 2015  1 26 15 53
 2457050.55 2015  1 28  1 16   2457050.61 2015  1 28  2 41   2457050.67 2015  1 28  4  6
 2457052.06 2015  1 29 13 29   2457052.12 2015  1 29 14 54   2457052.18 2015  1 29 16 19
 2457053.57 2015  1 31  1 42   2457053.63 2015  1 31  3  7   2457053.69 2015  1 31  4 32
 2457055.08 2015  2  1 13 55   2457055.14 2015  2  1 15 20   2457055.20 2015  2  1 16 45
 2457056.59 2015  2  3  2  8   2457056.65 2015  2  3  3 33   2457056.71 2015  2  3  4 58
 2457058.10 2015  2  4 14 21   2457058.16 2015  2  4 15 46   2457058.22 2015  2  4 17 11
 2457059.61 2015  2  6  2 33   2457059.67 2015  2  6  3 59   2457059.73 2015  2  6  5 24
 2457061.12 2015  2  7 14 46   2457061.18 2015  2  7 16 12   2457061.23 2015  2  7 17 37
 2457062.62 2015  2  9  2 59   2457062.68 2015  2  9  4 24   2457062.74 2015  2  9  5 50
 2457064.13 2015  2 10 15 12   2457064.19 2015  2 10 16 37   2457064.25 2015  2 10 18  3
 2457065.64 2015  2 12  3 25   2457065.70 2015  2 12  4 50   2457065.76 2015  2 12  6 15
 2457067.15 2015  2 13 15 38   2457067.21 2015  2 13 17  3   2457067.27 2015  2 13 18 28
 2457068.66 2015  2 15  3 51   2457068.72 2015  2 15  5 16   2457068.78 2015  2 15  6 41
 2457070.17 2015  2 16 16  4   2457070.23 2015  2 16 17 29   2457070.29 2015  2 16 18 54
 2457071.68 2015  2 18  4 16   2457071.74 2015  2 18  5 42   2457071.80 2015  2 18  7  7
 2457073.19 2015  2 19 16 29   2457073.25 2015  2 19 17 55   2457073.31 2015  2 19 19 20
 2457074.70 2015  2 21  4 42   2457074.76 2015  2 21  6  8   2457074.81 2015  2 21  7 33
 2457076.21 2015  2 22 16 55   2457076.26 2015  2 22 18 20   2457076.32 2015  2 22 19 46
 2457077.71 2015  2 24  5  8   2457077.77 2015  2 24  6 33   2457077.83 2015  2 24  7 59
 2457079.22 2015  2 25 17 21   2457079.28 2015  2 25 18 46   2457079.34 2015  2 25 20 12
 2457080.73 2015  2 27  5 34   2457080.79 2015  2 27  6 59   2457080.85 2015  2 27  8 25
 2457082.24 2015  2 28 17 47   2457082.30 2015  2 28 19 12   2457082.36 2015  2 28 20 37
 2457083.75 2015  3  2  6  0   2457083.81 2015  3  2  7 25   2457083.87 2015  3  2  8 50
 2457085.26 2015  3  3 18 12   2457085.32 2015  3  3 19 38   2457085.38 2015  3  3 21  3
 2457086.77 2015  3  5  6 25   2457086.83 2015  3  5  7 51   2457086.89 2015  3  5  9 16
 2457088.28 2015  3  6 18 38   2457088.34 2015  3  6 20  4   2457088.40 2015  3  6 21 29
 2457089.79 2015  3  8  6 51   2457089.85 2015  3  8  8 17   2457089.90 2015  3  8  9 42
 2457091.29 2015  3  9 19  4   2457091.35 2015  3  9 20 29   2457091.41 2015  3  9 21 55
 2457092.80 2015  3 11  7 17   2457092.86 2015  3 11  8 42   2457092.92 2015  3 11 10  8
 2457094.31 2015  3 12 19 30   2457094.37 2015  3 12 20 55   2457094.43 2015  3 12 22 21
 2457095.82 2015  3 14  7 43   2457095.88 2015  3 14  9  8   2457095.94 2015  3 14 10 34
 2457097.33 2015  3 15 19 56   2457097.39 2015  3 15 21 21   2457097.45 2015  3 15 22 46
 2457098.84 2015  3 17  8  8   2457098.90 2015  3 17  9 34   2457098.96 2015  3 17 10 59
 2457100.35 2015  3 18 20 21   2457100.41 2015  3 18 21 47   2457100.47 2015  3 18 23 12
 2457101.86 2015  3 20  8 34   2457101.92 2015  3 20 10  0   2457101.98 2015  3 20 11 25
 2457103.37 2015  3 21 20 47   2457103.43 2015  3 21 22 13   2457103.49 2015  3 21 23 38
 2457104.88 2015  3 23  9  0   2457104.93 2015  3 23 10 26   2457104.99 2015  3 23 11 51
 2457106.38 2015  3 24 21 13   2457106.44 2015  3 24 22 38   2457106.50 2015  3 25  0  4
 2457107.89 2015  3 26  9 26   2457107.95 2015  3 26 10 51   2457108.01 2015  3 26 12 17
 2457109.40 2015  3 27 21 39   2457109.46 2015  3 27 23  4   2457109.52 2015  3 28  0 30
 2457110.91 2015  3 29  9 52   2457110.97 2015  3 29 11 17   2457111.03 2015  3 29 12 43
 2457112.42 2015  3 30 22  4   2457112.48 2015  3 30 23 30   2457112.54 2015  3 31  0 56
 2457113.93 2015  4  1 10 17   2457113.99 2015  4  1 11 43   2457114.05 2015  4  1 13  8
 2457115.44 2015  4  2 22 30   2457115.50 2015  4  2 23 56   2457115.56 2015  4  3  1 21
 2457116.95 2015  4  4 10 43   2457117.01 2015  4  4 12  9   2457117.07 2015  4  4 13 34
 2457118.46 2015  4  5 22 56   2457118.52 2015  4  6  0 22   2457118.57 2015  4  6  1 47
 2457119.96 2015  4  7 11  9   2457120.02 2015  4  7 12 34   2457120.08 2015  4  7 14  0
 2457121.47 2015  4  8 23 22   2457121.53 2015  4  9  0 47   2457121.59 2015  4  9  2 13
 2457122.98 2015  4 10 11 35   2457123.04 2015  4 10 13  0   2457123.10 2015  4 10 14 26
 2457124.49 2015  4 11 23 48   2457124.55 2015  4 12  1 13   2457124.61 2015  4 12  2 39
 2457126.00 2015  4 13 12  0   2457126.06 2015  4 13 13 26   2457126.12 2015  4 13 14 52
 2457127.51 2015  4 15  0 13   2457127.57 2015  4 15  1 39   2457127.63 2015  4 15  3  5
 2457129.02 2015  4 16 12 26   2457129.08 2015  4 16 13 52   2457129.14 2015  4 16 15 17
 2457130.53 2015  4 18  0 39   2457130.59 2015  4 18  2  5   2457130.65 2015  4 18  3 30
 2457132.04 2015  4 19 12 52   2457132.10 2015  4 19 14 18   2457132.16 2015  4 19 15 43
 2457133.55 2015  4 21  1  5   2457133.60 2015  4 21  2 31   2457133.66 2015  4 21  3 56
 2457135.05 2015  4 22 13 18   2457135.11 2015  4 22 14 43   2457135.17 2015  4 22 16  9
 2457136.56 2015  4 24  1 31   2457136.62 2015  4 24  2 56   2457136.68 2015  4 24  4 22
 2457138.07 2015  4 25 13 44   2457138.13 2015  4 25 15  9   2457138.19 2015  4 25 16 35
 2457139.58 2015  4 27  1 56   2457139.64 2015  4 27  3 22   2457139.70 2015  4 27  4 48
 2457141.09 2015  4 28 14  9   2457141.15 2015  4 28 15 35   2457141.21 2015  4 28 17  1
 2457142.60 2015  4 30  2 22   2457142.66 2015  4 30  3 48   2457142.72 2015  4 30  5 14
 2457144.11 2015  5  1 14 35   2457144.17 2015  5  1 16  1   2457144.23 2015  5  1 17 27
 2457145.62 2015  5  3  2 48   2457145.68 2015  5  3  4 14   2457145.74 2015  5  3  5 39
 2457147.13 2015  5  4 15  1   2457147.19 2015  5  4 16 27   2457147.25 2015  5  4 17 52
 2457148.63 2015  5  6  3 14   2457148.69 2015  5  6  4 39   2457148.75 2015  5  6  6  5
 2457150.14 2015  5  7 15 27   2457150.20 2015  5  7 16 52   2457150.26 2015  5  7 18 18
 2457151.65 2015  5  9  3 40   2457151.71 2015  5  9  5  5   2457151.77 2015  5  9  6 31
 2457153.16 2015  5 10 15 52   2457153.22 2015  5 10 17 18   2457153.28 2015  5 10 18 44
 2457154.67 2015  5 12  4  5   2457154.73 2015  5 12  5 31   2457154.79 2015  5 12  6 57
 2457156.18 2015  5 13 16 18   2457156.24 2015  5 13 17 44   2457156.30 2015  5 13 19 10
 2457157.69 2015  5 15  4 31   2457157.75 2015  5 15  5 57   2457157.81 2015  5 15  7 23
 2457159.20 2015  5 16 16 44   2457159.26 2015  5 16 18 10   2457159.32 2015  5 16 19 36
 2457160.71 2015  5 18  4 57   2457160.77 2015  5 18  6 23   2457160.83 2015  5 18  7 49
 2457162.22 2015  5 19 17 10   2457162.28 2015  5 19 18 36   2457162.33 2015  5 19 20  1
 2457163.72 2015  5 21  5 23   2457163.78 2015  5 21  6 48   2457163.84 2015  5 21  8 14
 2457165.23 2015  5 22 17 35   2457165.29 2015  5 22 19  1   2457165.35 2015  5 22 20 27
 2457166.74 2015  5 24  5 48   2457166.80 2015  5 24  7 14   2457166.86 2015  5 24  8 40
 2457168.25 2015  5 25 18  1   2457168.31 2015  5 25 19 27   2457168.37 2015  5 25 20 53
 2457169.76 2015  5 27  6 14   2457169.82 2015  5 27  7 40   2457169.88 2015  5 27  9  6
 2457171.27 2015  5 28 18 27   2457171.33 2015  5 28 19 53   2457171.39 2015  5 28 21 19
 2457172.78 2015  5 30  6 40   2457172.84 2015  5 30  8  6   2457172.90 2015  5 30  9 32
 2457174.29 2015  5 31 18 53   2457174.35 2015  5 31 20 19   2457174.41 2015  5 31 21 45
 2457175.80 2015  6  2  7  6   2457175.86 2015  6  2  8 32   2457175.92 2015  6  2  9 58
 2457177.30 2015  6  3 19 19   2457177.36 2015  6  3 20 45   2457177.42 2015  6  3 22 10
 2457178.81 2015  6  5  7 31   2457178.87 2015  6  5  8 57   2457178.93 2015  6  5 10 23
 2457180.32 2015  6  6 19 44   2457180.38 2015  6  6 21 10   2457180.44 2015  6  6 22 36
 2457181.83 2015  6  8  7 57   2457181.89 2015  6  8  9 23   2457181.95 2015  6  8 10 49
 2457183.34 2015  6  9 20 10   2457183.40 2015  6  9 21 36   2457183.46 2015  6  9 23  2
 2457184.85 2015  6 11  8 23   2457184.91 2015  6 11  9 49   2457184.97 2015  6 11 11 15
 2457186.36 2015  6 12 20 36   2457186.42 2015  6 12 22  2   2457186.48 2015  6 12 23 28
 2457187.87 2015  6 14  8 49   2457187.93 2015  6 14 10 15   2457187.99 2015  6 14 11 41
 2457189.38 2015  6 15 21  2   2457189.44 2015  6 15 22 28   2457189.50 2015  6 15 23 54
 2457190.89 2015  6 17  9 15   2457190.95 2015  6 17 10 41   2457191.00 2015  6 17 12  7
 2457192.39 2015  6 18 21 27   2457192.45 2015  6 18 22 53   2457192.51 2015  6 19  0 20
 2457193.90 2015  6 20  9 40   2457193.96 2015  6 20 11  6   2457194.02 2015  6 20 12 32
 2457195.41 2015  6 21 21 53   2457195.47 2015  6 21 23 19   2457195.53 2015  6 22  0 45
 2457196.92 2015  6 23 10  6   2457196.98 2015  6 23 11 32   2457197.04 2015  6 23 12 58
 2457198.43 2015  6 24 22 19   2457198.49 2015  6 24 23 45   2457198.55 2015  6 25  1 11
 2457199.94 2015  6 26 10 32   2457200.00 2015  6 26 11 58   2457200.06 2015  6 26 13 24
 2457201.45 2015  6 27 22 45   2457201.51 2015  6 28  0 11   2457201.57 2015  6 28  1 37
 2457202.96 2015  6 29 10 58   2457203.02 2015  6 29 12 24   2457203.08 2015  6 29 13 50
 2457204.47 2015  6 30 23 11   2457204.53 2015  7  1  0 37   2457204.59 2015  7  1  2  3
 2457205.97 2015  7  2 11 23   2457206.03 2015  7  2 12 50   2457206.09 2015  7  2 14 16
 2457207.48 2015  7  3 23 36   2457207.54 2015  7  4  1  2   2457207.60 2015  7  4  2 29
 2457208.99 2015  7  5 11 49   2457209.05 2015  7  5 13 15   2457209.11 2015  7  5 14 41
 2457210.50 2015  7  7  0  2   2457210.56 2015  7  7  1 28   2457210.62 2015  7  7  2 54
 2457212.01 2015  7  8 12 15   2457212.07 2015  7  8 13 41   2457212.13 2015  7  8 15  7
 2457213.52 2015  7 10  0 28   2457213.58 2015  7 10  1 54   2457213.64 2015  7 10  3 20
 2457215.03 2015  7 11 12 41   2457215.09 2015  7 11 14  7   2457215.15 2015  7 11 15 33
 2457216.54 2015  7 13  0 54   2457216.60 2015  7 13  2 20   2457216.66 2015  7 13  3 46
 2457218.05 2015  7 14 13  7   2457218.11 2015  7 14 14 33   2457218.17 2015  7 14 15 59
 2457219.56 2015  7 16  1 19   2457219.62 2015  7 16  2 46   2457219.68 2015  7 16  4 12
 2457221.06 2015  7 17 13 32   2457221.12 2015  7 17 14 59   2457221.18 2015  7 17 16 25
 2457222.57 2015  7 19  1 45   2457222.63 2015  7 19  3 11   2457222.69 2015  7 19  4 38
 2457224.08 2015  7 20 13 58   2457224.14 2015  7 20 15 24   2457224.20 2015  7 20 16 51
 2457225.59 2015  7 22  2 11   2457225.65 2015  7 22  3 37   2457225.71 2015  7 22  5  3
 2457227.10 2015  7 23 14 24   2457227.16 2015  7 23 15 50   2457227.22 2015  7 23 17 16
 2457228.61 2015  7 25  2 37   2457228.67 2015  7 25  4  3   2457228.73 2015  7 25  5 29
 2457230.12 2015  7 26 14 50   2457230.18 2015  7 26 16 16   2457230.24 2015  7 26 17 42
 2457231.63 2015  7 28  3  3   2457231.69 2015  7 28  4 29   2457231.75 2015  7 28  5 55
 2457233.14 2015  7 29 15 15   2457233.20 2015  7 29 16 42   2457233.26 2015  7 29 18  8
 2457234.64 2015  7 31  3 28   2457234.70 2015  7 31  4 55   2457234.76 2015  7 31  6 21
 2457236.15 2015  8  1 15 41   2457236.21 2015  8  1 17  7   2457236.27 2015  8  1 18 34
 2457237.66 2015  8  3  3 54   2457237.72 2015  8  3  5 20   2457237.78 2015  8  3  6 47
 2457239.17 2015  8  4 16  7   2457239.23 2015  8  4 17 33   2457239.29 2015  8  4 19  0
 2457240.68 2015  8  6  4 20   2457240.74 2015  8  6  5 46   2457240.80 2015  8  6  7 12
 2457242.19 2015  8  7 16 33   2457242.25 2015  8  7 17 59   2457242.31 2015  8  7 19 25
 2457243.70 2015  8  9  4 46   2457243.76 2015  8  9  6 12   2457243.82 2015  8  9  7 38
 2457245.21 2015  8 10 16 59   2457245.27 2015  8 10 18 25   2457245.33 2015  8 10 19 51
 2457246.72 2015  8 12  5 11   2457246.78 2015  8 12  6 38   2457246.84 2015  8 12  8  4
 2457248.23 2015  8 13 17 24   2457248.29 2015  8 13 18 51   2457248.35 2015  8 13 20 17
 2457249.73 2015  8 15  5 37   2457249.79 2015  8 15  7  4   2457249.85 2015  8 15  8 30
 2457251.24 2015  8 16 17 50   2457251.30 2015  8 16 19 16   2457251.36 2015  8 16 20 43
 2457252.75 2015  8 18  6  3   2457252.81 2015  8 18  7 29   2457252.87 2015  8 18  8 56
 2457254.26 2015  8 19 18 16   2457254.32 2015  8 19 19 42   2457254.38 2015  8 19 21  9
 2457255.77 2015  8 21  6 29   2457255.83 2015  8 21  7 55   2457255.89 2015  8 21  9 22
 2457257.28 2015  8 22 18 42   2457257.34 2015  8 22 20  8   2457257.40 2015  8 22 21 34
 2457258.79 2015  8 24  6 54   2457258.85 2015  8 24  8 21   2457258.91 2015  8 24  9 47
 2457260.30 2015  8 25 19  7   2457260.36 2015  8 25 20 34   2457260.42 2015  8 25 22  0
 2457261.81 2015  8 27  7 20   2457261.87 2015  8 27  8 47   2457261.93 2015  8 27 10 13
 2457263.32 2015  8 28 19 33   2457263.38 2015  8 28 21  0   2457263.44 2015  8 28 22 26
 2457264.82 2015  8 30  7 46   2457264.88 2015  8 30  9 13   2457264.94 2015  8 30 10 39
 2457266.33 2015  8 31 19 59   2457266.39 2015  8 31 21 25   2457266.45 2015  8 31 22 52
 2457267.84 2015  9  2  8 12   2457267.90 2015  9  2  9 38   2457267.96 2015  9  2 11  5
 2457269.35 2015  9  3 20 25   2457269.41 2015  9  3 21 51   2457269.47 2015  9  3 23 18
 2457270.86 2015  9  5  8 38   2457270.92 2015  9  5 10  4   2457270.98 2015  9  5 11 31
 2457272.37 2015  9  6 20 50   2457272.43 2015  9  6 22 17   2457272.49 2015  9  6 23 44
 2457273.88 2015  9  8  9  3   2457273.94 2015  9  8 10 30   2457274.00 2015  9  8 11 56
 2457275.39 2015  9  9 21 16   2457275.45 2015  9  9 22 43   2457275.51 2015  9 10  0  9
 2457276.90 2015  9 11  9 29   2457276.96 2015  9 11 10 56   2457277.02 2015  9 11 12 22
 2457278.40 2015  9 12 21 42   2457278.46 2015  9 12 23  9   2457278.52 2015  9 13  0 35
 2457279.91 2015  9 14  9 55   2457279.97 2015  9 14 11 21   2457280.03 2015  9 14 12 48
 2457281.42 2015  9 15 22  8   2457281.48 2015  9 15 23 34   2457281.54 2015  9 16  1  1
 2457282.93 2015  9 17 10 21   2457282.99 2015  9 17 11 47   2457283.05 2015  9 17 13 14
 2457284.44 2015  9 18 22 34   2457284.50 2015  9 19  0  0   2457284.56 2015  9 19  1 27
 2457285.95 2015  9 20 10 46   2457286.01 2015  9 20 12 13   2457286.07 2015  9 20 13 40
 2457287.46 2015  9 21 22 59   2457287.52 2015  9 22  0 26   2457287.58 2015  9 22  1 53
 2457288.97 2015  9 23 11 12   2457289.03 2015  9 23 12 39   2457289.09 2015  9 23 14  5
 2457290.48 2015  9 24 23 25   2457290.54 2015  9 25  0 52   2457290.60 2015  9 25  2 18
 2457291.99 2015  9 26 11 38   2457292.05 2015  9 26 13  5   2457292.11 2015  9 26 14 31
 2457293.49 2015  9 27 23 51   2457293.55 2015  9 28  1 18   2457293.61 2015  9 28  2 44
 2457295.00 2015  9 29 12  4   2457295.06 2015  9 29 13 30   2457295.12 2015  9 29 14 57
 2457296.51 2015 10  1  0 17   2457296.57 2015 10  1  1 43   2457296.63 2015 10  1  3 10
 2457298.02 2015 10  2 12 30   2457298.08 2015 10  2 13 56   2457298.14 2015 10  2 15 23
 2457299.53 2015 10  4  0 42   2457299.59 2015 10  4  2  9   2457299.65 2015 10  4  3 36
 2457301.04 2015 10  5 12 55   2457301.10 2015 10  5 14 22   2457301.16 2015 10  5 15 49
 2457302.55 2015 10  7  1  8   2457302.61 2015 10  7  2 35   2457302.67 2015 10  7  4  2
 2457304.06 2015 10  8 13 21   2457304.12 2015 10  8 14 48   2457304.18 2015 10  8 16 15
 2457305.57 2015 10 10  1 34   2457305.63 2015 10 10  3  1   2457305.69 2015 10 10  4 27
 2457307.07 2015 10 11 13 47   2457307.13 2015 10 11 15 14   2457307.20 2015 10 11 16 40
 2457308.58 2015 10 13  2  0   2457308.64 2015 10 13  3 26   2457308.70 2015 10 13  4 53
 2457310.09 2015 10 14 14 13   2457310.15 2015 10 14 15 39   2457310.21 2015 10 14 17  6
 2457311.60 2015 10 16  2 26   2457311.66 2015 10 16  3 52   2457311.72 2015 10 16  5 19
 2457313.11 2015 10 17 14 38   2457313.17 2015 10 17 16  5   2457313.23 2015 10 17 17 32
 2457314.62 2015 10 19  2 51   2457314.68 2015 10 19  4 18   2457314.74 2015 10 19  5 45
 2457316.13 2015 10 20 15  4   2457316.19 2015 10 20 16 31   2457316.25 2015 10 20 17 58
 2457317.64 2015 10 22  3 17   2457317.70 2015 10 22  4 44   2457317.76 2015 10 22  6 11
 2457319.15 2015 10 23 15 30   2457319.21 2015 10 23 16 57   2457319.27 2015 10 23 18 24
 2457320.66 2015 10 25  3 43   2457320.72 2015 10 25  5 10   2457320.78 2015 10 25  6 36
 2457322.16 2015 10 26 15 56   2457322.22 2015 10 26 17 23   2457322.28 2015 10 26 18 49
 2457323.67 2015 10 28  4  9   2457323.73 2015 10 28  5 35   2457323.79 2015 10 28  7  2
 2457325.18 2015 10 29 16 22   2457325.24 2015 10 29 17 48   2457325.30 2015 10 29 19 15
 2457326.69 2015 10 31  4 34   2457326.75 2015 10 31  6  1   2457326.81 2015 10 31  7 28
 2457328.20 2015 11  1 16 47   2457328.26 2015 11  1 18 14   2457328.32 2015 11  1 19 41
 2457329.71 2015 11  3  5  0   2457329.77 2015 11  3  6 27   2457329.83 2015 11  3  7 54
 2457331.22 2015 11  4 17 13   2457331.28 2015 11  4 18 40   2457331.34 2015 11  4 20  7
 2457332.73 2015 11  6  5 26   2457332.79 2015 11  6  6 53   2457332.85 2015 11  6  8 20
 2457334.24 2015 11  7 17 39   2457334.30 2015 11  7 19  6   2457334.36 2015 11  7 20 33
 2457335.74 2015 11  9  5 52   2457335.80 2015 11  9  7 19   2457335.87 2015 11  9  8 46
 2457337.25 2015 11 10 18  5   2457337.31 2015 11 10 19 32   2457337.37 2015 11 10 20 58
 2457338.76 2015 11 12  6 17   2457338.82 2015 11 12  7 44   2457338.88 2015 11 12  9 11
 2457340.27 2015 11 13 18 30   2457340.33 2015 11 13 19 57   2457340.39 2015 11 13 21 24
 2457341.78 2015 11 15  6 43   2457341.84 2015 11 15  8 10   2457341.90 2015 11 15  9 37
 2457343.29 2015 11 16 18 56   2457343.35 2015 11 16 20 23   2457343.41 2015 11 16 21 50
 2457344.80 2015 11 18  7  9   2457344.86 2015 11 18  8 36   2457344.92 2015 11 18 10  3
 2457346.31 2015 11 19 19 22   2457346.37 2015 11 19 20 49   2457346.43 2015 11 19 22 16
 2457347.82 2015 11 21  7 35   2457347.88 2015 11 21  9  2   2457347.94 2015 11 21 10 29
 2457349.33 2015 11 22 19 48   2457349.39 2015 11 22 21 15   2457349.45 2015 11 22 22 42
 2457350.83 2015 11 24  8  1   2457350.89 2015 11 24  9 28   2457350.95 2015 11 24 10 55
 2457352.34 2015 11 25 20 13   2457352.40 2015 11 25 21 40   2457352.46 2015 11 25 23  7
 2457353.85 2015 11 27  8 26   2457353.91 2015 11 27  9 53   2457353.97 2015 11 27 11 20
 2457355.36 2015 11 28 20 39   2457355.42 2015 11 28 22  6   2457355.48 2015 11 28 23 33
 2457356.87 2015 11 30  8 52   2457356.93 2015 11 30 10 19   2457356.99 2015 11 30 11 46
 2457358.38 2015 12  1 21  5   2457358.44 2015 12  1 22 32   2457358.50 2015 12  1 23 59
 2457359.89 2015 12  3  9 18   2457359.95 2015 12  3 10 45   2457360.01 2015 12  3 12 12
 2457361.40 2015 12  4 21 31   2457361.46 2015 12  4 22 58   2457361.52 2015 12  5  0 25
 2457362.91 2015 12  6  9 44   2457362.97 2015 12  6 11 11   2457363.03 2015 12  6 12 38
 2457364.41 2015 12  7 21 57   2457364.48 2015 12  7 23 24   2457364.54 2015 12  8  0 51
 2457365.92 2015 12  9 10  9   2457365.98 2015 12  9 11 37   2457366.04 2015 12  9 13  4
 2457367.43 2015 12 10 22 22   2457367.49 2015 12 10 23 49   2457367.55 2015 12 11  1 17
 2457368.94 2015 12 12 10 35   2457369.00 2015 12 12 12  2   2457369.06 2015 12 12 13 29
 2457370.45 2015 12 13 22 48   2457370.51 2015 12 14  0 15   2457370.57 2015 12 14  1 42
 2457371.96 2015 12 15 11  1   2457372.02 2015 12 15 12 28   2457372.08 2015 12 15 13 55
 2457373.47 2015 12 16 23 14   2457373.53 2015 12 17  0 41   2457373.59 2015 12 17  2  8
 2457374.98 2015 12 18 11 27   2457375.04 2015 12 18 12 54   2457375.10 2015 12 18 14 21
 2457376.49 2015 12 19 23 40   2457376.55 2015 12 20  1  7   2457376.61 2015 12 20  2 34
 2457378.00 2015 12 21 11 53   2457378.06 2015 12 21 13 20   2457378.12 2015 12 21 14 47
 2457379.50 2015 12 23  0  5   2457379.56 2015 12 23  1 33   2457379.63 2015 12 23  3  0
 2457381.01 2015 12 24 12 18   2457381.07 2015 12 24 13 46   2457381.13 2015 12 24 15 13
 2457382.52 2015 12 26  0 31   2457382.58 2015 12 26  1 58   2457382.64 2015 12 26  3 26
 2457384.03 2015 12 27 12 44   2457384.09 2015 12 27 14 11   2457384.15 2015 12 27 15 39
 2457385.54 2015 12 29  0 57   2457385.60 2015 12 29  2 24   2457385.66 2015 12 29  3 51
 2457387.05 2015 12 30 13 10   2457387.11 2015 12 30 14 37   2457387.17 2015 12 30 16  4
 2457388.56 2016  1  1  1 23   2457388.62 2016  1  1  2 50   2457388.68 2016  1  1  4 17
 2457390.07 2016  1  2 13 36   2457390.13 2016  1  2 15  3   2457390.19 2016  1  2 16 30
 2457391.58 2016  1  4  1 49   2457391.64 2016  1  4  3 16   2457391.70 2016  1  4  4 43
 2457393.08 2016  1  5 14  1   2457393.15 2016  1  5 15 29   2457393.21 2016  1  5 16 56
 2457394.59 2016  1  7  2 14   2457394.65 2016  1  7  3 42   2457394.71 2016  1  7  5  9
 2457396.10 2016  1  8 14 27   2457396.16 2016  1  8 15 54   2457396.22 2016  1  8 17 22
 2457397.61 2016  1 10  2 40   2457397.67 2016  1 10  4  7   2457397.73 2016  1 10  5 35
 2457399.12 2016  1 11 14 53   2457399.18 2016  1 11 16 20   2457399.24 2016  1 11 17 48
 2457400.63 2016  1 13  3  6   2457400.69 2016  1 13  4 33   2457400.75 2016  1 13  6  0
 2457402.14 2016  1 14 15 19   2457402.20 2016  1 14 16 46   2457402.26 2016  1 14 18 13
 2457403.65 2016  1 16  3 32   2457403.71 2016  1 16  4 59   2457403.77 2016  1 16  6 26
 2457405.16 2016  1 17 15 45   2457405.22 2016  1 17 17 12   2457405.28 2016  1 17 18 39
 2457406.67 2016  1 19  3 57   2457406.73 2016  1 19  5 25   2457406.79 2016  1 19  6 52
 2457408.17 2016  1 20 16 10   2457408.23 2016  1 20 17 38   2457408.30 2016  1 20 19  5
 2457409.68 2016  1 22  4 23   2457409.74 2016  1 22  5 51   2457409.80 2016  1 22  7 18
 2457411.19 2016  1 23 16 36   2457411.25 2016  1 23 18  3   2457411.31 2016  1 23 19 31
 2457412.70 2016  1 25  4 49   2457412.76 2016  1 25  6 16   2457412.82 2016  1 25  7 44
 2457414.21 2016  1 26 17  2   2457414.27 2016  1 26 18 29   2457414.33 2016  1 26 19 57
 2457415.72 2016  1 28  5 15   2457415.78 2016  1 28  6 42   2457415.84 2016  1 28  8 10
 2457417.23 2016  1 29 17 28   2457417.29 2016  1 29 18 55   2457417.35 2016  1 29 20 22
 2457418.74 2016  1 31  5 41   2457418.80 2016  1 31  7  8   2457418.86 2016  1 31  8 35
 2457420.25 2016  2  1 17 53   2457420.31 2016  2  1 19 21   2457420.37 2016  2  1 20 48
 2457421.75 2016  2  3  6  6   2457421.82 2016  2  3  7 34   2457421.88 2016  2  3  9  1
 2457423.26 2016  2  4 18 19   2457423.32 2016  2  4 19 47   2457423.39 2016  2  4 21 14
 2457424.77 2016  2  6  6 32   2457424.83 2016  2  6  8  0   2457424.89 2016  2  6  9 27
 2457426.28 2016  2  7 18 45   2457426.34 2016  2  7 20 12   2457426.40 2016  2  7 21 40
 2457427.79 2016  2  9  6 58   2457427.85 2016  2  9  8 25   2457427.91 2016  2  9  9 53
 2457429.30 2016  2 10 19 11   2457429.36 2016  2 10 20 38   2457429.42 2016  2 10 22  6
 2457430.81 2016  2 12  7 24   2457430.87 2016  2 12  8 51   2457430.93 2016  2 12 10 19
 2457432.32 2016  2 13 19 36   2457432.38 2016  2 13 21  4   2457432.44 2016  2 13 22 31
 2457433.83 2016  2 15  7 49   2457433.89 2016  2 15  9 17   2457433.95 2016  2 15 10 44
 2457435.34 2016  2 16 20  2   2457435.40 2016  2 16 21 30   2457435.46 2016  2 16 22 57
 2457436.84 2016  2 18  8 15   2457436.90 2016  2 18  9 43   2457436.97 2016  2 18 11 10
 2457438.35 2016  2 19 20 28   2457438.41 2016  2 19 21 56   2457438.47 2016  2 19 23 23
 2457439.86 2016  2 21  8 41   2457439.92 2016  2 21 10  8   2457439.98 2016  2 21 11 36
 2457441.37 2016  2 22 20 54   2457441.43 2016  2 22 22 21   2457441.49 2016  2 22 23 49
 2457442.88 2016  2 24  9  7   2457442.94 2016  2 24 10 34   2457443.00 2016  2 24 12  2
 2457444.39 2016  2 25 21 20   2457444.45 2016  2 25 22 47   2457444.51 2016  2 26  0 15
 2457445.90 2016  2 27  9 32   2457445.96 2016  2 27 11  0   2457446.02 2016  2 27 12 28
 2457447.41 2016  2 28 21 45   2457447.47 2016  2 28 23 13   2457447.53 2016  2 29  0 41
 2457448.92 2016  3  1  9 58   2457448.98 2016  3  1 11 26   2457449.04 2016  3  1 12 53
 2457450.42 2016  3  2 22 11   2457450.49 2016  3  2 23 39   2457450.55 2016  3  3  1  6
 2457451.93 2016  3  4 10 24   2457451.99 2016  3  4 11 52   2457452.06 2016  3  4 13 19
 2457453.44 2016  3  5 22 37   2457453.50 2016  3  6  0  5   2457453.56 2016  3  6  1 32
 2457454.95 2016  3  7 10 50   2457455.01 2016  3  7 12 17   2457455.07 2016  3  7 13 45
 2457456.46 2016  3  8 23  3   2457456.52 2016  3  9  0 30   2457456.58 2016  3  9  1 58
 2457457.97 2016  3 10 11 16   2457458.03 2016  3 10 12 43   2457458.09 2016  3 10 14 11
 2457459.48 2016  3 11 23 28   2457459.54 2016  3 12  0 56   2457459.60 2016  3 12  2 24
 2457460.99 2016  3 13 11 41   2457461.05 2016  3 13 13  9   2457461.11 2016  3 13 14 37
 2457462.50 2016  3 14 23 54   2457462.56 2016  3 15  1 22   2457462.62 2016  3 15  2 50
 2457464.01 2016  3 16 12  7   2457464.07 2016  3 16 13 35   2457464.13 2016  3 16 15  2
 2457465.51 2016  3 18  0 20   2457465.58 2016  3 18  1 48   2457465.64 2016  3 18  3 15
 2457467.02 2016  3 19 12 33   2457467.08 2016  3 19 14  1   2457467.15 2016  3 19 15 28
 2457468.53 2016  3 21  0 46   2457468.59 2016  3 21  2 13   2457468.65 2016  3 21  3 41
 2457470.04 2016  3 22 12 59   2457470.10 2016  3 22 14 26   2457470.16 2016  3 22 15 54
 2457471.55 2016  3 24  1 12   2457471.61 2016  3 24  2 39   2457471.67 2016  3 24  4  7
 2457473.06 2016  3 25 13 24   2457473.12 2016  3 25 14 52   2457473.18 2016  3 25 16 20
 2457474.57 2016  3 27  1 37   2457474.63 2016  3 27  3  5   2457474.69 2016  3 27  4 33
 2457476.08 2016  3 28 13 50   2457476.14 2016  3 28 15 18   2457476.20 2016  3 28 16 46
 2457477.59 2016  3 30  2  3   2457477.65 2016  3 30  3 31   2457477.71 2016  3 30  4 59
 2457479.09 2016  3 31 14 16   2457479.16 2016  3 31 15 44   2457479.22 2016  3 31 17 12
 2457480.60 2016  4  2  2 29   2457480.66 2016  4  2  3 57   2457480.73 2016  4  2  5 24
 2457482.11 2016  4  3 14 42   2457482.17 2016  4  3 16 10   2457482.23 2016  4  3 17 37
 2457483.62 2016  4  5  2 55   2457483.68 2016  4  5  4 22   2457483.74 2016  4  5  5 50
 2457485.13 2016  4  6 15  8   2457485.19 2016  4  6 16 35   2457485.25 2016  4  6 18  3
 2457486.64 2016  4  8  3 20   2457486.70 2016  4  8  4 48   2457486.76 2016  4  8  6 16
 2457488.15 2016  4  9 15 33   2457488.21 2016  4  9 17  1   2457488.27 2016  4  9 18 29
 2457489.66 2016  4 11  3 46   2457489.72 2016  4 11  5 14   2457489.78 2016  4 11  6 42
 2457491.17 2016  4 12 15 59   2457491.23 2016  4 12 17 27   2457491.29 2016  4 12 18 55
 2457492.68 2016  4 14  4 12   2457492.74 2016  4 14  5 40   2457492.80 2016  4 14  7  8
 2457494.18 2016  4 15 16 25   2457494.25 2016  4 15 17 53   2457494.31 2016  4 15 19 21
 2457495.69 2016  4 17  4 38   2457495.75 2016  4 17  6  6   2457495.82 2016  4 17  7 34
 2457497.20 2016  4 18 16 51   2457497.26 2016  4 18 18 19   2457497.32 2016  4 18 19 46
 2457498.71 2016  4 20  5  4   2457498.77 2016  4 20  6 31   2457498.83 2016  4 20  7 59
 2457500.22 2016  4 21 17 16   2457500.28 2016  4 21 18 44   2457500.34 2016  4 21 20 12
 2457501.73 2016  4 23  5 29   2457501.79 2016  4 23  6 57   2457501.85 2016  4 23  8 25
 2457503.24 2016  4 24 17 42   2457503.30 2016  4 24 19 10   2457503.36 2016  4 24 20 38
 2457504.75 2016  4 26  5 55   2457504.81 2016  4 26  7 23   2457504.87 2016  4 26  8 51
 2457506.26 2016  4 27 18  8   2457506.32 2016  4 27 19 36   2457506.38 2016  4 27 21  4
 2457507.76 2016  4 29  6 21   2457507.83 2016  4 29  7 49   2457507.89 2016  4 29  9 17
 2457509.27 2016  4 30 18 34   2457509.33 2016  4 30 20  2   2457509.40 2016  4 30 21 30
 2457510.78 2016  5  2  6 47   2457510.84 2016  5  2  8 15   2457510.90 2016  5  2  9 43
 2457512.29 2016  5  3 19  0   2457512.35 2016  5  3 20 27   2457512.41 2016  5  3 21 55
 2457513.80 2016  5  5  7 12   2457513.86 2016  5  5  8 40   2457513.92 2016  5  5 10  8
 2457515.31 2016  5  6 19 25   2457515.37 2016  5  6 20 53   2457515.43 2016  5  6 22 21
 2457516.82 2016  5  8  7 38   2457516.88 2016  5  8  9  6   2457516.94 2016  5  8 10 34
 2457518.33 2016  5  9 19 51   2457518.39 2016  5  9 21 19   2457518.45 2016  5  9 22 47
 2457519.84 2016  5 11  8  4   2457519.90 2016  5 11  9 32   2457519.96 2016  5 11 11  0
 2457521.35 2016  5 12 20 17   2457521.41 2016  5 12 21 45   2457521.47 2016  5 12 23 13
 2457522.85 2016  5 14  8 30   2457522.92 2016  5 14  9 58   2457522.98 2016  5 14 11 26
 2457524.36 2016  5 15 20 43   2457524.42 2016  5 15 22 11   2457524.49 2016  5 15 23 39
 2457525.87 2016  5 17  8 55   2457525.93 2016  5 17 10 24   2457525.99 2016  5 17 11 52
 2457527.38 2016  5 18 21  8   2457527.44 2016  5 18 22 36   2457527.50 2016  5 19  0  5
 2457528.89 2016  5 20  9 21   2457528.95 2016  5 20 10 49   2457529.01 2016  5 20 12 17
 2457530.40 2016  5 21 21 34   2457530.46 2016  5 21 23  2   2457530.52 2016  5 22  0 30
 2457531.91 2016  5 23  9 47   2457531.97 2016  5 23 11 15   2457532.03 2016  5 23 12 43
 2457533.42 2016  5 24 22  0   2457533.48 2016  5 24 23 28   2457533.54 2016  5 25  0 56
 2457534.93 2016  5 26 10 13   2457534.99 2016  5 26 11 41   2457535.05 2016  5 26 13  9
 2457536.43 2016  5 27 22 26   2457536.50 2016  5 27 23 54   2457536.56 2016  5 28  1 22
 2457537.94 2016  5 29 10 39   2457538.01 2016  5 29 12  7   2457538.07 2016  5 29 13 35
 2457539.45 2016  5 30 22 51   2457539.51 2016  5 31  0 20   2457539.58 2016  5 31  1 48
 2457540.96 2016  6  1 11  4   2457541.02 2016  6  1 12 33   2457541.08 2016  6  1 14  1
 2457542.47 2016  6  2 23 17   2457542.53 2016  6  3  0 45   2457542.59 2016  6  3  2 14
 2457543.98 2016  6  4 11 30   2457544.04 2016  6  4 12 58   2457544.10 2016  6  4 14 26
 2457545.49 2016  6  5 23 43   2457545.55 2016  6  6  1 11   2457545.61 2016  6  6  2 39
 2457547.00 2016  6  7 11 56   2457547.06 2016  6  7 13 24   2457547.12 2016  6  7 14 52
 2457548.51 2016  6  9  0  9   2457548.57 2016  6  9  1 37   2457548.63 2016  6  9  3  5
 2457550.02 2016  6 10 12 22   2457550.08 2016  6 10 13 50   2457550.14 2016  6 10 15 18
 2457551.52 2016  6 12  0 35   2457551.59 2016  6 12  2  3   2457551.65 2016  6 12  3 31
 2457553.03 2016  6 13 12 47   2457553.09 2016  6 13 14 16   2457553.16 2016  6 13 15 44
 2457554.54 2016  6 15  1  0   2457554.60 2016  6 15  2 29   2457554.66 2016  6 15  3 57
 2457556.05 2016  6 16 13 13   2457556.11 2016  6 16 14 41   2457556.17 2016  6 16 16 10
 2457557.56 2016  6 18  1 26   2457557.62 2016  6 18  2 54   2457557.68 2016  6 18  4 23
 2457559.07 2016  6 19 13 39   2457559.13 2016  6 19 15  7   2457559.19 2016  6 19 16 36
 2457560.58 2016  6 21  1 52   2457560.64 2016  6 21  3 20   2457560.70 2016  6 21  4 48
 2457562.09 2016  6 22 14  5   2457562.15 2016  6 22 15 33   2457562.21 2016  6 22 17  1
 2457563.60 2016  6 24  2 18   2457563.66 2016  6 24  3 46   2457563.72 2016  6 24  5 14
 2457565.10 2016  6 25 14 31   2457565.17 2016  6 25 15 59   2457565.23 2016  6 25 17 27
 2457566.61 2016  6 27  2 43   2457566.68 2016  6 27  4 12   2457566.74 2016  6 27  5 40
 2457568.12 2016  6 28 14 56   2457568.18 2016  6 28 16 25   2457568.25 2016  6 28 17 53
 2457569.63 2016  6 30  3  9   2457569.69 2016  6 30  4 38   2457569.75 2016  6 30  6  6
 2457571.14 2016  7  1 15 22   2457571.20 2016  7  1 16 50   2457571.26 2016  7  1 18 19
 2457572.65 2016  7  3  3 35   2457572.71 2016  7  3  5  3   2457572.77 2016  7  3  6 32
 2457574.16 2016  7  4 15 48   2457574.22 2016  7  4 17 16   2457574.28 2016  7  4 18 45
 2457575.67 2016  7  6  4  1   2457575.73 2016  7  6  5 29   2457575.79 2016  7  6  6 57
 2457577.18 2016  7  7 16 14   2457577.24 2016  7  7 17 42   2457577.30 2016  7  7 19 10
 2457578.69 2016  7  9  4 27   2457578.75 2016  7  9  5 55   2457578.81 2016  7  9  7 23
 2457580.19 2016  7 10 16 39   2457580.26 2016  7 10 18  8   2457580.32 2016  7 10 19 36
 2457581.70 2016  7 12  4 52   2457581.76 2016  7 12  6 21   2457581.83 2016  7 12  7 49
 2457583.21 2016  7 13 17  5   2457583.27 2016  7 13 18 34   2457583.34 2016  7 13 20  2
 2457584.72 2016  7 15  5 18   2457584.78 2016  7 15  6 47   2457584.84 2016  7 15  8 15
 2457586.23 2016  7 16 17 31   2457586.29 2016  7 16 18 59   2457586.35 2016  7 16 20 28
 2457587.74 2016  7 18  5 44   2457587.80 2016  7 18  7 12   2457587.86 2016  7 18  8 41
 2457589.25 2016  7 19 17 57   2457589.31 2016  7 19 19 25   2457589.37 2016  7 19 20 54
 2457590.76 2016  7 21  6 10   2457590.82 2016  7 21  7 38   2457590.88 2016  7 21  9  7
 2457592.27 2016  7 22 18 23   2457592.33 2016  7 22 19 51   2457592.39 2016  7 22 21 19
 2457593.77 2016  7 24  6 35   2457593.84 2016  7 24  8  4   2457593.90 2016  7 24  9 32
 2457595.28 2016  7 25 18 48   2457595.35 2016  7 25 20 17   2457595.41 2016  7 25 21 45
 2457596.79 2016  7 27  7  1   2457596.85 2016  7 27  8 30   2457596.92 2016  7 27  9 58
 2457598.30 2016  7 28 19 14   2457598.36 2016  7 28 20 43   2457598.42 2016  7 28 22 11
 2457599.81 2016  7 30  7 27   2457599.87 2016  7 30  8 55   2457599.93 2016  7 30 10 24
 2457601.32 2016  7 31 19 40   2457601.38 2016  7 31 21  8   2457601.44 2016  7 31 22 37
 2457602.83 2016  8  2  7 53   2457602.89 2016  8  2  9 21   2457602.95 2016  8  2 10 50
 2457604.34 2016  8  3 20  6   2457604.40 2016  8  3 21 34   2457604.46 2016  8  3 23  3
 2457605.85 2016  8  5  8 18   2457605.91 2016  8  5  9 47   2457605.97 2016  8  5 11 16
 2457607.36 2016  8  6 20 31   2457607.42 2016  8  6 22  0   2457607.48 2016  8  6 23 29
