 Predicted Transit Epochs: GJ1214___ b

Observed Transit Duration:   60.0 Minutes

 Begin Transit Window           PREDICTED CENTRAL TRANSIT     End Transit Window
                                     All Times UT

                               HJD        Year M  D  H  M
 2456757.08 2014  4  9 13 49   2456757.11 2014  4  9 14 41   2456757.15 2014  4  9 15 33
 2456758.66 2014  4 11  3 45   2456758.69 2014  4 11  4 37   2456758.73 2014  4 11  5 29
 2456760.24 2014  4 12 17 40   2456760.27 2014  4 12 18 33   2456760.31 2014  4 12 19 25
 2456761.82 2014  4 14  7 36   2456761.85 2014  4 14  8 28   2456761.89 2014  4 14  9 21
 2456763.40 2014  4 15 21 32   2456763.43 2014  4 15 22 24   2456763.47 2014  4 15 23 16
 2456764.98 2014  4 17 11 28   2456765.01 2014  4 17 12 20   2456765.05 2014  4 17 13 12
 2456766.56 2014  4 19  1 23   2456766.59 2014  4 19  2 16   2456766.63 2014  4 19  3  8
 2456768.14 2014  4 20 15 19   2456768.17 2014  4 20 16 11   2456768.21 2014  4 20 17  4
 2456769.72 2014  4 22  5 15   2456769.76 2014  4 22  6  7   2456769.79 2014  4 22  7  0
 2456771.30 2014  4 23 19 11   2456771.34 2014  4 23 20  3   2456771.37 2014  4 23 20 55
 2456772.88 2014  4 25  9  6   2456772.92 2014  4 25  9 59   2456772.95 2014  4 25 10 51
 2456774.46 2014  4 26 23  2   2456774.50 2014  4 26 23 54   2456774.53 2014  4 27  0 47
 2456776.04 2014  4 28 12 58   2456776.08 2014  4 28 13 50   2456776.11 2014  4 28 14 43
 2456777.62 2014  4 30  2 54   2456777.66 2014  4 30  3 46   2456777.69 2014  4 30  4 39
 2456779.20 2014  5  1 16 49   2456779.24 2014  5  1 17 42   2456779.27 2014  5  1 18 34
 2456780.78 2014  5  3  6 45   2456780.82 2014  5  3  7 38   2456780.85 2014  5  3  8 30
 2456782.36 2014  5  4 20 41   2456782.40 2014  5  4 21 33   2456782.43 2014  5  4 22 26
 2456783.94 2014  5  6 10 37   2456783.98 2014  5  6 11 29   2456784.02 2014  5  6 12 22
 2456785.52 2014  5  8  0 32   2456785.56 2014  5  8  1 25   2456785.60 2014  5  8  2 17
 2456787.10 2014  5  9 14 28   2456787.14 2014  5  9 15 21   2456787.18 2014  5  9 16 13
 2456788.68 2014  5 11  4 24   2456788.72 2014  5 11  5 16   2456788.76 2014  5 11  6  9
 2456790.26 2014  5 12 18 20   2456790.30 2014  5 12 19 12   2456790.34 2014  5 12 20  5
 2456791.84 2014  5 14  8 15   2456791.88 2014  5 14  9  8   2456791.92 2014  5 14 10  1
 2456793.42 2014  5 15 22 11   2456793.46 2014  5 15 23  4   2456793.50 2014  5 15 23 56
 2456795.01 2014  5 17 12  7   2456795.04 2014  5 17 12 59   2456795.08 2014  5 17 13 52
 2456796.59 2014  5 19  2  3   2456796.62 2014  5 19  2 55   2456796.66 2014  5 19  3 48
 2456798.17 2014  5 20 15 58   2456798.20 2014  5 20 16 51   2456798.24 2014  5 20 17 44
 2456799.75 2014  5 22  5 54   2456799.78 2014  5 22  6 47   2456799.82 2014  5 22  7 40
 2456801.33 2014  5 23 19 50   2456801.36 2014  5 23 20 43   2456801.40 2014  5 23 21 35
 2456802.91 2014  5 25  9 46   2456802.94 2014  5 25 10 38   2456802.98 2014  5 25 11 31
 2456804.49 2014  5 26 23 41   2456804.52 2014  5 27  0 34   2456804.56 2014  5 27  1 27
 2456806.07 2014  5 28 13 37   2456806.10 2014  5 28 14 30   2456806.14 2014  5 28 15 23
 2456807.65 2014  5 30  3 33   2456807.68 2014  5 30  4 26   2456807.72 2014  5 30  5 18
 2456809.23 2014  5 31 17 29   2456809.27 2014  5 31 18 21   2456809.30 2014  5 31 19 14
 2456810.81 2014  6  2  7 24   2456810.85 2014  6  2  8 17   2456810.88 2014  6  2  9 10
 2456812.39 2014  6  3 21 20   2456812.43 2014  6  3 22 13   2456812.46 2014  6  3 23  6
 2456813.97 2014  6  5 11 16   2456814.01 2014  6  5 12  9   2456814.04 2014  6  5 13  2
 2456815.55 2014  6  7  1 12   2456815.59 2014  6  7  2  4   2456815.62 2014  6  7  2 57
 2456817.13 2014  6  8 15  7   2456817.17 2014  6  8 16  0   2456817.20 2014  6  8 16 53
 2456818.71 2014  6 10  5  3   2456818.75 2014  6 10  5 56   2456818.78 2014  6 10  6 49
 2456820.29 2014  6 11 18 59   2456820.33 2014  6 11 19 52   2456820.36 2014  6 11 20 45
 2456821.87 2014  6 13  8 55   2456821.91 2014  6 13  9 48   2456821.95 2014  6 13 10 41
 2456823.45 2014  6 14 22 50   2456823.49 2014  6 14 23 43   2456823.53 2014  6 15  0 36
 2456825.03 2014  6 16 12 46   2456825.07 2014  6 16 13 39   2456825.11 2014  6 16 14 32
 2456826.61 2014  6 18  2 42   2456826.65 2014  6 18  3 35   2456826.69 2014  6 18  4 28
 2456828.19 2014  6 19 16 38   2456828.23 2014  6 19 17 31   2456828.27 2014  6 19 18 24
 2456829.77 2014  6 21  6 33   2456829.81 2014  6 21  7 26   2456829.85 2014  6 21  8 20
 2456831.35 2014  6 22 20 29   2456831.39 2014  6 22 21 22   2456831.43 2014  6 22 22 15
 2456832.93 2014  6 24 10 25   2456832.97 2014  6 24 11 18   2456833.01 2014  6 24 12 11
 2456834.51 2014  6 26  0 21   2456834.55 2014  6 26  1 14   2456834.59 2014  6 26  2  7
 2456836.09 2014  6 27 14 16   2456836.13 2014  6 27 15  9   2456836.17 2014  6 27 16  3
 2456837.68 2014  6 29  4 12   2456837.71 2014  6 29  5  5   2456837.75 2014  6 29  5 58
 2456839.26 2014  6 30 18  8   2456839.29 2014  6 30 19  1   2456839.33 2014  6 30 19 54
 2456840.84 2014  7  2  8  4   2456840.87 2014  7  2  8 57   2456840.91 2014  7  2  9 50
 2456842.42 2014  7  3 21 59   2456842.45 2014  7  3 22 53   2456842.49 2014  7  3 23 46
 2456844.00 2014  7  5 11 55   2456844.03 2014  7  5 12 48   2456844.07 2014  7  5 13 42
 2456845.58 2014  7  7  1 51   2456845.61 2014  7  7  2 44   2456845.65 2014  7  7  3 37
 2456847.16 2014  7  8 15 47   2456847.19 2014  7  8 16 40   2456847.23 2014  7  8 17 33
 2456848.74 2014  7 10  5 42   2456848.78 2014  7 10  6 36   2456848.81 2014  7 10  7 29
 2456850.32 2014  7 11 19 38   2456850.36 2014  7 11 20 31   2456850.39 2014  7 11 21 25
 2456851.90 2014  7 13  9 34   2456851.94 2014  7 13 10 27   2456851.97 2014  7 13 11 21
 2456853.48 2014  7 14 23 29   2456853.52 2014  7 15  0 23   2456853.55 2014  7 15  1 16
 2456855.06 2014  7 16 13 25   2456855.10 2014  7 16 14 19   2456855.13 2014  7 16 15 12
 2456856.64 2014  7 18  3 21   2456856.68 2014  7 18  4 14   2456856.71 2014  7 18  5  8
 2456858.22 2014  7 19 17 17   2456858.26 2014  7 19 18 10   2456858.29 2014  7 19 19  4
 2456859.80 2014  7 21  7 12   2456859.84 2014  7 21  8  6   2456859.88 2014  7 21  9  0
 2456861.38 2014  7 22 21  8   2456861.42 2014  7 22 22  2   2456861.46 2014  7 22 22 55
 2456862.96 2014  7 24 11  4   2456863.00 2014  7 24 11 58   2456863.04 2014  7 24 12 51
 2456864.54 2014  7 26  1  0   2456864.58 2014  7 26  1 53   2456864.62 2014  7 26  2 47
 2456866.12 2014  7 27 14 55   2456866.16 2014  7 27 15 49   2456866.20 2014  7 27 16 43
 2456867.70 2014  7 29  4 51   2456867.74 2014  7 29  5 45   2456867.78 2014  7 29  6 38
 2456869.28 2014  7 30 18 47   2456869.32 2014  7 30 19 41   2456869.36 2014  7 30 20 34
 2456870.86 2014  8  1  8 43   2456870.90 2014  8  1  9 36   2456870.94 2014  8  1 10 30
 2456872.44 2014  8  2 22 38   2456872.48 2014  8  2 23 32   2456872.52 2014  8  3  0 26
 2456874.02 2014  8  4 12 34   2456874.06 2014  8  4 13 28   2456874.10 2014  8  4 14 22
 2456875.60 2014  8  6  2 30   2456875.64 2014  8  6  3 24   2456875.68 2014  8  6  4 17
 2456877.18 2014  8  7 16 26   2456877.22 2014  8  7 17 19   2456877.26 2014  8  7 18 13
 2456878.77 2014  8  9  6 21   2456878.80 2014  8  9  7 15   2456878.84 2014  8  9  8  9
 2456880.35 2014  8 10 20 17   2456880.38 2014  8 10 21 11   2456880.42 2014  8 10 22  5
 2456881.93 2014  8 12 10 13   2456881.96 2014  8 12 11  7   2456882.00 2014  8 12 12  1
 2456883.51 2014  8 14  0  9   2456883.54 2014  8 14  1  3   2456883.58 2014  8 14  1 56
 2456885.09 2014  8 15 14  4   2456885.12 2014  8 15 14 58   2456885.16 2014  8 15 15 52
 2456886.67 2014  8 17  4  0   2456886.70 2014  8 17  4 54   2456886.74 2014  8 17  5 48
 2456888.25 2014  8 18 17 56   2456888.28 2014  8 18 18 50   2456888.32 2014  8 18 19 44
 2456889.83 2014  8 20  7 52   2456889.87 2014  8 20  8 46   2456889.90 2014  8 20  9 40
 2456891.41 2014  8 21 21 47   2456891.45 2014  8 21 22 41   2456891.48 2014  8 21 23 35
 2456892.99 2014  8 23 11 43   2456893.03 2014  8 23 12 37   2456893.06 2014  8 23 13 31
 2456894.57 2014  8 25  1 39   2456894.61 2014  8 25  2 33   2456894.64 2014  8 25  3 27
 2456896.15 2014  8 26 15 35   2456896.19 2014  8 26 16 29   2456896.22 2014  8 26 17 23
 2456897.73 2014  8 28  5 30   2456897.77 2014  8 28  6 24   2456897.80 2014  8 28  7 18
 2456899.31 2014  8 29 19 26   2456899.35 2014  8 29 20 20   2456899.39 2014  8 29 21 14
 2456900.89 2014  8 31  9 22   2456900.93 2014  8 31 10 16   2456900.97 2014  8 31 11 10
 2456902.47 2014  9  1 23 18   2456902.51 2014  9  2  0 12   2456902.55 2014  9  2  1  6
 2456904.05 2014  9  3 13 13   2456904.09 2014  9  3 14  8   2456904.13 2014  9  3 15  2
 2456905.63 2014  9  5  3  9   2456905.67 2014  9  5  4  3   2456905.71 2014  9  5  4 57
 2456907.21 2014  9  6 17  5   2456907.25 2014  9  6 17 59   2456907.29 2014  9  6 18 53
 2456908.79 2014  9  8  7  1   2456908.83 2014  9  8  7 55   2456908.87 2014  9  8  8 49
 2456910.37 2014  9  9 20 56   2456910.41 2014  9  9 21 51   2456910.45 2014  9  9 22 45
 2456911.95 2014  9 11 10 52   2456911.99 2014  9 11 11 46   2456912.03 2014  9 11 12 41
 2456913.53 2014  9 13  0 48   2456913.57 2014  9 13  1 42   2456913.61 2014  9 13  2 36
 2456915.11 2014  9 14 14 44   2456915.15 2014  9 14 15 38   2456915.19 2014  9 14 16 32
 2456916.69 2014  9 16  4 39   2456916.73 2014  9 16  5 34   2456916.77 2014  9 16  6 28
 2456918.27 2014  9 17 18 35   2456918.31 2014  9 17 19 29   2456918.35 2014  9 17 20 24
 2456919.86 2014  9 19  8 31   2456919.89 2014  9 19  9 25   2456919.93 2014  9 19 10 20
 2456921.44 2014  9 20 22 27   2456921.47 2014  9 20 23 21   2456921.51 2014  9 21  0 15
 2456923.02 2014  9 22 12 22   2456923.05 2014  9 22 13 17   2456923.09 2014  9 22 14 11
 2456924.60 2014  9 24  2 18   2456924.63 2014  9 24  3 13   2456924.67 2014  9 24  4  7
 2456926.18 2014  9 25 16 14   2456926.21 2014  9 25 17  8   2456926.25 2014  9 25 18  3
 2456927.76 2014  9 27  6 10   2456927.79 2014  9 27  7  4   2456927.83 2014  9 27  7 58
 2456929.34 2014  9 28 20  5   2456929.38 2014  9 28 21  0   2456929.41 2014  9 28 21 54
 2456930.92 2014  9 30 10  1   2456930.96 2014  9 30 10 56   2456930.99 2014  9 30 11 50
 2456932.50 2014 10  1 23 57   2456932.54 2014 10  2  0 51   2456932.57 2014 10  2  1 46
 2456934.08 2014 10  3 13 53   2456934.12 2014 10  3 14 47   2456934.15 2014 10  3 15 42
 2456935.66 2014 10  5  3 48   2456935.70 2014 10  5  4 43   2456935.73 2014 10  5  5 37
 2456937.24 2014 10  6 17 44   2456937.28 2014 10  6 18 39   2456937.32 2014 10  6 19 33
 2456938.82 2014 10  8  7 40   2456938.86 2014 10  8  8 34   2456938.90 2014 10  8  9 29
 2456940.40 2014 10  9 21 36   2456940.44 2014 10  9 22 30   2456940.48 2014 10  9 23 25
 2456941.98 2014 10 11 11 31   2456942.02 2014 10 11 12 26   2456942.06 2014 10 11 13 21
 2456943.56 2014 10 13  1 27   2456943.60 2014 10 13  2 22   2456943.64 2014 10 13  3 16
 2456945.14 2014 10 14 15 23   2456945.18 2014 10 14 16 18   2456945.22 2014 10 14 17 12
 2456946.72 2014 10 16  5 19   2456946.76 2014 10 16  6 13   2456946.80 2014 10 16  7  8
 2456948.30 2014 10 17 19 14   2456948.34 2014 10 17 20  9   2456948.38 2014 10 17 21  4
 2456949.88 2014 10 19  9 10   2456949.92 2014 10 19 10  5   2456949.96 2014 10 19 10 59
 2456951.46 2014 10 20 23  6   2456951.50 2014 10 21  0  1   2456951.54 2014 10 21  0 55
 2456953.04 2014 10 22 13  2   2456953.08 2014 10 22 13 56   2456953.12 2014 10 22 14 51
 2456954.62 2014 10 24  2 57   2456954.66 2014 10 24  3 52   2456954.70 2014 10 24  4 47
 2456956.20 2014 10 25 16 53   2456956.24 2014 10 25 17 48   2456956.28 2014 10 25 18 43
 2456957.78 2014 10 27  6 49   2456957.82 2014 10 27  7 44   2456957.86 2014 10 27  8 38
 2456959.36 2014 10 28 20 45   2456959.40 2014 10 28 21 39   2456959.44 2014 10 28 22 34
 2456960.95 2014 10 30 10 40   2456960.98 2014 10 30 11 35   2456961.02 2014 10 30 12 30
 2456962.53 2014 11  1  0 36   2456962.56 2014 11  1  1 31   2456962.60 2014 11  1  2 26
 2456964.11 2014 11  2 14 32   2456964.14 2014 11  2 15 27   2456964.18 2014 11  2 16 22
 2456965.69 2014 11  4  4 28   2456965.72 2014 11  4  5 23   2456965.76 2014 11  4  6 17
 2456967.27 2014 11  5 18 23   2456967.30 2014 11  5 19 18   2456967.34 2014 11  5 20 13
 2456968.85 2014 11  7  8 19   2456968.89 2014 11  7  9 14   2456968.92 2014 11  7 10  9
 2456970.43 2014 11  8 22 15   2456970.47 2014 11  8 23 10   2456970.50 2014 11  9  0  5
 2456972.01 2014 11 10 12 11   2456972.05 2014 11 10 13  6   2456972.08 2014 11 10 14  1
 2456973.59 2014 11 12  2  6   2456973.63 2014 11 12  3  1   2456973.66 2014 11 12  3 56
 2456975.17 2014 11 13 16  2   2456975.21 2014 11 13 16 57   2456975.24 2014 11 13 17 52
 2456976.75 2014 11 15  5 58   2456976.79 2014 11 15  6 53   2456976.83 2014 11 15  7 48
 2456978.33 2014 11 16 19 54   2456978.37 2014 11 16 20 49   2456978.41 2014 11 16 21 44
 2456979.91 2014 11 18  9 49   2456979.95 2014 11 18 10 44   2456979.99 2014 11 18 11 39
 2456981.49 2014 11 19 23 45   2456981.53 2014 11 20  0 40   2456981.57 2014 11 20  1 35
 2456983.07 2014 11 21 13 41   2456983.11 2014 11 21 14 36   2456983.15 2014 11 21 15 31
 2456984.65 2014 11 23  3 37   2456984.69 2014 11 23  4 32   2456984.73 2014 11 23  5 27
 2456986.23 2014 11 24 17 32   2456986.27 2014 11 24 18 28   2456986.31 2014 11 24 19 23
 2456987.81 2014 11 26  7 28   2456987.85 2014 11 26  8 23   2456987.89 2014 11 26  9 18
 2456989.39 2014 11 27 21 24   2456989.43 2014 11 27 22 19   2456989.47 2014 11 27 23 14
 2456990.97 2014 11 29 11 20   2456991.01 2014 11 29 12 15   2456991.05 2014 11 29 13 10
 2456992.55 2014 12  1  1 15   2456992.59 2014 12  1  2 11   2456992.63 2014 12  1  3  6
 2456994.13 2014 12  2 15 11   2456994.17 2014 12  2 16  6   2456994.21 2014 12  2 17  2
 2456995.71 2014 12  4  5  7   2456995.75 2014 12  4  6  2   2456995.79 2014 12  4  6 57
 2456997.29 2014 12  5 19  3   2456997.33 2014 12  5 19 58   2456997.37 2014 12  5 20 53
 2456998.87 2014 12  7  8 58   2456998.91 2014 12  7  9 54   2456998.95 2014 12  7 10 49
 2457000.45 2014 12  8 22 54   2457000.49 2014 12  8 23 49   2457000.53 2014 12  9  0 45
 2457002.04 2014 12 10 12 50   2457002.07 2014 12 10 13 45   2457002.11 2014 12 10 14 41
 2457003.62 2014 12 12  2 46   2457003.65 2014 12 12  3 41   2457003.69 2014 12 12  4 36
 2457005.20 2014 12 13 16 41   2457005.23 2014 12 13 17 37   2457005.27 2014 12 13 18 32
 2457006.78 2014 12 15  6 37   2457006.81 2014 12 15  7 33   2457006.85 2014 12 15  8 28
 2457008.36 2014 12 16 20 33   2457008.40 2014 12 16 21 28   2457008.43 2014 12 16 22 24
 2457009.94 2014 12 18 10 29   2457009.98 2014 12 18 11 24   2457010.01 2014 12 18 12 19
 2457011.52 2014 12 20  0 24   2457011.56 2014 12 20  1 20   2457011.59 2014 12 20  2 15
 2457013.10 2014 12 21 14 20   2457013.14 2014 12 21 15 16   2457013.17 2014 12 21 16 11
 2457014.68 2014 12 23  4 16   2457014.72 2014 12 23  5 11   2457014.76 2014 12 23  6  7
 2457016.26 2014 12 24 18 12   2457016.30 2014 12 24 19  7   2457016.34 2014 12 24 20  3
 2457017.84 2014 12 26  8  7   2457017.88 2014 12 26  9  3   2457017.92 2014 12 26  9 58
 2457019.42 2014 12 27 22  3   2457019.46 2014 12 27 22 59   2457019.50 2014 12 27 23 54
 2457021.00 2014 12 29 11 59   2457021.04 2014 12 29 12 54   2457021.08 2014 12 29 13 50
 2457022.58 2014 12 31  1 55   2457022.62 2014 12 31  2 50   2457022.66 2014 12 31  3 46
 2457024.16 2015  1  1 15 50   2457024.20 2015  1  1 16 46   2457024.24 2015  1  1 17 42
 2457025.74 2015  1  3  5 46   2457025.78 2015  1  3  6 42   2457025.82 2015  1  3  7 37
 2457027.32 2015  1  4 19 42   2457027.36 2015  1  4 20 38   2457027.40 2015  1  4 21 33
 2457028.90 2015  1  6  9 38   2457028.94 2015  1  6 10 33   2457028.98 2015  1  6 11 29
 2457030.48 2015  1  7 23 33   2457030.52 2015  1  8  0 29   2457030.56 2015  1  8  1 25
 2457032.06 2015  1  9 13 29   2457032.10 2015  1  9 14 25   2457032.14 2015  1  9 15 21
 2457033.64 2015  1 11  3 25   2457033.68 2015  1 11  4 21   2457033.72 2015  1 11  5 16
 2457035.22 2015  1 12 17 21   2457035.26 2015  1 12 18 16   2457035.30 2015  1 12 19 12
 2457036.80 2015  1 14  7 16   2457036.84 2015  1 14  8 12   2457036.88 2015  1 14  9  8
 2457038.38 2015  1 15 21 12   2457038.42 2015  1 15 22  8   2457038.46 2015  1 15 23  4
 2457039.96 2015  1 17 11  8   2457040.00 2015  1 17 12  4   2457040.04 2015  1 17 12 59
 2457041.54 2015  1 19  1  4   2457041.58 2015  1 19  1 59   2457041.62 2015  1 19  2 55
 2457043.12 2015  1 20 14 59   2457043.16 2015  1 20 15 55   2457043.20 2015  1 20 16 51
 2457044.71 2015  1 22  4 55   2457044.74 2015  1 22  5 51   2457044.78 2015  1 22  6 47
 2457046.29 2015  1 23 18 51   2457046.32 2015  1 23 19 47   2457046.36 2015  1 23 20 43
 2457047.87 2015  1 25  8 47   2457047.90 2015  1 25  9 43   2457047.94 2015  1 25 10 38
 2457049.45 2015  1 26 22 42   2457049.49 2015  1 26 23 38   2457049.52 2015  1 27  0 34
 2457051.03 2015  1 28 12 38   2457051.07 2015  1 28 13 34   2457051.10 2015  1 28 14 30
 2457052.61 2015  1 30  2 34   2457052.65 2015  1 30  3 30   2457052.68 2015  1 30  4 26
 2457054.19 2015  1 31 16 30   2457054.23 2015  1 31 17 26   2457054.27 2015  1 31 18 22
 2457055.77 2015  2  2  6 25   2457055.81 2015  2  2  7 21   2457055.85 2015  2  2  8 17
 2457057.35 2015  2  3 20 21   2457057.39 2015  2  3 21 17   2457057.43 2015  2  3 22 13
 2457058.93 2015  2  5 10 17   2457058.97 2015  2  5 11 13   2457059.01 2015  2  5 12  9
 2457060.51 2015  2  7  0 13   2457060.55 2015  2  7  1  9   2457060.59 2015  2  7  2  5
 2457062.09 2015  2  8 14  8   2457062.13 2015  2  8 15  4   2457062.17 2015  2  8 16  0
 2457063.67 2015  2 10  4  4   2457063.71 2015  2 10  5  0   2457063.75 2015  2 10  5 56
 2457065.25 2015  2 11 18  0   2457065.29 2015  2 11 18 56   2457065.33 2015  2 11 19 52
 2457066.83 2015  2 13  7 56   2457066.87 2015  2 13  8 52   2457066.91 2015  2 13  9 48
 2457068.41 2015  2 14 21 51   2457068.45 2015  2 14 22 48   2457068.49 2015  2 14 23 44
 2457069.99 2015  2 16 11 47   2457070.03 2015  2 16 12 43   2457070.07 2015  2 16 13 39
 2457071.57 2015  2 18  1 43   2457071.61 2015  2 18  2 39   2457071.65 2015  2 18  3 35
 2457073.15 2015  2 19 15 39   2457073.19 2015  2 19 16 35   2457073.23 2015  2 19 17 31
 2457074.73 2015  2 21  5 34   2457074.77 2015  2 21  6 31   2457074.81 2015  2 21  7 27
 2457076.31 2015  2 22 19 30   2457076.35 2015  2 22 20 26   2457076.39 2015  2 22 21 23
 2457077.89 2015  2 24  9 26   2457077.93 2015  2 24 10 22   2457077.97 2015  2 24 11 18
 2457079.47 2015  2 25 23 22   2457079.51 2015  2 26  0 18   2457079.55 2015  2 26  1 14
 2457081.05 2015  2 27 13 17   2457081.09 2015  2 27 14 14   2457081.13 2015  2 27 15 10
 2457082.63 2015  3  1  3 13   2457082.67 2015  3  1  4  9   2457082.71 2015  3  1  5  6
 2457084.21 2015  3  2 17  9   2457084.25 2015  3  2 18  5   2457084.29 2015  3  2 19  2
 2457085.80 2015  3  4  7  5   2457085.83 2015  3  4  8  1   2457085.87 2015  3  4  8 57
 2457087.38 2015  3  5 21  0   2457087.41 2015  3  5 21 57   2457087.45 2015  3  5 22 53
 2457088.96 2015  3  7 10 56   2457089.00 2015  3  7 11 53   2457089.03 2015  3  7 12 49
 2457090.54 2015  3  9  0 52   2457090.58 2015  3  9  1 48   2457090.61 2015  3  9  2 45
 2457092.12 2015  3 10 14 48   2457092.16 2015  3 10 15 44   2457092.20 2015  3 10 16 40
 2457093.70 2015  3 12  4 43   2457093.74 2015  3 12  5 40   2457093.78 2015  3 12  6 36
 2457095.28 2015  3 13 18 39   2457095.32 2015  3 13 19 36   2457095.36 2015  3 13 20 32
 2457096.86 2015  3 15  8 35   2457096.90 2015  3 15  9 31   2457096.94 2015  3 15 10 28
 2457098.44 2015  3 16 22 31   2457098.48 2015  3 16 23 27   2457098.52 2015  3 17  0 24
 2457100.02 2015  3 18 12 26   2457100.06 2015  3 18 13 23   2457100.10 2015  3 18 14 19
 2457101.60 2015  3 20  2 22   2457101.64 2015  3 20  3 19   2457101.68 2015  3 20  4 15
 2457103.18 2015  3 21 16 18   2457103.22 2015  3 21 17 14   2457103.26 2015  3 21 18 11
 2457104.76 2015  3 23  6 14   2457104.80 2015  3 23  7 10   2457104.84 2015  3 23  8  7
 2457106.34 2015  3 24 20  9   2457106.38 2015  3 24 21  6   2457106.42 2015  3 24 22  3
 2457107.92 2015  3 26 10  5   2457107.96 2015  3 26 11  2   2457108.00 2015  3 26 11 58
 2457109.50 2015  3 28  0  1   2457109.54 2015  3 28  0 58   2457109.58 2015  3 28  1 54
 2457111.08 2015  3 29 13 57   2457111.12 2015  3 29 14 53   2457111.16 2015  3 29 15 50
 2457112.66 2015  3 31  3 52   2457112.70 2015  3 31  4 49   2457112.74 2015  3 31  5 46
 2457114.24 2015  4  1 17 48   2457114.28 2015  4  1 18 45   2457114.32 2015  4  1 19 42
 2457115.82 2015  4  3  7 44   2457115.86 2015  4  3  8 41   2457115.90 2015  4  3  9 37
 2457117.40 2015  4  4 21 40   2457117.44 2015  4  4 22 36   2457117.48 2015  4  4 23 33
 2457118.98 2015  4  6 11 35   2457119.02 2015  4  6 12 32   2457119.06 2015  4  6 13 29
 2457120.56 2015  4  8  1 31   2457120.60 2015  4  8  2 28   2457120.64 2015  4  8  3 25
 2457122.14 2015  4  9 15 27   2457122.18 2015  4  9 16 24   2457122.22 2015  4  9 17 20
 2457123.72 2015  4 11  5 23   2457123.76 2015  4 11  6 19   2457123.80 2015  4 11  7 16
 2457125.30 2015  4 12 19 18   2457125.34 2015  4 12 20 15   2457125.38 2015  4 12 21 12
 2457126.89 2015  4 14  9 14   2457126.92 2015  4 14 10 11   2457126.96 2015  4 14 11  8
 2457128.47 2015  4 15 23 10   2457128.51 2015  4 16  0  7   2457128.54 2015  4 16  1  4
 2457130.05 2015  4 17 13  6   2457130.09 2015  4 17 14  3   2457130.12 2015  4 17 14 59
 2457131.63 2015  4 19  3  1   2457131.67 2015  4 19  3 58   2457131.71 2015  4 19  4 55
 2457133.21 2015  4 20 16 57   2457133.25 2015  4 20 17 54   2457133.29 2015  4 20 18 51
 2457134.79 2015  4 22  6 53   2457134.83 2015  4 22  7 50   2457134.87 2015  4 22  8 47
 2457136.37 2015  4 23 20 49   2457136.41 2015  4 23 21 46   2457136.45 2015  4 23 22 43
 2457137.95 2015  4 25 10 44   2457137.99 2015  4 25 11 41   2457138.03 2015  4 25 12 38
 2457139.53 2015  4 27  0 40   2457139.57 2015  4 27  1 37   2457139.61 2015  4 27  2 34
 2457141.11 2015  4 28 14 36   2457141.15 2015  4 28 15 33   2457141.19 2015  4 28 16 30
 2457142.69 2015  4 30  4 32   2457142.73 2015  4 30  5 29   2457142.77 2015  4 30  6 26
 2457144.27 2015  5  1 18 27   2457144.31 2015  5  1 19 24   2457144.35 2015  5  1 20 22
 2457145.85 2015  5  3  8 23   2457145.89 2015  5  3  9 20   2457145.93 2015  5  3 10 17
 2457147.43 2015  5  4 22 19   2457147.47 2015  5  4 23 16   2457147.51 2015  5  5  0 13
 2457149.01 2015  5  6 12 15   2457149.05 2015  5  6 13 12   2457149.09 2015  5  6 14  9
 2457150.59 2015  5  8  2 10   2457150.63 2015  5  8  3  8   2457150.67 2015  5  8  4  5
 2457152.17 2015  5  9 16  6   2457152.21 2015  5  9 17  3   2457152.25 2015  5  9 18  0
 2457153.75 2015  5 11  6  2   2457153.79 2015  5 11  6 59   2457153.83 2015  5 11  7 56
 2457155.33 2015  5 12 19 58   2457155.37 2015  5 12 20 55   2457155.41 2015  5 12 21 52
 2457156.91 2015  5 14  9 53   2457156.95 2015  5 14 10 51   2457156.99 2015  5 14 11 48
 2457158.49 2015  5 15 23 49   2457158.53 2015  5 16  0 46   2457158.57 2015  5 16  1 44
 2457160.07 2015  5 17 13 45   2457160.11 2015  5 17 14 42   2457160.15 2015  5 17 15 39
 2457161.65 2015  5 19  3 41   2457161.69 2015  5 19  4 38   2457161.73 2015  5 19  5 35
 2457163.23 2015  5 20 17 36   2457163.27 2015  5 20 18 34   2457163.31 2015  5 20 19 31
 2457164.81 2015  5 22  7 32   2457164.85 2015  5 22  8 29   2457164.89 2015  5 22  9 27
 2457166.39 2015  5 23 21 28   2457166.43 2015  5 23 22 25   2457166.47 2015  5 23 23 23
 2457167.98 2015  5 25 11 24   2457168.01 2015  5 25 12 21   2457168.05 2015  5 25 13 18
 2457169.56 2015  5 27  1 19   2457169.60 2015  5 27  2 17   2457169.64 2015  5 27  3 14
 2457171.14 2015  5 28 15 15   2457171.18 2015  5 28 16 13   2457171.22 2015  5 28 17 10
 2457172.72 2015  5 30  5 11   2457172.76 2015  5 30  6  8   2457172.80 2015  5 30  7  6
 2457174.30 2015  5 31 19  7   2457174.34 2015  5 31 20  4   2457174.38 2015  5 31 21  2
 2457175.88 2015  6  2  9  2   2457175.92 2015  6  2 10  0   2457175.96 2015  6  2 10 57
 2457177.46 2015  6  3 22 58   2457177.50 2015  6  3 23 56   2457177.54 2015  6  4  0 53
 2457179.04 2015  6  5 12 54   2457179.08 2015  6  5 13 51   2457179.12 2015  6  5 14 49
 2457180.62 2015  6  7  2 50   2457180.66 2015  6  7  3 47   2457180.70 2015  6  7  4 45
 2457182.20 2015  6  8 16 45   2457182.24 2015  6  8 17 43   2457182.28 2015  6  8 18 40
 2457183.78 2015  6 10  6 41   2457183.82 2015  6 10  7 39   2457183.86 2015  6 10  8 36
 2457185.36 2015  6 11 20 37   2457185.40 2015  6 11 21 34   2457185.44 2015  6 11 22 32
 2457186.94 2015  6 13 10 33   2457186.98 2015  6 13 11 30   2457187.02 2015  6 13 12 28
 2457188.52 2015  6 15  0 28   2457188.56 2015  6 15  1 26   2457188.60 2015  6 15  2 24
 2457190.10 2015  6 16 14 24   2457190.14 2015  6 16 15 22   2457190.18 2015  6 16 16 19
 2457191.68 2015  6 18  4 20   2457191.72 2015  6 18  5 18   2457191.76 2015  6 18  6 15
 2457193.26 2015  6 19 18 16   2457193.30 2015  6 19 19 13   2457193.34 2015  6 19 20 11
 2457194.84 2015  6 21  8 11   2457194.88 2015  6 21  9  9   2457194.92 2015  6 21 10  7
 2457196.42 2015  6 22 22  7   2457196.46 2015  6 22 23  5   2457196.50 2015  6 23  0  3
 2457198.00 2015  6 24 12  3   2457198.04 2015  6 24 13  1   2457198.08 2015  6 24 13 58
 2457199.58 2015  6 26  1 59   2457199.62 2015  6 26  2 56   2457199.66 2015  6 26  3 54
 2457201.16 2015  6 27 15 54   2457201.20 2015  6 27 16 52   2457201.24 2015  6 27 17 50
 2457202.74 2015  6 29  5 50   2457202.78 2015  6 29  6 48   2457202.82 2015  6 29  7 46
 2457204.32 2015  6 30 19 46   2457204.36 2015  6 30 20 44   2457204.40 2015  6 30 21 41
 2457205.90 2015  7  2  9 42   2457205.94 2015  7  2 10 39   2457205.98 2015  7  2 11 37
 2457207.48 2015  7  3 23 37   2457207.52 2015  7  4  0 35   2457207.56 2015  7  4  1 33
 2457209.07 2015  7  5 13 33   2457209.11 2015  7  5 14 31   2457209.15 2015  7  5 15 29
 2457210.65 2015  7  7  3 29   2457210.69 2015  7  7  4 27   2457210.73 2015  7  7  5 25
 2457212.23 2015  7  8 17 25   2457212.27 2015  7  8 18 23   2457212.31 2015  7  8 19 20
 2457213.81 2015  7 10  7 20   2457213.85 2015  7 10  8 18   2457213.89 2015  7 10  9 16
 2457215.39 2015  7 11 21 16   2457215.43 2015  7 11 22 14   2457215.47 2015  7 11 23 12
 2457216.97 2015  7 13 11 12   2457217.01 2015  7 13 12 10   2457217.05 2015  7 13 13  8
 2457218.55 2015  7 15  1  8   2457218.59 2015  7 15  2  6   2457218.63 2015  7 15  3  4
 2457220.13 2015  7 16 15  3   2457220.17 2015  7 16 16  1   2457220.21 2015  7 16 16 59
 2457221.71 2015  7 18  4 59   2457221.75 2015  7 18  5 57   2457221.79 2015  7 18  6 55
 2457223.29 2015  7 19 18 55   2457223.33 2015  7 19 19 53   2457223.37 2015  7 19 20 51
 2457224.87 2015  7 21  8 51   2457224.91 2015  7 21  9 49   2457224.95 2015  7 21 10 47
 2457226.45 2015  7 22 22 46   2457226.49 2015  7 22 23 44   2457226.53 2015  7 23  0 43
 2457228.03 2015  7 24 12 42   2457228.07 2015  7 24 13 40   2457228.11 2015  7 24 14 38
 2457229.61 2015  7 26  2 38   2457229.65 2015  7 26  3 36   2457229.69 2015  7 26  4 34
 2457231.19 2015  7 27 16 34   2457231.23 2015  7 27 17 32   2457231.27 2015  7 27 18 30
 2457232.77 2015  7 29  6 29   2457232.81 2015  7 29  7 28   2457232.85 2015  7 29  8 26
 2457234.35 2015  7 30 20 25   2457234.39 2015  7 30 21 23   2457234.43 2015  7 30 22 21
 2457235.93 2015  8  1 10 21   2457235.97 2015  8  1 11 19   2457236.01 2015  8  1 12 17
 2457237.51 2015  8  3  0 17   2457237.55 2015  8  3  1 15   2457237.59 2015  8  3  2 13
 2457239.09 2015  8  4 14 12   2457239.13 2015  8  4 15 11   2457239.17 2015  8  4 16  9
 2457240.67 2015  8  6  4  8   2457240.71 2015  8  6  5  6   2457240.75 2015  8  6  6  5
 2457242.25 2015  8  7 18  4   2457242.29 2015  8  7 19  2   2457242.33 2015  8  7 20  0
 2457243.83 2015  8  9  8  0   2457243.87 2015  8  9  8 58   2457243.91 2015  8  9  9 56
 2457245.41 2015  8 10 21 55   2457245.45 2015  8 10 22 54   2457245.49 2015  8 10 23 52
 2457246.99 2015  8 12 11 51   2457247.03 2015  8 12 12 49   2457247.08 2015  8 12 13 48
 2457248.57 2015  8 14  1 47   2457248.62 2015  8 14  2 45   2457248.66 2015  8 14  3 44
 2457250.15 2015  8 15 15 43   2457250.20 2015  8 15 16 41   2457250.24 2015  8 15 17 39
 2457251.74 2015  8 17  5 38   2457251.78 2015  8 17  6 37   2457251.82 2015  8 17  7 35
 2457253.32 2015  8 18 19 34   2457253.36 2015  8 18 20 33   2457253.40 2015  8 18 21 31
 2457254.90 2015  8 20  9 30   2457254.94 2015  8 20 10 28   2457254.98 2015  8 20 11 27
 2457256.48 2015  8 21 23 26   2457256.52 2015  8 22  0 24   2457256.56 2015  8 22  1 23
 2457258.06 2015  8 23 13 21   2457258.10 2015  8 23 14 20   2457258.14 2015  8 23 15 18
 2457259.64 2015  8 25  3 17   2457259.68 2015  8 25  4 16   2457259.72 2015  8 25  5 14
 2457261.22 2015  8 26 17 13   2457261.26 2015  8 26 18 11   2457261.30 2015  8 26 19 10
 2457262.80 2015  8 28  7  9   2457262.84 2015  8 28  8  7   2457262.88 2015  8 28  9  6
 2457264.38 2015  8 29 21  4   2457264.42 2015  8 29 22  3   2457264.46 2015  8 29 23  1
 2457265.96 2015  8 31 11  0   2457266.00 2015  8 31 11 59   2457266.04 2015  8 31 12 57
 2457267.54 2015  9  2  0 56   2457267.58 2015  9  2  1 54   2457267.62 2015  9  2  2 53
 2457269.12 2015  9  3 14 52   2457269.16 2015  9  3 15 50   2457269.20 2015  9  3 16 49
 2457270.70 2015  9  5  4 47   2457270.74 2015  9  5  5 46   2457270.78 2015  9  5  6 45
 2457272.28 2015  9  6 18 43   2457272.32 2015  9  6 19 42   2457272.36 2015  9  6 20 40
 2457273.86 2015  9  8  8 39   2457273.90 2015  9  8  9 38   2457273.94 2015  9  8 10 36
 2457275.44 2015  9  9 22 35   2457275.48 2015  9  9 23 33   2457275.52 2015  9 10  0 32
 2457277.02 2015  9 11 12 30   2457277.06 2015  9 11 13 29   2457277.10 2015  9 11 14 28
 2457278.60 2015  9 13  2 26   2457278.64 2015  9 13  3 25   2457278.68 2015  9 13  4 24
 2457280.18 2015  9 14 16 22   2457280.22 2015  9 14 17 21   2457280.26 2015  9 14 18 19
 2457281.76 2015  9 16  6 18   2457281.80 2015  9 16  7 16   2457281.84 2015  9 16  8 15
 2457283.34 2015  9 17 20 13   2457283.38 2015  9 17 21 12   2457283.42 2015  9 17 22 11
 2457284.92 2015  9 19 10  9   2457284.96 2015  9 19 11  8   2457285.01 2015  9 19 12  7
 2457286.50 2015  9 21  0  5   2457286.54 2015  9 21  1  4   2457286.59 2015  9 21  2  3
 2457288.08 2015  9 22 14  1   2457288.12 2015  9 22 14 59   2457288.17 2015  9 22 15 58
 2457289.66 2015  9 24  3 56   2457289.71 2015  9 24  4 55   2457289.75 2015  9 24  5 54
 2457291.24 2015  9 25 17 52   2457291.29 2015  9 25 18 51   2457291.33 2015  9 25 19 50
 2457292.83 2015  9 27  7 48   2457292.87 2015  9 27  8 47   2457292.91 2015  9 27  9 46
 2457294.41 2015  9 28 21 44   2457294.45 2015  9 28 22 43   2457294.49 2015  9 28 23 41
 2457295.99 2015  9 30 11 39   2457296.03 2015  9 30 12 38   2457296.07 2015  9 30 13 37
 2457297.57 2015 10  2  1 35   2457297.61 2015 10  2  2 34   2457297.65 2015 10  2  3 33
 2457299.15 2015 10  3 15 31   2457299.19 2015 10  3 16 30   2457299.23 2015 10  3 17 29
 2457300.73 2015 10  5  5 27   2457300.77 2015 10  5  6 26   2457300.81 2015 10  5  7 25
 2457302.31 2015 10  6 19 22   2457302.35 2015 10  6 20 21   2457302.39 2015 10  6 21 20
 2457303.89 2015 10  8  9 18   2457303.93 2015 10  8 10 17   2457303.97 2015 10  8 11 16
 2457305.47 2015 10  9 23 14   2457305.51 2015 10 10  0 13   2457305.55 2015 10 10  1 12
 2457307.05 2015 10 11 13 10   2457307.09 2015 10 11 14  9   2457307.13 2015 10 11 15  8
 2457308.63 2015 10 13  3  5   2457308.67 2015 10 13  4  4   2457308.71 2015 10 13  5  4
 2457310.21 2015 10 14 17  1   2457310.25 2015 10 14 18  0   2457310.29 2015 10 14 18 59
 2457311.79 2015 10 16  6 57   2457311.83 2015 10 16  7 56   2457311.87 2015 10 16  8 55
 2457313.37 2015 10 17 20 53   2457313.41 2015 10 17 21 52   2457313.45 2015 10 17 22 51
 2457314.95 2015 10 19 10 48   2457314.99 2015 10 19 11 48   2457315.03 2015 10 19 12 47
 2457316.53 2015 10 21  0 44   2457316.57 2015 10 21  1 43   2457316.61 2015 10 21  2 42
 2457318.11 2015 10 22 14 40   2457318.15 2015 10 22 15 39   2457318.19 2015 10 22 16 38
 2457319.69 2015 10 24  4 36   2457319.73 2015 10 24  5 35   2457319.77 2015 10 24  6 34
 2457321.27 2015 10 25 18 31   2457321.31 2015 10 25 19 31   2457321.35 2015 10 25 20 30
 2457322.85 2015 10 27  8 27   2457322.89 2015 10 27  9 26   2457322.93 2015 10 27 10 26
 2457324.43 2015 10 28 22 23   2457324.47 2015 10 28 23 22   2457324.52 2015 10 29  0 21
 2457326.01 2015 10 30 12 19   2457326.05 2015 10 30 13 18   2457326.10 2015 10 30 14 17
 2457327.59 2015 11  1  2 14   2457327.63 2015 11  1  3 14   2457327.68 2015 11  1  4 13
 2457329.17 2015 11  2 16 10   2457329.22 2015 11  2 17  9   2457329.26 2015 11  2 18  9
 2457330.75 2015 11  4  6  6   2457330.80 2015 11  4  7  5   2457330.84 2015 11  4  8  5
 2457332.33 2015 11  5 20  2   2457332.38 2015 11  5 21  1   2457332.42 2015 11  5 22  0
 2457333.92 2015 11  7  9 57   2457333.96 2015 11  7 10 57   2457334.00 2015 11  7 11 56
 2457335.50 2015 11  8 23 53   2457335.54 2015 11  9  0 53   2457335.58 2015 11  9  1 52
 2457337.08 2015 11 10 13 49   2457337.12 2015 11 10 14 48   2457337.16 2015 11 10 15 48
 2457338.66 2015 11 12  3 45   2457338.70 2015 11 12  4 44   2457338.74 2015 11 12  5 44
 2457340.24 2015 11 13 17 40   2457340.28 2015 11 13 18 40   2457340.32 2015 11 13 19 39
 2457341.82 2015 11 15  7 36   2457341.86 2015 11 15  8 36   2457341.90 2015 11 15  9 35
 2457343.40 2015 11 16 21 32   2457343.44 2015 11 16 22 31   2457343.48 2015 11 16 23 31
 2457344.98 2015 11 18 11 28   2457345.02 2015 11 18 12 27   2457345.06 2015 11 18 13 27
 2457346.56 2015 11 20  1 23   2457346.60 2015 11 20  2 23   2457346.64 2015 11 20  3 22
 2457348.14 2015 11 21 15 19   2457348.18 2015 11 21 16 19   2457348.22 2015 11 21 17 18
 2457349.72 2015 11 23  5 15   2457349.76 2015 11 23  6 14   2457349.80 2015 11 23  7 14
 2457351.30 2015 11 24 19 11   2457351.34 2015 11 24 20 10   2457351.38 2015 11 24 21 10
 2457352.88 2015 11 26  9  6   2457352.92 2015 11 26 10  6   2457352.96 2015 11 26 11  6
 2457354.46 2015 11 27 23  2   2457354.50 2015 11 28  0  2   2457354.54 2015 11 28  1  1
 2457356.04 2015 11 29 12 58   2457356.08 2015 11 29 13 58   2457356.12 2015 11 29 14 57
 2457357.62 2015 12  1  2 54   2457357.66 2015 12  1  3 53   2457357.70 2015 12  1  4 53
 2457359.20 2015 12  2 16 49   2457359.24 2015 12  2 17 49   2457359.28 2015 12  2 18 49
 2457360.78 2015 12  4  6 45   2457360.82 2015 12  4  7 45   2457360.86 2015 12  4  8 45
 2457362.36 2015 12  5 20 41   2457362.40 2015 12  5 21 41   2457362.45 2015 12  5 22 40
 2457363.94 2015 12  7 10 37   2457363.98 2015 12  7 11 36   2457364.03 2015 12  7 12 36
 2457365.52 2015 12  9  0 32   2457365.56 2015 12  9  1 32   2457365.61 2015 12  9  2 32
 2457367.10 2015 12 10 14 28   2457367.14 2015 12 10 15 28   2457367.19 2015 12 10 16 28
 2457368.68 2015 12 12  4 24   2457368.73 2015 12 12  5 24   2457368.77 2015 12 12  6 24
 2457370.26 2015 12 13 18 20   2457370.31 2015 12 13 19 19   2457370.35 2015 12 13 20 19
 2457371.84 2015 12 15  8 15   2457371.89 2015 12 15  9 15   2457371.93 2015 12 15 10 15
 2457373.42 2015 12 16 22 11   2457373.47 2015 12 16 23 11   2457373.51 2015 12 17  0 11
 2457375.01 2015 12 18 12  7   2457375.05 2015 12 18 13  7   2457375.09 2015 12 18 14  7
 2457376.59 2015 12 20  2  3   2457376.63 2015 12 20  3  3   2457376.67 2015 12 20  4  2
 2457378.17 2015 12 21 15 58   2457378.21 2015 12 21 16 58   2457378.25 2015 12 21 17 58
 2457379.75 2015 12 23  5 54   2457379.79 2015 12 23  6 54   2457379.83 2015 12 23  7 54
 2457381.33 2015 12 24 19 50   2457381.37 2015 12 24 20 50   2457381.41 2015 12 24 21 50
 2457382.91 2015 12 26  9 46   2457382.95 2015 12 26 10 46   2457382.99 2015 12 26 11 46
 2457384.49 2015 12 27 23 41   2457384.53 2015 12 28  0 41   2457384.57 2015 12 28  1 41
 2457386.07 2015 12 29 13 37   2457386.11 2015 12 29 14 37   2457386.15 2015 12 29 15 37
 2457387.65 2015 12 31  3 33   2457387.69 2015 12 31  4 33   2457387.73 2015 12 31  5 33
 2457389.23 2016  1  1 17 29   2457389.27 2016  1  1 18 29   2457389.31 2016  1  1 19 29
 2457390.81 2016  1  3  7 24   2457390.85 2016  1  3  8 24   2457390.89 2016  1  3  9 25
 2457392.39 2016  1  4 21 20   2457392.43 2016  1  4 22 20   2457392.47 2016  1  4 23 20
 2457393.97 2016  1  6 11 16   2457394.01 2016  1  6 12 16   2457394.05 2016  1  6 13 16
 2457395.55 2016  1  8  1 12   2457395.59 2016  1  8  2 12   2457395.63 2016  1  8  3 12
 2457397.13 2016  1  9 15  7   2457397.17 2016  1  9 16  8   2457397.21 2016  1  9 17  8
 2457398.71 2016  1 11  5  3   2457398.75 2016  1 11  6  3   2457398.79 2016  1 11  7  4
 2457400.29 2016  1 12 18 59   2457400.33 2016  1 12 19 59   2457400.37 2016  1 12 20 59
 2457401.87 2016  1 14  8 55   2457401.91 2016  1 14  9 55   2457401.96 2016  1 14 10 55
 2457403.45 2016  1 15 22 50   2457403.49 2016  1 15 23 51   2457403.54 2016  1 16  0 51
 2457405.03 2016  1 17 12 46   2457405.07 2016  1 17 13 46   2457405.12 2016  1 17 14 47
 2457406.61 2016  1 19  2 42   2457406.65 2016  1 19  3 42   2457406.70 2016  1 19  4 42
 2457408.19 2016  1 20 16 38   2457408.23 2016  1 20 17 38   2457408.28 2016  1 20 18 38
 2457409.77 2016  1 22  6 33   2457409.82 2016  1 22  7 34   2457409.86 2016  1 22  8 34
 2457411.35 2016  1 23 20 29   2457411.40 2016  1 23 21 29   2457411.44 2016  1 23 22 30
 2457412.93 2016  1 25 10 25   2457412.98 2016  1 25 11 25   2457413.02 2016  1 25 12 26
 2457414.51 2016  1 27  0 21   2457414.56 2016  1 27  1 21   2457414.60 2016  1 27  2 21
 2457416.09 2016  1 28 14 16   2457416.14 2016  1 28 15 17   2457416.18 2016  1 28 16 17
 2457417.68 2016  1 30  4 12   2457417.72 2016  1 30  5 12   2457417.76 2016  1 30  6 13
 2457419.26 2016  1 31 18  8   2457419.30 2016  1 31 19  8   2457419.34 2016  1 31 20  9
 2457420.84 2016  2  2  8  4   2457420.88 2016  2  2  9  4   2457420.92 2016  2  2 10  5
 2457422.42 2016  2  3 21 59   2457422.46 2016  2  3 23  0   2457422.50 2016  2  4  0  0
 2457424.00 2016  2  5 11 55   2457424.04 2016  2  5 12 56   2457424.08 2016  2  5 13 56
 2457425.58 2016  2  7  1 51   2457425.62 2016  2  7  2 51   2457425.66 2016  2  7  3 52
 2457427.16 2016  2  8 15 47   2457427.20 2016  2  8 16 47   2457427.24 2016  2  8 17 48
 2457428.74 2016  2 10  5 42   2457428.78 2016  2 10  6 43   2457428.82 2016  2 10  7 44
 2457430.32 2016  2 11 19 38   2457430.36 2016  2 11 20 39   2457430.40 2016  2 11 21 39
 2457431.90 2016  2 13  9 34   2457431.94 2016  2 13 10 34   2457431.98 2016  2 13 11 35
 2457433.48 2016  2 14 23 30   2457433.52 2016  2 15  0 30   2457433.56 2016  2 15  1 31
 2457435.06 2016  2 16 13 25   2457435.10 2016  2 16 14 26   2457435.14 2016  2 16 15 27
 2457436.64 2016  2 18  3 21   2457436.68 2016  2 18  4 22   2457436.72 2016  2 18  5 22
 2457438.22 2016  2 19 17 17   2457438.26 2016  2 19 18 17   2457438.30 2016  2 19 19 18
 2457439.80 2016  2 21  7 13   2457439.84 2016  2 21  8 13   2457439.89 2016  2 21  9 14
 2457441.38 2016  2 22 21  8   2457441.42 2016  2 22 22  9   2457441.47 2016  2 22 23 10
 2457442.96 2016  2 24 11  4   2457443.00 2016  2 24 12  5   2457443.05 2016  2 24 13  6
 2457444.54 2016  2 26  1  0   2457444.58 2016  2 26  2  1   2457444.63 2016  2 26  3  1
 2457446.12 2016  2 27 14 56   2457446.16 2016  2 27 15 56   2457446.21 2016  2 27 16 57
 2457447.70 2016  2 29  4 51   2457447.74 2016  2 29  5 52   2457447.79 2016  2 29  6 53
 2457449.28 2016  3  1 18 47   2457449.33 2016  3  1 19 48   2457449.37 2016  3  1 20 49
 2457450.86 2016  3  3  8 43   2457450.91 2016  3  3  9 44   2457450.95 2016  3  3 10 45
 2457452.44 2016  3  4 22 39   2457452.49 2016  3  4 23 39   2457452.53 2016  3  5  0 40
 2457454.02 2016  3  6 12 34   2457454.07 2016  3  6 13 35   2457454.11 2016  3  6 14 36
 2457455.60 2016  3  8  2 30   2457455.65 2016  3  8  3 31   2457455.69 2016  3  8  4 32
 2457457.18 2016  3  9 16 26   2457457.23 2016  3  9 17 27   2457457.27 2016  3  9 18 28
 2457458.77 2016  3 11  6 22   2457458.81 2016  3 11  7 22   2457458.85 2016  3 11  8 23
 2457460.35 2016  3 12 20 17   2457460.39 2016  3 12 21 18   2457460.43 2016  3 12 22 19
 2457461.93 2016  3 14 10 13   2457461.97 2016  3 14 11 14   2457462.01 2016  3 14 12 15
 2457463.51 2016  3 16  0  9   2457463.55 2016  3 16  1 10   2457463.59 2016  3 16  2 11
 2457465.09 2016  3 17 14  5   2457465.13 2016  3 17 15  6   2457465.17 2016  3 17 16  7
 2457466.67 2016  3 19  4  0   2457466.71 2016  3 19  5  1   2457466.75 2016  3 19  6  2
 2457468.25 2016  3 20 17 56   2457468.29 2016  3 20 18 57   2457468.33 2016  3 20 19 58
 2457469.83 2016  3 22  7 52   2457469.87 2016  3 22  8 53   2457469.91 2016  3 22  9 54
 2457471.41 2016  3 23 21 47   2457471.45 2016  3 23 22 49   2457471.49 2016  3 23 23 50
 2457472.99 2016  3 25 11 43   2457473.03 2016  3 25 12 44   2457473.07 2016  3 25 13 46
 2457474.57 2016  3 27  1 39   2457474.61 2016  3 27  2 40   2457474.65 2016  3 27  3 41
 2457476.15 2016  3 28 15 35   2457476.19 2016  3 28 16 36   2457476.23 2016  3 28 17 37
 2457477.73 2016  3 30  5 30   2457477.77 2016  3 30  6 32   2457477.81 2016  3 30  7 33
 2457479.31 2016  3 31 19 26   2457479.35 2016  3 31 20 27   2457479.40 2016  3 31 21 29
 2457480.89 2016  4  2  9 22   2457480.93 2016  4  2 10 23   2457480.98 2016  4  2 11 25
 2457482.47 2016  4  3 23 18   2457482.51 2016  4  4  0 19   2457482.56 2016  4  4  1 20
 2457484.05 2016  4  5 13 13   2457484.09 2016  4  5 14 15   2457484.14 2016  4  5 15 16
 2457485.63 2016  4  7  3  9   2457485.67 2016  4  7  4 11   2457485.72 2016  4  7  5 12
 2457487.21 2016  4  8 17  5   2457487.25 2016  4  8 18  6   2457487.30 2016  4  8 19  8
 2457488.79 2016  4 10  7  1   2457488.84 2016  4 10  8  2   2457488.88 2016  4 10  9  3
 2457490.37 2016  4 11 20 56   2457490.42 2016  4 11 21 58   2457490.46 2016  4 11 22 59
 2457491.95 2016  4 13 10 52   2457492.00 2016  4 13 11 54   2457492.04 2016  4 13 12 55
 2457493.53 2016  4 15  0 48   2457493.58 2016  4 15  1 49   2457493.62 2016  4 15  2 51
 2457495.11 2016  4 16 14 44   2457495.16 2016  4 16 15 45   2457495.20 2016  4 16 16 47
 2457496.69 2016  4 18  4 39   2457496.74 2016  4 18  5 41   2457496.78 2016  4 18  6 42
 2457498.27 2016  4 19 18 35   2457498.32 2016  4 19 19 37   2457498.36 2016  4 19 20 38
 2457499.86 2016  4 21  8 31   2457499.90 2016  4 21  9 32   2457499.94 2016  4 21 10 34
 2457501.44 2016  4 22 22 27   2457501.48 2016  4 22 23 28   2457501.52 2016  4 23  0 30
 2457503.02 2016  4 24 12 22   2457503.06 2016  4 24 13 24   2457503.10 2016  4 24 14 26
 2457504.60 2016  4 26  2 18   2457504.64 2016  4 26  3 20   2457504.68 2016  4 26  4 21
 2457506.18 2016  4 27 16 14   2457506.22 2016  4 27 17 16   2457506.26 2016  4 27 18 17
 2457507.76 2016  4 29  6 10   2457507.80 2016  4 29  7 11   2457507.84 2016  4 29  8 13
 2457509.34 2016  4 30 20  5   2457509.38 2016  4 30 21  7   2457509.42 2016  4 30 22  9
 2457510.92 2016  5  2 10  1   2457510.96 2016  5  2 11  3   2457511.00 2016  5  2 12  5
 2457512.50 2016  5  3 23 57   2457512.54 2016  5  4  0 59   2457512.58 2016  5  4  2  0
 2457514.08 2016  5  5 13 53   2457514.12 2016  5  5 14 54   2457514.16 2016  5  5 15 56
 2457515.66 2016  5  7  3 48   2457515.70 2016  5  7  4 50   2457515.74 2016  5  7  5 52
 2457517.24 2016  5  8 17 44   2457517.28 2016  5  8 18 46   2457517.33 2016  5  8 19 48
 2457518.82 2016  5 10  7 40   2457518.86 2016  5 10  8 42   2457518.91 2016  5 10  9 43
 2457520.40 2016  5 11 21 36   2457520.44 2016  5 11 22 37   2457520.49 2016  5 11 23 39
 2457521.98 2016  5 13 11 31   2457522.02 2016  5 13 12 33   2457522.07 2016  5 13 13 35
 2457523.56 2016  5 15  1 27   2457523.60 2016  5 15  2 29   2457523.65 2016  5 15  3 31
 2457525.14 2016  5 16 15 23   2457525.18 2016  5 16 16 25   2457525.23 2016  5 16 17 27
 2457526.72 2016  5 18  5 19   2457526.76 2016  5 18  6 21   2457526.81 2016  5 18  7 22
 2457528.30 2016  5 19 19 14   2457528.35 2016  5 19 20 16   2457528.39 2016  5 19 21 18
 2457529.88 2016  5 21  9 10   2457529.93 2016  5 21 10 12   2457529.97 2016  5 21 11 14
 2457531.46 2016  5 22 23  6   2457531.51 2016  5 23  0  8   2457531.55 2016  5 23  1 10
 2457533.04 2016  5 24 13  2   2457533.09 2016  5 24 14  4   2457533.13 2016  5 24 15  6
 2457534.62 2016  5 26  2 57   2457534.67 2016  5 26  3 59   2457534.71 2016  5 26  5  1
 2457536.20 2016  5 27 16 53   2457536.25 2016  5 27 17 55   2457536.29 2016  5 27 18 57
 2457537.78 2016  5 29  6 49   2457537.83 2016  5 29  7 51   2457537.87 2016  5 29  8 53
 2457539.36 2016  5 30 20 45   2457539.41 2016  5 30 21 47   2457539.45 2016  5 30 22 49
 2457540.95 2016  6  1 10 40   2457540.99 2016  6  1 11 42   2457541.03 2016  6  1 12 45
 2457542.53 2016  6  3  0 36   2457542.57 2016  6  3  1 38   2457542.61 2016  6  3  2 40
 2457544.11 2016  6  4 14 32   2457544.15 2016  6  4 15 34   2457544.19 2016  6  4 16 36
 2457545.69 2016  6  6  4 28   2457545.73 2016  6  6  5 30   2457545.77 2016  6  6  6 32
 2457547.27 2016  6  7 18 23   2457547.31 2016  6  7 19 26   2457547.35 2016  6  7 20 28
 2457548.85 2016  6  9  8 19   2457548.89 2016  6  9  9 21   2457548.93 2016  6  9 10 23
 2457550.43 2016  6 10 22 15   2457550.47 2016  6 10 23 17   2457550.51 2016  6 11  0 19
 2457552.01 2016  6 12 12 11   2457552.05 2016  6 12 13 13   2457552.09 2016  6 12 14 15
 2457553.59 2016  6 14  2  6   2457553.63 2016  6 14  3  9   2457553.67 2016  6 14  4 11
 2457555.17 2016  6 15 16  2   2457555.21 2016  6 15 17  4   2457555.25 2016  6 15 18  7
 2457556.75 2016  6 17  5 58   2457556.79 2016  6 17  7  0   2457556.84 2016  6 17  8  2
 2457558.33 2016  6 18 19 54   2457558.37 2016  6 18 20 56   2457558.42 2016  6 18 21 58
 2457559.91 2016  6 20  9 49   2457559.95 2016  6 20 10 52   2457560.00 2016  6 20 11 54
 2457561.49 2016  6 21 23 45   2457561.53 2016  6 22  0 47   2457561.58 2016  6 22  1 50
 2457563.07 2016  6 23 13 41   2457563.11 2016  6 23 14 43   2457563.16 2016  6 23 15 46
 2457564.65 2016  6 25  3 37   2457564.69 2016  6 25  4 39   2457564.74 2016  6 25  5 41
 2457566.23 2016  6 26 17 32   2457566.27 2016  6 26 18 35   2457566.32 2016  6 26 19 37
 2457567.81 2016  6 28  7 28   2457567.85 2016  6 28  8 31   2457567.90 2016  6 28  9 33
 2457569.39 2016  6 29 21 24   2457569.44 2016  6 29 22 26   2457569.48 2016  6 29 23 29
 2457570.97 2016  7  1 11 20   2457571.02 2016  7  1 12 22   2457571.06 2016  7  1 13 24
 2457572.55 2016  7  3  1 15   2457572.60 2016  7  3  2 18   2457572.64 2016  7  3  3 20
 2457574.13 2016  7  4 15 11   2457574.18 2016  7  4 16 14   2457574.22 2016  7  4 17 16
 2457575.71 2016  7  6  5  7   2457575.76 2016  7  6  6  9   2457575.80 2016  7  6  7 12
 2457577.29 2016  7  7 19  3   2457577.34 2016  7  7 20  5   2457577.38 2016  7  7 21  8
 2457578.87 2016  7  9  8 58   2457578.92 2016  7  9 10  1   2457578.96 2016  7  9 11  3
 2457580.45 2016  7 10 22 54   2457580.50 2016  7 10 23 57   2457580.54 2016  7 11  0 59
 2457582.04 2016  7 12 12 50   2457582.08 2016  7 12 13 52   2457582.12 2016  7 12 14 55
 2457583.62 2016  7 14  2 46   2457583.66 2016  7 14  3 48   2457583.70 2016  7 14  4 51
 2457585.20 2016  7 15 16 41   2457585.24 2016  7 15 17 44   2457585.28 2016  7 15 18 47
 2457586.78 2016  7 17  6 37   2457586.82 2016  7 17  7 40   2457586.86 2016  7 17  8 42
 2457588.36 2016  7 18 20 33   2457588.40 2016  7 18 21 36   2457588.44 2016  7 18 22 38
 2457589.94 2016  7 20 10 29   2457589.98 2016  7 20 11 31   2457590.02 2016  7 20 12 34
 2457591.52 2016  7 22  0 24   2457591.56 2016  7 22  1 27   2457591.60 2016  7 22  2 30
 2457593.10 2016  7 23 14 20   2457593.14 2016  7 23 15 23   2457593.18 2016  7 23 16 26
 2457594.68 2016  7 25  4 16   2457594.72 2016  7 25  5 19   2457594.77 2016  7 25  6 21
 2457596.26 2016  7 26 18 12   2457596.30 2016  7 26 19 14   2457596.35 2016  7 26 20 17
 2457597.84 2016  7 28  8  7   2457597.88 2016  7 28  9 10   2457597.93 2016  7 28 10 13
 2457599.42 2016  7 29 22  3   2457599.46 2016  7 29 23  6   2457599.51 2016  7 30  0  9
 2457601.00 2016  7 31 11 59   2457601.04 2016  7 31 13  2   2457601.09 2016  7 31 14  4
 2457602.58 2016  8  2  1 55   2457602.62 2016  8  2  2 57   2457602.67 2016  8  2  4  0
 2457604.16 2016  8  3 15 50   2457604.20 2016  8  3 16 53   2457604.25 2016  8  3 17 56
 2457605.74 2016  8  5  5 46   2457605.78 2016  8  5  6 49   2457605.83 2016  8  5  7 52
 2457607.32 2016  8  6 19 42   2457607.36 2016  8  6 20 45   2457607.41 2016  8  6 21 48
