 Predicted Transit Epochs: GJ176____ b

 Predicted Duration of a Central Transit:   165. Minutes

 Begin Transit Window           PREDICTED CENTRAL TRANSIT     End Transit Window
                                     All Times UT

                               HJD        Year M  D  H  M
 2454931.34 2009  4  9 20 11   2454932.72 2009  4 11  5 13   2454934.09 2009  4 12 14 15
 2454941.57 2009  4 20  1 46   2454942.95 2009  4 21 10 54   2454944.33 2009  4 22 20  1
 2454951.81 2009  4 30  7 21   2454953.19 2009  5  1 16 34   2454954.58 2009  5  3  1 48
 2454962.04 2009  5 10 12 56   2454963.43 2009  5 11 22 15   2454964.82 2009  5 13  7 34
 2454972.27 2009  5 20 18 32   2454973.66 2009  5 22  3 56   2454975.06 2009  5 23 13 20
 2454982.51 2009  5 31  0  7   2454983.90 2009  6  1  9 37   2454985.30 2009  6  2 19  6
 2454992.74 2009  6 10  5 42   2454994.14 2009  6 11 15 17   2454995.54 2009  6 13  0 52
 2455002.97 2009  6 20 11 17   2455004.37 2009  6 21 20 58   2455005.78 2009  6 23  6 38
 2455013.20 2009  6 30 16 53   2455014.61 2009  7  2  2 39   2455016.02 2009  7  3 12 25
 2455023.44 2009  7 10 22 28   2455024.85 2009  7 12  8 19   2455026.26 2009  7 13 18 11
 2455033.67 2009  7 21  4  3   2455035.08 2009  7 22 14  0   2455036.50 2009  7 23 23 57
 2455043.90 2009  7 31  9 38   2455045.32 2009  8  1 19 41   2455046.74 2009  8  3  5 43
 2455054.13 2009  8 10 15 14   2455055.56 2009  8 12  1 21   2455056.98 2009  8 13 11 29
 2455064.37 2009  8 20 20 49   2455065.79 2009  8 22  7  2   2455067.22 2009  8 23 17 16
 2455074.60 2009  8 31  2 24   2455076.03 2009  9  1 12 43   2455077.46 2009  9  2 23  2
 2455084.83 2009  9 10  7 59   2455086.27 2009  9 11 18 24   2455087.70 2009  9 13  4 48
 2455095.07 2009  9 20 13 34   2455096.50 2009  9 22  0  4   2455097.94 2009  9 23 10 34
 2455105.30 2009  9 30 19 10   2455106.74 2009 10  2  5 45   2455108.18 2009 10  3 16 20
 2455115.53 2009 10 11  0 45   2455116.98 2009 10 12 11 26   2455118.42 2009 10 13 22  6
 2455125.76 2009 10 21  6 20   2455127.21 2009 10 22 17  6   2455128.66 2009 10 24  3 53
 2455136.00 2009 10 31 11 55   2455137.45 2009 11  1 22 47   2455138.90 2009 11  3  9 39
 2455146.23 2009 11 10 17 31   2455147.69 2009 11 12  4 28   2455149.14 2009 11 13 15 25
 2455156.46 2009 11 20 23  6   2455157.92 2009 11 22 10  8   2455159.38 2009 11 23 21 11
 2455166.70 2009 12  1  4 41   2455168.16 2009 12  2 15 49   2455169.62 2009 12  4  2 57
 2455176.93 2009 12 11 10 16   2455178.40 2009 12 12 21 30   2455179.86 2009 12 14  8 43
 2455187.16 2009 12 21 15 52   2455188.63 2009 12 23  3 11   2455190.10 2009 12 24 14 30
 2455197.39 2009 12 31 21 27   2455198.87 2010  1  2  8 51   2455200.34 2010  1  3 20 16
 2455207.63 2010  1 11  3  2   2455209.11 2010  1 12 14 32   2455210.59 2010  1 14  2  2
 2455217.86 2010  1 21  8 37   2455219.34 2010  1 22 20 13   2455220.83 2010  1 24  7 48
 2455228.09 2010  1 31 14 12   2455229.58 2010  2  2  1 53   2455231.07 2010  2  3 13 34
 2455238.33 2010  2 10 19 48   2455239.82 2010  2 12  7 34   2455241.31 2010  2 13 19 21
 2455248.56 2010  2 21  1 23   2455250.05 2010  2 22 13 15   2455251.55 2010  2 24  1  7
 2455258.79 2010  3  3  6 58   2455260.29 2010  3  4 18 56   2455261.79 2010  3  6  6 53
 2455269.02 2010  3 13 12 33   2455270.53 2010  3 15  0 36   2455272.03 2010  3 16 12 39
 2455279.26 2010  3 23 18  9   2455280.76 2010  3 25  6 17   2455282.27 2010  3 26 18 25
 2455289.49 2010  4  2 23 44   2455291.00 2010  4  4 11 58   2455292.51 2010  4  6  0 11
 2455299.72 2010  4 13  5 19   2455301.24 2010  4 14 17 38   2455302.75 2010  4 16  5 58
 2455309.95 2010  4 23 10 54   2455311.47 2010  4 24 23 19   2455312.99 2010  4 26 11 44
 2455320.19 2010  5  3 16 30   2455321.71 2010  5  5  5  0   2455323.23 2010  5  6 17 30
 2455330.42 2010  5 13 22  5   2455331.95 2010  5 15 10 40   2455333.47 2010  5 16 23 16
 2455340.65 2010  5 24  3 40   2455342.18 2010  5 25 16 21   2455343.71 2010  5 27  5  2
 2455350.89 2010  6  3  9 15   2455352.42 2010  6  4 22  2   2455353.95 2010  6  6 10 48
 2455361.12 2010  6 13 14 50   2455362.65 2010  6 15  3 43   2455364.19 2010  6 16 16 35
 2455371.35 2010  6 23 20 26   2455372.89 2010  6 25  9 23   2455374.43 2010  6 26 22 21
 2455381.58 2010  7  4  2  1   2455383.13 2010  7  5 15  4   2455384.67 2010  7  7  4  7
 2455391.82 2010  7 14  7 36   2455393.36 2010  7 15 20 45   2455394.91 2010  7 17  9 53
 2455402.05 2010  7 24 13 11   2455403.60 2010  7 26  2 25   2455405.15 2010  7 27 15 39
 2455412.28 2010  8  3 18 47   2455413.84 2010  8  5  8  6   2455415.39 2010  8  6 21 25
 2455422.52 2010  8 14  0 22   2455424.07 2010  8 15 13 47   2455425.63 2010  8 17  3 12
 2455432.75 2010  8 24  5 57   2455434.31 2010  8 25 19 27   2455435.87 2010  8 27  8 58
 2455442.98 2010  9  3 11 32   2455444.55 2010  9  5  1  8   2455446.11 2010  9  6 14 44
 2455453.21 2010  9 13 17  8   2455454.78 2010  9 15  6 49   2455456.35 2010  9 16 20 30
 2455463.45 2010  9 23 22 43   2455465.02 2010  9 25 12 30   2455466.60 2010  9 27  2 16
 2455473.68 2010 10  4  4 18   2455475.26 2010 10  5 18 10   2455476.84 2010 10  7  8  3
 2455483.91 2010 10 14  9 53   2455485.49 2010 10 15 23 51   2455487.08 2010 10 17 13 49
 2455494.15 2010 10 24 15 29   2455495.73 2010 10 26  5 32   2455497.32 2010 10 27 19 35
 2455504.38 2010 11  3 21  4   2455505.97 2010 11  5 11 12   2455507.56 2010 11  7  1 21
 2455514.61 2010 11 14  2 39   2455516.20 2010 11 15 16 53   2455517.80 2010 11 17  7  7
 2455524.84 2010 11 24  8 14   2455526.44 2010 11 25 22 34   2455528.04 2010 11 27 12 53
 2455535.08 2010 12  4 13 49   2455536.68 2010 12  6  4 15   2455538.28 2010 12  7 18 40
 2455545.31 2010 12 14 19 25   2455546.91 2010 12 16  9 55   2455548.52 2010 12 18  0 26
 2455555.54 2010 12 25  1  0   2455557.15 2010 12 26 15 36   2455558.76 2010 12 28  6 12
 2455565.77 2011  1  4  6 35   2455567.39 2011  1  5 21 17   2455569.00 2011  1  7 11 58
 2455576.01 2011  1 14 12 10   2455577.62 2011  1 16  2 57   2455579.24 2011  1 17 17 44
 2455586.24 2011  1 24 17 46   2455587.86 2011  1 26  8 38   2455589.48 2011  1 27 23 30
 2455596.47 2011  2  3 23 21   2455598.10 2011  2  5 14 19   2455599.72 2011  2  7  5 17
 2455606.71 2011  2 14  4 56   2455608.33 2011  2 15 19 59   2455609.96 2011  2 17 11  3
 2455616.94 2011  2 24 10 31   2455618.57 2011  2 26  1 40   2455620.20 2011  2 27 16 49
 2455627.17 2011  3  6 16  7   2455628.81 2011  3  8  7 21   2455630.44 2011  3  9 22 35
 2455637.40 2011  3 16 21 42   2455639.04 2011  3 18 13  2   2455640.68 2011  3 20  4 21
 2455647.64 2011  3 27  3 17   2455649.28 2011  3 28 18 42   2455650.92 2011  3 30 10  8
 2455657.87 2011  4  6  8 52   2455659.52 2011  4  8  0 23   2455661.16 2011  4  9 15 54
 2455668.10 2011  4 16 14 27   2455669.75 2011  4 18  6  4   2455671.40 2011  4 19 21 40
 2455678.34 2011  4 26 20  3   2455679.99 2011  4 28 11 44   2455681.64 2011  4 30  3 26
 2455688.57 2011  5  7  1 38   2455690.23 2011  5  8 17 25   2455691.88 2011  5 10  9 12
 2455698.80 2011  5 17  7 13   2455700.46 2011  5 18 23  6   2455702.12 2011  5 20 14 58
 2455709.03 2011  5 27 12 48   2455710.70 2011  5 29  4 46   2455712.36 2011  5 30 20 45
 2455719.27 2011  6  6 18 24   2455720.94 2011  6  8 10 27   2455722.61 2011  6 10  2 31
 2455729.50 2011  6 16 23 59   2455731.17 2011  6 18 16  8   2455732.85 2011  6 20  8 17
 2455739.73 2011  6 27  5 34   2455741.41 2011  6 28 21 49   2455743.09 2011  6 30 14  3
 2455749.97 2011  7  7 11  9   2455751.65 2011  7  9  3 29   2455753.33 2011  7 10 19 49
 2455760.20 2011  7 17 16 45   2455761.88 2011  7 19  9 10   2455763.57 2011  7 21  1 35
 2455770.43 2011  7 27 22 20   2455772.12 2011  7 29 14 51   2455773.81 2011  7 31  7 22
 2455780.66 2011  8  7  3 55   2455782.36 2011  8  8 20 31   2455784.05 2011  8 10 13  8
