 Predicted Transit Epochs: GJ176ecc_ b

 Predicted Duration of a Central Transit:   181. Minutes

 Begin Transit Window           PREDICTED CENTRAL TRANSIT     End Transit Window
                                     All Times UT

                               HJD        Year M  D  H  M
 2454229.47 2007  5  8 23 16   2454232.14 2007  5 11 15 15   2454234.80 2007  5 14  7 13
 2454240.18 2007  5 19 16 23   2454242.86 2007  5 22  8 32   2454245.53 2007  5 25  0 40
 2454250.90 2007  5 30  9 30   2454253.58 2007  6  2  1 49   2454256.26 2007  6  4 18  7
 2454261.61 2007  6 10  2 37   2454264.30 2007  6 12 19  5   2454266.98 2007  6 15 11 34
 2454272.32 2007  6 20 19 43   2454275.02 2007  6 23 12 22   2454277.71 2007  6 26  5  1
 2454283.04 2007  7  1 12 50   2454285.74 2007  7  4  5 39   2454288.44 2007  7  6 22 28
 2454293.75 2007  7 12  5 57   2454296.46 2007  7 14 22 56   2454299.16 2007  7 17 15 55
 2454304.46 2007  7 22 23  4   2454307.18 2007  7 25 16 13   2454309.89 2007  7 28  9 21
 2454315.17 2007  8  2 16 10   2454317.90 2007  8  5  9 29   2454320.62 2007  8  8  2 48
 2454325.89 2007  8 13  9 17   2454328.62 2007  8 16  2 46   2454331.34 2007  8 18 20 15
 2454336.60 2007  8 24  2 24   2454339.34 2007  8 26 20  3   2454342.07 2007  8 29 13 42
 2454347.31 2007  9  3 19 30   2454350.06 2007  9  6 13 20   2454352.80 2007  9  9  7  9
 2454358.03 2007  9 14 12 37   2454360.78 2007  9 17  6 37   2454363.53 2007  9 20  0 36
 2454368.74 2007  9 25  5 44   2454371.50 2007  9 27 23 53   2454374.25 2007  9 30 18  3
 2454379.45 2007 10  5 22 51   2454382.22 2007 10  8 17 10   2454384.98 2007 10 11 11 30
 2454390.17 2007 10 16 15 57   2454392.94 2007 10 19 10 27   2454395.71 2007 10 22  4 57
 2454400.88 2007 10 27  9  4   2454403.66 2007 10 30  3 44   2454406.43 2007 11  1 22 23
 2454411.59 2007 11  7  2 11   2454414.38 2007 11  9 21  1   2454417.16 2007 11 12 15 50
 2454422.30 2007 11 17 19 17   2454425.10 2007 11 20 14 17   2454427.89 2007 11 23  9 17
 2454433.02 2007 11 28 12 24   2454435.82 2007 12  1  7 34   2454438.61 2007 12  4  2 44
 2454443.73 2007 12  9  5 31   2454446.54 2007 12 12  0 51   2454449.34 2007 12 14 20 11
 2454454.44 2007 12 19 22 38   2454457.26 2007 12 22 18  8   2454460.07 2007 12 25 13 38
 2454465.16 2007 12 30 15 44   2454467.98 2008  1  2 11 25   2454470.80 2008  1  5  7  5
 2454475.87 2008  1 10  8 51   2454478.70 2008  1 13  4 41   2454481.52 2008  1 16  0 32
 2454486.58 2008  1 21  1 58   2454489.42 2008  1 23 21 58   2454492.25 2008  1 26 17 58
 2454497.30 2008  1 31 19  4   2454500.14 2008  2  3 15 15   2454502.98 2008  2  6 11 25
 2454508.01 2008  2 11 12 11   2454510.86 2008  2 14  8 32   2454513.70 2008  2 17  4 52
 2454518.72 2008  2 22  5 18   2454521.58 2008  2 25  1 49   2454524.43 2008  2 27 22 19
 2454529.43 2008  3  3 22 25   2454532.30 2008  3  6 19  5   2454535.16 2008  3  9 15 46
 2454540.15 2008  3 14 15 31   2454543.02 2008  3 17 12 22   2454545.88 2008  3 20  9 13
 2454550.86 2008  3 25  8 38   2454553.74 2008  3 28  5 39   2454556.61 2008  3 31  2 40
 2454561.57 2008  4  5  1 45   2454564.46 2008  4  7 22 56   2454567.34 2008  4 10 20  7
 2454572.29 2008  4 15 18 52   2454575.18 2008  4 18 16 13   2454578.07 2008  4 21 13 33
 2454583.00 2008  4 26 11 58   2454585.90 2008  4 29  9 29   2454588.79 2008  5  2  7  0
 2454593.71 2008  5  7  5  5   2454596.62 2008  5 10  2 46   2454599.52 2008  5 13  0 27
 2454604.43 2008  5 17 22 12   2454607.34 2008  5 20 20  3   2454610.25 2008  5 23 17 54
 2454615.14 2008  5 28 15 18   2454618.06 2008  5 31 13 20   2454620.97 2008  6  3 11 21
 2454625.85 2008  6  8  8 25   2454628.78 2008  6 11  6 37   2454631.70 2008  6 14  4 48
 2454636.56 2008  6 19  1 32   2454639.50 2008  6 21 23 53   2454642.43 2008  6 24 22 15
 2454647.28 2008  6 29 18 39   2454650.22 2008  7  2 17 10   2454653.15 2008  7  5 15 42
 2454657.99 2008  7 10 11 45   2454660.94 2008  7 13 10 27   2454663.88 2008  7 16  9  9
 2454668.70 2008  7 21  4 52   2454671.66 2008  7 24  3 44   2454674.61 2008  7 27  2 35
 2454679.42 2008  7 31 21 59   2454682.38 2008  8  3 21  1   2454685.34 2008  8  6 20  2
 2454690.13 2008  8 11 15  5   2454693.10 2008  8 14 14 17   2454696.06 2008  8 17 13 29
 2454700.84 2008  8 22  8 12   2454703.82 2008  8 25  7 34   2454706.79 2008  8 28  6 56
 2454711.56 2008  9  2  1 19   2454714.54 2008  9  5  0 51   2454717.52 2008  9  8  0 23
 2454722.27 2008  9 12 18 26   2454725.26 2008  9 15 18  8   2454728.24 2008  9 18 17 50
 2454732.98 2008  9 23 11 32   2454735.98 2008  9 26 11 25   2454738.97 2008  9 29 11 17
 2454743.69 2008 10  4  4 39   2454746.70 2008 10  7  4 41   2454749.70 2008 10 10  4 44
 2454754.41 2008 10 14 21 46   2454757.42 2008 10 17 21 58   2454760.42 2008 10 20 22 10
 2454765.12 2008 10 25 14 52   2454768.14 2008 10 28 15 15   2454771.15 2008 10 31 15 37
 2454775.83 2008 11  5  7 59   2454778.86 2008 11  8  8 32   2454781.88 2008 11 11  9  4
 2454786.55 2008 11 16  1  6   2454789.58 2008 11 19  1 49   2454792.61 2008 11 22  2 31
 2454797.26 2008 11 26 18 13   2454800.30 2008 11 29 19  5   2454803.33 2008 12  2 19 58
 2454807.97 2008 12  7 11 19   2454811.02 2008 12 10 12 22   2454814.06 2008 12 13 13 25
 2454818.69 2008 12 18  4 26   2454821.74 2008 12 21  5 39   2454824.79 2008 12 24  6 52
 2454829.40 2008 12 28 21 33   2454832.46 2008 12 31 22 56   2454835.51 2009  1  4  0 19
 2454840.11 2009  1  8 14 40   2454843.18 2009  1 11 16 13   2454846.24 2009  1 14 17 45
 2454850.82 2009  1 19  7 46   2454853.90 2009  1 22  9 29   2454856.97 2009  1 25 11 12
 2454861.54 2009  1 30  0 53   2454864.62 2009  2  2  2 46   2454867.69 2009  2  5  4 39
 2454872.25 2009  2  9 18  0   2454875.34 2009  2 12 20  3   2454878.42 2009  2 15 22  6
 2454882.96 2009  2 20 11  6   2454886.06 2009  2 23 13 20   2454889.15 2009  2 26 15 33
 2454893.68 2009  3  3  4 13   2454896.78 2009  3  6  6 37   2454899.88 2009  3  9  9  0
 2454904.39 2009  3 13 21 20   2454907.50 2009  3 16 23 53   2454910.60 2009  3 20  2 27
 2454915.10 2009  3 24 14 27   2454918.22 2009  3 27 17 10   2454921.33 2009  3 30 19 54
 2454925.82 2009  4  4  7 33   2454928.94 2009  4  7 10 27   2454932.06 2009  4 10 13 21
 2454936.53 2009  4 15  0 40   2454939.66 2009  4 18  3 44   2454942.78 2009  4 21  6 47
 2454947.24 2009  4 25 17 47   2454950.38 2009  4 28 21  1   2454953.51 2009  5  2  0 14
 2454957.95 2009  5  6 10 53   2454961.10 2009  5  9 14 17   2454964.24 2009  5 12 17 41
 2454968.67 2009  5 17  4  0   2454971.82 2009  5 20  7 34   2454974.96 2009  5 23 11  8
 2454979.38 2009  5 27 21  7   2454982.54 2009  5 31  0 51   2454985.69 2009  6  3  4 35
 2454990.09 2009  6  7 14 14   2454993.26 2009  6 10 18  8   2454996.42 2009  6 13 22  2
 2455000.81 2009  6 18  7 20   2455003.98 2009  6 21 11 25   2455007.15 2009  6 24 15 29
 2455011.52 2009  6 29  0 27   2455014.70 2009  7  2  4 41   2455017.87 2009  7  5  8 56
 2455022.23 2009  7  9 17 34   2455025.42 2009  7 12 21 58   2455028.60 2009  7 16  2 22
 2455032.95 2009  7 20 10 40   2455036.14 2009  7 23 15 15   2455039.33 2009  7 26 19 49
 2455043.66 2009  7 31  3 47   2455046.86 2009  8  3  8 32   2455050.05 2009  8  6 13 16
 2455054.37 2009  8 10 20 54   2455057.58 2009  8 14  1 49   2455060.78 2009  8 17  6 43
 2455065.08 2009  8 21 14  1   2455068.30 2009  8 24 19  5   2455071.51 2009  8 28  0 10
 2455075.80 2009  9  1  7  7   2455079.02 2009  9  4 12 22   2455082.23 2009  9  7 17 37
 2455086.51 2009  9 12  0 14   2455089.74 2009  9 15  5 39   2455092.96 2009  9 18 11  4
