 Predicted Transit Epochs: GJ436____ b

Observed Transit Duration:   62.0 Minutes

 Begin Transit Window           PREDICTED CENTRAL TRANSIT     End Transit Window
                                     All Times UT

                               HJD        Year M  D  H  M
 2456757.96 2014  4 10 11  1   2456758.07 2014  4 10 13 38   2456758.18 2014  4 10 16 14
 2456760.60 2014  4 13  2 28   2456760.71 2014  4 13  5  5   2456760.82 2014  4 13  7 42
 2456763.25 2014  4 15 17 55   2456763.36 2014  4 15 20 32   2456763.46 2014  4 15 23  9
 2456765.89 2014  4 18  9 22   2456766.00 2014  4 18 11 59   2456766.11 2014  4 18 14 36
 2456768.53 2014  4 21  0 49   2456768.64 2014  4 21  3 26   2456768.75 2014  4 21  6  3
 2456771.18 2014  4 23 16 16   2456771.29 2014  4 23 18 53   2456771.40 2014  4 23 21 31
 2456773.82 2014  4 26  7 43   2456773.93 2014  4 26 10 20   2456774.04 2014  4 26 12 58
 2456776.47 2014  4 28 23 10   2456776.58 2014  4 29  1 48   2456776.68 2014  4 29  4 25
 2456779.11 2014  5  1 14 37   2456779.22 2014  5  1 17 15   2456779.33 2014  5  1 19 53
 2456781.75 2014  5  4  6  4   2456781.86 2014  5  4  8 42   2456781.97 2014  5  4 11 20
 2456784.40 2014  5  6 21 31   2456784.51 2014  5  7  0  9   2456784.62 2014  5  7  2 47
 2456787.04 2014  5  9 12 58   2456787.15 2014  5  9 15 36   2456787.26 2014  5  9 18 14
 2456789.68 2014  5 12  4 25   2456789.79 2014  5 12  7  3   2456789.90 2014  5 12  9 42
 2456792.33 2014  5 14 19 52   2456792.44 2014  5 14 22 31   2456792.55 2014  5 15  1  9
 2456794.97 2014  5 17 11 19   2456795.08 2014  5 17 13 58   2456795.19 2014  5 17 16 36
 2456797.62 2014  5 20  2 46   2456797.73 2014  5 20  5 25   2456797.84 2014  5 20  8  3
 2456800.26 2014  5 22 18 13   2456800.37 2014  5 22 20 52   2456800.48 2014  5 22 23 31
 2456802.90 2014  5 25  9 40   2456803.01 2014  5 25 12 19   2456803.12 2014  5 25 14 58
 2456805.55 2014  5 28  1  7   2456805.66 2014  5 28  3 46   2456805.77 2014  5 28  6 25
 2456808.19 2014  5 30 16 34   2456808.30 2014  5 30 19 13   2456808.41 2014  5 30 21 53
 2456810.83 2014  6  2  8  1   2456810.95 2014  6  2 10 41   2456811.06 2014  6  2 13 20
 2456813.48 2014  6  4 23 28   2456813.59 2014  6  5  2  8   2456813.70 2014  6  5  4 47
 2456816.12 2014  6  7 14 55   2456816.23 2014  6  7 17 35   2456816.34 2014  6  7 20 14
 2456818.77 2014  6 10  6 22   2456818.88 2014  6 10  9  2   2456818.99 2014  6 10 11 42
 2456821.41 2014  6 12 21 49   2456821.52 2014  6 13  0 29   2456821.63 2014  6 13  3  9
 2456824.05 2014  6 15 13 16   2456824.16 2014  6 15 15 56   2456824.28 2014  6 15 18 36
 2456826.70 2014  6 18  4 43   2456826.81 2014  6 18  7 23   2456826.92 2014  6 18 10  3
 2456829.34 2014  6 20 20 10   2456829.45 2014  6 20 22 51   2456829.56 2014  6 21  1 31
 2456831.98 2014  6 23 11 37   2456832.10 2014  6 23 14 18   2456832.21 2014  6 23 16 58
 2456834.63 2014  6 26  3  4   2456834.74 2014  6 26  5 45   2456834.85 2014  6 26  8 25
 2456837.27 2014  6 28 18 31   2456837.38 2014  6 28 21 12   2456837.50 2014  6 28 23 53
 2456839.92 2014  7  1  9 58   2456840.03 2014  7  1 12 39   2456840.14 2014  7  1 15 20
 2456842.56 2014  7  4  1 25   2456842.67 2014  7  4  4  6   2456842.78 2014  7  4  6 47
 2456845.20 2014  7  6 16 52   2456845.32 2014  7  6 19 33   2456845.43 2014  7  6 22 14
 2456847.85 2014  7  9  8 19   2456847.96 2014  7  9 11  1   2456848.07 2014  7  9 13 42
 2456850.49 2014  7 11 23 46   2456850.60 2014  7 12  2 28   2456850.71 2014  7 12  5  9
 2456853.13 2014  7 14 15 13   2456853.25 2014  7 14 17 55   2456853.36 2014  7 14 20 36
 2456855.78 2014  7 17  6 40   2456855.89 2014  7 17  9 22   2456856.00 2014  7 17 12  3
 2456858.42 2014  7 19 22  7   2456858.53 2014  7 20  0 49   2456858.65 2014  7 20  3 31
 2456861.07 2014  7 22 13 34   2456861.18 2014  7 22 16 16   2456861.29 2014  7 22 18 58
 2456863.71 2014  7 25  5  1   2456863.82 2014  7 25  7 43   2456863.93 2014  7 25 10 25
 2456866.35 2014  7 27 20 28   2456866.47 2014  7 27 23 11   2456866.58 2014  7 28  1 53
 2456869.00 2014  7 30 11 56   2456869.11 2014  7 30 14 38   2456869.22 2014  7 30 17 20
 2456871.64 2014  8  2  3 23   2456871.75 2014  8  2  6  5   2456871.87 2014  8  2  8 47
 2456874.28 2014  8  4 18 50   2456874.40 2014  8  4 21 32   2456874.51 2014  8  5  0 14
 2456876.93 2014  8  7 10 17   2456877.04 2014  8  7 12 59   2456877.15 2014  8  7 15 42
 2456879.57 2014  8 10  1 44   2456879.69 2014  8 10  4 26   2456879.80 2014  8 10  7  9
 2456882.22 2014  8 12 17 11   2456882.33 2014  8 12 19 53   2456882.44 2014  8 12 22 36
 2456884.86 2014  8 15  8 38   2456884.97 2014  8 15 11 21   2456885.09 2014  8 15 14  3
 2456887.50 2014  8 18  0  5   2456887.62 2014  8 18  2 48   2456887.73 2014  8 18  5 31
 2456890.15 2014  8 20 15 32   2456890.26 2014  8 20 18 15   2456890.37 2014  8 20 20 58
 2456892.79 2014  8 23  6 59   2456892.90 2014  8 23  9 42   2456893.02 2014  8 23 12 25
 2456895.43 2014  8 25 22 26   2456895.55 2014  8 26  1  9   2456895.66 2014  8 26  3 53
 2456898.08 2014  8 28 13 53   2456898.19 2014  8 28 16 36   2456898.31 2014  8 28 19 20
 2456900.72 2014  8 31  5 20   2456900.84 2014  8 31  8  3   2456900.95 2014  8 31 10 47
 2456903.37 2014  9  2 20 47   2456903.48 2014  9  2 23 31   2456903.59 2014  9  3  2 14
 2456906.01 2014  9  5 12 14   2456906.12 2014  9  5 14 58   2456906.24 2014  9  5 17 42
 2456908.65 2014  9  8  3 41   2456908.77 2014  9  8  6 25   2456908.88 2014  9  8  9  9
 2456911.30 2014  9 10 19  8   2456911.41 2014  9 10 21 52   2456911.53 2014  9 11  0 36
 2456913.94 2014  9 13 10 35   2456914.06 2014  9 13 13 19   2456914.17 2014  9 13 16  4
 2456916.58 2014  9 16  2  2   2456916.70 2014  9 16  4 46   2456916.81 2014  9 16  7 31
 2456919.23 2014  9 18 17 29   2456919.34 2014  9 18 20 13   2456919.46 2014  9 18 22 58
 2456921.87 2014  9 21  8 56   2456921.99 2014  9 21 11 41   2456922.10 2014  9 21 14 25
 2456924.52 2014  9 24  0 23   2456924.63 2014  9 24  3  8   2456924.75 2014  9 24  5 53
 2456927.16 2014  9 26 15 50   2456927.27 2014  9 26 18 35   2456927.39 2014  9 26 21 20
 2456929.80 2014  9 29  7 17   2456929.92 2014  9 29 10  2   2456930.03 2014  9 29 12 47
 2456932.45 2014 10  1 22 44   2456932.56 2014 10  2  1 29   2456932.68 2014 10  2  4 14
 2456935.09 2014 10  4 14 11   2456935.21 2014 10  4 16 56   2456935.32 2014 10  4 19 42
 2456937.73 2014 10  7  5 38   2456937.85 2014 10  7  8 23   2456937.96 2014 10  7 11  9
 2456940.38 2014 10  9 21  5   2456940.49 2014 10  9 23 51   2456940.61 2014 10 10  2 36
 2456943.02 2014 10 12 12 32   2456943.14 2014 10 12 15 18   2456943.25 2014 10 12 18  4
 2456945.67 2014 10 15  3 59   2456945.78 2014 10 15  6 45   2456945.90 2014 10 15  9 31
 2456948.31 2014 10 17 19 26   2456948.43 2014 10 17 22 12   2456948.54 2014 10 18  0 58
 2456950.95 2014 10 20 10 53   2456951.07 2014 10 20 13 39   2456951.18 2014 10 20 16 25
 2456953.60 2014 10 23  2 20   2456953.71 2014 10 23  5  6   2456953.83 2014 10 23  7 53
 2456956.24 2014 10 25 17 47   2456956.36 2014 10 25 20 33   2456956.47 2014 10 25 23 20
 2456958.89 2014 10 28  9 14   2456959.00 2014 10 28 12  1   2456959.12 2014 10 28 14 47
 2456961.53 2014 10 31  0 41   2456961.64 2014 10 31  3 28   2456961.76 2014 10 31  6 14
 2456964.17 2014 11  2 16  8   2456964.29 2014 11  2 18 55   2456964.40 2014 11  2 21 42
 2456966.82 2014 11  5  7 35   2456966.93 2014 11  5 10 22   2456967.05 2014 11  5 13  9
 2456969.46 2014 11  7 23  2   2456969.58 2014 11  8  1 49   2456969.69 2014 11  8  4 36
 2456972.10 2014 11 10 14 29   2456972.22 2014 11 10 17 16   2456972.34 2014 11 10 20  4
 2456974.75 2014 11 13  5 56   2456974.86 2014 11 13  8 43   2456974.98 2014 11 13 11 31
 2456977.39 2014 11 15 21 23   2456977.51 2014 11 16  0 11   2456977.62 2014 11 16  2 58
 2456980.04 2014 11 18 12 50   2456980.15 2014 11 18 15 38   2456980.27 2014 11 18 18 25
 2456982.68 2014 11 21  4 17   2456982.80 2014 11 21  7  5   2456982.91 2014 11 21  9 53
 2456985.32 2014 11 23 19 44   2456985.44 2014 11 23 22 32   2456985.56 2014 11 24  1 20
 2456987.97 2014 11 26 11 11   2456988.08 2014 11 26 13 59   2456988.20 2014 11 26 16 47
 2456990.61 2014 11 29  2 38   2456990.73 2014 11 29  5 26   2456990.84 2014 11 29  8 14
 2456993.25 2014 12  1 18  5   2456993.37 2014 12  1 20 53   2456993.49 2014 12  1 23 42
 2456995.90 2014 12  4  9 32   2456996.01 2014 12  4 12 21   2456996.13 2014 12  4 15  9
 2456998.54 2014 12  7  0 59   2456998.66 2014 12  7  3 48   2456998.78 2014 12  7  6 36
 2457001.19 2014 12  9 16 26   2457001.30 2014 12  9 19 15   2457001.42 2014 12  9 22  4
 2457003.83 2014 12 12  7 53   2457003.95 2014 12 12 10 42   2457004.06 2014 12 12 13 31
 2457006.47 2014 12 14 23 20   2457006.59 2014 12 15  2  9   2457006.71 2014 12 15  4 58
 2457009.12 2014 12 17 14 47   2457009.23 2014 12 17 17 36   2457009.35 2014 12 17 20 25
 2457011.76 2014 12 20  6 14   2457011.88 2014 12 20  9  3   2457012.00 2014 12 20 11 53
 2457014.40 2014 12 22 21 41   2457014.52 2014 12 23  0 31   2457014.64 2014 12 23  3 20
 2457017.05 2014 12 25 13  8   2457017.17 2014 12 25 15 58   2457017.28 2014 12 25 18 47
 2457019.69 2014 12 28  4 35   2457019.81 2014 12 28  7 25   2457019.93 2014 12 28 10 14
 2457022.34 2014 12 30 20  2   2457022.45 2014 12 30 22 52   2457022.57 2014 12 31  1 42
 2457024.98 2015  1  2 11 29   2457025.10 2015  1  2 14 19   2457025.21 2015  1  2 17  9
 2457027.62 2015  1  5  2 56   2457027.74 2015  1  5  5 46   2457027.86 2015  1  5  8 36
 2457030.27 2015  1  7 18 23   2457030.38 2015  1  7 21 13   2457030.50 2015  1  8  0  4
 2457032.91 2015  1 10  9 50   2457033.03 2015  1 10 12 41   2457033.15 2015  1 10 15 31
 2457035.55 2015  1 13  1 17   2457035.67 2015  1 13  4  8   2457035.79 2015  1 13  6 58
 2457038.20 2015  1 15 16 44   2457038.32 2015  1 15 19 35   2457038.43 2015  1 15 22 25
 2457040.84 2015  1 18  8 11   2457040.96 2015  1 18 11  2   2457041.08 2015  1 18 13 53
 2457043.49 2015  1 20 23 38   2457043.60 2015  1 21  2 29   2457043.72 2015  1 21  5 20
 2457046.13 2015  1 23 15  5   2457046.25 2015  1 23 17 56   2457046.37 2015  1 23 20 47
 2457048.77 2015  1 26  6 32   2457048.89 2015  1 26  9 23   2457049.01 2015  1 26 12 14
 2457051.42 2015  1 28 22  0   2457051.54 2015  1 29  0 51   2457051.65 2015  1 29  3 42
 2457054.06 2015  1 31 13 27   2457054.18 2015  1 31 16 18   2457054.30 2015  1 31 19  9
 2457056.70 2015  2  3  4 54   2457056.82 2015  2  3  7 45   2457056.94 2015  2  3 10 36
 2457059.35 2015  2  5 20 21   2457059.47 2015  2  5 23 12   2457059.59 2015  2  6  2  4
 2457061.99 2015  2  8 11 48   2457062.11 2015  2  8 14 39   2457062.23 2015  2  8 17 31
 2457064.64 2015  2 11  3 15   2457064.75 2015  2 11  6  6   2457064.87 2015  2 11  8 58
 2457067.28 2015  2 13 18 42   2457067.40 2015  2 13 21 33   2457067.52 2015  2 14  0 25
 2457069.92 2015  2 16 10  9   2457070.04 2015  2 16 13  1   2457070.16 2015  2 16 15 53
 2457072.57 2015  2 19  1 36   2457072.69 2015  2 19  4 28   2457072.81 2015  2 19  7 20
 2457075.21 2015  2 21 17  3   2457075.33 2015  2 21 19 55   2457075.45 2015  2 21 22 47
 2457077.85 2015  2 24  8 30   2457077.97 2015  2 24 11 22   2457078.09 2015  2 24 14 14
 2457080.50 2015  2 26 23 57   2457080.62 2015  2 27  2 49   2457080.74 2015  2 27  5 42
 2457083.14 2015  3  1 15 24   2457083.26 2015  3  1 18 16   2457083.38 2015  3  1 21  9
 2457085.79 2015  3  4  6 51   2457085.91 2015  3  4  9 43   2457086.03 2015  3  4 12 36
 2457088.43 2015  3  6 22 18   2457088.55 2015  3  7  1 11   2457088.67 2015  3  7  4  4
 2457091.07 2015  3  9 13 45   2457091.19 2015  3  9 16 38   2457091.31 2015  3  9 19 31
 2457093.72 2015  3 12  5 12   2457093.84 2015  3 12  8  5   2457093.96 2015  3 12 10 58
 2457096.36 2015  3 14 20 39   2457096.48 2015  3 14 23 32   2457096.60 2015  3 15  2 25
 2457099.00 2015  3 17 12  6   2457099.12 2015  3 17 14 59   2457099.25 2015  3 17 17 53
 2457101.65 2015  3 20  3 33   2457101.77 2015  3 20  6 26   2457101.89 2015  3 20  9 20
 2457104.29 2015  3 22 19  0   2457104.41 2015  3 22 21 54   2457104.53 2015  3 23  0 47
 2457106.94 2015  3 25 10 27   2457107.06 2015  3 25 13 21   2457107.18 2015  3 25 16 14
 2457109.58 2015  3 28  1 54   2457109.70 2015  3 28  4 48   2457109.82 2015  3 28  7 42
 2457112.22 2015  3 30 17 21   2457112.34 2015  3 30 20 15   2457112.46 2015  3 30 23  9
 2457114.87 2015  4  2  8 48   2457114.99 2015  4  2 11 42   2457115.11 2015  4  2 14 36
 2457117.51 2015  4  5  0 15   2457117.63 2015  4  5  3  9   2457117.75 2015  4  5  6  4
 2457120.15 2015  4  7 15 42   2457120.28 2015  4  7 18 36   2457120.40 2015  4  7 21 31
 2457122.80 2015  4 10  7  9   2457122.92 2015  4 10 10  4   2457123.04 2015  4 10 12 58
 2457125.44 2015  4 12 22 36   2457125.56 2015  4 13  1 31   2457125.68 2015  4 13  4 25
 2457128.09 2015  4 15 14  3   2457128.21 2015  4 15 16 58   2457128.33 2015  4 15 19 53
 2457130.73 2015  4 18  5 30   2457130.85 2015  4 18  8 25   2457130.97 2015  4 18 11 20
 2457133.37 2015  4 20 20 57   2457133.49 2015  4 20 23 52   2457133.62 2015  4 21  2 47
 2457136.02 2015  4 23 12 24   2457136.14 2015  4 23 15 19   2457136.26 2015  4 23 18 14
 2457138.66 2015  4 26  3 51   2457138.78 2015  4 26  6 46   2457138.90 2015  4 26  9 42
 2457141.30 2015  4 28 19 18   2457141.43 2015  4 28 22 14   2457141.55 2015  4 29  1  9
 2457143.95 2015  5  1 10 45   2457144.07 2015  5  1 13 41   2457144.19 2015  5  1 16 36
 2457146.59 2015  5  4  2 12   2457146.71 2015  5  4  5  8   2457146.84 2015  5  4  8  4
 2457149.24 2015  5  6 17 39   2457149.36 2015  5  6 20 35   2457149.48 2015  5  6 23 31
 2457151.88 2015  5  9  9  6   2457152.00 2015  5  9 12  2   2457152.12 2015  5  9 14 58
 2457154.52 2015  5 12  0 33   2457154.65 2015  5 12  3 29   2457154.77 2015  5 12  6 25
 2457157.17 2015  5 14 16  0   2457157.29 2015  5 14 18 56   2457157.41 2015  5 14 21 53
 2457159.81 2015  5 17  7 27   2457159.93 2015  5 17 10 24   2457160.06 2015  5 17 13 20
 2457162.45 2015  5 19 22 54   2457162.58 2015  5 20  1 51   2457162.70 2015  5 20  4 47
 2457165.10 2015  5 22 14 21   2457165.22 2015  5 22 17 18   2457165.34 2015  5 22 20 14
 2457167.74 2015  5 25  5 48   2457167.86 2015  5 25  8 45   2457167.99 2015  5 25 11 42
 2457170.39 2015  5 27 21 15   2457170.51 2015  5 28  0 12   2457170.63 2015  5 28  3  9
 2457173.03 2015  5 30 12 42   2457173.15 2015  5 30 15 39   2457173.28 2015  5 30 18 36
 2457175.67 2015  6  2  4  9   2457175.80 2015  6  2  7  6   2457175.92 2015  6  2 10  4
 2457178.32 2015  6  4 19 36   2457178.44 2015  6  4 22 34   2457178.56 2015  6  5  1 31
 2457180.96 2015  6  7 11  3   2457181.08 2015  6  7 14  1   2457181.21 2015  6  7 16 58
 2457183.60 2015  6 10  2 30   2457183.73 2015  6 10  5 28   2457183.85 2015  6 10  8 25
 2457186.25 2015  6 12 17 57   2457186.37 2015  6 12 20 55   2457186.50 2015  6 12 23 53
 2457188.89 2015  6 15  9 24   2457189.02 2015  6 15 12 22   2457189.14 2015  6 15 15 20
 2457191.54 2015  6 18  0 51   2457191.66 2015  6 18  3 49   2457191.78 2015  6 18  6 47
 2457194.18 2015  6 20 16 18   2457194.30 2015  6 20 19 16   2457194.43 2015  6 20 22 15
 2457196.82 2015  6 23  7 45   2457196.95 2015  6 23 10 44   2457197.07 2015  6 23 13 42
 2457199.47 2015  6 25 23 12   2457199.59 2015  6 26  2 11   2457199.71 2015  6 26  5  9
 2457202.11 2015  6 28 14 39   2457202.23 2015  6 28 17 38   2457202.36 2015  6 28 20 36
 2457204.75 2015  7  1  6  6   2457204.88 2015  7  1  9  5   2457205.00 2015  7  1 12  4
 2457207.40 2015  7  3 21 33   2457207.52 2015  7  4  0 32   2457207.65 2015  7  4  3 31
 2457210.04 2015  7  6 13  0   2457210.17 2015  7  6 15 59   2457210.29 2015  7  6 18 58
 2457212.69 2015  7  9  4 27   2457212.81 2015  7  9  7 26   2457212.93 2015  7  9 10 25
 2457215.33 2015  7 11 19 54   2457215.45 2015  7 11 22 54   2457215.58 2015  7 12  1 53
 2457217.97 2015  7 14 11 21   2457218.10 2015  7 14 14 21   2457218.22 2015  7 14 17 20
 2457220.62 2015  7 17  2 48   2457220.74 2015  7 17  5 48   2457220.87 2015  7 17  8 47
 2457223.26 2015  7 19 18 15   2457223.39 2015  7 19 21 15   2457223.51 2015  7 20  0 15
 2457225.90 2015  7 22  9 42   2457226.03 2015  7 22 12 42   2457226.15 2015  7 22 15 42
 2457228.55 2015  7 25  1  9   2457228.67 2015  7 25  4  9   2457228.80 2015  7 25  7  9
 2457231.19 2015  7 27 16 36   2457231.32 2015  7 27 19 36   2457231.44 2015  7 27 22 36
 2457233.84 2015  7 30  8  4   2457233.96 2015  7 30 11  4   2457234.09 2015  7 30 14  4
 2457236.48 2015  8  1 23 31   2457236.60 2015  8  2  2 31   2457236.73 2015  8  2  5 31
 2457239.12 2015  8  4 14 58   2457239.25 2015  8  4 17 58   2457239.37 2015  8  4 20 58
 2457241.77 2015  8  7  6 25   2457241.89 2015  8  7  9 25   2457242.02 2015  8  7 12 25
 2457244.41 2015  8  9 21 52   2457244.54 2015  8 10  0 52   2457244.66 2015  8 10  3 53
 2457247.05 2015  8 12 13 19   2457247.18 2015  8 12 16 19   2457247.31 2015  8 12 19 20
 2457249.70 2015  8 15  4 46   2457249.82 2015  8 15  7 46   2457249.95 2015  8 15 10 47
 2457252.34 2015  8 17 20 13   2457252.47 2015  8 17 23 14   2457252.59 2015  8 18  2 15
 2457254.99 2015  8 20 11 40   2457255.11 2015  8 20 14 41   2457255.24 2015  8 20 17 42
 2457257.63 2015  8 23  3  7   2457257.76 2015  8 23  6  8   2457257.88 2015  8 23  9  9
 2457260.27 2015  8 25 18 34   2457260.40 2015  8 25 21 35   2457260.53 2015  8 26  0 36
 2457262.92 2015  8 28 10  1   2457263.04 2015  8 28 13  2   2457263.17 2015  8 28 16  4
 2457265.56 2015  8 31  1 28   2457265.69 2015  8 31  4 29   2457265.81 2015  8 31  7 31
 2457268.20 2015  9  2 16 55   2457268.33 2015  9  2 19 56   2457268.46 2015  9  2 22 58
 2457270.85 2015  9  5  8 22   2457270.98 2015  9  5 11 24   2457271.10 2015  9  5 14 25
 2457273.49 2015  9  7 23 49   2457273.62 2015  9  8  2 51   2457273.75 2015  9  8  5 53
 2457276.14 2015  9 10 15 16   2457276.26 2015  9 10 18 18   2457276.39 2015  9 10 21 20
 2457278.78 2015  9 13  6 43   2457278.91 2015  9 13  9 45   2457279.03 2015  9 13 12 47
 2457281.42 2015  9 15 22 10   2457281.55 2015  9 16  1 12   2457281.68 2015  9 16  4 15
 2457284.07 2015  9 18 13 37   2457284.19 2015  9 18 16 39   2457284.32 2015  9 18 19 42
 2457286.71 2015  9 21  5  4   2457286.84 2015  9 21  8  6   2457286.96 2015  9 21 11  9
 2457289.36 2015  9 23 20 31   2457289.48 2015  9 23 23 34   2457289.61 2015  9 24  2 36
 2457292.00 2015  9 26 11 58   2457292.13 2015  9 26 15  1   2457292.25 2015  9 26 18  4
 2457294.64 2015  9 29  3 25   2457294.77 2015  9 29  6 28   2457294.90 2015  9 29  9 31
 2457297.29 2015 10  1 18 52   2457297.41 2015 10  1 21 55   2457297.54 2015 10  2  0 58
 2457299.93 2015 10  4 10 19   2457300.06 2015 10  4 13 22   2457300.18 2015 10  4 16 25
 2457302.57 2015 10  7  1 46   2457302.70 2015 10  7  4 49   2457302.83 2015 10  7  7 53
 2457305.22 2015 10  9 17 13   2457305.35 2015 10  9 20 16   2457305.47 2015 10  9 23 20
 2457307.86 2015 10 12  8 40   2457307.99 2015 10 12 11 44   2457308.12 2015 10 12 14 47
 2457310.51 2015 10 15  0  7   2457310.63 2015 10 15  3 11   2457310.76 2015 10 15  6 15
 2457313.15 2015 10 17 15 34   2457313.28 2015 10 17 18 38   2457313.40 2015 10 17 21 42
 2457315.79 2015 10 20  7  1   2457315.92 2015 10 20 10  5   2457316.05 2015 10 20 13  9
 2457318.44 2015 10 22 22 28   2457318.56 2015 10 23  1 32   2457318.69 2015 10 23  4 36
 2457321.08 2015 10 25 13 55   2457321.21 2015 10 25 16 59   2457321.34 2015 10 25 20  4
 2457323.72 2015 10 28  5 22   2457323.85 2015 10 28  8 26   2457323.98 2015 10 28 11 31
 2457326.37 2015 10 30 20 49   2457326.50 2015 10 30 23 54   2457326.62 2015 10 31  2 58
 2457329.01 2015 11  2 12 16   2457329.14 2015 11  2 15 21   2457329.27 2015 11  2 18 25
 2457331.66 2015 11  5  3 43   2457331.78 2015 11  5  6 48   2457331.91 2015 11  5  9 53
 2457334.30 2015 11  7 19 10   2457334.43 2015 11  7 22 15   2457334.56 2015 11  8  1 20
 2457336.94 2015 11 10 10 37   2457337.07 2015 11 10 13 42   2457337.20 2015 11 10 16 47
 2457339.59 2015 11 13  2  4   2457339.72 2015 11 13  5  9   2457339.84 2015 11 13  8 15
 2457342.23 2015 11 15 17 31   2457342.36 2015 11 15 20 36   2457342.49 2015 11 15 23 42
 2457344.87 2015 11 18  8 58   2457345.00 2015 11 18 12  4   2457345.13 2015 11 18 15  9
 2457347.52 2015 11 21  0 25   2457347.65 2015 11 21  3 31   2457347.78 2015 11 21  6 36
 2457350.16 2015 11 23 15 52   2457350.29 2015 11 23 18 58   2457350.42 2015 11 23 22  4
 2457352.81 2015 11 26  7 19   2457352.93 2015 11 26 10 25   2457353.06 2015 11 26 13 31
 2457355.45 2015 11 28 22 46   2457355.58 2015 11 29  1 52   2457355.71 2015 11 29  4 58
 2457358.09 2015 12  1 14 13   2457358.22 2015 12  1 17 19   2457358.35 2015 12  1 20 25
 2457360.74 2015 12  4  5 40   2457360.87 2015 12  4  8 46   2457361.00 2015 12  4 11 53
 2457363.38 2015 12  6 21  7   2457363.51 2015 12  7  0 14   2457363.64 2015 12  7  3 20
 2457366.02 2015 12  9 12 34   2457366.15 2015 12  9 15 41   2457366.28 2015 12  9 18 47
 2457368.67 2015 12 12  4  1   2457368.80 2015 12 12  7  8   2457368.93 2015 12 12 10 15
 2457371.31 2015 12 14 19 28   2457371.44 2015 12 14 22 35   2457371.57 2015 12 15  1 42
 2457373.96 2015 12 17 10 55   2457374.09 2015 12 17 14  2   2457374.22 2015 12 17 17  9
 2457376.60 2015 12 20  2 22   2457376.73 2015 12 20  5 29   2457376.86 2015 12 20  8 36
 2457379.24 2015 12 22 17 49   2457379.37 2015 12 22 20 56   2457379.50 2015 12 23  0  4
 2457381.89 2015 12 25  9 16   2457382.02 2015 12 25 12 24   2457382.15 2015 12 25 15 31
 2457384.53 2015 12 28  0 43   2457384.66 2015 12 28  3 51   2457384.79 2015 12 28  6 58
 2457387.17 2015 12 30 16 10   2457387.30 2015 12 30 19 18   2457387.43 2015 12 30 22 25
 2457389.82 2016  1  2  7 37   2457389.95 2016  1  2 10 45   2457390.08 2016  1  2 13 53
 2457392.46 2016  1  4 23  4   2457392.59 2016  1  5  2 12   2457392.72 2016  1  5  5 20
 2457395.11 2016  1  7 14 31   2457395.24 2016  1  7 17 39   2457395.37 2016  1  7 20 47
 2457397.75 2016  1 10  5 58   2457397.88 2016  1 10  9  6   2457398.01 2016  1 10 12 15
 2457400.39 2016  1 12 21 25   2457400.52 2016  1 13  0 34   2457400.65 2016  1 13  3 42
 2457403.04 2016  1 15 12 52   2457403.17 2016  1 15 16  1   2457403.30 2016  1 15 19  9
 2457405.68 2016  1 18  4 19   2457405.81 2016  1 18  7 28   2457405.94 2016  1 18 10 36
 2457408.32 2016  1 20 19 46   2457408.46 2016  1 20 22 55   2457408.59 2016  1 21  2  4
 2457410.97 2016  1 23 11 13   2457411.10 2016  1 23 14 22   2457411.23 2016  1 23 17 31
 2457413.61 2016  1 26  2 40   2457413.74 2016  1 26  5 49   2457413.87 2016  1 26  8 58
 2457416.26 2016  1 28 18  7   2457416.39 2016  1 28 21 16   2457416.52 2016  1 29  0 25
 2457418.90 2016  1 31  9 35   2457419.03 2016  1 31 12 44   2457419.16 2016  1 31 15 53
 2457421.54 2016  2  3  1  2   2457421.67 2016  2  3  4 11   2457421.81 2016  2  3  7 20
 2457424.19 2016  2  5 16 29   2457424.32 2016  2  5 19 38   2457424.45 2016  2  5 22 47
 2457426.83 2016  2  8  7 56   2457426.96 2016  2  8 11  5   2457427.09 2016  2  8 14 15
 2457429.47 2016  2 10 23 23   2457429.61 2016  2 11  2 32   2457429.74 2016  2 11  5 42
 2457432.12 2016  2 13 14 50   2457432.25 2016  2 13 17 59   2457432.38 2016  2 13 21  9
 2457434.76 2016  2 16  6 17   2457434.89 2016  2 16  9 26   2457435.03 2016  2 16 12 36
 2457437.41 2016  2 18 21 44   2457437.54 2016  2 19  0 54   2457437.67 2016  2 19  4  4
 2457440.05 2016  2 21 13 11   2457440.18 2016  2 21 16 21   2457440.31 2016  2 21 19 31
 2457442.69 2016  2 24  4 38   2457442.83 2016  2 24  7 48   2457442.96 2016  2 24 10 58
 2457445.34 2016  2 26 20  5   2457445.47 2016  2 26 23 15   2457445.60 2016  2 27  2 25
 2457447.98 2016  2 29 11 32   2457448.11 2016  2 29 14 42   2457448.25 2016  2 29 17 53
 2457450.62 2016  3  3  2 59   2457450.76 2016  3  3  6  9   2457450.89 2016  3  3  9 20
 2457453.27 2016  3  5 18 26   2457453.40 2016  3  5 21 37   2457453.53 2016  3  6  0 47
 2457455.91 2016  3  8  9 53   2457456.04 2016  3  8 13  4   2457456.18 2016  3  8 16 15
 2457458.56 2016  3 11  1 20   2457458.69 2016  3 11  4 31   2457458.82 2016  3 11  7 42
 2457461.20 2016  3 13 16 47   2457461.33 2016  3 13 19 58   2457461.47 2016  3 13 23  9
 2457463.84 2016  3 16  8 14   2457463.98 2016  3 16 11 25   2457464.11 2016  3 16 14 36
 2457466.49 2016  3 18 23 41   2457466.62 2016  3 19  2 52   2457466.75 2016  3 19  6  4
 2457469.13 2016  3 21 15  8   2457469.26 2016  3 21 18 19   2457469.40 2016  3 21 21 31
 2457471.77 2016  3 24  6 35   2457471.91 2016  3 24  9 47   2457472.04 2016  3 24 12 58
 2457474.42 2016  3 26 22  2   2457474.55 2016  3 27  1 14   2457474.68 2016  3 27  4 26
 2457477.06 2016  3 29 13 29   2457477.20 2016  3 29 16 41   2457477.33 2016  3 29 19 53
 2457479.71 2016  4  1  4 56   2457479.84 2016  4  1  8  8   2457479.97 2016  4  1 11 20
 2457482.35 2016  4  3 20 23   2457482.48 2016  4  3 23 35   2457482.62 2016  4  4  2 47
 2457484.99 2016  4  6 11 50   2457485.13 2016  4  6 15  2   2457485.26 2016  4  6 18 15
 2457487.64 2016  4  9  3 17   2457487.77 2016  4  9  6 29   2457487.90 2016  4  9  9 42
 2457490.28 2016  4 11 18 44   2457490.41 2016  4 11 21 57   2457490.55 2016  4 12  1  9
 2457492.92 2016  4 14 10 11   2457493.06 2016  4 14 13 24   2457493.19 2016  4 14 16 36
 2457495.57 2016  4 17  1 38   2457495.70 2016  4 17  4 51   2457495.84 2016  4 17  8  4
 2457498.21 2016  4 19 17  5   2457498.35 2016  4 19 20 18   2457498.48 2016  4 19 23 31
 2457500.86 2016  4 22  8 32   2457500.99 2016  4 22 11 45   2457501.12 2016  4 22 14 58
 2457503.50 2016  4 24 23 59   2457503.63 2016  4 25  3 12   2457503.77 2016  4 25  6 26
 2457506.14 2016  4 27 15 26   2457506.28 2016  4 27 18 39   2457506.41 2016  4 27 21 53
 2457508.79 2016  4 30  6 53   2457508.92 2016  4 30 10  7   2457509.06 2016  4 30 13 20
 2457511.43 2016  5  2 22 20   2457511.57 2016  5  3  1 34   2457511.70 2016  5  3  4 47
 2457514.07 2016  5  5 13 47   2457514.21 2016  5  5 17  1   2457514.34 2016  5  5 20 15
 2457516.72 2016  5  8  5 14   2457516.85 2016  5  8  8 28   2457516.99 2016  5  8 11 42
 2457519.36 2016  5 10 20 41   2457519.50 2016  5 10 23 55   2457519.63 2016  5 11  3  9
 2457522.01 2016  5 13 12  8   2457522.14 2016  5 13 15 22   2457522.28 2016  5 13 18 36
 2457524.65 2016  5 16  3 35   2457524.78 2016  5 16  6 49   2457524.92 2016  5 16 10  4
 2457527.29 2016  5 18 19  2   2457527.43 2016  5 18 22 17   2457527.56 2016  5 19  1 31
 2457529.94 2016  5 21 10 29   2457530.07 2016  5 21 13 44   2457530.21 2016  5 21 16 58
 2457532.58 2016  5 24  1 56   2457532.72 2016  5 24  5 11   2457532.85 2016  5 24  8 26
 2457535.22 2016  5 26 17 23   2457535.36 2016  5 26 20 38   2457535.50 2016  5 26 23 53
 2457537.87 2016  5 29  8 50   2457538.00 2016  5 29 12  5   2457538.14 2016  5 29 15 20
 2457540.51 2016  6  1  0 17   2457540.65 2016  6  1  3 32   2457540.78 2016  6  1  6 47
 2457543.16 2016  6  3 15 44   2457543.29 2016  6  3 18 59   2457543.43 2016  6  3 22 15
 2457545.80 2016  6  6  7 11   2457545.94 2016  6  6 10 27   2457546.07 2016  6  6 13 42
 2457548.44 2016  6  8 22 38   2457548.58 2016  6  9  1 54   2457548.72 2016  6  9  5  9
 2457551.09 2016  6 11 14  5   2457551.22 2016  6 11 17 21   2457551.36 2016  6 11 20 36
 2457553.73 2016  6 14  5 32   2457553.87 2016  6 14  8 48   2457554.00 2016  6 14 12  4
 2457556.37 2016  6 16 20 59   2457556.51 2016  6 17  0 15   2457556.65 2016  6 17  3 31
 2457559.02 2016  6 19 12 26   2457559.15 2016  6 19 15 42   2457559.29 2016  6 19 18 58
 2457561.66 2016  6 22  3 53   2457561.80 2016  6 22  7  9   2457561.93 2016  6 22 10 26
 2457564.31 2016  6 24 19 20   2457564.44 2016  6 24 22 37   2457564.58 2016  6 25  1 53
 2457566.95 2016  6 27 10 47   2457567.09 2016  6 27 14  4   2457567.22 2016  6 27 17 20
 2457569.59 2016  6 30  2 14   2457569.73 2016  6 30  5 31   2457569.87 2016  6 30  8 47
 2457572.24 2016  7  2 17 41   2457572.37 2016  7  2 20 58   2457572.51 2016  7  3  0 15
 2457574.88 2016  7  5  9  8   2457575.02 2016  7  5 12 25   2457575.15 2016  7  5 15 42
 2457577.52 2016  7  8  0 35   2457577.66 2016  7  8  3 52   2457577.80 2016  7  8  7  9
 2457580.17 2016  7 10 16  2   2457580.31 2016  7 10 19 19   2457580.44 2016  7 10 22 36
 2457582.81 2016  7 13  7 29   2457582.95 2016  7 13 10 47   2457583.09 2016  7 13 14  4
 2457585.46 2016  7 15 22 56   2457585.59 2016  7 16  2 14   2457585.73 2016  7 16  5 31
 2457588.10 2016  7 18 14 23   2457588.24 2016  7 18 17 41   2457588.37 2016  7 18 20 58
 2457590.74 2016  7 21  5 50   2457590.88 2016  7 21  9  8   2457591.02 2016  7 21 12 26
 2457593.39 2016  7 23 21 17   2457593.52 2016  7 24  0 35   2457593.66 2016  7 24  3 53
 2457596.03 2016  7 26 12 44   2457596.17 2016  7 26 16  2   2457596.31 2016  7 26 19 20
 2457598.67 2016  7 29  4 11   2457598.81 2016  7 29  7 29   2457598.95 2016  7 29 10 47
 2457601.32 2016  7 31 19 39   2457601.46 2016  7 31 22 57   2457601.59 2016  8  1  2 15
 2457603.96 2016  8  3 11  6   2457604.10 2016  8  3 14 24   2457604.24 2016  8  3 17 42
 2457606.61 2016  8  6  2 33   2457606.74 2016  8  6  5 51   2457606.88 2016  8  6  9  9
