 Predicted Transit Epochs: GJ433____ b

 Predicted Duration of a Central Transit:   136. Minutes

 Begin Transit Window           PREDICTED CENTRAL TRANSIT     End Transit Window
                                     All Times UT

                               HJD        Year M  D  H  M
 2456739.53 2014  3 23  0 36   2456761.30 2014  4 13 19  8   2456783.07 2014  5  5 13 40
 2456746.74 2014  3 30  5 42   2456768.61 2014  4 21  2 38   2456790.48 2014  5 12 23 34
 2456753.95 2014  4  6 10 48   2456775.92 2014  4 28 10  7   2456797.89 2014  5 20  9 27
 2456761.16 2014  4 13 15 53   2456783.23 2014  5  5 17 37   2456805.31 2014  5 27 19 21
 2456768.37 2014  4 20 20 59   2456790.55 2014  5 13  1  7   2456812.72 2014  6  4  5 15
 2456775.59 2014  4 28  2  5   2456797.86 2014  5 20  8 37   2456820.13 2014  6 11 15  8
 2456782.80 2014  5  5  7 11   2456805.17 2014  5 27 16  6   2456827.54 2014  6 19  1  2
 2456790.01 2014  5 12 12 16   2456812.48 2014  6  3 23 36   2456834.96 2014  6 26 10 56
 2456797.22 2014  5 19 17 22   2456819.80 2014  6 11  7  6   2456842.37 2014  7  3 20 50
 2456804.44 2014  5 26 22 28   2456827.11 2014  6 18 14 35   2456849.78 2014  7 11  6 43
 2456811.65 2014  6  3  3 33   2456834.42 2014  6 25 22  5   2456857.19 2014  7 18 16 37
 2456818.86 2014  6 10  8 39   2456841.73 2014  7  3  5 35   2456864.61 2014  7 26  2 31
 2456826.07 2014  6 17 13 45   2456849.05 2014  7 10 13  5   2456872.02 2014  8  2 12 24
 2456833.29 2014  6 24 18 51   2456856.36 2014  7 17 20 34   2456879.43 2014  8  9 22 18
 2456840.50 2014  7  1 23 56   2456863.67 2014  7 25  4  4   2456886.84 2014  8 17  8 12
 2456847.71 2014  7  9  5  2   2456870.98 2014  8  1 11 34   2456894.25 2014  8 24 18  6
 2456854.92 2014  7 16 10  8   2456878.29 2014  8  8 19  3   2456901.67 2014  9  1  3 59
 2456862.13 2014  7 23 15 13   2456885.61 2014  8 16  2 33   2456909.08 2014  9  8 13 53
 2456869.35 2014  7 30 20 19   2456892.92 2014  8 23 10  3   2456916.49 2014  9 15 23 47
 2456876.56 2014  8  7  1 25   2456900.23 2014  8 30 17 33   2456923.90 2014  9 23  9 40
 2456883.77 2014  8 14  6 31   2456907.54 2014  9  7  1  2   2456931.32 2014  9 30 19 34
 2456890.98 2014  8 21 11 36   2456914.86 2014  9 14  8 32   2456938.73 2014 10  8  5 28
 2456898.20 2014  8 28 16 42   2456922.17 2014  9 21 16  2   2456946.14 2014 10 15 15 22
 2456905.41 2014  9  4 21 48   2456929.48 2014  9 28 23 31   2456953.55 2014 10 23  1 15
 2456912.62 2014  9 12  2 53   2456936.79 2014 10  6  7  1   2456960.96 2014 10 30 11  9
 2456919.83 2014  9 19  7 59   2456944.11 2014 10 13 14 31   2456968.38 2014 11  6 21  3
 2456927.05 2014  9 26 13  5   2456951.42 2014 10 20 22  1   2456975.79 2014 11 14  6 56
 2456934.26 2014 10  3 18 10   2456958.73 2014 10 28  5 30   2456983.20 2014 11 21 16 50
 2456941.47 2014 10 10 23 16   2456966.04 2014 11  4 13  0   2456990.61 2014 11 29  2 44
 2456948.68 2014 10 18  4 22   2456973.35 2014 11 11 20 30   2456998.03 2014 12  6 12 38
 2456955.89 2014 10 25  9 28   2456980.67 2014 11 19  3 59   2457005.44 2014 12 13 22 31
 2456963.11 2014 11  1 14 33   2456987.98 2014 11 26 11 29   2457012.85 2014 12 21  8 25
 2456970.32 2014 11  8 19 39   2456995.29 2014 12  3 18 59   2457020.26 2014 12 28 18 19
 2456977.53 2014 11 16  0 45   2457002.60 2014 12 11  2 29   2457027.68 2015  1  5  4 12
 2456984.74 2014 11 23  5 50   2457009.92 2014 12 18  9 58   2457035.09 2015  1 12 14  6
 2456991.96 2014 11 30 10 56   2457017.23 2014 12 25 17 28   2457042.50 2015  1 20  0  0
 2456999.17 2014 12  7 16  2   2457024.54 2015  1  2  0 58   2457049.91 2015  1 27  9 54
 2457006.38 2014 12 14 21  8   2457031.85 2015  1  9  8 27   2457057.32 2015  2  3 19 47
 2457013.59 2014 12 22  2 13   2457039.17 2015  1 16 15 57   2457064.74 2015  2 11  5 41
 2457020.81 2014 12 29  7 19   2457046.48 2015  1 23 23 27   2457072.15 2015  2 18 15 35
 2457028.02 2015  1  5 12 25   2457053.79 2015  1 31  6 57   2457079.56 2015  2 26  1 28
 2457035.23 2015  1 12 17 30   2457061.10 2015  2  7 14 26   2457086.97 2015  3  5 11 22
 2457042.44 2015  1 19 22 36   2457068.41 2015  2 14 21 56   2457094.39 2015  3 12 21 16
 2457049.65 2015  1 27  3 42   2457075.73 2015  2 22  5 26   2457101.80 2015  3 20  7 10
 2457056.87 2015  2  3  8 48   2457083.04 2015  3  1 12 55   2457109.21 2015  3 27 17  3
 2457064.08 2015  2 10 13 53   2457090.35 2015  3  8 20 25   2457116.62 2015  4  4  2 57
 2457071.29 2015  2 17 18 59   2457097.66 2015  3 16  3 55   2457124.04 2015  4 11 12 51
 2457078.50 2015  2 25  0  5   2457104.98 2015  3 23 11 25   2457131.45 2015  4 18 22 44
 2457085.72 2015  3  4  5 10   2457112.29 2015  3 30 18 54   2457138.86 2015  4 26  8 38
 2457092.93 2015  3 11 10 16   2457119.60 2015  4  7  2 24   2457146.27 2015  5  3 18 32
 2457100.14 2015  3 18 15 22   2457126.91 2015  4 14  9 54   2457153.68 2015  5 11  4 25
 2457107.35 2015  3 25 20 28   2457134.22 2015  4 21 17 23   2457161.10 2015  5 18 14 19
 2457114.57 2015  4  2  1 33   2457141.54 2015  4 29  0 53   2457168.51 2015  5 26  0 13
 2457121.78 2015  4  9  6 39   2457148.85 2015  5  6  8 23   2457175.92 2015  6  2 10  7
 2457128.99 2015  4 16 11 45   2457156.16 2015  5 13 15 53   2457183.33 2015  6  9 20  0
 2457136.20 2015  4 23 16 50   2457163.47 2015  5 20 23 22   2457190.75 2015  6 17  5 54
 2457143.41 2015  4 30 21 56   2457170.79 2015  5 28  6 52   2457198.16 2015  6 24 15 48
 2457150.63 2015  5  8  3  2   2457178.10 2015  6  4 14 22   2457205.57 2015  7  2  1 41
 2457157.84 2015  5 15  8  8   2457185.41 2015  6 11 21 51   2457212.98 2015  7  9 11 35
 2457165.05 2015  5 22 13 13   2457192.72 2015  6 19  5 21   2457220.40 2015  7 16 21 29
 2457172.26 2015  5 29 18 19   2457200.04 2015  6 26 12 51   2457227.81 2015  7 24  7 23
 2457179.48 2015  6  5 23 25   2457207.35 2015  7  3 20 21   2457235.22 2015  7 31 17 16
 2457186.69 2015  6 13  4 30   2457214.66 2015  7 11  3 50   2457242.63 2015  8  8  3 10
 2457193.90 2015  6 20  9 36   2457221.97 2015  7 18 11 20   2457250.04 2015  8 15 13  4
 2457201.11 2015  6 27 14 42   2457229.28 2015  7 25 18 50   2457257.46 2015  8 22 22 57
 2457208.33 2015  7  4 19 48   2457236.60 2015  8  2  2 19   2457264.87 2015  8 30  8 51
 2457215.54 2015  7 12  0 53   2457243.91 2015  8  9  9 49   2457272.28 2015  9  6 18 45
 2457222.75 2015  7 19  5 59   2457251.22 2015  8 16 17 19   2457279.69 2015  9 14  4 39
 2457229.96 2015  7 26 11  5   2457258.53 2015  8 24  0 49   2457287.11 2015  9 21 14 32
 2457237.17 2015  8  2 16 10   2457265.85 2015  8 31  8 18   2457294.52 2015  9 29  0 26
 2457244.39 2015  8  9 21 16   2457273.16 2015  9  7 15 48   2457301.93 2015 10  6 10 20
 2457251.60 2015  8 17  2 22   2457280.47 2015  9 14 23 18   2457309.34 2015 10 13 20 13
 2457258.81 2015  8 24  7 28   2457287.78 2015  9 22  6 47   2457316.76 2015 10 21  6  7
 2457266.02 2015  8 31 12 33   2457295.10 2015  9 29 14 17   2457324.17 2015 10 28 16  1
 2457273.24 2015  9  7 17 39   2457302.41 2015 10  6 21 47   2457331.58 2015 11  5  1 55
 2457280.45 2015  9 14 22 45   2457309.72 2015 10 14  5 16   2457338.99 2015 11 12 11 48
 2457287.66 2015  9 22  3 50   2457317.03 2015 10 21 12 46   2457346.40 2015 11 19 21 42
 2457294.87 2015  9 29  8 56   2457324.34 2015 10 28 20 16   2457353.82 2015 11 27  7 36
 2457302.08 2015 10  6 14  2   2457331.66 2015 11  5  3 46   2457361.23 2015 12  4 17 29
 2457309.30 2015 10 13 19  8   2457338.97 2015 11 12 11 15   2457368.64 2015 12 12  3 23
 2457316.51 2015 10 21  0 13   2457346.28 2015 11 19 18 45   2457376.05 2015 12 19 13 17
 2457323.72 2015 10 28  5 19   2457353.59 2015 11 27  2 15   2457383.47 2015 12 26 23 11
 2457330.93 2015 11  4 10 25   2457360.91 2015 12  4  9 44   2457390.88 2016  1  3  9  4
 2457338.15 2015 11 11 15 30   2457368.22 2015 12 11 17 14   2457398.29 2016  1 10 18 58
 2457345.36 2015 11 18 20 36   2457375.53 2015 12 19  0 44   2457405.70 2016  1 18  4 52
 2457352.57 2015 11 26  1 42   2457382.84 2015 12 26  8 14   2457413.12 2016  1 25 14 45
 2457359.78 2015 12  3  6 48   2457390.16 2016  1  2 15 43   2457420.53 2016  2  2  0 39
 2457367.00 2015 12 10 11 53   2457397.47 2016  1  9 23 13   2457427.94 2016  2  9 10 33
 2457374.21 2015 12 17 16 59   2457404.78 2016  1 17  6 43   2457435.35 2016  2 16 20 27
 2457381.42 2015 12 24 22  5   2457412.09 2016  1 24 14 12   2457442.76 2016  2 24  6 20
 2457388.63 2016  1  1  3 10   2457419.40 2016  1 31 21 42   2457450.18 2016  3  2 16 14
 2457395.84 2016  1  8  8 16   2457426.72 2016  2  8  5 12   2457457.59 2016  3 10  2  8
 2457403.06 2016  1 15 13 22   2457434.03 2016  2 15 12 42   2457465.00 2016  3 17 12  1
 2457410.27 2016  1 22 18 28   2457441.34 2016  2 22 20 11   2457472.41 2016  3 24 21 55
 2457417.48 2016  1 29 23 33   2457448.65 2016  3  1  3 41   2457479.83 2016  4  1  7 49
 2457424.69 2016  2  6  4 39   2457455.97 2016  3  8 11 11   2457487.24 2016  4  8 17 43
 2457431.91 2016  2 13  9 45   2457463.28 2016  3 15 18 40   2457494.65 2016  4 16  3 36
 2457439.12 2016  2 20 14 50   2457470.59 2016  3 23  2 10   2457502.06 2016  4 23 13 30
 2457446.33 2016  2 27 19 56   2457477.90 2016  3 30  9 40   2457509.48 2016  4 30 23 24
 2457453.54 2016  3  6  1  2   2457485.22 2016  4  6 17 10   2457516.89 2016  5  8  9 17
 2457460.76 2016  3 13  6  7   2457492.53 2016  4 14  0 39   2457524.30 2016  5 15 19 11
 2457467.97 2016  3 20 11 13   2457499.84 2016  4 21  8  9   2457531.71 2016  5 23  5  5
 2457475.18 2016  3 27 16 19   2457507.15 2016  4 28 15 39   2457539.12 2016  5 30 14 59
 2457482.39 2016  4  3 21 25   2457514.46 2016  5  5 23  8   2457546.54 2016  6  7  0 52
 2457489.60 2016  4 11  2 30   2457521.78 2016  5 13  6 38   2457553.95 2016  6 14 10 46
 2457496.82 2016  4 18  7 36   2457529.09 2016  5 20 14  8   2457561.36 2016  6 21 20 40
 2457504.03 2016  4 25 12 42   2457536.40 2016  5 27 21 38   2457568.77 2016  6 29  6 33
 2457511.24 2016  5  2 17 47   2457543.71 2016  6  4  5  7   2457576.19 2016  7  6 16 27
 2457518.45 2016  5  9 22 53   2457551.03 2016  6 11 12 37   2457583.60 2016  7 14  2 21
 2457525.67 2016  5 17  3 59   2457558.34 2016  6 18 20  7   2457591.01 2016  7 21 12 15
 2457532.88 2016  5 24  9  5   2457565.65 2016  6 26  3 36   2457598.42 2016  7 28 22  8
 2457540.09 2016  5 31 14 10   2457572.96 2016  7  3 11  6   2457605.84 2016  8  5  8  2
 2457547.30 2016  6  7 19 16   2457580.28 2016  7 10 18 36   2457613.25 2016  8 12 17 56
 2457554.52 2016  6 15  0 22   2457587.59 2016  7 18  2  6   2457620.66 2016  8 20  3 49
 2457561.73 2016  6 22  5 27   2457594.90 2016  7 25  9 35   2457628.07 2016  8 27 13 43
 2457568.94 2016  6 29 10 33   2457602.21 2016  8  1 17  5   2457635.48 2016  9  3 23 37
 2457576.15 2016  7  6 15 39   2457609.52 2016  8  9  0 35   2457642.90 2016  9 11  9 31
