 Predicted Transit Epochs: GJ674____ b

 Predicted Duration of a Central Transit:    81. Minutes

 Begin Transit Window           PREDICTED CENTRAL TRANSIT     End Transit Window
                                     All Times UT

                               HJD        Year M  D  H  M
 2456755.62 2014  4  8  2 59   2456760.17 2014  4 12 16 11   2456764.73 2014  4 17  5 24
 2456760.31 2014  4 12 19 28   2456764.87 2014  4 17  8 50   2456769.43 2014  4 21 22 13
 2456765.00 2014  4 17 11 57   2456769.56 2014  4 22  1 29   2456774.13 2014  4 26 15  2
 2456769.68 2014  4 22  4 26   2456774.26 2014  4 26 18  8   2456778.83 2014  5  1  7 51
 2456774.37 2014  4 26 20 55   2456778.95 2014  5  1 10 47   2456783.53 2014  5  6  0 40
 2456779.06 2014  5  1 13 24   2456783.64 2014  5  6  3 26   2456788.23 2014  5 10 17 29
 2456783.75 2014  5  6  5 53   2456788.34 2014  5 10 20  6   2456792.93 2014  5 15 10 19
 2456788.43 2014  5 10 22 22   2456793.03 2014  5 15 12 45   2456797.63 2014  5 20  3  8
 2456793.12 2014  5 15 14 51   2456797.73 2014  5 20  5 24   2456802.33 2014  5 24 19 57
 2456797.81 2014  5 20  7 20   2456802.42 2014  5 24 22  3   2456807.03 2014  5 29 12 46
 2456802.49 2014  5 24 23 48   2456807.11 2014  5 29 14 42   2456811.73 2014  6  3  5 35
 2456807.18 2014  5 29 16 17   2456811.81 2014  6  3  7 21   2456816.43 2014  6  7 22 24
 2456811.87 2014  6  3  8 46   2456816.50 2014  6  8  0  0   2456821.13 2014  6 12 15 13
 2456816.55 2014  6  8  1 15   2456821.19 2014  6 12 16 39   2456825.84 2014  6 17  8  3
 2456821.24 2014  6 12 17 44   2456825.89 2014  6 17  9 18   2456830.54 2014  6 22  0 52
 2456825.93 2014  6 17 10 13   2456830.58 2014  6 22  1 57   2456835.24 2014  6 26 17 41
 2456830.61 2014  6 22  2 42   2456835.28 2014  6 26 18 36   2456839.94 2014  7  1 10 30
 2456835.30 2014  6 26 19 11   2456839.97 2014  7  1 11 15   2456844.64 2014  7  6  3 19
 2456839.99 2014  7  1 11 40   2456844.66 2014  7  6  3 54   2456849.34 2014  7 10 20  8
 2456844.67 2014  7  6  4  9   2456849.36 2014  7 10 20 33   2456854.04 2014  7 15 12 58
 2456849.36 2014  7 10 20 38   2456854.05 2014  7 15 13 13   2456858.74 2014  7 20  5 47
 2456854.05 2014  7 15 13  7   2456858.74 2014  7 20  5 52   2456863.44 2014  7 24 22 36
 2456858.73 2014  7 20  5 36   2456863.44 2014  7 24 22 31   2456868.14 2014  7 29 15 25
 2456863.42 2014  7 24 22  5   2456868.13 2014  7 29 15 10   2456872.84 2014  8  3  8 14
 2456868.11 2014  7 29 14 34   2456872.83 2014  8  3  7 49   2456877.54 2014  8  8  1  3
 2456872.79 2014  8  3  7  3   2456877.52 2014  8  8  0 28   2456882.25 2014  8 12 17 52
 2456877.48 2014  8  7 23 32   2456882.21 2014  8 12 17  7   2456886.95 2014  8 17 10 42
 2456882.17 2014  8 12 16  1   2456886.91 2014  8 17  9 46   2456891.65 2014  8 22  3 31
 2456886.85 2014  8 17  8 30   2456891.60 2014  8 22  2 25   2456896.35 2014  8 26 20 20
 2456891.54 2014  8 22  0 59   2456896.29 2014  8 26 19  4   2456901.05 2014  8 31 13  9
 2456896.23 2014  8 26 17 28   2456900.99 2014  8 31 11 43   2456905.75 2014  9  5  5 58
 2456900.92 2014  8 31  9 57   2456905.68 2014  9  5  4 22   2456910.45 2014  9  9 22 47
 2456905.60 2014  9  5  2 26   2456910.38 2014  9  9 21  1   2456915.15 2014  9 14 15 37
 2456910.29 2014  9  9 18 55   2456915.07 2014  9 14 13 40   2456919.85 2014  9 19  8 26
 2456914.98 2014  9 14 11 24   2456919.76 2014  9 19  6 20   2456924.55 2014  9 24  1 15
 2456919.66 2014  9 19  3 53   2456924.46 2014  9 23 22 59   2456929.25 2014  9 28 18  4
 2456924.35 2014  9 23 20 22   2456929.15 2014  9 28 15 38   2456933.95 2014 10  3 10 53
 2456929.04 2014  9 28 12 51   2456933.85 2014 10  3  8 17   2456938.65 2014 10  8  3 42
 2456933.72 2014 10  3  5 20   2456938.54 2014 10  8  0 56   2456943.36 2014 10 12 20 31
 2456938.41 2014 10  7 21 49   2456943.23 2014 10 12 17 35   2456948.06 2014 10 17 13 21
 2456943.10 2014 10 12 14 18   2456947.93 2014 10 17 10 14   2456952.76 2014 10 22  6 10
 2456947.78 2014 10 17  6 47   2456952.62 2014 10 22  2 53   2456957.46 2014 10 26 22 59
 2456952.47 2014 10 21 23 16   2456957.31 2014 10 26 19 32   2456962.16 2014 10 31 15 48
 2456957.16 2014 10 26 15 45   2456962.01 2014 10 31 12 11   2456966.86 2014 11  5  8 37
 2456961.84 2014 10 31  8 14   2456966.70 2014 11  5  4 50   2456971.56 2014 11 10  1 26
 2456966.53 2014 11  5  0 43   2456971.40 2014 11  9 21 29   2456976.26 2014 11 14 18 16
 2456971.22 2014 11  9 17 12   2456976.09 2014 11 14 14  8   2456980.96 2014 11 19 11  5
 2456975.90 2014 11 14  9 41   2456980.78 2014 11 19  6 48   2456985.66 2014 11 24  3 54
 2456980.59 2014 11 19  2 10   2456985.48 2014 11 23 23 27   2456990.36 2014 11 28 20 43
 2456985.28 2014 11 23 18 39   2456990.17 2014 11 28 16  6   2456995.06 2014 12  3 13 32
 2456989.96 2014 11 28 11  8   2456994.86 2014 12  3  8 45   2456999.77 2014 12  8  6 21
 2456994.65 2014 12  3  3 37   2456999.56 2014 12  8  1 24   2457004.47 2014 12 12 23 10
 2456999.34 2014 12  7 20  6   2457004.25 2014 12 12 18  3   2457009.17 2014 12 17 16  0
 2457004.02 2014 12 12 12 35   2457008.95 2014 12 17 10 42   2457013.87 2014 12 22  8 49
 2457008.71 2014 12 17  5  4   2457013.64 2014 12 22  3 21   2457018.57 2014 12 27  1 38
 2457013.40 2014 12 21 21 33   2457018.33 2014 12 26 20  0   2457023.27 2014 12 31 18 27
 2457018.09 2014 12 26 14  2   2457023.03 2014 12 31 12 39   2457027.97 2015  1  5 11 16
 2457022.77 2014 12 31  6 31   2457027.72 2015  1  5  5 18   2457032.67 2015  1 10  4  5
 2457027.46 2015  1  4 23  0   2457032.42 2015  1  9 21 57   2457037.37 2015  1 14 20 54
 2457032.15 2015  1  9 15 29   2457037.11 2015  1 14 14 36   2457042.07 2015  1 19 13 44
 2457036.83 2015  1 14  7 58   2457041.80 2015  1 19  7 15   2457046.77 2015  1 24  6 33
 2457041.52 2015  1 19  0 27   2457046.50 2015  1 23 23 55   2457051.47 2015  1 28 23 22
 2457046.21 2015  1 23 16 56   2457051.19 2015  1 28 16 34   2457056.17 2015  2  2 16 11
 2457050.89 2015  1 28  9 25   2457055.88 2015  2  2  9 13   2457060.88 2015  2  7  9  0
 2457055.58 2015  2  2  1 54   2457060.58 2015  2  7  1 52   2457065.58 2015  2 12  1 49
 2457060.27 2015  2  6 18 23   2457065.27 2015  2 11 18 31   2457070.28 2015  2 16 18 39
 2457064.95 2015  2 11 10 52   2457069.97 2015  2 16 11 10   2457074.98 2015  2 21 11 28
 2457069.64 2015  2 16  3 21   2457074.66 2015  2 21  3 49   2457079.68 2015  2 26  4 17
 2457074.33 2015  2 20 19 50   2457079.35 2015  2 25 20 28   2457084.38 2015  3  2 21  6
 2457079.01 2015  2 25 12 19   2457084.05 2015  3  2 13  7   2457089.08 2015  3  7 13 55
 2457083.70 2015  3  2  4 48   2457088.74 2015  3  7  5 46   2457093.78 2015  3 12  6 44
 2457088.39 2015  3  6 21 17   2457093.43 2015  3 11 22 25   2457098.48 2015  3 16 23 33
 2457093.07 2015  3 11 13 46   2457098.13 2015  3 16 15  4   2457103.18 2015  3 21 16 23
 2457097.76 2015  3 16  6 15   2457102.82 2015  3 21  7 43   2457107.88 2015  3 26  9 12
 2457102.45 2015  3 20 22 44   2457107.52 2015  3 26  0 22   2457112.58 2015  3 31  2  1
 2457107.13 2015  3 25 15 13   2457112.21 2015  3 30 17  2   2457117.29 2015  4  4 18 50
 2457111.82 2015  3 30  7 42   2457116.90 2015  4  4  9 41   2457121.99 2015  4  9 11 39
 2457116.51 2015  4  4  0 11   2457121.60 2015  4  9  2 20   2457126.69 2015  4 14  4 28
 2457121.19 2015  4  8 16 40   2457126.29 2015  4 13 18 59   2457131.39 2015  4 18 21 18
 2457125.88 2015  4 13  9  9   2457130.98 2015  4 18 11 38   2457136.09 2015  4 23 14  7
 2457130.57 2015  4 18  1 38   2457135.68 2015  4 23  4 17   2457140.79 2015  4 28  6 56
 2457135.26 2015  4 22 18  7   2457140.37 2015  4 27 20 56   2457145.49 2015  5  2 23 45
 2457139.94 2015  4 27 10 36   2457145.07 2015  5  2 13 35   2457150.19 2015  5  7 16 34
 2457144.63 2015  5  2  3  5   2457149.76 2015  5  7  6 14   2457154.89 2015  5 12  9 23
 2457149.32 2015  5  6 19 34   2457154.45 2015  5 11 22 53   2457159.59 2015  5 17  2 12
 2457154.00 2015  5 11 12  3   2457159.15 2015  5 16 15 32   2457164.29 2015  5 21 19  2
 2457158.69 2015  5 16  4 32   2457163.84 2015  5 21  8 11   2457168.99 2015  5 26 11 51
 2457163.38 2015  5 20 21  1   2457168.54 2015  5 26  0 50   2457173.69 2015  5 31  4 40
 2457168.06 2015  5 25 13 30   2457173.23 2015  5 30 17 29   2457178.40 2015  6  4 21 29
 2457172.75 2015  5 30  5 59   2457177.92 2015  6  4 10  9   2457183.10 2015  6  9 14 18
 2457177.44 2015  6  3 22 28   2457182.62 2015  6  9  2 48   2457187.80 2015  6 14  7  7
 2457182.12 2015  6  8 14 57   2457187.31 2015  6 13 19 27   2457192.50 2015  6 18 23 56
 2457186.81 2015  6 13  7 26   2457192.00 2015  6 18 12  6   2457197.20 2015  6 23 16 46
 2457191.50 2015  6 17 23 55   2457196.70 2015  6 23  4 45   2457201.90 2015  6 28  9 35
 2457196.18 2015  6 22 16 24   2457201.39 2015  6 27 21 24   2457206.60 2015  7  3  2 24
 2457200.87 2015  6 27  8 53   2457206.09 2015  7  2 14  3   2457211.30 2015  7  7 19 13
 2457205.56 2015  7  2  1 22   2457210.78 2015  7  7  6 42   2457216.00 2015  7 12 12  2
 2457210.24 2015  7  6 17 51   2457215.47 2015  7 11 23 21   2457220.70 2015  7 17  4 51
 2457214.93 2015  7 11 10 20   2457220.17 2015  7 16 16  0   2457225.40 2015  7 21 21 41
 2457219.62 2015  7 16  2 49   2457224.86 2015  7 21  8 39   2457230.10 2015  7 26 14 30
 2457224.30 2015  7 20 19 18   2457229.55 2015  7 26  1 18   2457234.81 2015  7 31  7 19
 2457228.99 2015  7 25 11 47   2457234.25 2015  7 30 17 57   2457239.51 2015  8  5  0  8
 2457233.68 2015  7 30  4 16   2457238.94 2015  8  4 10 36   2457244.21 2015  8  9 16 57
 2457238.36 2015  8  3 20 45   2457243.64 2015  8  9  3 16   2457248.91 2015  8 14  9 46
 2457243.05 2015  8  8 13 14   2457248.33 2015  8 13 19 55   2457253.61 2015  8 19  2 35
 2457247.74 2015  8 13  5 43   2457253.02 2015  8 18 12 34   2457258.31 2015  8 23 19 25
 2457252.43 2015  8 17 22 12   2457257.72 2015  8 23  5 13   2457263.01 2015  8 28 12 14
 2457257.11 2015  8 22 14 41   2457262.41 2015  8 27 21 52   2457267.71 2015  9  2  5  3
 2457261.80 2015  8 27  7 10   2457267.11 2015  9  1 14 31   2457272.41 2015  9  6 21 52
 2457266.49 2015  8 31 23 39   2457271.80 2015  9  6  7 10   2457277.11 2015  9 11 14 41
 2457271.17 2015  9  5 16  8   2457276.49 2015  9 10 23 49   2457281.81 2015  9 16  7 30
 2457275.86 2015  9 10  8 37   2457281.19 2015  9 15 16 28   2457286.51 2015  9 21  0 20
 2457280.55 2015  9 15  1  6   2457285.88 2015  9 20  9  7   2457291.21 2015  9 25 17  9
 2457285.23 2015  9 19 17 35   2457290.57 2015  9 25  1 46   2457295.92 2015  9 30  9 58
 2457289.92 2015  9 24 10  4   2457295.27 2015  9 29 18 25   2457300.62 2015 10  5  2 47
 2457294.61 2015  9 29  2 33   2457299.96 2015 10  4 11  4   2457305.32 2015 10  9 19 36
 2457299.29 2015 10  3 19  2   2457304.66 2015 10  9  3 43   2457310.02 2015 10 14 12 25
 2457303.98 2015 10  8 11 31   2457309.35 2015 10 13 20 23   2457314.72 2015 10 19  5 14
 2457308.67 2015 10 13  4  0   2457314.04 2015 10 18 13  2   2457319.42 2015 10 23 22  4
 2457313.35 2015 10 17 20 29   2457318.74 2015 10 23  5 41   2457324.12 2015 10 28 14 53
 2457318.04 2015 10 22 12 58   2457323.43 2015 10 27 22 20   2457328.82 2015 11  2  7 42
 2457322.73 2015 10 27  5 27   2457328.12 2015 11  1 14 59   2457333.52 2015 11  7  0 31
 2457327.41 2015 10 31 21 56   2457332.82 2015 11  6  7 38   2457338.22 2015 11 11 17 20
 2457332.10 2015 11  5 14 25   2457337.51 2015 11 11  0 17   2457342.92 2015 11 16 10  9
 2457336.79 2015 11 10  6 54   2457342.21 2015 11 15 16 56   2457347.62 2015 11 21  2 59
 2457341.47 2015 11 14 23 23   2457346.90 2015 11 20  9 35   2457352.33 2015 11 25 19 48
 2457346.16 2015 11 19 15 52   2457351.59 2015 11 25  2 14   2457357.03 2015 11 30 12 37
 2457350.85 2015 11 24  8 21   2457356.29 2015 11 29 18 53   2457361.73 2015 12  5  5 26
 2457355.53 2015 11 29  0 50   2457360.98 2015 12  4 11 32   2457366.43 2015 12  9 22 15
 2457360.22 2015 12  3 17 19   2457365.67 2015 12  9  4 11   2457371.13 2015 12 14 15  4
 2457364.91 2015 12  8  9 48   2457370.37 2015 12 13 20 50   2457375.83 2015 12 19  7 53
 2457369.60 2015 12 13  2 17   2457375.06 2015 12 18 13 30   2457380.53 2015 12 24  0 43
 2457374.28 2015 12 17 18 46   2457379.76 2015 12 23  6  9   2457385.23 2015 12 28 17 32
 2457378.97 2015 12 22 11 15   2457384.45 2015 12 27 22 48   2457389.93 2016  1  2 10 21
 2457383.66 2015 12 27  3 44   2457389.14 2016  1  1 15 27   2457394.63 2016  1  7  3 10
 2457388.34 2015 12 31 20 12   2457393.84 2016  1  6  8  6   2457399.33 2016  1 11 19 59
 2457393.03 2016  1  5 12 41   2457398.53 2016  1 11  0 45   2457404.03 2016  1 16 12 48
 2457397.72 2016  1 10  5 10   2457403.23 2016  1 15 17 24   2457408.73 2016  1 21  5 37
 2457402.40 2016  1 14 21 39   2457407.92 2016  1 20 10  3   2457413.44 2016  1 25 22 27
 2457407.09 2016  1 19 14  8   2457412.61 2016  1 25  2 42   2457418.14 2016  1 30 15 16
 2457411.78 2016  1 24  6 37   2457417.31 2016  1 29 19 21   2457422.84 2016  2  4  8  5
 2457416.46 2016  1 28 23  6   2457422.00 2016  2  3 12  0   2457427.54 2016  2  9  0 54
 2457421.15 2016  2  2 15 35   2457426.69 2016  2  8  4 39   2457432.24 2016  2 13 17 43
 2457425.84 2016  2  7  8  4   2457431.39 2016  2 12 21 18   2457436.94 2016  2 18 10 32
 2457430.52 2016  2 12  0 33   2457436.08 2016  2 17 13 57   2457441.64 2016  2 23  3 22
 2457435.21 2016  2 16 17  2   2457440.78 2016  2 22  6 37   2457446.34 2016  2 27 20 11
 2457439.90 2016  2 21  9 31   2457445.47 2016  2 26 23 16   2457451.04 2016  3  3 13  0
 2457444.58 2016  2 26  2  0   2457450.16 2016  3  2 15 55   2457455.74 2016  3  8  5 49
 2457449.27 2016  3  1 18 29   2457454.86 2016  3  7  8 34   2457460.44 2016  3 12 22 38
 2457453.96 2016  3  6 10 58   2457459.55 2016  3 12  1 13   2457465.14 2016  3 17 15 27
 2457458.64 2016  3 11  3 27   2457464.24 2016  3 16 17 52   2457469.85 2016  3 22  8 16
 2457463.33 2016  3 15 19 56   2457468.94 2016  3 21 10 31   2457474.55 2016  3 27  1  6
 2457468.02 2016  3 20 12 25   2457473.63 2016  3 26  3 10   2457479.25 2016  3 31 17 55
 2457472.70 2016  3 25  4 54   2457478.33 2016  3 30 19 49   2457483.95 2016  4  5 10 44
 2457477.39 2016  3 29 21 23   2457483.02 2016  4  4 12 28   2457488.65 2016  4 10  3 33
 2457482.08 2016  4  3 13 52   2457487.71 2016  4  9  5  7   2457493.35 2016  4 14 20 22
 2457486.77 2016  4  8  6 21   2457492.41 2016  4 13 21 46   2457498.05 2016  4 19 13 11
 2457491.45 2016  4 12 22 50   2457497.10 2016  4 18 14 25   2457502.75 2016  4 24  6  1
 2457496.14 2016  4 17 15 19   2457501.80 2016  4 23  7  4   2457507.45 2016  4 28 22 50
 2457500.83 2016  4 22  7 48   2457506.49 2016  4 27 23 44   2457512.15 2016  5  3 15 39
 2457505.51 2016  4 27  0 17   2457511.18 2016  5  2 16 23   2457516.85 2016  5  8  8 28
 2457510.20 2016  5  1 16 46   2457515.88 2016  5  7  9  2   2457521.55 2016  5 13  1 17
 2457514.89 2016  5  6  9 15   2457520.57 2016  5 12  1 41   2457526.25 2016  5 17 18  6
 2457519.57 2016  5 11  1 44   2457525.26 2016  5 16 18 20   2457530.96 2016  5 22 10 55
 2457524.26 2016  5 15 18 13   2457529.96 2016  5 21 10 59   2457535.66 2016  5 27  3 45
 2457528.95 2016  5 20 10 42   2457534.65 2016  5 26  3 38   2457540.36 2016  5 31 20 34
 2457533.63 2016  5 25  3 11   2457539.35 2016  5 30 20 17   2457545.06 2016  6  5 13 23
 2457538.32 2016  5 29 19 40   2457544.04 2016  6  4 12 56   2457549.76 2016  6 10  6 12
 2457543.01 2016  6  3 12  9   2457548.73 2016  6  9  5 35   2457554.46 2016  6 14 23  1
 2457547.69 2016  6  8  4 38   2457553.43 2016  6 13 22 14   2457559.16 2016  6 19 15 50
 2457552.38 2016  6 12 21  7   2457558.12 2016  6 18 14 53   2457563.86 2016  6 24  8 40
 2457557.07 2016  6 17 13 36   2457562.81 2016  6 23  7 32   2457568.56 2016  6 29  1 29
 2457561.75 2016  6 22  6  5   2457567.51 2016  6 28  0 12   2457573.26 2016  7  3 18 18
 2457566.44 2016  6 26 22 34   2457572.20 2016  7  2 16 51   2457577.96 2016  7  8 11  7
 2457571.13 2016  7  1 15  3   2457576.90 2016  7  7  9 30   2457582.66 2016  7 13  3 56
 2457575.81 2016  7  6  7 32   2457581.59 2016  7 12  2  9   2457587.37 2016  7 17 20 45
 2457580.50 2016  7 11  0  1   2457586.28 2016  7 16 18 48   2457592.07 2016  7 22 13 34
 2457585.19 2016  7 15 16 30   2457590.98 2016  7 21 11 27   2457596.77 2016  7 27  6 24
 2457589.87 2016  7 20  8 59   2457595.67 2016  7 26  4  6   2457601.47 2016  7 31 23 13
 2457594.56 2016  7 25  1 28   2457600.36 2016  7 30 20 45   2457606.17 2016  8  5 16  2
 2457599.25 2016  7 29 17 57   2457605.06 2016  8  4 13 24   2457610.87 2016  8 10  8 51
 2457603.94 2016  8  3 10 26   2457609.75 2016  8  9  6  3   2457615.57 2016  8 15  1 40
