 Predicted Transit Epochs: GJ849____ b

 Predicted Duration of a Central Transit:    15.   Hours

 Begin Transit Window           PREDICTED CENTRAL TRANSIT     End Transit Window
                                     All Times UT

                               HJD        Year M  D  H  M
 2456897.40 2014  8 27 21 37   2456944.14 2014 10 13 15 17   2456990.87 2014 11 29  8 58
 2458685.50 2019  7 21  0  1   2458740.54 2019  9 14  0 53   2458795.57 2019 11  8  1 46
 2460473.60 2024  6 12  2 25   2460536.94 2024  8 14 10 29   2460600.27 2024 10 16 18 34
 2462261.70 2029  5  5  4 49   2462333.34 2029  7 15 20  5   2462404.97 2029  9 25 11 22
 2464049.80 2034  3 28  7 13   2464129.74 2034  6 16  5 41   2464209.67 2034  9  4  4 10
 2465837.90 2039  2 18  9 37   2465926.14 2039  5 17 15 17   2466014.37 2039  8 13 20 58
