 Predicted Transit Epochs: GJ876____ c

 Predicted Duration of a Central Transit:   157. Minutes

 Begin Transit Window           PREDICTED CENTRAL TRANSIT     End Transit Window
                                     All Times UT

                               HJD        Year M  D  H  M
 2456733.23 2014  3 16 17 24   2456757.10 2014  4  9 14 24   2456780.97 2014  5  3 11 23
 2456763.08 2014  4 15 13 48   2456787.15 2014  5  9 15 36   2456811.22 2014  6  2 17 23
 2456792.93 2014  5 15 10 12   2456817.20 2014  6  8 16 48   2456841.47 2014  7  2 23 23
 2456822.78 2014  6 14  6 36   2456847.25 2014  7  8 18  0   2456871.72 2014  8  2  5 23
 2456852.63 2014  7 14  3  0   2456877.30 2014  8  7 19 12   2456901.97 2014  9  1 11 23
 2456882.48 2014  8 12 23 24   2456907.35 2014  9  6 20 24   2456932.22 2014 10  1 17 23
 2456912.33 2014  9 11 19 48   2456937.40 2014 10  6 21 36   2456962.47 2014 10 31 23 23
 2456942.18 2014 10 11 16 12   2456967.45 2014 11  5 22 48   2456992.72 2014 12  1  5 23
 2456972.03 2014 11 10 12 36   2456997.50 2014 12  6  0  0   2457022.97 2014 12 31 11 23
 2457001.88 2014 12 10  9  0   2457027.55 2015  1  5  1 12   2457053.22 2015  1 30 17 23
 2457031.73 2015  1  9  5 24   2457057.60 2015  2  4  2 24   2457083.47 2015  3  1 23 23
 2457061.58 2015  2  8  1 48   2457087.65 2015  3  6  3 36   2457113.72 2015  4  1  5 23
 2457091.43 2015  3  9 22 12   2457117.70 2015  4  5  4 48   2457143.97 2015  5  1 11 23
 2457121.28 2015  4  8 18 36   2457147.75 2015  5  5  6  0   2457174.22 2015  5 31 17 23
 2457151.13 2015  5  8 15  0   2457177.80 2015  6  4  7 12   2457204.47 2015  6 30 23 23
 2457180.98 2015  6  7 11 24   2457207.85 2015  7  4  8 24   2457234.72 2015  7 31  5 23
 2457210.83 2015  7  7  7 48   2457237.90 2015  8  3  9 36   2457264.97 2015  8 30 11 23
 2457240.68 2015  8  6  4 12   2457267.95 2015  9  2 10 48   2457295.22 2015  9 29 17 23
 2457270.53 2015  9  5  0 36   2457298.00 2015 10  2 12  0   2457325.47 2015 10 29 23 23
 2457300.38 2015 10  4 21  0   2457328.05 2015 11  1 13 12   2457355.72 2015 11 29  5 23
 2457330.23 2015 11  3 17 24   2457358.10 2015 12  1 14 24   2457385.97 2015 12 29 11 23
 2457360.08 2015 12  3 13 48   2457388.15 2015 12 31 15 36   2457416.22 2016  1 28 17 23
 2457389.93 2016  1  2 10 12   2457418.20 2016  1 30 16 48   2457446.47 2016  2 27 23 23
 2457419.78 2016  2  1  6 36   2457448.25 2016  2 29 18  0   2457476.72 2016  3 29  5 23
 2457449.63 2016  3  2  3  0   2457478.30 2016  3 30 19 12   2457506.97 2016  4 28 11 23
 2457479.48 2016  3 31 23 24   2457508.35 2016  4 29 20 24   2457537.22 2016  5 28 17 23
 2457509.33 2016  4 30 19 48   2457538.40 2016  5 29 21 36   2457567.47 2016  6 27 23 23
 2457539.18 2016  5 30 16 12   2457568.45 2016  6 28 22 48   2457597.72 2016  7 28  5 23
 2457569.03 2016  6 29 12 36   2457598.50 2016  7 29  0  0   2457627.97 2016  8 27 11 23
 2457598.88 2016  7 29  9  0   2457628.55 2016  8 28  1 12   2457658.22 2016  9 26 17 23
 2457628.73 2016  8 28  5 24   2457658.60 2016  9 27  2 24   2457688.47 2016 10 26 23 23
 2457658.58 2016  9 27  1 48   2457688.65 2016 10 27  3 36   2457718.72 2016 11 26  5 23
 2457688.43 2016 10 26 22 12   2457718.70 2016 11 26  4 48   2457748.97 2016 12 26 11 23
 2457718.28 2016 11 25 18 36   2457748.75 2016 12 26  6  0   2457779.22 2017  1 25 17 23
 2457748.13 2016 12 25 15  0   2457778.80 2017  1 25  7 12   2457809.47 2017  2 24 23 23
 2457777.98 2017  1 24 11 24   2457808.85 2017  2 24  8 24   2457839.72 2017  3 27  5 23
 2457807.83 2017  2 23  7 48   2457838.90 2017  3 26  9 36   2457869.97 2017  4 26 11 23
 2457837.68 2017  3 25  4 12   2457868.95 2017  4 25 10 48   2457900.22 2017  5 26 17 23
 2457867.53 2017  4 24  0 36   2457899.00 2017  5 25 12  0   2457930.47 2017  6 25 23 23
 2457897.38 2017  5 23 21  0   2457929.05 2017  6 24 13 12   2457960.72 2017  7 26  5 23
 2457927.23 2017  6 22 17 24   2457959.10 2017  7 24 14 24   2457990.97 2017  8 25 11 23
 2457957.08 2017  7 22 13 48   2457989.15 2017  8 23 15 36   2458021.22 2017  9 24 17 23
 2457986.93 2017  8 21 10 12   2458019.20 2017  9 22 16 48   2458051.47 2017 10 24 23 23
 2458016.78 2017  9 20  6 36   2458049.25 2017 10 22 18  0   2458081.72 2017 11 24  5 23
 2458046.63 2017 10 20  3  0   2458079.30 2017 11 21 19 12   2458111.97 2017 12 24 11 23
 2458076.48 2017 11 18 23 24   2458109.35 2017 12 21 20 24   2458142.22 2018  1 23 17 23
 2458106.33 2017 12 18 19 48   2458139.40 2018  1 20 21 36   2458172.47 2018  2 22 23 23
 2458136.18 2018  1 17 16 12   2458169.45 2018  2 19 22 48   2458202.72 2018  3 25  5 23
 2458166.03 2018  2 16 12 36   2458199.50 2018  3 22  0  0   2458232.97 2018  4 24 11 23
 2458195.88 2018  3 18  9  0   2458229.55 2018  4 21  1 12   2458263.22 2018  5 24 17 23
 2458225.73 2018  4 17  5 24   2458259.60 2018  5 21  2 24   2458293.47 2018  6 23 23 23
 2458255.58 2018  5 17  1 48   2458289.65 2018  6 20  3 36   2458323.72 2018  7 24  5 23
 2458285.43 2018  6 15 22 12   2458319.70 2018  7 20  4 48   2458353.97 2018  8 23 11 23
 2458315.28 2018  7 15 18 36   2458349.75 2018  8 19  6  0   2458384.22 2018  9 22 17 23
 2458345.13 2018  8 14 15  0   2458379.80 2018  9 18  7 12   2458414.47 2018 10 22 23 23
 2458374.98 2018  9 13 11 24   2458409.85 2018 10 18  8 24   2458444.72 2018 11 22  5 23
 2458404.83 2018 10 13  7 48   2458439.90 2018 11 17  9 36   2458474.97 2018 12 22 11 23
 2458434.68 2018 11 12  4 12   2458469.95 2018 12 17 10 48   2458505.22 2019  1 21 17 23
 2458464.53 2018 12 12  0 36   2458500.00 2019  1 16 12  0   2458535.47 2019  2 20 23 23
 2458494.38 2019  1 10 21  0   2458530.05 2019  2 15 13 12   2458565.72 2019  3 23  5 23
 2458524.23 2019  2  9 17 24   2458560.10 2019  3 17 14 24   2458595.97 2019  4 22 11 23
 2458554.08 2019  3 11 13 48   2458590.15 2019  4 16 15 36   2458626.22 2019  5 22 17 23
 2458583.93 2019  4 10 10 12   2458620.20 2019  5 16 16 48   2458656.47 2019  6 21 23 23
 2458613.78 2019  5 10  6 36   2458650.25 2019  6 15 18  0   2458686.72 2019  7 22  5 23
 2458643.63 2019  6  9  3  0   2458680.30 2019  7 15 19 12   2458716.97 2019  8 21 11 23
 2458673.48 2019  7  8 23 24   2458710.35 2019  8 14 20 24   2458747.22 2019  9 20 17 23
 2458703.33 2019  8  7 19 48   2458740.40 2019  9 13 21 36   2458777.47 2019 10 20 23 23
 2458733.18 2019  9  6 16 12   2458770.45 2019 10 13 22 48   2458807.72 2019 11 20  5 23
 2458763.03 2019 10  6 12 36   2458800.50 2019 11 13  0  0   2458837.97 2019 12 20 11 23
 2458792.88 2019 11  5  9  0   2458830.55 2019 12 13  1 12   2458868.22 2020  1 19 17 23
 2458822.73 2019 12  5  5 24   2458860.60 2020  1 12  2 24   2458898.47 2020  2 18 23 23
 2458852.58 2020  1  4  1 48   2458890.65 2020  2 11  3 36   2458928.72 2020  3 20  5 23
 2458882.43 2020  2  2 22 12   2458920.70 2020  3 12  4 48   2458958.97 2020  4 19 11 23
 2458912.28 2020  3  3 18 36   2458950.75 2020  4 11  6  0   2458989.22 2020  5 19 17 23
 2458942.13 2020  4  2 15  0   2458980.80 2020  5 11  7 12   2459019.47 2020  6 18 23 23
 2458971.98 2020  5  2 11 24   2459010.85 2020  6 10  8 24   2459049.72 2020  7 19  5 23
 2459001.83 2020  6  1  7 48   2459040.90 2020  7 10  9 36   2459079.97 2020  8 18 11 23
 2459031.68 2020  7  1  4 12   2459070.95 2020  8  9 10 48   2459110.22 2020  9 17 17 23
 2459061.53 2020  7 31  0 36   2459101.00 2020  9  8 12  0   2459140.47 2020 10 17 23 23
 2459091.38 2020  8 29 21  0   2459131.05 2020 10  8 13 12   2459170.72 2020 11 17  5 23
 2459121.23 2020  9 28 17 24   2459161.10 2020 11  7 14 24   2459200.97 2020 12 17 11 23
 2459151.08 2020 10 28 13 48   2459191.15 2020 12  7 15 36   2459231.22 2021  1 16 17 23
 2459180.93 2020 11 27 10 12   2459221.20 2021  1  6 16 48   2459261.47 2021  2 15 23 23
 2459210.78 2020 12 27  6 36   2459251.25 2021  2  5 18  0   2459291.72 2021  3 18  5 23
 2459240.63 2021  1 26  3  0   2459281.30 2021  3  7 19 12   2459321.97 2021  4 17 11 23
 2459270.48 2021  2 24 23 24   2459311.35 2021  4  6 20 24   2459352.22 2021  5 17 17 23
 2459300.33 2021  3 26 19 48   2459341.40 2021  5  6 21 36   2459382.47 2021  6 16 23 23
 2459330.18 2021  4 25 16 12   2459371.45 2021  6  5 22 48   2459412.72 2021  7 17  5 23
 2459360.03 2021  5 25 12 36   2459401.50 2021  7  6  0  0   2459442.97 2021  8 16 11 23
 2459389.88 2021  6 24  9  0   2459431.55 2021  8  5  1 12   2459473.22 2021  9 15 17 23
 2459419.73 2021  7 24  5 24   2459461.60 2021  9  4  2 24   2459503.47 2021 10 15 23 23
 2459449.58 2021  8 23  1 48   2459491.65 2021 10  4  3 36   2459533.72 2021 11 15  5 23
 2459479.43 2021  9 21 22 12   2459521.70 2021 11  3  4 48   2459563.97 2021 12 15 11 23
 2459509.28 2021 10 21 18 36   2459551.75 2021 12  3  6  0   2459594.22 2022  1 14 17 23
 2459539.13 2021 11 20 15  0   2459581.80 2022  1  2  7 12   2459624.47 2022  2 13 23 23
 2459568.98 2021 12 20 11 24   2459611.85 2022  2  1  8 24   2459654.72 2022  3 16  5 23
 2459598.83 2022  1 19  7 48   2459641.90 2022  3  3  9 36   2459684.97 2022  4 15 11 23
 2459628.68 2022  2 18  4 12   2459671.95 2022  4  2 10 48   2459715.22 2022  5 15 17 23
 2459658.53 2022  3 20  0 36   2459702.00 2022  5  2 12  0   2459745.47 2022  6 14 23 23
 2459688.38 2022  4 18 21  0   2459732.05 2022  6  1 13 12   2459775.72 2022  7 15  5 23
 2459718.23 2022  5 18 17 24   2459762.10 2022  7  1 14 24   2459805.97 2022  8 14 11 23
 2459748.08 2022  6 17 13 48   2459792.15 2022  7 31 15 36   2459836.22 2022  9 13 17 23
 2459777.93 2022  7 17 10 12   2459822.20 2022  8 30 16 48   2459866.47 2022 10 13 23 23
 2459807.78 2022  8 16  6 36   2459852.25 2022  9 29 18  0   2459896.72 2022 11 13  5 23
 2459837.63 2022  9 15  3  0   2459882.30 2022 10 29 19 12   2459926.97 2022 12 13 11 23
 2459867.48 2022 10 14 23 24   2459912.35 2022 11 28 20 24   2459957.22 2023  1 12 17 23
 2459897.33 2022 11 13 19 48   2459942.40 2022 12 28 21 36   2459987.47 2023  2 11 23 23
 2459927.18 2022 12 13 16 12   2459972.45 2023  1 27 22 48   2460017.72 2023  3 14  5 23
 2459957.03 2023  1 12 12 36   2460002.50 2023  2 27  0  0   2460047.97 2023  4 13 11 23
 2459986.88 2023  2 11  9  0   2460032.55 2023  3 29  1 12   2460078.22 2023  5 13 17 23
 2460016.73 2023  3 13  5 24   2460062.60 2023  4 28  2 24   2460108.47 2023  6 12 23 23
 2460046.58 2023  4 12  1 48   2460092.65 2023  5 28  3 36   2460138.72 2023  7 13  5 23
 2460076.43 2023  5 11 22 12   2460122.70 2023  6 27  4 48   2460168.97 2023  8 12 11 23
 2460106.28 2023  6 10 18 36   2460152.75 2023  7 27  6  0   2460199.22 2023  9 11 17 23
 2460136.13 2023  7 10 15  0   2460182.80 2023  8 26  7 12   2460229.47 2023 10 11 23 23
 2460165.98 2023  8  9 11 24   2460212.85 2023  9 25  8 24   2460259.72 2023 11 11  5 23
 2460195.83 2023  9  8  7 48   2460242.90 2023 10 25  9 36   2460289.97 2023 12 11 11 23
 2460225.68 2023 10  8  4 12   2460272.95 2023 11 24 10 48   2460320.22 2024  1 10 17 23
 2460255.53 2023 11  7  0 36   2460303.00 2023 12 24 12  0   2460350.47 2024  2  9 23 23
 2460285.38 2023 12  6 21  0   2460333.05 2024  1 23 13 12   2460380.72 2024  3 11  5 23
 2460315.23 2024  1  5 17 24   2460363.10 2024  2 22 14 24   2460410.97 2024  4 10 11 23
 2460345.08 2024  2  4 13 48   2460393.15 2024  3 23 15 36   2460441.22 2024  5 10 17 23
 2460374.93 2024  3  5 10 12   2460423.20 2024  4 22 16 48   2460471.47 2024  6  9 23 23
 2460404.78 2024  4  4  6 36   2460453.25 2024  5 22 18  0   2460501.72 2024  7 10  5 23
 2460434.63 2024  5  4  3  0   2460483.30 2024  6 21 19 12   2460531.97 2024  8  9 11 23
 2460464.48 2024  6  2 23 24   2460513.35 2024  7 21 20 24   2460562.22 2024  9  8 17 23
 2460494.33 2024  7  2 19 48   2460543.40 2024  8 20 21 36   2460592.47 2024 10  8 23 23
 2460524.18 2024  8  1 16 12   2460573.45 2024  9 19 22 48   2460622.72 2024 11  8  5 23
 2460554.03 2024  8 31 12 36   2460603.50 2024 10 20  0  0   2460652.97 2024 12  8 11 23
 2460583.88 2024  9 30  9  0   2460633.55 2024 11 19  1 12   2460683.22 2025  1  7 17 23
 2460613.73 2024 10 30  5 24   2460663.60 2024 12 19  2 24   2460713.47 2025  2  6 23 23
 2460643.58 2024 11 29  1 48   2460693.65 2025  1 18  3 36   2460743.72 2025  3  9  5 23
 2460673.43 2024 12 28 22 12   2460723.70 2025  2 17  4 48   2460773.97 2025  4  8 11 23
 2460703.28 2025  1 27 18 36   2460753.75 2025  3 19  6  0   2460804.22 2025  5  8 17 23
 2460733.13 2025  2 26 15  0   2460783.80 2025  4 18  7 12   2460834.47 2025  6  7 23 23
 2460762.98 2025  3 28 11 24   2460813.85 2025  5 18  8 24   2460864.72 2025  7  8  5 23
 2460792.83 2025  4 27  7 48   2460843.90 2025  6 17  9 36   2460894.97 2025  8  7 11 23
 2460822.68 2025  5 27  4 12   2460873.95 2025  7 17 10 48   2460925.22 2025  9  6 17 23
 2460852.53 2025  6 26  0 36   2460904.00 2025  8 16 12  0   2460955.47 2025 10  6 23 23
 2460882.38 2025  7 25 21  0   2460934.05 2025  9 15 13 12   2460985.72 2025 11  6  5 23
 2460912.23 2025  8 24 17 24   2460964.10 2025 10 15 14 24   2461015.97 2025 12  6 11 23
 2460942.08 2025  9 23 13 48   2460994.15 2025 11 14 15 36   2461046.22 2026  1  5 17 23
 2460971.93 2025 10 23 10 12   2461024.20 2025 12 14 16 48   2461076.47 2026  2  4 23 23
 2461001.78 2025 11 22  6 36   2461054.25 2026  1 13 18  0   2461106.72 2026  3  7  5 23
 2461031.63 2025 12 22  3  0   2461084.30 2026  2 12 19 12   2461136.97 2026  4  6 11 23
 2461061.48 2026  1 20 23 24   2461114.35 2026  3 14 20 24   2461167.22 2026  5  6 17 23
 2461091.33 2026  2 19 19 48   2461144.40 2026  4 13 21 36   2461197.47 2026  6  5 23 23
 2461121.18 2026  3 21 16 12   2461174.45 2026  5 13 22 48   2461227.72 2026  7  6  5 23
 2461151.03 2026  4 20 12 36   2461204.50 2026  6 13  0  0   2461257.97 2026  8  5 11 23
 2461180.88 2026  5 20  9  0   2461234.55 2026  7 13  1 12   2461288.22 2026  9  4 17 23
 2461210.73 2026  6 19  5 24   2461264.60 2026  8 12  2 24   2461318.47 2026 10  4 23 23
 2461240.58 2026  7 19  1 48   2461294.65 2026  9 11  3 36   2461348.72 2026 11  4  5 23
 2461270.43 2026  8 17 22 12   2461324.70 2026 10 11  4 48   2461378.97 2026 12  4 11 23
 2461300.28 2026  9 16 18 36   2461354.75 2026 11 10  6  0   2461409.22 2027  1  3 17 23
 2461330.13 2026 10 16 15  0   2461384.80 2026 12 10  7 12   2461439.47 2027  2  2 23 23
 2461359.98 2026 11 15 11 24   2461414.85 2027  1  9  8 24   2461469.72 2027  3  5  5 23
 2461389.83 2026 12 15  7 48   2461444.90 2027  2  8  9 36   2461499.97 2027  4  4 11 23
 2461419.68 2027  1 14  4 12   2461474.95 2027  3 10 10 48   2461530.22 2027  5  4 17 23
 2461449.53 2027  2 13  0 36   2461505.00 2027  4  9 12  0   2461560.47 2027  6  3 23 23
 2461479.38 2027  3 14 21  0   2461535.05 2027  5  9 13 12   2461590.72 2027  7  4  5 23
 2461509.23 2027  4 13 17 24   2461565.10 2027  6  8 14 24   2461620.97 2027  8  3 11 23
 2461539.08 2027  5 13 13 48   2461595.15 2027  7  8 15 36   2461651.22 2027  9  2 17 23
 2461568.93 2027  6 12 10 12   2461625.20 2027  8  7 16 48   2461681.47 2027 10  2 23 23
 2461598.78 2027  7 12  6 36   2461655.25 2027  9  6 18  0   2461711.72 2027 11  2  5 23
 2461628.63 2027  8 11  3  0   2461685.30 2027 10  6 19 12   2461741.97 2027 12  2 11 23
 2461658.48 2027  9  9 23 24   2461715.35 2027 11  5 20 24   2461772.22 2028  1  1 17 23
 2461688.33 2027 10  9 19 48   2461745.40 2027 12  5 21 36   2461802.47 2028  1 31 23 23
 2461718.18 2027 11  8 16 12   2461775.45 2028  1  4 22 48   2461832.72 2028  3  2  5 23
 2461748.03 2027 12  8 12 36   2461805.50 2028  2  4  0  0   2461862.97 2028  4  1 11 23
 2461777.88 2028  1  7  9  0   2461835.55 2028  3  5  1 12   2461893.22 2028  5  1 17 23
 2461807.73 2028  2  6  5 24   2461865.60 2028  4  4  2 24   2461923.47 2028  5 31 23 23
 2461837.58 2028  3  7  1 48   2461895.65 2028  5  4  3 36   2461953.72 2028  7  1  5 23
 2461867.43 2028  4  5 22 12   2461925.70 2028  6  3  4 48   2461983.97 2028  7 31 11 23
 2461897.28 2028  5  5 18 36   2461955.75 2028  7  3  6  0   2462014.22 2028  8 30 17 23
 2461927.13 2028  6  4 15  0   2461985.80 2028  8  2  7 12   2462044.47 2028  9 29 23 23
 2461956.98 2028  7  4 11 24   2462015.85 2028  9  1  8 24   2462074.72 2028 10 30  5 23
 2461986.83 2028  8  3  7 48   2462045.90 2028 10  1  9 36   2462104.97 2028 11 29 11 23
 2462016.68 2028  9  2  4 12   2462075.95 2028 10 31 10 48   2462135.22 2028 12 29 17 23
 2462046.53 2028 10  2  0 36   2462106.00 2028 11 30 12  0   2462165.47 2029  1 28 23 23
 2462076.38 2028 10 31 21  0   2462136.05 2028 12 30 13 12   2462195.72 2029  2 28  5 23
 2462106.23 2028 11 30 17 24   2462166.10 2029  1 29 14 24   2462225.97 2029  3 30 11 23
 2462136.08 2028 12 30 13 48   2462196.15 2029  2 28 15 36   2462256.22 2029  4 29 17 23
 2462165.93 2029  1 29 10 12   2462226.20 2029  3 30 16 48   2462286.47 2029  5 29 23 23
 2462195.78 2029  2 28  6 36   2462256.25 2029  4 29 18  0   2462316.72 2029  6 29  5 23
 2462225.63 2029  3 30  3  0   2462286.30 2029  5 29 19 12   2462346.97 2029  7 29 11 23
 2462255.48 2029  4 28 23 24   2462316.35 2029  6 28 20 24   2462377.22 2029  8 28 17 23
 2462285.33 2029  5 28 19 48   2462346.40 2029  7 28 21 36   2462407.47 2029  9 27 23 23
 2462315.18 2029  6 27 16 12   2462376.45 2029  8 27 22 48   2462437.72 2029 10 28  5 23
 2462345.03 2029  7 27 12 36   2462406.50 2029  9 27  0  0   2462467.97 2029 11 27 11 23
 2462374.88 2029  8 26  9  0   2462436.55 2029 10 27  1 12   2462498.22 2029 12 27 17 23
 2462404.73 2029  9 25  5 24   2462466.60 2029 11 26  2 24   2462528.47 2030  1 26 23 23
 2462434.58 2029 10 25  1 48   2462496.65 2029 12 26  3 36   2462558.72 2030  2 26  5 23
 2462464.43 2029 11 23 22 12   2462526.70 2030  1 25  4 48   2462588.97 2030  3 28 11 23
 2462494.28 2029 12 23 18 36   2462556.75 2030  2 24  6  0   2462619.22 2030  4 27 17 23
 2462524.13 2030  1 22 15  0   2462586.80 2030  3 26  7 12   2462649.47 2030  5 27 23 23
 2462553.98 2030  2 21 11 24   2462616.85 2030  4 25  8 24   2462679.72 2030  6 27  5 23
 2462583.83 2030  3 23  7 48   2462646.90 2030  5 25  9 36   2462709.97 2030  7 27 11 23
 2462613.68 2030  4 22  4 12   2462676.95 2030  6 24 10 48   2462740.22 2030  8 26 17 23
 2462643.53 2030  5 22  0 36   2462707.00 2030  7 24 12  0   2462770.47 2030  9 25 23 23
 2462673.38 2030  6 20 21  0   2462737.05 2030  8 23 13 12   2462800.72 2030 10 26  5 23
 2462703.23 2030  7 20 17 24   2462767.10 2030  9 22 14 24   2462830.97 2030 11 25 11 23
 2462733.08 2030  8 19 13 48   2462797.15 2030 10 22 15 36   2462861.22 2030 12 25 17 23
 2462762.93 2030  9 18 10 12   2462827.20 2030 11 21 16 48   2462891.47 2031  1 24 23 23
 2462792.78 2030 10 18  6 36   2462857.25 2030 12 21 18  0   2462921.72 2031  2 24  5 23
 2462822.63 2030 11 17  3  0   2462887.30 2031  1 20 19 12   2462951.97 2031  3 26 11 23
 2462852.48 2030 12 16 23 24   2462917.35 2031  2 19 20 24   2462982.22 2031  4 25 17 23
 2462882.33 2031  1 15 19 48   2462947.40 2031  3 21 21 36   2463012.47 2031  5 25 23 23
 2462912.18 2031  2 14 16 12   2462977.45 2031  4 20 22 48   2463042.72 2031  6 25  5 23
 2462942.03 2031  3 16 12 36   2463007.50 2031  5 21  0  0   2463072.97 2031  7 25 11 23
 2462971.88 2031  4 15  9  0   2463037.55 2031  6 20  1 12   2463103.22 2031  8 24 17 23
 2463001.73 2031  5 15  5 24   2463067.60 2031  7 20  2 24   2463133.47 2031  9 23 23 23
 2463031.58 2031  6 14  1 48   2463097.65 2031  8 19  3 36   2463163.72 2031 10 24  5 23
 2463061.43 2031  7 13 22 12   2463127.70 2031  9 18  4 48   2463193.97 2031 11 23 11 23
 2463091.28 2031  8 12 18 36   2463157.75 2031 10 18  6  0   2463224.22 2031 12 23 17 23
 2463121.13 2031  9 11 15  0   2463187.80 2031 11 17  7 12   2463254.47 2032  1 22 23 23
 2463150.98 2031 10 11 11 24   2463217.85 2031 12 17  8 24   2463284.72 2032  2 22  5 23
 2463180.83 2031 11 10  7 48   2463247.90 2032  1 16  9 36   2463314.97 2032  3 23 11 23
 2463210.68 2031 12 10  4 12   2463277.95 2032  2 15 10 48   2463345.22 2032  4 22 17 23
 2463240.53 2032  1  9  0 36   2463308.00 2032  3 16 12  0   2463375.47 2032  5 22 23 23
 2463270.38 2032  2  7 21  0   2463338.05 2032  4 15 13 12   2463405.72 2032  6 22  5 23
 2463300.23 2032  3  8 17 24   2463368.10 2032  5 15 14 24   2463435.97 2032  7 22 11 23
 2463330.08 2032  4  7 13 48   2463398.15 2032  6 14 15 36   2463466.22 2032  8 21 17 23
 2463359.93 2032  5  7 10 12   2463428.20 2032  7 14 16 48   2463496.47 2032  9 20 23 23
 2463389.78 2032  6  6  6 36   2463458.25 2032  8 13 18  0   2463526.72 2032 10 21  5 23
 2463419.63 2032  7  6  3  0   2463488.30 2032  9 12 19 12   2463556.97 2032 11 20 11 23
 2463449.48 2032  8  4 23 24   2463518.35 2032 10 12 20 24   2463587.22 2032 12 20 17 23
 2463479.33 2032  9  3 19 48   2463548.40 2032 11 11 21 36   2463617.47 2033  1 19 23 23
 2463509.18 2032 10  3 16 12   2463578.45 2032 12 11 22 48   2463647.72 2033  2 19  5 23
 2463539.03 2032 11  2 12 36   2463608.50 2033  1 11  0  0   2463677.97 2033  3 21 11 23
 2463568.88 2032 12  2  9  0   2463638.55 2033  2 10  1 12   2463708.22 2033  4 20 17 23
 2463598.73 2033  1  1  5 24   2463668.60 2033  3 12  2 24   2463738.47 2033  5 20 23 23
 2463628.58 2033  1 31  1 48   2463698.65 2033  4 11  3 36   2463768.72 2033  6 20  5 23
 2463658.43 2033  3  1 22 12   2463728.70 2033  5 11  4 48   2463798.97 2033  7 20 11 23
 2463688.28 2033  3 31 18 36   2463758.75 2033  6 10  6  0   2463829.22 2033  8 19 17 23
 2463718.13 2033  4 30 15  0   2463788.80 2033  7 10  7 12   2463859.47 2033  9 18 23 23
 2463747.98 2033  5 30 11 24   2463818.85 2033  8  9  8 24   2463889.72 2033 10 19  5 23
 2463777.83 2033  6 29  7 48   2463848.90 2033  9  8  9 36   2463919.97 2033 11 18 11 23
 2463807.68 2033  7 29  4 12   2463878.95 2033 10  8 10 48   2463950.22 2033 12 18 17 23
 2463837.53 2033  8 28  0 36   2463909.00 2033 11  7 12  0   2463980.47 2034  1 17 23 23
 2463867.38 2033  9 26 21  0   2463939.05 2033 12  7 13 12   2464010.72 2034  2 17  5 23
 2463897.23 2033 10 26 17 24   2463969.10 2034  1  6 14 24   2464040.97 2034  3 19 11 23
 2463927.08 2033 11 25 13 48   2463999.15 2034  2  5 15 36   2464071.22 2034  4 18 17 23
 2463956.93 2033 12 25 10 12   2464029.20 2034  3  7 16 48   2464101.47 2034  5 18 23 23
 2463986.78 2034  1 24  6 36   2464059.25 2034  4  6 18  0   2464131.72 2034  6 18  5 23
 2464016.63 2034  2 23  3  0   2464089.30 2034  5  6 19 12   2464161.97 2034  7 18 11 23
 2464046.48 2034  3 24 23 24   2464119.35 2034  6  5 20 24   2464192.22 2034  8 17 17 23
 2464076.33 2034  4 23 19 48   2464149.40 2034  7  5 21 36   2464222.47 2034  9 16 23 23
 2464106.18 2034  5 23 16 12   2464179.45 2034  8  4 22 48   2464252.72 2034 10 17  5 23
