 Predicted Transit Epochs: GJ876____ d

 Predicted Duration of a Central Transit:    61. Minutes

 Begin Transit Window           PREDICTED CENTRAL TRANSIT     End Transit Window
                                     All Times UT

                               HJD        Year M  D  H  M
 2454463.28 2007 12 28 18 37   2454463.40 2007 12 28 21 29   2454463.52 2007 12 29  0 21
 2454465.21 2007 12 30 17  8   2454465.33 2007 12 30 20  0   2454465.45 2007 12 30 22 52
 2454467.15 2008  1  1 15 38   2454467.27 2008  1  1 18 30   2454467.39 2008  1  1 21 22
 2454469.09 2008  1  3 14  8   2454469.21 2008  1  3 17  0   2454469.33 2008  1  3 19 53
 2454471.03 2008  1  5 12 38   2454471.15 2008  1  5 15 31   2454471.27 2008  1  5 18 23
 2454472.96 2008  1  7 11  9   2454473.08 2008  1  7 14  1   2454473.20 2008  1  7 16 54
 2454474.90 2008  1  9  9 39   2454475.02 2008  1  9 12 32   2454475.14 2008  1  9 15 24
 2454476.84 2008  1 11  8  9   2454476.96 2008  1 11 11  2   2454477.08 2008  1 11 13 54
 2454478.78 2008  1 13  6 40   2454478.90 2008  1 13  9 32   2454479.02 2008  1 13 12 25
 2454480.72 2008  1 15  5 10   2454480.84 2008  1 15  8  3   2454480.96 2008  1 15 10 55
 2454482.65 2008  1 17  3 40   2454482.77 2008  1 17  6 33   2454482.89 2008  1 17  9 26
 2454484.59 2008  1 19  2 10   2454484.71 2008  1 19  5  3   2454484.83 2008  1 19  7 56
 2454486.53 2008  1 21  0 41   2454486.65 2008  1 21  3 34   2454486.77 2008  1 21  6 27
 2454488.47 2008  1 22 23 11   2454488.59 2008  1 23  2  4   2454488.71 2008  1 23  4 57
 2454490.40 2008  1 24 21 41   2454490.52 2008  1 25  0 35   2454490.64 2008  1 25  3 28
 2454492.34 2008  1 26 20 12   2454492.46 2008  1 26 23  5   2454492.58 2008  1 27  1 58
 2454494.28 2008  1 28 18 42   2454494.40 2008  1 28 21 35   2454494.52 2008  1 29  0 29
 2454496.22 2008  1 30 17 12   2454496.34 2008  1 30 20  6   2454496.46 2008  1 30 22 59
 2454498.15 2008  2  1 15 42   2454498.28 2008  2  1 18 36   2454498.40 2008  2  1 21 30
 2454500.09 2008  2  3 14 13   2454500.21 2008  2  3 17  6   2454500.33 2008  2  3 20  0
 2454502.03 2008  2  5 12 43   2454502.15 2008  2  5 15 37   2454502.27 2008  2  5 18 31
 2454503.97 2008  2  7 11 13   2454504.09 2008  2  7 14  7   2454504.21 2008  2  7 17  1
 2454505.91 2008  2  9  9 43   2454506.03 2008  2  9 12 38   2454506.15 2008  2  9 15 32
 2454507.84 2008  2 11  8 14   2454507.96 2008  2 11 11  8   2454508.09 2008  2 11 14  2
 2454509.78 2008  2 13  6 44   2454509.90 2008  2 13  9 38   2454510.02 2008  2 13 12 33
 2454511.72 2008  2 15  5 14   2454511.84 2008  2 15  8  9   2454511.96 2008  2 15 11  3
 2454513.66 2008  2 17  3 45   2454513.78 2008  2 17  6 39   2454513.90 2008  2 17  9 34
 2454515.59 2008  2 19  2 15   2454515.72 2008  2 19  5  9   2454515.84 2008  2 19  8  4
 2454517.53 2008  2 21  0 45   2454517.65 2008  2 21  3 40   2454517.77 2008  2 21  6 34
 2454519.47 2008  2 22 23 15   2454519.59 2008  2 23  2 10   2454519.71 2008  2 23  5  5
 2454521.41 2008  2 24 21 46   2454521.53 2008  2 25  0 41   2454521.65 2008  2 25  3 35
 2454523.34 2008  2 26 20 16   2454523.47 2008  2 26 23 11   2454523.59 2008  2 27  2  6
 2454525.28 2008  2 28 18 46   2454525.40 2008  2 28 21 41   2454525.53 2008  2 29  0 36
 2454527.22 2008  3  1 17 16   2454527.34 2008  3  1 20 12   2454527.46 2008  3  1 23  7
 2454529.16 2008  3  3 15 47   2454529.28 2008  3  3 18 42   2454529.40 2008  3  3 21 37
 2454531.10 2008  3  5 14 17   2454531.22 2008  3  5 17 12   2454531.34 2008  3  5 20  8
 2454533.03 2008  3  7 12 47   2454533.16 2008  3  7 15 43   2454533.28 2008  3  7 18 38
 2454534.97 2008  3  9 11 18   2454535.09 2008  3  9 14 13   2454535.21 2008  3  9 17  9
 2454536.91 2008  3 11  9 48   2454537.03 2008  3 11 12 44   2454537.15 2008  3 11 15 39
 2454538.85 2008  3 13  8 18   2454538.97 2008  3 13 11 14   2454539.09 2008  3 13 14 10
 2454540.78 2008  3 15  6 48   2454540.91 2008  3 15  9 44   2454541.03 2008  3 15 12 40
 2454542.72 2008  3 17  5 19   2454542.84 2008  3 17  8 15   2454542.97 2008  3 17 11 11
 2454544.66 2008  3 19  3 49   2454544.78 2008  3 19  6 45   2454544.90 2008  3 19  9 41
 2454546.60 2008  3 21  2 19   2454546.72 2008  3 21  5 15   2454546.84 2008  3 21  8 12
 2454548.53 2008  3 23  0 49   2454548.66 2008  3 23  3 46   2454548.78 2008  3 23  6 42
 2454550.47 2008  3 24 23 20   2454550.59 2008  3 25  2 16   2454550.72 2008  3 25  5 13
 2454552.41 2008  3 26 21 50   2454552.53 2008  3 27  0 47   2454552.66 2008  3 27  3 43
 2454554.35 2008  3 28 20 20   2454554.47 2008  3 28 23 17   2454554.59 2008  3 29  2 13
 2454556.29 2008  3 30 18 51   2454556.41 2008  3 30 21 47   2454556.53 2008  3 31  0 44
 2454558.22 2008  4  1 17 21   2454558.35 2008  4  1 20 18   2454558.47 2008  4  1 23 14
 2454560.16 2008  4  3 15 51   2454560.28 2008  4  3 18 48   2454560.41 2008  4  3 21 45
 2454562.10 2008  4  5 14 21   2454562.22 2008  4  5 17 18   2454562.34 2008  4  5 20 15
 2454564.04 2008  4  7 12 52   2454564.16 2008  4  7 15 49   2454564.28 2008  4  7 18 46
 2454565.97 2008  4  9 11 22   2454566.10 2008  4  9 14 19   2454566.22 2008  4  9 17 16
 2454567.91 2008  4 11  9 52   2454568.03 2008  4 11 12 49   2454568.16 2008  4 11 15 47
 2454569.85 2008  4 13  8 22   2454569.97 2008  4 13 11 20   2454570.10 2008  4 13 14 17
 2454571.79 2008  4 15  6 53   2454571.91 2008  4 15  9 50   2454572.03 2008  4 15 12 48
 2454573.72 2008  4 17  5 23   2454573.85 2008  4 17  8 21   2454573.97 2008  4 17 11 18
 2454575.66 2008  4 19  3 53   2454575.79 2008  4 19  6 51   2454575.91 2008  4 19  9 49
 2454577.60 2008  4 21  2 24   2454577.72 2008  4 21  5 21   2454577.85 2008  4 21  8 19
 2454579.54 2008  4 23  0 54   2454579.66 2008  4 23  3 52   2454579.78 2008  4 23  6 50
 2454581.48 2008  4 24 23 24   2454581.60 2008  4 25  2 22   2454581.72 2008  4 25  5 20
 2454583.41 2008  4 26 21 54   2454583.54 2008  4 27  0 52   2454583.66 2008  4 27  3 51
 2454585.35 2008  4 28 20 25   2454585.47 2008  4 28 23 23   2454585.60 2008  4 29  2 21
 2454587.29 2008  4 30 18 55   2454587.41 2008  4 30 21 53   2454587.54 2008  5  1  0 52
 2454589.23 2008  5  2 17 25   2454589.35 2008  5  2 20 24   2454589.47 2008  5  2 23 22
 2454591.16 2008  5  4 15 55   2454591.29 2008  5  4 18 54   2454591.41 2008  5  4 21 53
 2454593.10 2008  5  6 14 26   2454593.23 2008  5  6 17 24   2454593.35 2008  5  6 20 23
 2454595.04 2008  5  8 12 56   2454595.16 2008  5  8 15 55   2454595.29 2008  5  8 18 53
 2454596.98 2008  5 10 11 26   2454597.10 2008  5 10 14 25   2454597.23 2008  5 10 17 24
 2454598.91 2008  5 12  9 57   2454599.04 2008  5 12 12 55   2454599.16 2008  5 12 15 54
 2454600.85 2008  5 14  8 27   2454600.98 2008  5 14 11 26   2454601.10 2008  5 14 14 25
 2454602.79 2008  5 16  6 57   2454602.91 2008  5 16  9 56   2454603.04 2008  5 16 12 55
 2454604.73 2008  5 18  5 27   2454604.85 2008  5 18  8 27   2454604.98 2008  5 18 11 26
 2454606.67 2008  5 20  3 58   2454606.79 2008  5 20  6 57   2454606.91 2008  5 20  9 56
 2454608.60 2008  5 22  2 28   2454608.73 2008  5 22  5 27   2454608.85 2008  5 22  8 27
 2454610.54 2008  5 24  0 58   2454610.67 2008  5 24  3 58   2454610.79 2008  5 24  6 57
 2454612.48 2008  5 25 23 28   2454612.60 2008  5 26  2 28   2454612.73 2008  5 26  5 28
 2454614.42 2008  5 27 21 59   2454614.54 2008  5 28  0 58   2454614.67 2008  5 28  3 58
 2454616.35 2008  5 29 20 29   2454616.48 2008  5 29 23 29   2454616.60 2008  5 30  2 29
 2454618.29 2008  5 31 18 59   2454618.42 2008  5 31 21 59   2454618.54 2008  6  1  0 59
 2454620.23 2008  6  2 17 30   2454620.35 2008  6  2 20 30   2454620.48 2008  6  2 23 30
 2454622.17 2008  6  4 16  0   2454622.29 2008  6  4 19  0   2454622.42 2008  6  4 22  0
 2454624.10 2008  6  6 14 30   2454624.23 2008  6  6 17 30   2454624.35 2008  6  6 20 31
 2454626.04 2008  6  8 13  0   2454626.17 2008  6  8 16  1   2454626.29 2008  6  8 19  1
 2454627.98 2008  6 10 11 31   2454628.11 2008  6 10 14 31   2454628.23 2008  6 10 17 32
 2454629.92 2008  6 12 10  1   2454630.04 2008  6 12 13  1   2454630.17 2008  6 12 16  2
 2454631.86 2008  6 14  8 31   2454631.98 2008  6 14 11 32   2454632.11 2008  6 14 14 33
 2454633.79 2008  6 16  7  1   2454633.92 2008  6 16 10  2   2454634.04 2008  6 16 13  3
 2454635.73 2008  6 18  5 32   2454635.86 2008  6 18  8 33   2454635.98 2008  6 18 11 33
 2454637.67 2008  6 20  4  2   2454637.79 2008  6 20  7  3   2454637.92 2008  6 20 10  4
 2454639.61 2008  6 22  2 32   2454639.73 2008  6 22  5 33   2454639.86 2008  6 22  8 34
 2454641.54 2008  6 24  1  3   2454641.67 2008  6 24  4  4   2454641.80 2008  6 24  7  5
 2454643.48 2008  6 25 23 33   2454643.61 2008  6 26  2 34   2454643.73 2008  6 26  5 35
 2454645.42 2008  6 27 22  3   2454645.55 2008  6 28  1  4   2454645.67 2008  6 28  4  6
 2454647.36 2008  6 29 20 33   2454647.48 2008  6 29 23 35   2454647.61 2008  6 30  2 36
 2454649.29 2008  7  1 19  4   2454649.42 2008  7  1 22  5   2454649.55 2008  7  2  1  7
 2454651.23 2008  7  3 17 34   2454651.36 2008  7  3 20 36   2454651.48 2008  7  3 23 37
 2454653.17 2008  7  5 16  4   2454653.30 2008  7  5 19  6   2454653.42 2008  7  5 22  8
 2454655.11 2008  7  7 14 34   2454655.23 2008  7  7 17 36   2454655.36 2008  7  7 20 38
 2454657.05 2008  7  9 13  5   2454657.17 2008  7  9 16  7   2454657.30 2008  7  9 19  9
 2454658.98 2008  7 11 11 35   2454659.11 2008  7 11 14 37   2454659.24 2008  7 11 17 39
 2454660.92 2008  7 13 10  5   2454661.05 2008  7 13 13  7   2454661.17 2008  7 13 16 10
 2454662.86 2008  7 15  8 36   2454662.98 2008  7 15 11 38   2454663.11 2008  7 15 14 40
 2454664.80 2008  7 17  7  6   2454664.92 2008  7 17 10  8   2454665.05 2008  7 17 13 11
 2454666.73 2008  7 19  5 36   2454666.86 2008  7 19  8 39   2454666.99 2008  7 19 11 41
 2454668.67 2008  7 21  4  6   2454668.80 2008  7 21  7  9   2454668.93 2008  7 21 10 12
 2454670.61 2008  7 23  2 37   2454670.74 2008  7 23  5 39   2454670.86 2008  7 23  8 42
 2454672.55 2008  7 25  1  7   2454672.67 2008  7 25  4 10   2454672.80 2008  7 25  7 12
 2454674.48 2008  7 26 23 37   2454674.61 2008  7 27  2 40   2454674.74 2008  7 27  5 43
 2454676.42 2008  7 28 22  7   2454676.55 2008  7 29  1 10   2454676.68 2008  7 29  4 13
 2454678.36 2008  7 30 20 38   2454678.49 2008  7 30 23 41   2454678.61 2008  7 31  2 44
 2454680.30 2008  8  1 19  8   2454680.42 2008  8  1 22 11   2454680.55 2008  8  2  1 14
 2454682.24 2008  8  3 17 38   2454682.36 2008  8  3 20 42   2454682.49 2008  8  3 23 45
 2454684.17 2008  8  5 16  9   2454684.30 2008  8  5 19 12   2454684.43 2008  8  5 22 15
 2454686.11 2008  8  7 14 39   2454686.24 2008  8  7 17 42   2454686.37 2008  8  7 20 46
 2454688.05 2008  8  9 13  9   2454688.18 2008  8  9 16 13   2454688.30 2008  8  9 19 16
 2454689.99 2008  8 11 11 39   2454690.11 2008  8 11 14 43   2454690.24 2008  8 11 17 47
 2454691.92 2008  8 13 10 10   2454692.05 2008  8 13 13 13   2454692.18 2008  8 13 16 17
 2454693.86 2008  8 15  8 40   2454693.99 2008  8 15 11 44   2454694.12 2008  8 15 14 48
 2454695.80 2008  8 17  7 10   2454695.93 2008  8 17 10 14   2454696.05 2008  8 17 13 18
 2454697.74 2008  8 19  5 41   2454697.86 2008  8 19  8 45   2454697.99 2008  8 19 11 49
 2454699.67 2008  8 21  4 11   2454699.80 2008  8 21  7 15   2454699.93 2008  8 21 10 19
 2454701.61 2008  8 23  2 41   2454701.74 2008  8 23  5 45   2454701.87 2008  8 23  8 50
 2454703.55 2008  8 25  1 11   2454703.68 2008  8 25  4 16   2454703.81 2008  8 25  7 20
 2454705.49 2008  8 26 23 42   2454705.62 2008  8 27  2 46   2454705.74 2008  8 27  5 51
 2454707.43 2008  8 28 22 12   2454707.55 2008  8 29  1 16   2454707.68 2008  8 29  4 21
 2454709.36 2008  8 30 20 42   2454709.49 2008  8 30 23 47   2454709.62 2008  8 31  2 52
 2454711.30 2008  9  1 19 12   2454711.43 2008  9  1 22 17   2454711.56 2008  9  2  1 22
 2454713.24 2008  9  3 17 43   2454713.37 2008  9  3 20 48   2454713.50 2008  9  3 23 52
 2454715.18 2008  9  5 16 13   2454715.30 2008  9  5 19 18   2454715.43 2008  9  5 22 23
 2454717.11 2008  9  7 14 43   2454717.24 2008  9  7 17 48   2454717.37 2008  9  7 20 53
 2454719.05 2008  9  9 13 14   2454719.18 2008  9  9 16 19   2454719.31 2008  9  9 19 24
 2454720.99 2008  9 11 11 44   2454721.12 2008  9 11 14 49   2454721.25 2008  9 11 17 54
 2454722.93 2008  9 13 10 14   2454723.06 2008  9 13 13 19   2454723.18 2008  9 13 16 25
 2454724.86 2008  9 15  8 44   2454724.99 2008  9 15 11 50   2454725.12 2008  9 15 14 55
 2454726.80 2008  9 17  7 15   2454726.93 2008  9 17 10 20   2454727.06 2008  9 17 13 26
 2454728.74 2008  9 19  5 45   2454728.87 2008  9 19  8 51   2454729.00 2008  9 19 11 56
 2454730.68 2008  9 21  4 15   2454730.81 2008  9 21  7 21   2454730.94 2008  9 21 10 27
 2454732.62 2008  9 23  2 45   2454732.74 2008  9 23  5 51   2454732.87 2008  9 23  8 57
 2454734.55 2008  9 25  1 16   2454734.68 2008  9 25  4 22   2454734.81 2008  9 25  7 28
 2454736.49 2008  9 26 23 46   2454736.62 2008  9 27  2 52   2454736.75 2008  9 27  5 58
 2454738.43 2008  9 28 22 16   2454738.56 2008  9 29  1 22   2454738.69 2008  9 29  4 29
 2454740.37 2008  9 30 20 47   2454740.50 2008  9 30 23 53   2454740.62 2008 10  1  2 59
 2454742.30 2008 10  2 19 17   2454742.43 2008 10  2 22 23   2454742.56 2008 10  3  1 30
 2454744.24 2008 10  4 17 47   2454744.37 2008 10  4 20 54   2454744.50 2008 10  5  0  0
 2454746.18 2008 10  6 16 17   2454746.31 2008 10  6 19 24   2454746.44 2008 10  6 22 31
 2454748.12 2008 10  8 14 48   2454748.25 2008 10  8 17 54   2454748.38 2008 10  8 21  1
 2454750.05 2008 10 10 13 18   2454750.18 2008 10 10 16 25   2454750.31 2008 10 10 19 31
 2454751.99 2008 10 12 11 48   2454752.12 2008 10 12 14 55   2454752.25 2008 10 12 18  2
 2454753.93 2008 10 14 10 18   2454754.06 2008 10 14 13 25   2454754.19 2008 10 14 16 32
 2454755.87 2008 10 16  8 49   2454756.00 2008 10 16 11 56   2454756.13 2008 10 16 15  3
 2454757.81 2008 10 18  7 19   2454757.94 2008 10 18 10 26   2454758.07 2008 10 18 13 33
 2454759.74 2008 10 20  5 49   2454759.87 2008 10 20  8 57   2454760.00 2008 10 20 12  4
 2454761.68 2008 10 22  4 20   2454761.81 2008 10 22  7 27   2454761.94 2008 10 22 10 34
 2454763.62 2008 10 24  2 50   2454763.75 2008 10 24  5 57   2454763.88 2008 10 24  9  5
 2454765.56 2008 10 26  1 20   2454765.69 2008 10 26  4 28   2454765.82 2008 10 26  7 35
 2454767.49 2008 10 27 23 50   2454767.62 2008 10 28  2 58   2454767.75 2008 10 28  6  6
 2454769.43 2008 10 29 22 21   2454769.56 2008 10 30  1 28   2454769.69 2008 10 30  4 36
 2454771.37 2008 10 31 20 51   2454771.50 2008 10 31 23 59   2454771.63 2008 11  1  3  7
 2454773.31 2008 11  2 19 21   2454773.44 2008 11  2 22 29   2454773.57 2008 11  3  1 37
 2454775.24 2008 11  4 17 51   2454775.38 2008 11  4 21  0   2454775.51 2008 11  5  0  8
 2454777.18 2008 11  6 16 22   2454777.31 2008 11  6 19 30   2454777.44 2008 11  6 22 38
 2454779.12 2008 11  8 14 52   2454779.25 2008 11  8 18  0   2454779.38 2008 11  8 21  9
 2454781.06 2008 11 10 13 22   2454781.19 2008 11 10 16 31   2454781.32 2008 11 10 19 39
 2454783.00 2008 11 12 11 53   2454783.13 2008 11 12 15  1   2454783.26 2008 11 12 18 10
 2454784.93 2008 11 14 10 23   2454785.06 2008 11 14 13 31   2454785.19 2008 11 14 16 40
 2454786.87 2008 11 16  8 53   2454787.00 2008 11 16 12  2   2454787.13 2008 11 16 15 11
 2454788.81 2008 11 18  7 23   2454788.94 2008 11 18 10 32   2454789.07 2008 11 18 13 41
 2454790.75 2008 11 20  5 54   2454790.88 2008 11 20  9  3   2454791.01 2008 11 20 12 11
 2454792.68 2008 11 22  4 24   2454792.81 2008 11 22  7 33   2454792.95 2008 11 22 10 42
 2454794.62 2008 11 24  2 54   2454794.75 2008 11 24  6  3   2454794.88 2008 11 24  9 12
 2454796.56 2008 11 26  1 24   2454796.69 2008 11 26  4 34   2454796.82 2008 11 26  7 43
 2454798.50 2008 11 27 23 55   2454798.63 2008 11 28  3  4   2454798.76 2008 11 28  6 13
 2454800.43 2008 11 29 22 25   2454800.57 2008 11 30  1 34   2454800.70 2008 11 30  4 44
 2454802.37 2008 12  1 20 55   2454802.50 2008 12  2  0  5   2454802.64 2008 12  2  3 14
 2454804.31 2008 12  3 19 26   2454804.44 2008 12  3 22 35   2454804.57 2008 12  4  1 45
 2454806.25 2008 12  5 17 56   2454806.38 2008 12  5 21  6   2454806.51 2008 12  6  0 15
 2454808.19 2008 12  7 16 26   2454808.32 2008 12  7 19 36   2454808.45 2008 12  7 22 46
 2454810.12 2008 12  9 14 56   2454810.25 2008 12  9 18  6   2454810.39 2008 12  9 21 16
 2454812.06 2008 12 11 13 27   2454812.19 2008 12 11 16 37   2454812.32 2008 12 11 19 47
 2454814.00 2008 12 13 11 57   2454814.13 2008 12 13 15  7   2454814.26 2008 12 13 18 17
 2454815.94 2008 12 15 10 27   2454816.07 2008 12 15 13 37   2454816.20 2008 12 15 16 48
 2454817.87 2008 12 17  8 57   2454818.01 2008 12 17 12  8   2454818.14 2008 12 17 15 18
 2454819.81 2008 12 19  7 28   2454819.94 2008 12 19 10 38   2454820.08 2008 12 19 13 49
 2454821.75 2008 12 21  5 58   2454821.88 2008 12 21  9  9   2454822.01 2008 12 21 12 19
 2454823.69 2008 12 23  4 28   2454823.82 2008 12 23  7 39   2454823.95 2008 12 23 10 50
 2454825.62 2008 12 25  2 59   2454825.76 2008 12 25  6  9   2454825.89 2008 12 25  9 20
 2454827.56 2008 12 27  1 29   2454827.69 2008 12 27  4 40   2454827.83 2008 12 27  7 50
 2454829.50 2008 12 28 23 59   2454829.63 2008 12 29  3 10   2454829.76 2008 12 29  6 21
 2454831.44 2008 12 30 22 29   2454831.57 2008 12 31  1 40   2454831.70 2008 12 31  4 51
 2454833.38 2009  1  1 21  0   2454833.51 2009  1  2  0 11   2454833.64 2009  1  2  3 22
 2454835.31 2009  1  3 19 30   2454835.45 2009  1  3 22 41   2454835.58 2009  1  4  1 52
 2454837.25 2009  1  5 18  0   2454837.38 2009  1  5 21 12   2454837.52 2009  1  6  0 23
 2454839.19 2009  1  7 16 30   2454839.32 2009  1  7 19 42   2454839.45 2009  1  7 22 53
 2454841.13 2009  1  9 15  1   2454841.26 2009  1  9 18 12   2454841.39 2009  1  9 21 24
 2454843.06 2009  1 11 13 31   2454843.20 2009  1 11 16 43   2454843.33 2009  1 11 19 54
 2454845.00 2009  1 13 12  1   2454845.13 2009  1 13 15 13   2454845.27 2009  1 13 18 25
 2454846.94 2009  1 15 10 32   2454847.07 2009  1 15 13 43   2454847.21 2009  1 15 16 55
 2454848.88 2009  1 17  9  2   2454849.01 2009  1 17 12 14   2454849.14 2009  1 17 15 26
 2454850.81 2009  1 19  7 32   2454850.95 2009  1 19 10 44   2454851.08 2009  1 19 13 56
 2454852.75 2009  1 21  6  2   2454852.89 2009  1 21  9 15   2454853.02 2009  1 21 12 27
 2454854.69 2009  1 23  4 33   2454854.82 2009  1 23  7 45   2454854.96 2009  1 23 10 57
 2454856.63 2009  1 25  3  3   2454856.76 2009  1 25  6 15   2454856.89 2009  1 25  9 28
 2454858.57 2009  1 27  1 33   2454858.70 2009  1 27  4 46   2454858.83 2009  1 27  7 58
 2454860.50 2009  1 29  0  3   2454860.64 2009  1 29  3 16   2454860.77 2009  1 29  6 29
 2454862.44 2009  1 30 22 34   2454862.57 2009  1 31  1 46   2454862.71 2009  1 31  4 59
 2454864.38 2009  2  1 21  4   2454864.51 2009  2  2  0 17   2454864.65 2009  2  2  3 30
 2454866.32 2009  2  3 19 34   2454866.45 2009  2  3 22 47   2454866.58 2009  2  4  2  0
 2454868.25 2009  2  5 18  5   2454868.39 2009  2  5 21 18   2454868.52 2009  2  6  0 30
 2454870.19 2009  2  7 16 35   2454870.33 2009  2  7 19 48   2454870.46 2009  2  7 23  1
 2454872.13 2009  2  9 15  5   2454872.26 2009  2  9 18 18   2454872.40 2009  2  9 21 31
 2454874.07 2009  2 11 13 35   2454874.20 2009  2 11 16 49   2454874.34 2009  2 11 20  2
 2454876.00 2009  2 13 12  6   2454876.14 2009  2 13 15 19   2454876.27 2009  2 13 18 32
 2454877.94 2009  2 15 10 36   2454878.08 2009  2 15 13 49   2454878.21 2009  2 15 17  3
 2454879.88 2009  2 17  9  6   2454880.01 2009  2 17 12 20   2454880.15 2009  2 17 15 33
 2454881.82 2009  2 19  7 36   2454881.95 2009  2 19 10 50   2454882.09 2009  2 19 14  4
 2454883.76 2009  2 21  6  7   2454883.89 2009  2 21  9 21   2454884.02 2009  2 21 12 34
 2454885.69 2009  2 23  4 37   2454885.83 2009  2 23  7 51   2454885.96 2009  2 23 11  5
 2454887.63 2009  2 25  3  7   2454887.77 2009  2 25  6 21   2454887.90 2009  2 25  9 35
 2454889.57 2009  2 27  1 38   2454889.70 2009  2 27  4 52   2454889.84 2009  2 27  8  6
 2454891.51 2009  3  1  0  8   2454891.64 2009  3  1  3 22   2454891.78 2009  3  1  6 36
 2454893.44 2009  3  2 22 38   2454893.58 2009  3  3  1 52   2454893.71 2009  3  3  5  7
 2454895.38 2009  3  4 21  8   2454895.52 2009  3  5  0 23   2454895.65 2009  3  5  3 37
 2454897.32 2009  3  6 19 39   2454897.45 2009  3  6 22 53   2454897.59 2009  3  7  2  8
 2454899.26 2009  3  8 18  9   2454899.39 2009  3  8 21 24   2454899.53 2009  3  9  0 38
 2454901.19 2009  3 10 16 39   2454901.33 2009  3 10 19 54   2454901.46 2009  3 10 23  9
 2454903.13 2009  3 12 15 10   2454903.27 2009  3 12 18 24   2454903.40 2009  3 12 21 39
 2454905.07 2009  3 14 13 40   2454905.20 2009  3 14 16 55   2454905.34 2009  3 14 20 10
 2454907.01 2009  3 16 12 10   2454907.14 2009  3 16 15 25   2454907.28 2009  3 16 18 40
 2454908.95 2009  3 18 10 40   2454909.08 2009  3 18 13 55   2454909.22 2009  3 18 17 10
 2454910.88 2009  3 20  9 11   2454911.02 2009  3 20 12 26   2454911.15 2009  3 20 15 41
 2454912.82 2009  3 22  7 41   2454912.96 2009  3 22 10 56   2454913.09 2009  3 22 14 11
 2454914.76 2009  3 24  6 11   2454914.89 2009  3 24  9 27   2454915.03 2009  3 24 12 42
 2454916.70 2009  3 26  4 41   2454916.83 2009  3 26  7 57   2454916.97 2009  3 26 11 12
 2454918.63 2009  3 28  3 12   2454918.77 2009  3 28  6 27   2454918.91 2009  3 28  9 43
 2454920.57 2009  3 30  1 42   2454920.71 2009  3 30  4 58   2454920.84 2009  3 30  8 13
 2454922.51 2009  4  1  0 12   2454922.64 2009  4  1  3 28   2454922.78 2009  4  1  6 44
 2454924.45 2009  4  2 22 43   2454924.58 2009  4  3  1 58   2454924.72 2009  4  3  5 14
 2454926.38 2009  4  4 21 13   2454926.52 2009  4  5  0 29   2454926.66 2009  4  5  3 45
 2454928.32 2009  4  6 19 43   2454928.46 2009  4  6 22 59   2454928.59 2009  4  7  2 15
 2454930.26 2009  4  8 18 13   2454930.40 2009  4  8 21 30   2454930.53 2009  4  9  0 46
 2454932.20 2009  4 10 16 44   2454932.33 2009  4 10 20  0   2454932.47 2009  4 10 23 16
 2454934.13 2009  4 12 15 14   2454934.27 2009  4 12 18 30   2454934.41 2009  4 12 21 47
 2454936.07 2009  4 14 13 44   2454936.21 2009  4 14 17  1   2454936.35 2009  4 14 20 17
 2454938.01 2009  4 16 12 14   2454938.15 2009  4 16 15 31   2454938.28 2009  4 16 18 48
 2454939.95 2009  4 18 10 45   2454940.08 2009  4 18 14  1   2454940.22 2009  4 18 17 18
 2454941.89 2009  4 20  9 15   2454942.02 2009  4 20 12 32   2454942.16 2009  4 20 15 49
 2454943.82 2009  4 22  7 45   2454943.96 2009  4 22 11  2   2454944.10 2009  4 22 14 19
 2454945.76 2009  4 24  6 16   2454945.90 2009  4 24  9 33   2454946.03 2009  4 24 12 49
 2454947.70 2009  4 26  4 46   2454947.84 2009  4 26  8  3   2454947.97 2009  4 26 11 20
 2454949.64 2009  4 28  3 16   2454949.77 2009  4 28  6 33   2454949.91 2009  4 28  9 50
 2454951.57 2009  4 30  1 46   2454951.71 2009  4 30  5  4   2454951.85 2009  4 30  8 21
 2454953.51 2009  5  2  0 17   2454953.65 2009  5  2  3 34   2454953.79 2009  5  2  6 51
 2454955.45 2009  5  3 22 47   2454955.59 2009  5  4  2  4   2454955.72 2009  5  4  5 22
 2454957.39 2009  5  5 21 17   2454957.52 2009  5  6  0 35   2454957.66 2009  5  6  3 52
 2454959.32 2009  5  7 19 47   2454959.46 2009  5  7 23  5   2454959.60 2009  5  8  2 23
 2454961.26 2009  5  9 18 18   2454961.40 2009  5  9 21 35   2454961.54 2009  5 10  0 53
 2454963.20 2009  5 11 16 48   2454963.34 2009  5 11 20  6   2454963.48 2009  5 11 23 24
 2454965.14 2009  5 13 15 18   2454965.28 2009  5 13 18 36   2454965.41 2009  5 13 21 54
 2454967.08 2009  5 15 13 49   2454967.21 2009  5 15 17  7   2454967.35 2009  5 15 20 25
 2454969.01 2009  5 17 12 19   2454969.15 2009  5 17 15 37   2454969.29 2009  5 17 18 55
 2454970.95 2009  5 19 10 49   2454971.09 2009  5 19 14  7   2454971.23 2009  5 19 17 26
 2454972.89 2009  5 21  9 19   2454973.03 2009  5 21 12 38   2454973.16 2009  5 21 15 56
 2454974.83 2009  5 23  7 50   2454974.96 2009  5 23 11  8   2454975.10 2009  5 23 14 27
 2454976.76 2009  5 25  6 20   2454976.90 2009  5 25  9 38   2454977.04 2009  5 25 12 57
 2454978.70 2009  5 27  4 50   2454978.84 2009  5 27  8  9   2454978.98 2009  5 27 11 28
 2454980.64 2009  5 29  3 20   2454980.78 2009  5 29  6 39   2454980.92 2009  5 29  9 58
 2454982.58 2009  5 31  1 51   2454982.72 2009  5 31  5 10   2454982.85 2009  5 31  8 29
 2454984.51 2009  6  2  0 21   2454984.65 2009  6  2  3 40   2454984.79 2009  6  2  6 59
 2454986.45 2009  6  3 22 51   2454986.59 2009  6  4  2 10   2454986.73 2009  6  4  5 29
 2454988.39 2009  6  5 21 22   2454988.53 2009  6  6  0 41   2454988.67 2009  6  6  4  0
 2454990.33 2009  6  7 19 52   2454990.47 2009  6  7 23 11   2454990.60 2009  6  8  2 30
 2454992.27 2009  6  9 18 22   2454992.40 2009  6  9 21 41   2454992.54 2009  6 10  1  1
 2454994.20 2009  6 11 16 52   2454994.34 2009  6 11 20 12   2454994.48 2009  6 11 23 31
 2454996.14 2009  6 13 15 23   2454996.28 2009  6 13 18 42   2454996.42 2009  6 13 22  2
 2454998.08 2009  6 15 13 53   2454998.22 2009  6 15 17 13   2454998.36 2009  6 15 20 32
 2455000.02 2009  6 17 12 23   2455000.16 2009  6 17 15 43   2455000.29 2009  6 17 19  3
 2455001.95 2009  6 19 10 53   2455002.09 2009  6 19 14 13   2455002.23 2009  6 19 17 33
 2455003.89 2009  6 21  9 24   2455004.03 2009  6 21 12 44   2455004.17 2009  6 21 16  4
 2455005.83 2009  6 23  7 54   2455005.97 2009  6 23 11 14   2455006.11 2009  6 23 14 34
 2455007.77 2009  6 25  6 24   2455007.91 2009  6 25  9 44   2455008.05 2009  6 25 13  5
 2455009.70 2009  6 27  4 55   2455009.84 2009  6 27  8 15   2455009.98 2009  6 27 11 35
 2455011.64 2009  6 29  3 25   2455011.78 2009  6 29  6 45   2455011.92 2009  6 29 10  6
 2455013.58 2009  7  1  1 55   2455013.72 2009  7  1  5 16   2455013.86 2009  7  1  8 36
 2455015.52 2009  7  3  0 25   2455015.66 2009  7  3  3 46   2455015.80 2009  7  3  7  7
 2455017.46 2009  7  4 22 56   2455017.60 2009  7  5  2 16   2455017.73 2009  7  5  5 37
 2455019.39 2009  7  6 21 26   2455019.53 2009  7  7  0 47   2455019.67 2009  7  7  4  8
 2455021.33 2009  7  8 19 56   2455021.47 2009  7  8 23 17   2455021.61 2009  7  9  2 38
 2455023.27 2009  7 10 18 26   2455023.41 2009  7 10 21 47   2455023.55 2009  7 11  1  8
 2455025.21 2009  7 12 16 57   2455025.35 2009  7 12 20 18   2455025.49 2009  7 12 23 39
 2455027.14 2009  7 14 15 27   2455027.28 2009  7 14 18 48   2455027.42 2009  7 14 22  9
 2455029.08 2009  7 16 13 57   2455029.22 2009  7 16 17 19   2455029.36 2009  7 16 20 40
 2455031.02 2009  7 18 12 28   2455031.16 2009  7 18 15 49   2455031.30 2009  7 18 19 10
 2455032.96 2009  7 20 10 58   2455033.10 2009  7 20 14 19   2455033.24 2009  7 20 17 41
 2455034.89 2009  7 22  9 28   2455035.03 2009  7 22 12 50   2455035.17 2009  7 22 16 11
 2455036.83 2009  7 24  7 58   2455036.97 2009  7 24 11 20   2455037.11 2009  7 24 14 42
 2455038.77 2009  7 26  6 29   2455038.91 2009  7 26  9 50   2455039.05 2009  7 26 13 12
 2455040.71 2009  7 28  4 59   2455040.85 2009  7 28  8 21   2455040.99 2009  7 28 11 43
 2455042.65 2009  7 30  3 29   2455042.79 2009  7 30  6 51   2455042.93 2009  7 30 10 13
 2455044.58 2009  8  1  1 59   2455044.72 2009  8  1  5 22   2455044.86 2009  8  1  8 44
 2455046.52 2009  8  3  0 30   2455046.66 2009  8  3  3 52   2455046.80 2009  8  3  7 14
 2455048.46 2009  8  4 23  0   2455048.60 2009  8  5  2 22   2455048.74 2009  8  5  5 45
 2455050.40 2009  8  6 21 30   2455050.54 2009  8  7  0 53   2455050.68 2009  8  7  4 15
 2455052.33 2009  8  8 20  1   2455052.47 2009  8  8 23 23   2455052.62 2009  8  9  2 46
 2455054.27 2009  8 10 18 31   2455054.41 2009  8 10 21 53   2455054.55 2009  8 11  1 16
 2455056.21 2009  8 12 17  1   2455056.35 2009  8 12 20 24   2455056.49 2009  8 12 23 47
 2455058.15 2009  8 14 15 31   2455058.29 2009  8 14 18 54   2455058.43 2009  8 14 22 17
 2455060.08 2009  8 16 14  2   2455060.23 2009  8 16 17 25   2455060.37 2009  8 16 20 48
 2455062.02 2009  8 18 12 32   2455062.16 2009  8 18 15 55   2455062.30 2009  8 18 19 18
 2455063.96 2009  8 20 11  2   2455064.10 2009  8 20 14 25   2455064.24 2009  8 20 17 48
 2455065.90 2009  8 22  9 32   2455066.04 2009  8 22 12 56   2455066.18 2009  8 22 16 19
 2455067.84 2009  8 24  8  3   2455067.98 2009  8 24 11 26   2455068.12 2009  8 24 14 49
 2455069.77 2009  8 26  6 33   2455069.91 2009  8 26  9 56   2455070.06 2009  8 26 13 20
 2455071.71 2009  8 28  5  3   2455071.85 2009  8 28  8 27   2455071.99 2009  8 28 11 50
 2455073.65 2009  8 30  3 34   2455073.79 2009  8 30  6 57   2455073.93 2009  8 30 10 21
 2455075.59 2009  9  1  2  4   2455075.73 2009  9  1  5 28   2455075.87 2009  9  1  8 51
 2455077.52 2009  9  3  0 34   2455077.67 2009  9  3  3 58   2455077.81 2009  9  3  7 22
 2455079.46 2009  9  4 23  4   2455079.60 2009  9  5  2 28   2455079.74 2009  9  5  5 52
 2455081.40 2009  9  6 21 35   2455081.54 2009  9  7  0 59   2455081.68 2009  9  7  4 23
 2455083.34 2009  9  8 20  5   2455083.48 2009  9  8 23 29   2455083.62 2009  9  9  2 53
 2455085.27 2009  9 10 18 35   2455085.42 2009  9 10 21 59   2455085.56 2009  9 11  1 24
 2455087.21 2009  9 12 17  5   2455087.35 2009  9 12 20 30   2455087.50 2009  9 12 23 54
 2455089.15 2009  9 14 15 36   2455089.29 2009  9 14 19  0   2455089.43 2009  9 14 22 25
 2455091.09 2009  9 16 14  6   2455091.23 2009  9 16 17 31   2455091.37 2009  9 16 20 55
 2455093.03 2009  9 18 12 36   2455093.17 2009  9 18 16  1   2455093.31 2009  9 18 19 26
 2455094.96 2009  9 20 11  7   2455095.11 2009  9 20 14 31   2455095.25 2009  9 20 17 56
 2455096.90 2009  9 22  9 37   2455097.04 2009  9 22 13  2   2455097.19 2009  9 22 16 27
 2455098.84 2009  9 24  8  7   2455098.98 2009  9 24 11 32   2455099.12 2009  9 24 14 57
 2455100.78 2009  9 26  6 37   2455100.92 2009  9 26 10  2   2455101.06 2009  9 26 13 28
 2455102.71 2009  9 28  5  8   2455102.86 2009  9 28  8 33   2455103.00 2009  9 28 11 58
 2455104.65 2009  9 30  3 38   2455104.79 2009  9 30  7  3   2455104.94 2009  9 30 10 28
 2455106.59 2009 10  2  2  8   2455106.73 2009 10  2  5 34   2455106.87 2009 10  2  8 59
 2455108.53 2009 10  4  0 39   2455108.67 2009 10  4  4  4   2455108.81 2009 10  4  7 29
 2455110.46 2009 10  5 23  9   2455110.61 2009 10  6  2 34   2455110.75 2009 10  6  6  0
 2455112.40 2009 10  7 21 39   2455112.55 2009 10  8  1  5   2455112.69 2009 10  8  4 30
 2455114.34 2009 10  9 20  9   2455114.48 2009 10  9 23 35   2455114.63 2009 10 10  3  1
 2455116.28 2009 10 11 18 40   2455116.42 2009 10 11 22  5   2455116.56 2009 10 12  1 31
 2455118.22 2009 10 13 17 10   2455118.36 2009 10 13 20 36   2455118.50 2009 10 14  0  2
 2455120.15 2009 10 15 15 40   2455120.30 2009 10 15 19  6   2455120.44 2009 10 15 22 32
 2455122.09 2009 10 17 14 10   2455122.23 2009 10 17 17 37   2455122.38 2009 10 17 21  3
 2455124.03 2009 10 19 12 41   2455124.17 2009 10 19 16  7   2455124.32 2009 10 19 19 33
 2455125.97 2009 10 21 11 11   2455126.11 2009 10 21 14 37   2455126.25 2009 10 21 18  4
 2455127.90 2009 10 23  9 41   2455128.05 2009 10 23 13  8   2455128.19 2009 10 23 16 34
 2455129.84 2009 10 25  8 12   2455129.99 2009 10 25 11 38   2455130.13 2009 10 25 15  5
 2455131.78 2009 10 27  6 42   2455131.92 2009 10 27 10  8   2455132.07 2009 10 27 13 35
 2455133.72 2009 10 29  5 12   2455133.86 2009 10 29  8 39   2455134.00 2009 10 29 12  6
 2455135.65 2009 10 31  3 42   2455135.80 2009 10 31  7  9   2455135.94 2009 10 31 10 36
 2455137.59 2009 11  2  2 13   2455137.74 2009 11  2  5 40   2455137.88 2009 11  2  9  7
 2455139.53 2009 11  4  0 43   2455139.67 2009 11  4  4 10   2455139.82 2009 11  4  7 37
 2455141.47 2009 11  5 23 13   2455141.61 2009 11  6  2 40   2455141.76 2009 11  6  6  7
 2455143.41 2009 11  7 21 43   2455143.55 2009 11  8  1 11   2455143.69 2009 11  8  4 38
 2455145.34 2009 11  9 20 14   2455145.49 2009 11  9 23 41   2455145.63 2009 11 10  3  8
 2455147.28 2009 11 11 18 44   2455147.42 2009 11 11 22 11   2455147.57 2009 11 12  1 39
 2455149.22 2009 11 13 17 14   2455149.36 2009 11 13 20 42   2455149.51 2009 11 14  0  9
 2455151.16 2009 11 15 15 45   2455151.30 2009 11 15 19 12   2455151.44 2009 11 15 22 40
 2455153.09 2009 11 17 14 15   2455153.24 2009 11 17 17 43   2455153.38 2009 11 17 21 10
 2455155.03 2009 11 19 12 45   2455155.18 2009 11 19 16 13   2455155.32 2009 11 19 19 41
 2455156.97 2009 11 21 11 15   2455157.11 2009 11 21 14 43   2455157.26 2009 11 21 18 11
 2455158.91 2009 11 23  9 46   2455159.05 2009 11 23 13 14   2455159.20 2009 11 23 16 42
 2455160.84 2009 11 25  8 16   2455160.99 2009 11 25 11 44   2455161.13 2009 11 25 15 12
 2455162.78 2009 11 27  6 46   2455162.93 2009 11 27 10 14   2455163.07 2009 11 27 13 43
 2455164.72 2009 11 29  5 16   2455164.86 2009 11 29  8 45   2455165.01 2009 11 29 12 13
 2455166.66 2009 12  1  3 47   2455166.80 2009 12  1  7 15   2455166.95 2009 12  1 10 44
 2455168.60 2009 12  3  2 17   2455168.74 2009 12  3  5 46   2455168.89 2009 12  3  9 14
 2455170.53 2009 12  5  0 47   2455170.68 2009 12  5  4 16   2455170.82 2009 12  5  7 45
 2455172.47 2009 12  6 23 18   2455172.62 2009 12  7  2 46   2455172.76 2009 12  7  6 15
 2455174.41 2009 12  8 21 48   2455174.55 2009 12  9  1 17   2455174.70 2009 12  9  4 46
 2455176.35 2009 12 10 20 18   2455176.49 2009 12 10 23 47   2455176.64 2009 12 11  3 16
 2455178.28 2009 12 12 18 48   2455178.43 2009 12 12 22 17   2455178.57 2009 12 13  1 47
 2455180.22 2009 12 14 17 19   2455180.37 2009 12 14 20 48   2455180.51 2009 12 15  0 17
 2455182.16 2009 12 16 15 49   2455182.30 2009 12 16 19 18   2455182.45 2009 12 16 22 47
 2455184.10 2009 12 18 14 19   2455184.24 2009 12 18 17 49   2455184.39 2009 12 18 21 18
 2455186.03 2009 12 20 12 49   2455186.18 2009 12 20 16 19   2455186.33 2009 12 20 19 48
 2455187.97 2009 12 22 11 20   2455188.12 2009 12 22 14 49   2455188.26 2009 12 22 18 19
 2455189.91 2009 12 24  9 50   2455190.06 2009 12 24 13 20   2455190.20 2009 12 24 16 49
 2455191.85 2009 12 26  8 20   2455191.99 2009 12 26 11 50   2455192.14 2009 12 26 15 20
 2455193.79 2009 12 28  6 51   2455193.93 2009 12 28 10 20   2455194.08 2009 12 28 13 50
 2455195.72 2009 12 30  5 21   2455195.87 2009 12 30  8 51   2455196.01 2009 12 30 12 21
 2455197.66 2010  1  1  3 51   2455197.81 2010  1  1  7 21   2455197.95 2010  1  1 10 51
 2455199.60 2010  1  3  2 21   2455199.74 2010  1  3  5 52   2455199.89 2010  1  3  9 22
 2455201.54 2010  1  5  0 52   2455201.68 2010  1  5  4 22   2455201.83 2010  1  5  7 52
 2455203.47 2010  1  6 23 22   2455203.62 2010  1  7  2 52   2455203.77 2010  1  7  6 23
 2455205.41 2010  1  8 21 52   2455205.56 2010  1  9  1 23   2455205.70 2010  1  9  4 53
 2455207.35 2010  1 10 20 22   2455207.50 2010  1 10 23 53   2455207.64 2010  1 11  3 24
 2455209.29 2010  1 12 18 53   2455209.43 2010  1 12 22 23   2455209.58 2010  1 13  1 54
 2455211.22 2010  1 14 17 23   2455211.37 2010  1 14 20 54   2455211.52 2010  1 15  0 25
 2455213.16 2010  1 16 15 53   2455213.31 2010  1 16 19 24   2455213.46 2010  1 16 22 55
 2455215.10 2010  1 18 14 24   2455215.25 2010  1 18 17 55   2455215.39 2010  1 18 21 26
 2455217.04 2010  1 20 12 54   2455217.18 2010  1 20 16 25   2455217.33 2010  1 20 19 56
 2455218.98 2010  1 22 11 24   2455219.12 2010  1 22 14 55   2455219.27 2010  1 22 18 26
 2455220.91 2010  1 24  9 54   2455221.06 2010  1 24 13 26   2455221.21 2010  1 24 16 57
 2455222.85 2010  1 26  8 25   2455223.00 2010  1 26 11 56   2455223.14 2010  1 26 15 27
 2455224.79 2010  1 28  6 55   2455224.94 2010  1 28 10 26   2455225.08 2010  1 28 13 58
 2455226.73 2010  1 30  5 25   2455226.87 2010  1 30  8 57   2455227.02 2010  1 30 12 28
 2455228.66 2010  2  1  3 55   2455228.81 2010  2  1  7 27   2455228.96 2010  2  1 10 59
 2455230.60 2010  2  3  2 26   2455230.75 2010  2  3  5 58   2455230.90 2010  2  3  9 29
 2455232.54 2010  2  5  0 56   2455232.69 2010  2  5  4 28   2455232.83 2010  2  5  8  0
 2455234.48 2010  2  6 23 26   2455234.62 2010  2  7  2 58   2455234.77 2010  2  7  6 30
 2455236.41 2010  2  8 21 57   2455236.56 2010  2  9  1 29   2455236.71 2010  2  9  5  1
 2455238.35 2010  2 10 20 27   2455238.50 2010  2 10 23 59   2455238.65 2010  2 11  3 31
 2455240.29 2010  2 12 18 57   2455240.44 2010  2 12 22 29   2455240.58 2010  2 13  2  2
 2455242.23 2010  2 14 17 27   2455242.38 2010  2 14 21  0   2455242.52 2010  2 15  0 32
 2455244.17 2010  2 16 15 58   2455244.31 2010  2 16 19 30   2455244.46 2010  2 16 23  3
 2455246.10 2010  2 18 14 28   2455246.25 2010  2 18 18  1   2455246.40 2010  2 18 21 33
 2455248.04 2010  2 20 12 58   2455248.19 2010  2 20 16 31   2455248.34 2010  2 20 20  4
 2455249.98 2010  2 22 11 28   2455250.13 2010  2 22 15  1   2455250.27 2010  2 22 18 34
 2455251.92 2010  2 24  9 59   2455252.06 2010  2 24 13 32   2455252.21 2010  2 24 17  5
 2455253.85 2010  2 26  8 29   2455254.00 2010  2 26 12  2   2455254.15 2010  2 26 15 35
 2455255.79 2010  2 28  6 59   2455255.94 2010  2 28 10 32   2455256.09 2010  2 28 14  6
 2455257.73 2010  3  2  5 30   2455257.88 2010  3  2  9  3   2455258.03 2010  3  2 12 36
 2455259.67 2010  3  4  4  0   2455259.82 2010  3  4  7 33   2455259.96 2010  3  4 11  6
 2455261.60 2010  3  6  2 30   2455261.75 2010  3  6  6  4   2455261.90 2010  3  6  9 37
 2455263.54 2010  3  8  1  0   2455263.69 2010  3  8  4 34   2455263.84 2010  3  8  8  7
 2455265.48 2010  3  9 23 31   2455265.63 2010  3 10  3  4   2455265.78 2010  3 10  6 38
 2455267.42 2010  3 11 22  1   2455267.57 2010  3 12  1 35   2455267.71 2010  3 12  5  8
 2455269.36 2010  3 13 20 31   2455269.50 2010  3 14  0  5   2455269.65 2010  3 14  3 39
 2455271.29 2010  3 15 19  1   2455271.44 2010  3 15 22 35   2455271.59 2010  3 16  2  9
 2455273.23 2010  3 17 17 32   2455273.38 2010  3 17 21  6   2455273.53 2010  3 18  0 40
 2455275.17 2010  3 19 16  2   2455275.32 2010  3 19 19 36   2455275.47 2010  3 19 23 10
 2455277.11 2010  3 21 14 32   2455277.25 2010  3 21 18  7   2455277.40 2010  3 21 21 41
 2455279.04 2010  3 23 13  3   2455279.19 2010  3 23 16 37   2455279.34 2010  3 23 20 11
 2455280.98 2010  3 25 11 33   2455281.13 2010  3 25 15  7   2455281.28 2010  3 25 18 42
 2455282.92 2010  3 27 10  3   2455283.07 2010  3 27 13 38   2455283.22 2010  3 27 17 12
 2455284.86 2010  3 29  8 33   2455285.01 2010  3 29 12  8   2455285.15 2010  3 29 15 43
 2455286.79 2010  3 31  7  4   2455286.94 2010  3 31 10 38   2455287.09 2010  3 31 14 13
 2455288.73 2010  4  2  5 34   2455288.88 2010  4  2  9  9   2455289.03 2010  4  2 12 44
 2455290.67 2010  4  4  4  4   2455290.82 2010  4  4  7 39   2455290.97 2010  4  4 11 14
 2455292.61 2010  4  6  2 34   2455292.76 2010  4  6  6 10   2455292.91 2010  4  6  9 45
 2455294.55 2010  4  8  1  5   2455294.69 2010  4  8  4 40   2455294.84 2010  4  8  8 15
 2455296.48 2010  4  9 23 35   2455296.63 2010  4 10  3 10   2455296.78 2010  4 10  6 45
 2455298.42 2010  4 11 22  5   2455298.57 2010  4 12  1 41   2455298.72 2010  4 12  5 16
 2455300.36 2010  4 13 20 36   2455300.51 2010  4 14  0 11   2455300.66 2010  4 14  3 46
 2455302.30 2010  4 15 19  6   2455302.45 2010  4 15 22 41   2455302.60 2010  4 16  2 17
 2455304.23 2010  4 17 17 36   2455304.38 2010  4 17 21 12   2455304.53 2010  4 18  0 47
 2455306.17 2010  4 19 16  6   2455306.32 2010  4 19 19 42   2455306.47 2010  4 19 23 18
 2455308.11 2010  4 21 14 37   2455308.26 2010  4 21 18 13   2455308.41 2010  4 21 21 48
 2455310.05 2010  4 23 13  7   2455310.20 2010  4 23 16 43   2455310.35 2010  4 23 20 19
 2455311.98 2010  4 25 11 37   2455312.13 2010  4 25 15 13   2455312.28 2010  4 25 18 49
 2455313.92 2010  4 27 10  8   2455314.07 2010  4 27 13 44   2455314.22 2010  4 27 17 20
