 Predicted Transit Epochs: GJ876____ b

 Predicted Duration of a Central Transit:   244. Minutes

 Begin Transit Window           PREDICTED CENTRAL TRANSIT     End Transit Window
                                     All Times UT

                               HJD        Year M  D  H  M
 2454516.20 2008  2 19 16 41   2454520.78 2008  2 24  6 43   2454525.36 2008  2 28 20 45
 2454577.01 2008  4 20 12  7   2454581.79 2008  4 25  6 57   2454586.57 2008  4 30  1 47
 2454637.82 2008  6 20  7 34   2454642.80 2008  6 25  7 12   2454647.78 2008  6 30  6 50
 2454698.63 2008  8 20  3  0   2454703.81 2008  8 25  7 26   2454708.99 2008  8 30 11 52
 2454759.44 2008 10 19 22 26   2454764.82 2008 10 25  7 41   2454770.20 2008 10 30 16 55
 2454820.25 2008 12 19 17 53   2454825.83 2008 12 25  7 55   2454831.41 2008 12 30 21 57
 2454881.06 2009  2 18 13 19   2454886.84 2009  2 24  8  9   2454892.62 2009  3  2  2 59
 2454941.87 2009  4 20  8 46   2454947.85 2009  4 26  8 24   2454953.83 2009  5  2  8  2
 2455002.68 2009  6 20  4 12   2455008.86 2009  6 26  8 38   2455015.04 2009  7  2 13  4
 2455063.49 2009  8 19 23 38   2455069.87 2009  8 26  8 53   2455076.25 2009  9  1 18  7
 2455124.30 2009 10 19 19  5   2455130.88 2009 10 26  9  7   2455137.46 2009 11  1 23  9
 2455185.11 2009 12 19 14 31   2455191.89 2009 12 26  9 21   2455198.67 2010  1  2  4 11
 2455245.92 2010  2 18  9 58   2455252.90 2010  2 25  9 36   2455259.88 2010  3  4  9 14
 2455306.73 2010  4 20  5 24   2455313.91 2010  4 27  9 50   2455321.09 2010  5  4 14 16
 2455367.54 2010  6 20  0 50   2455374.92 2010  6 27 10  5   2455382.30 2010  7  4 19 19
 2455428.35 2010  8 19 20 17   2455435.93 2010  8 27 10 19   2455443.51 2010  9  4  0 21
 2455489.16 2010 10 19 15 43   2455496.94 2010 10 27 10 33   2455504.72 2010 11  4  5 23
 2455549.97 2010 12 19 11 10   2455557.95 2010 12 27 10 48   2455565.93 2011  1  4 10 26
 2455610.78 2011  2 18  6 36   2455618.96 2011  2 26 11  2   2455627.14 2011  3  6 15 28
 2455671.59 2011  4 20  2  2   2455679.97 2011  4 28 11 17   2455688.35 2011  5  6 20 31
 2455732.40 2011  6 19 21 29   2455740.98 2011  6 28 11 31   2455749.56 2011  7  7  1 33
 2455793.21 2011  8 19 16 55   2455801.99 2011  8 28 11 45   2455810.77 2011  9  6  6 35
 2455854.02 2011 10 19 12 22   2455863.00 2011 10 28 12  0   2455871.98 2011 11  6 11 38
 2455914.83 2011 12 19  7 48   2455924.01 2011 12 28 12 14   2455933.19 2012  1  6 16 40
 2455975.64 2012  2 18  3 14   2455985.02 2012  2 27 12 29   2455994.40 2012  3  7 21 43
 2456036.45 2012  4 18 22 41   2456046.03 2012  4 28 12 43   2456055.61 2012  5  8  2 45
 2456097.26 2012  6 18 18  7   2456107.04 2012  6 28 12 57   2456116.82 2012  7  8  7 47
 2456158.07 2012  8 18 13 34   2456168.05 2012  8 28 13 12   2456178.03 2012  9  7 12 50
 2456218.88 2012 10 18  9  0   2456229.06 2012 10 28 13 26   2456239.24 2012 11  7 17 52
 2456279.69 2012 12 18  4 26   2456290.07 2012 12 28 13 41   2456300.45 2013  1  7 22 55
 2456340.50 2013  2 16 23 53   2456351.08 2013  2 27 13 55   2456361.66 2013  3 10  3 57
 2456401.31 2013  4 18 19 19   2456412.09 2013  4 29 14  9   2456422.87 2013  5 10  8 59
 2456462.12 2013  6 18 14 46   2456473.10 2013  6 29 14 24   2456484.08 2013  7 10 14  2
 2456522.93 2013  8 18 10 12   2456534.11 2013  8 29 14 38   2456545.29 2013  9  9 19  4
 2456583.74 2013 10 18  5 38   2456595.12 2013 10 29 14 53   2456606.50 2013 11 10  0  7
 2456644.55 2013 12 18  1  5   2456656.13 2013 12 29 15  7   2456667.71 2014  1 10  5  9
 2456705.36 2014  2 16 20 31   2456717.14 2014  2 28 15 21   2456728.92 2014  3 12 10 11
 2456766.17 2014  4 18 15 58   2456778.15 2014  4 30 15 36   2456790.13 2014  5 12 15 14
 2456826.98 2014  6 18 11 24   2456839.16 2014  6 30 15 50   2456851.34 2014  7 12 20 16
 2456887.79 2014  8 18  6 50   2456900.17 2014  8 30 16  5   2456912.55 2014  9 12  1 19
 2456948.60 2014 10 18  2 17   2456961.18 2014 10 30 16 19   2456973.76 2014 11 12  6 21
 2457009.41 2014 12 17 21 43   2457022.19 2014 12 30 16 33   2457034.97 2015  1 12 11 23
 2457070.22 2015  2 16 17 10   2457083.20 2015  3  1 16 48   2457096.18 2015  3 14 16 26
 2457131.03 2015  4 18 12 36   2457144.21 2015  5  1 17  2   2457157.39 2015  5 14 21 28
 2457191.84 2015  6 18  8  2   2457205.22 2015  7  1 17 17   2457218.60 2015  7 15  2 31
 2457252.65 2015  8 18  3 29   2457266.23 2015  8 31 17 31   2457279.81 2015  9 14  7 33
 2457313.46 2015 10 17 22 55   2457327.24 2015 10 31 17 45   2457341.02 2015 11 14 12 35
 2457374.27 2015 12 17 18 22   2457388.25 2015 12 31 18  0   2457402.23 2016  1 14 17 38
 2457435.08 2016  2 16 13 48   2457449.26 2016  3  1 18 14   2457463.44 2016  3 15 22 40
 2457495.89 2016  4 17  9 14   2457510.27 2016  5  1 18 29   2457524.65 2016  5 16  3 43
 2457556.70 2016  6 17  4 41   2457571.28 2016  7  1 18 43   2457585.86 2016  7 16  8 45
 2457617.51 2016  8 17  0  7   2457632.29 2016  8 31 18 57   2457647.07 2016  9 15 13 47
 2457678.32 2016 10 16 19 34   2457693.30 2016 10 31 19 12   2457708.28 2016 11 15 18 50
 2457739.13 2016 12 16 15  0   2457754.31 2016 12 31 19 26   2457769.49 2017  1 15 23 52
 2457799.94 2017  2 15 10 26   2457815.32 2017  3  2 19 41   2457830.70 2017  3 18  4 55
 2457860.75 2017  4 17  5 53   2457876.33 2017  5  2 19 55   2457891.91 2017  5 18  9 57
 2457921.56 2017  6 17  1 19   2457937.34 2017  7  2 20  9   2457953.12 2017  7 18 14 59
 2457982.37 2017  8 16 20 46   2457998.35 2017  9  1 20 24   2458014.33 2017  9 17 20  2
 2458043.18 2017 10 16 16 12   2458059.36 2017 11  1 20 38   2458075.54 2017 11 18  1  4
 2458103.99 2017 12 16 11 38   2458120.37 2018  1  1 20 53   2458136.75 2018  1 18  6  7
 2458164.80 2018  2 15  7  5   2458181.38 2018  3  3 21  7   2458197.96 2018  3 20 11  9
 2458225.61 2018  4 17  2 31   2458242.39 2018  5  3 21 21   2458259.17 2018  5 20 16 11
 2458286.42 2018  6 16 21 58   2458303.40 2018  7  3 21 36   2458320.38 2018  7 20 21 14
 2458347.23 2018  8 16 17 24   2458364.41 2018  9  2 21 50   2458381.59 2018  9 20  2 16
 2458408.04 2018 10 16 12 50   2458425.42 2018 11  2 22  5   2458442.80 2018 11 20  7 19
 2458468.85 2018 12 16  8 17   2458486.43 2019  1  2 22 19   2458504.01 2019  1 20 12 21
 2458529.66 2019  2 15  3 43   2458547.44 2019  3  4 22 33   2458565.22 2019  3 22 17 23
 2458590.47 2019  4 16 23 10   2458608.45 2019  5  4 22 48   2458626.43 2019  5 22 22 26
 2458651.28 2019  6 16 18 36   2458669.46 2019  7  4 23  2   2458687.64 2019  7 23  3 28
 2458712.09 2019  8 16 14  2   2458730.47 2019  9  3 23 17   2458748.85 2019  9 22  8 31
 2458772.90 2019 10 16  9 29   2458791.48 2019 11  3 23 31   2458810.06 2019 11 22 13 33
 2458833.71 2019 12 16  4 55   2458852.49 2020  1  3 23 45   2458871.27 2020  1 22 18 35
 2458894.52 2020  2 15  0 22   2458913.50 2020  3  5  0  0   2458932.48 2020  3 23 23 38
 2458955.33 2020  4 15 19 48   2458974.51 2020  5  5  0 14   2458993.69 2020  5 24  4 40
 2459016.14 2020  6 15 15 14   2459035.52 2020  7  5  0 29   2459054.90 2020  7 24  9 43
 2459076.95 2020  8 15 10 41   2459096.53 2020  9  4  0 43   2459116.11 2020  9 23 14 45
 2459137.76 2020 10 15  6  7   2459157.54 2020 11  4  0 57   2459177.32 2020 11 23 19 47
 2459198.57 2020 12 15  1 34   2459218.55 2021  1  4  1 12   2459238.53 2021  1 24  0 50
 2459259.38 2021  2 13 21  0   2459279.56 2021  3  6  1 26   2459299.74 2021  3 26  5 52
 2459320.19 2021  4 15 16 26   2459340.57 2021  5  6  1 41   2459360.95 2021  5 26 10 55
 2459381.00 2021  6 15 11 53   2459401.58 2021  7  6  1 55   2459422.16 2021  7 26 15 57
 2459441.81 2021  8 15  7 19   2459462.59 2021  9  5  2  9   2459483.37 2021  9 25 20 59
 2459502.62 2021 10 15  2 46   2459523.60 2021 11  5  2 24   2459544.58 2021 11 26  2  2
 2459563.43 2021 12 14 22 12   2459584.61 2022  1  5  2 38   2459605.79 2022  1 26  7  4
 2459624.24 2022  2 13 17 38   2459645.62 2022  3  7  2 53   2459667.00 2022  3 28 12  7
 2459685.05 2022  4 15 13  5   2459706.63 2022  5  7  3  7   2459728.21 2022  5 28 17  9
 2459745.86 2022  6 15  8 31   2459767.64 2022  7  7  3 21   2459789.42 2022  7 28 22 11
 2459806.67 2022  8 15  3 58   2459828.65 2022  9  6  3 36   2459850.63 2022  9 28  3 14
 2459867.48 2022 10 14 23 24   2459889.66 2022 11  6  3 50   2459911.84 2022 11 28  8 16
 2459928.29 2022 12 14 18 50   2459950.67 2023  1  6  4  5   2459973.05 2023  1 28 13 19
 2459989.10 2023  2 13 14 17   2460011.68 2023  3  8  4 19   2460034.26 2023  3 30 18 21
 2460049.91 2023  4 15  9 43   2460072.69 2023  5  8  4 33   2460095.47 2023  5 30 23 23
 2460110.72 2023  6 15  5 10   2460133.70 2023  7  8  4 48   2460156.68 2023  7 31  4 26
 2460171.53 2023  8 15  0 36   2460194.71 2023  9  7  5  2   2460217.89 2023  9 30  9 28
 2460232.34 2023 10 14 20  2   2460255.72 2023 11  7  5 17   2460279.10 2023 11 30 14 31
 2460293.15 2023 12 14 15 29   2460316.73 2024  1  7  5 31   2460340.31 2024  1 30 19 33
 2460353.96 2024  2 13 10 55   2460377.74 2024  3  8  5 45   2460401.52 2024  4  1  0 35
 2460414.77 2024  4 14  6 22   2460438.75 2024  5  8  6  0   2460462.73 2024  6  1  5 38
 2460475.58 2024  6 14  1 48   2460499.76 2024  7  8  6 14   2460523.94 2024  8  1 10 40
 2460536.39 2024  8 13 21 14   2460560.77 2024  9  7  6 29   2460585.15 2024 10  1 15 43
 2460597.20 2024 10 13 16 41   2460621.78 2024 11  7  6 43   2460646.36 2024 12  1 20 45
 2460658.01 2024 12 13 12  7   2460682.79 2025  1  7  6 57   2460707.57 2025  2  1  1 47
 2460718.82 2025  2 12  7 34   2460743.80 2025  3  9  7 12   2460768.78 2025  4  3  6 50
 2460779.63 2025  4 14  3  0   2460804.81 2025  5  9  7 26   2460829.99 2025  6  3 11 52
 2460840.44 2025  6 13 22 26   2460865.82 2025  7  9  7 41   2460891.20 2025  8  3 16 55
 2460901.25 2025  8 13 17 53   2460926.83 2025  9  8  7 55   2460952.41 2025 10  3 21 57
 2460962.06 2025 10 13 13 19   2460987.84 2025 11  8  8  9   2461013.62 2025 12  4  2 59
 2461022.87 2025 12 13  8 46   2461048.85 2026  1  8  8 24   2461074.83 2026  2  3  8  2
 2461083.68 2026  2 12  4 12   2461109.86 2026  3 10  8 38   2461136.04 2026  4  5 13  4
 2461144.49 2026  4 13 23 38   2461170.87 2026  5 10  8 53   2461197.25 2026  6  5 18  7
 2461205.30 2026  6 13 19  5   2461231.88 2026  7 10  9  7   2461258.46 2026  8  5 23  9
 2461266.11 2026  8 13 14 31   2461292.89 2026  9  9  9 21   2461319.67 2026 10  6  4 11
 2461326.92 2026 10 13  9 58   2461353.90 2026 11  9  9 36   2461380.88 2026 12  6  9 14
 2461387.73 2026 12 13  5 24   2461414.91 2027  1  9  9 50   2461442.09 2027  2  5 14 16
 2461448.54 2027  2 12  0 50   2461475.92 2027  3 11 10  5   2461503.30 2027  4  7 19 19
 2461509.35 2027  4 13 20 17   2461536.93 2027  5 11 10 19   2461564.51 2027  6  8  0 21
 2461570.16 2027  6 13 15 43   2461597.94 2027  7 11 10 33   2461625.72 2027  8  8  5 23
 2461630.97 2027  8 13 11 10   2461658.95 2027  9 10 10 48   2461686.93 2027 10  8 10 26
 2461691.78 2027 10 13  6 36   2461719.96 2027 11 10 11  2   2461748.14 2027 12  8 15 28
 2461752.59 2027 12 13  2  2   2461780.97 2028  1 10 11 17   2461809.35 2028  2  7 20 31
 2461813.40 2028  2 11 21 29   2461841.98 2028  3 11 11 31   2461870.56 2028  4  9  1 33
 2461874.21 2028  4 12 16 55   2461902.99 2028  5 11 11 45   2461931.77 2028  6  9  6 35
