 Predicted Transit Epochs: Gl581____ c

 Predicted Duration of a Central Transit:   111. Minutes

 Begin Transit Window           PREDICTED CENTRAL TRANSIT     End Transit Window
                                     All Times UT

                               HJD        Year M  D  H  M
 2454915.76 2009  3 25  6  8   2454926.69 2009  4  5  4 36   2454937.63 2009  4 16  3  4
 2454928.62 2009  4  7  2 47   2454939.62 2009  4 18  2 56   2454950.63 2009  4 29  3  5
 2454941.48 2009  4 19 23 27   2454952.55 2009  5  1  1 17   2454963.63 2009  5 12  3  6
 2454954.34 2009  5  2 20  7   2454965.48 2009  5 13 23 38   2454976.63 2009  5 25  3  8
 2454967.20 2009  5 15 16 47   2454978.42 2009  5 26 21 58   2454989.63 2009  6  7  3  9
 2454980.06 2009  5 28 13 27   2454991.35 2009  6  8 20 19   2455002.63 2009  6 20  3 11
 2454992.92 2009  6 10 10  7   2455004.28 2009  6 21 18 39   2455015.63 2009  7  3  3 12
 2455005.78 2009  6 23  6 47   2455017.21 2009  7  4 17  0   2455028.63 2009  7 16  3 14
 2455018.64 2009  7  6  3 26   2455030.14 2009  7 17 15 21   2455041.64 2009  7 29  3 15
 2455031.50 2009  7 19  0  6   2455043.07 2009  7 30 13 41   2455054.64 2009  8 11  3 17
 2455044.37 2009  7 31 20 46   2455056.00 2009  8 12 12  2   2455067.64 2009  8 24  3 18
 2455057.23 2009  8 13 17 26   2455068.93 2009  8 25 10 23   2455080.64 2009  9  6  3 19
 2455070.09 2009  8 26 14  6   2455081.86 2009  9  7  8 43   2455093.64 2009  9 19  3 21
 2455082.95 2009  9  8 10 46   2455094.79 2009  9 20  7  4   2455106.64 2009 10  2  3 22
 2455095.81 2009  9 21  7 25   2455107.73 2009 10  3  5 25   2455119.64 2009 10 15  3 24
 2455108.67 2009 10  4  4  5   2455120.66 2009 10 16  3 45   2455132.64 2009 10 28  3 25
 2455121.53 2009 10 17  0 45   2455133.59 2009 10 29  2  6   2455145.64 2009 11 10  3 27
 2455134.39 2009 10 29 21 25   2455146.52 2009 11 11  0 27   2455158.64 2009 11 23  3 28
 2455147.25 2009 11 11 18  5   2455159.45 2009 11 23 22 47   2455171.65 2009 12  6  3 30
 2455160.11 2009 11 24 14 45   2455172.38 2009 12  6 21  8   2455184.65 2009 12 19  3 31
 2455172.98 2009 12  7 11 24   2455185.31 2009 12 19 19 28   2455197.65 2010  1  1  3 32
 2455185.84 2009 12 20  8  4   2455198.24 2010  1  1 17 49   2455210.65 2010  1 14  3 34
 2455198.70 2010  1  2  4 44   2455211.17 2010  1 14 16 10   2455223.65 2010  1 27  3 35
 2455211.56 2010  1 15  1 24   2455224.10 2010  1 27 14 30   2455236.65 2010  2  9  3 37
 2455224.42 2010  1 27 22  4   2455237.04 2010  2  9 12 51   2455249.65 2010  2 22  3 38
 2455237.28 2010  2  9 18 44   2455249.97 2010  2 22 11 12   2455262.65 2010  3  7  3 40
 2455250.14 2010  2 22 15 23   2455262.90 2010  3  7  9 32   2455275.65 2010  3 20  3 41
 2455263.00 2010  3  7 12  3   2455275.83 2010  3 20  7 53   2455288.65 2010  4  2  3 42
 2455275.86 2010  3 20  8 43   2455288.76 2010  4  2  6 14   2455301.66 2010  4 15  3 44
 2455288.72 2010  4  2  5 23   2455301.69 2010  4 15  4 34   2455314.66 2010  4 28  3 45
 2455301.59 2010  4 15  2  3   2455314.62 2010  4 28  2 55   2455327.66 2010  5 11  3 47
 2455314.45 2010  4 27 22 43   2455327.55 2010  5 11  1 15   2455340.66 2010  5 24  3 48
 2455327.31 2010  5 10 19 23   2455340.48 2010  5 23 23 36   2455353.66 2010  6  6  3 50
 2455340.17 2010  5 23 16  2   2455353.41 2010  6  5 21 57   2455366.66 2010  6 19  3 51
 2455353.03 2010  6  5 12 42   2455366.35 2010  6 18 20 17   2455379.66 2010  7  2  3 53
 2455365.89 2010  6 18  9 22   2455379.28 2010  7  1 18 38   2455392.66 2010  7 15  3 54
 2455378.75 2010  7  1  6  2   2455392.21 2010  7 14 16 59   2455405.66 2010  7 28  3 55
 2455391.61 2010  7 14  2 42   2455405.14 2010  7 27 15 19   2455418.66 2010  8 10  3 57
 2455404.47 2010  7 26 23 22   2455418.07 2010  8  9 13 40   2455431.67 2010  8 23  3 58
 2455417.33 2010  8  8 20  1   2455431.00 2010  8 22 12  1   2455444.67 2010  9  5  4  0
 2455430.20 2010  8 21 16 41   2455443.93 2010  9  4 10 21   2455457.67 2010  9 18  4  1
 2455443.06 2010  9  3 13 21   2455456.86 2010  9 17  8 42   2455470.67 2010 10  1  4  3
 2455455.92 2010  9 16 10  1   2455469.79 2010  9 30  7  3   2455483.67 2010 10 14  4  4
 2455468.78 2010  9 29  6 41   2455482.72 2010 10 13  5 23   2455496.67 2010 10 27  4  6
 2455481.64 2010 10 12  3 21   2455495.66 2010 10 26  3 44   2455509.67 2010 11  9  4  7
 2455494.50 2010 10 25  0  0   2455508.59 2010 11  8  2  4   2455522.67 2010 11 22  4  8
 2455507.36 2010 11  6 20 40   2455521.52 2010 11 21  0 25   2455535.67 2010 12  5  4 10
 2455520.22 2010 11 19 17 20   2455534.45 2010 12  3 22 46   2455548.67 2010 12 18  4 11
 2455533.08 2010 12  2 14  0   2455547.38 2010 12 16 21  6   2455561.68 2010 12 31  4 13
 2455545.94 2010 12 15 10 40   2455560.31 2010 12 29 19 27   2455574.68 2011  1 13  4 14
 2455558.81 2010 12 28  7 20   2455573.24 2011  1 11 17 48   2455587.68 2011  1 26  4 16
 2455571.67 2011  1 10  3 59   2455586.17 2011  1 24 16  8   2455600.68 2011  2  8  4 17
 2455584.53 2011  1 23  0 39   2455599.10 2011  2  6 14 29   2455613.68 2011  2 21  4 18
 2455597.39 2011  2  4 21 19   2455612.03 2011  2 19 12 50   2455626.68 2011  3  6  4 20
 2455610.25 2011  2 17 17 59   2455624.97 2011  3  4 11 10   2455639.68 2011  3 19  4 21
 2455623.11 2011  3  2 14 39   2455637.90 2011  3 17  9 31   2455652.68 2011  4  1  4 23
 2455635.97 2011  3 15 11 19   2455650.83 2011  3 30  7 51   2455665.68 2011  4 14  4 24
 2455648.83 2011  3 28  7 59   2455663.76 2011  4 12  6 12   2455678.68 2011  4 27  4 26
 2455661.69 2011  4 10  4 38   2455676.69 2011  4 25  4 33   2455691.69 2011  5 10  4 27
 2455674.55 2011  4 23  1 18   2455689.62 2011  5  8  2 53   2455704.69 2011  5 23  4 29
 2455687.42 2011  5  5 21 58   2455702.55 2011  5 21  1 14   2455717.69 2011  6  5  4 30
 2455700.28 2011  5 18 18 38   2455715.48 2011  6  2 23 35   2455730.69 2011  6 18  4 31
 2455713.14 2011  5 31 15 18   2455728.41 2011  6 15 21 55   2455743.69 2011  7  1  4 33
 2455726.00 2011  6 13 11 58   2455741.34 2011  6 28 20 16   2455756.69 2011  7 14  4 34
 2455738.86 2011  6 26  8 37   2455754.28 2011  7 11 18 37   2455769.69 2011  7 27  4 36
 2455751.72 2011  7  9  5 17   2455767.21 2011  7 24 16 57   2455782.69 2011  8  9  4 37
 2455764.58 2011  7 22  1 57   2455780.14 2011  8  6 15 18   2455795.69 2011  8 22  4 39
