 Predicted Transit Epochs: Gl581____ d

 Predicted Duration of a Central Transit:   211. Minutes

 Begin Transit Window           PREDICTED CENTRAL TRANSIT     End Transit Window
                                     All Times UT

                               HJD        Year M  D  H  M
 2456789.08 2014  5 11 13 50   2456811.35 2014  6  2 20 24   2456833.62 2014  6 25  2 57
 2456872.08 2014  8  2 13 50   2456894.75 2014  8 25  6  0   2456917.42 2014  9 16 22  9
 2456955.08 2014 10 24 13 50   2456978.15 2014 11 16 15 36   2457001.22 2014 12  9 17 21
 2457038.08 2015  1 15 13 50   2457061.55 2015  2  8  1 12   2457085.02 2015  3  3 12 33
 2457121.08 2015  4  8 13 50   2457144.95 2015  5  2 10 48   2457168.82 2015  5 26  7 45
 2457204.08 2015  6 30 13 50   2457228.35 2015  7 24 20 24   2457252.62 2015  8 18  2 57
 2457287.08 2015  9 21 13 50   2457311.75 2015 10 16  6  0   2457336.42 2015 11  9 22  9
 2457370.08 2015 12 13 13 50   2457395.15 2016  1  7 15 36   2457420.22 2016  2  1 17 21
 2457453.08 2016  3  5 13 50   2457478.55 2016  3 31  1 12   2457504.02 2016  4 25 12 33
 2457536.08 2016  5 27 13 50   2457561.95 2016  6 22 10 48   2457587.82 2016  7 18  7 45
 2457619.08 2016  8 18 13 50   2457645.35 2016  9 13 20 24   2457671.62 2016 10 10  2 57
 2457702.08 2016 11  9 13 50   2457728.75 2016 12  6  6  0   2457755.42 2017  1  1 22  9
 2457785.08 2017  1 31 13 50   2457812.15 2017  2 27 15 36   2457839.22 2017  3 26 17 21
 2457868.08 2017  4 24 13 50   2457895.55 2017  5 22  1 12   2457923.02 2017  6 18 12 33
 2457951.08 2017  7 16 13 50   2457978.95 2017  8 13 10 48   2458006.82 2017  9 10  7 45
 2458034.08 2017 10  7 13 50   2458062.35 2017 11  4 20 24   2458090.62 2017 12  3  2 57
 2458117.08 2017 12 29 13 50   2458145.75 2018  1 27  6  0   2458174.42 2018  2 24 22  9
 2458200.08 2018  3 22 13 50   2458229.15 2018  4 20 15 36   2458258.22 2018  5 19 17 21
 2458283.08 2018  6 13 13 50   2458312.55 2018  7 13  1 12   2458342.02 2018  8 11 12 33
 2458366.08 2018  9  4 13 50   2458395.95 2018 10  4 10 48   2458425.82 2018 11  3  7 45
 2458449.08 2018 11 26 13 50   2458479.35 2018 12 26 20 24   2458509.62 2019  1 26  2 57
 2458532.08 2019  2 17 13 50   2458562.75 2019  3 20  6  0   2458593.42 2019  4 19 22  9
 2458615.08 2019  5 11 13 50   2458646.15 2019  6 11 15 36   2458677.22 2019  7 12 17 21
 2458698.08 2019  8  2 13 50   2458729.55 2019  9  3  1 12   2458761.02 2019 10  4 12 33
 2458781.08 2019 10 24 13 50   2458812.95 2019 11 25 10 48   2458844.82 2019 12 27  7 45
 2458864.08 2020  1 15 13 50   2458896.35 2020  2 16 20 24   2458928.62 2020  3 20  2 57
 2458947.08 2020  4  7 13 50   2458979.75 2020  5 10  6  0   2459012.42 2020  6 11 22  9
 2459030.08 2020  6 29 13 50   2459063.15 2020  8  1 15 36   2459096.22 2020  9  3 17 21
 2459113.08 2020  9 20 13 50   2459146.55 2020 10 24  1 12   2459180.02 2020 11 26 12 33
 2459196.08 2020 12 12 13 50   2459229.95 2021  1 15 10 48   2459263.82 2021  2 18  7 45
 2459279.08 2021  3  5 13 50   2459313.35 2021  4  8 20 24   2459347.62 2021  5 13  2 57
 2459362.08 2021  5 27 13 50   2459396.75 2021  7  1  6  0   2459431.42 2021  8  4 22  9
 2459445.08 2021  8 18 13 50   2459480.15 2021  9 22 15 36   2459515.22 2021 10 27 17 21
 2459528.08 2021 11  9 13 50   2459563.55 2021 12 15  1 12   2459599.02 2022  1 19 12 33
 2459611.08 2022  1 31 13 50   2459646.95 2022  3  8 10 48   2459682.82 2022  4 13  7 45
 2459694.08 2022  4 24 13 50   2459730.35 2022  5 30 20 24   2459766.62 2022  7  6  2 57
 2459777.08 2022  7 16 13 50   2459813.75 2022  8 22  6  0   2459850.42 2022  9 27 22  9
 2459860.08 2022 10  7 13 50   2459897.15 2022 11 13 15 36   2459934.22 2022 12 20 17 21
 2459943.08 2022 12 29 13 50   2459980.55 2023  2  5  1 12   2460018.02 2023  3 14 12 33
 2460026.08 2023  3 22 13 50   2460063.95 2023  4 29 10 48   2460101.82 2023  6  6  7 45
 2460109.08 2023  6 13 13 50   2460147.35 2023  7 21 20 24   2460185.62 2023  8 29  2 57
 2460192.08 2023  9  4 13 50   2460230.75 2023 10 13  6  0   2460269.42 2023 11 20 22  9
 2460275.08 2023 11 26 13 50   2460314.15 2024  1  4 15 36   2460353.22 2024  2 12 17 21
 2460358.08 2024  2 17 13 50   2460397.55 2024  3 28  1 12   2460437.02 2024  5  6 12 33
 2460441.08 2024  5 10 13 50   2460480.95 2024  6 19 10 48   2460520.82 2024  7 29  7 45
 2460524.08 2024  8  1 13 50   2460564.35 2024  9 10 20 24   2460604.62 2024 10 21  2 57
 2460607.08 2024 10 23 13 50   2460647.75 2024 12  3  6  0   2460688.42 2025  1 12 22  9
 2460690.08 2025  1 14 13 50   2460731.15 2025  2 24 15 36   2460772.22 2025  4  6 17 21
 2460773.08 2025  4  7 13 50   2460814.55 2025  5 19  1 12   2460856.02 2025  6 29 12 33
 2460856.08 2025  6 29 13 50   2460897.95 2025  8 10 10 48   2460939.82 2025  9 21  7 45
 2460939.08 2025  9 20 13 50   2460981.35 2025 11  1 20 24   2461023.62 2025 12 14  2 57
 2461022.08 2025 12 12 13 50   2461064.75 2026  1 24  6  0   2461107.42 2026  3  7 22  9
 2461105.08 2026  3  5 13 50   2461148.15 2026  4 17 15 36   2461191.22 2026  5 30 17 21
 2461188.08 2026  5 27 13 50   2461231.55 2026  7 10  1 12   2461275.02 2026  8 22 12 33
 2461271.08 2026  8 18 13 50   2461314.95 2026 10  1 10 48   2461358.82 2026 11 14  7 45
 2461354.08 2026 11  9 13 50   2461398.35 2026 12 23 20 24   2461442.62 2027  2  6  2 57
 2461437.08 2027  1 31 13 50   2461481.75 2027  3 17  6  0   2461526.42 2027  4 30 22  9
 2461520.08 2027  4 24 13 50   2461565.15 2027  6  8 15 36   2461610.22 2027  7 23 17 21
 2461603.08 2027  7 16 13 50   2461648.55 2027  8 31  1 12   2461694.02 2027 10 15 12 33
 2461686.08 2027 10  7 13 50   2461731.95 2027 11 22 10 48   2461777.82 2028  1  7  7 45
 2461769.08 2027 12 29 13 50   2461815.35 2028  2 13 20 24   2461861.62 2028  3 31  2 57
 2461852.08 2028  3 21 13 50   2461898.75 2028  5  7  6  0   2461945.42 2028  6 22 22  9
 2461935.08 2028  6 12 13 50   2461982.15 2028  7 29 15 36   2462029.22 2028  9 14 17 21
 2462018.08 2028  9  3 13 50   2462065.55 2028 10 21  1 12   2462113.02 2028 12  7 12 33
 2462101.08 2028 11 25 13 50   2462148.95 2029  1 12 10 48   2462196.82 2029  3  1  7 45
 2462184.08 2029  2 16 13 50   2462232.35 2029  4  5 20 24   2462280.62 2029  5 24  2 57
 2462267.08 2029  5 10 13 50   2462315.75 2029  6 28  6  0   2462364.42 2029  8 15 22  9
 2462350.08 2029  8  1 13 50   2462399.15 2029  9 19 15 36   2462448.22 2029 11  7 17 21
 2462433.08 2029 10 23 13 50   2462482.55 2029 12 12  1 12   2462532.02 2030  1 30 12 33
 2462516.08 2030  1 14 13 50   2462565.95 2030  3  5 10 48   2462615.82 2030  4 24  7 45
 2462599.08 2030  4  7 13 50   2462649.35 2030  5 27 20 24   2462699.62 2030  7 17  2 57
 2462682.08 2030  6 29 13 50   2462732.75 2030  8 19  6  0   2462783.42 2030 10  8 22  9
 2462765.08 2030  9 20 13 50   2462816.15 2030 11 10 15 36   2462867.22 2030 12 31 17 21
 2462848.08 2030 12 12 13 50   2462899.55 2031  2  2  1 12   2462951.02 2031  3 25 12 33
 2462931.08 2031  3  5 13 50   2462982.95 2031  4 26 10 48   2463034.82 2031  6 17  7 45
 2463014.08 2031  5 27 13 50   2463066.35 2031  7 18 20 24   2463118.62 2031  9  9  2 57
 2463097.08 2031  8 18 13 50   2463149.75 2031 10 10  6  0   2463202.42 2031 12  1 22  9
 2463180.08 2031 11  9 13 50   2463233.15 2032  1  1 15 36   2463286.22 2032  2 23 17 21
 2463263.08 2032  1 31 13 50   2463316.55 2032  3 25  1 12   2463370.02 2032  5 17 12 33
 2463346.08 2032  4 23 13 50   2463399.95 2032  6 16 10 48   2463453.82 2032  8  9  7 45
 2463429.08 2032  7 15 13 50   2463483.35 2032  9  7 20 24   2463537.62 2032 11  1  2 57
 2463512.08 2032 10  6 13 50   2463566.75 2032 11 30  6  0   2463621.42 2033  1 23 22  9
 2463595.08 2032 12 28 13 50   2463650.15 2033  2 21 15 36   2463705.22 2033  4 17 17 21
 2463678.08 2033  3 21 13 50   2463733.55 2033  5 16  1 12   2463789.02 2033  7 10 12 33
 2463761.08 2033  6 12 13 50   2463816.95 2033  8  7 10 48   2463872.82 2033 10  2  7 45
 2463844.08 2033  9  3 13 50   2463900.35 2033 10 29 20 24   2463956.62 2033 12 25  2 57
 2463927.08 2033 11 25 13 50   2463983.75 2034  1 21  6  0   2464040.42 2034  3 18 22  9
 2464010.08 2034  2 16 13 50   2464067.15 2034  4 14 15 36   2464124.22 2034  6 10 17 21
 2464093.08 2034  5 10 13 50   2464150.55 2034  7  7  1 12   2464208.02 2034  9  2 12 33
 2464176.08 2034  8  1 13 50   2464233.95 2034  9 28 10 48   2464291.82 2034 11 25  7 45
