 Predicted Transit Epochs: Gl581____ e

 Predicted Duration of a Central Transit:    69. Minutes

 Begin Transit Window           PREDICTED CENTRAL TRANSIT     End Transit Window
                                     All Times UT

                               HJD        Year M  D  H  M
 2456759.09 2014  4 11 14  3   2456759.41 2014  4 11 21 52   2456759.74 2014  4 12  5 41
 2456762.23 2014  4 14 17 38   2456762.56 2014  4 15  1 27   2456762.89 2014  4 15  9 17
 2456765.38 2014  4 17 21 12   2456765.71 2014  4 18  5  2   2456766.04 2014  4 18 12 53
 2456768.53 2014  4 21  0 47   2456768.86 2014  4 21  8 38   2456769.19 2014  4 21 16 28
 2456771.68 2014  4 24  4 21   2456772.01 2014  4 24 12 13   2456772.34 2014  4 24 20  4
 2456774.83 2014  4 27  7 56   2456775.16 2014  4 27 15 48   2456775.49 2014  4 27 23 40
 2456777.98 2014  4 30 11 30   2456778.31 2014  4 30 19 23   2456778.64 2014  5  1  3 16
 2456781.13 2014  5  3 15  5   2456781.46 2014  5  3 22 58   2456781.79 2014  5  4  6 52
 2456784.28 2014  5  6 18 39   2456784.61 2014  5  7  2 33   2456784.94 2014  5  7 10 27
 2456787.43 2014  5  9 22 14   2456787.76 2014  5 10  6  9   2456788.09 2014  5 10 14  3
 2456790.58 2014  5 13  1 48   2456790.91 2014  5 13  9 44   2456791.24 2014  5 13 17 39
 2456793.72 2014  5 16  5 23   2456794.06 2014  5 16 13 19   2456794.39 2014  5 16 21 15
 2456796.87 2014  5 19  8 57   2456797.20 2014  5 19 16 54   2456797.54 2014  5 20  0 51
 2456800.02 2014  5 22 12 32   2456800.35 2014  5 22 20 29   2456800.69 2014  5 23  4 26
 2456803.17 2014  5 25 16  7   2456803.50 2014  5 26  0  4   2456803.84 2014  5 26  8  2
 2456806.32 2014  5 28 19 41   2456806.65 2014  5 29  3 40   2456806.99 2014  5 29 11 38
 2456809.47 2014  5 31 23 16   2456809.80 2014  6  1  7 15   2456810.13 2014  6  1 15 14
 2456812.62 2014  6  4  2 50   2456812.95 2014  6  4 10 50   2456813.28 2014  6  4 18 50
 2456815.77 2014  6  7  6 25   2456816.10 2014  6  7 14 25   2456816.43 2014  6  7 22 26
 2456818.92 2014  6 10  9 59   2456819.25 2014  6 10 18  0   2456819.58 2014  6 11  2  1
 2456822.07 2014  6 13 13 34   2456822.40 2014  6 13 21 35   2456822.73 2014  6 14  5 37
 2456825.21 2014  6 16 17  8   2456825.55 2014  6 17  1 11   2456825.88 2014  6 17  9 13
 2456828.36 2014  6 19 20 43   2456828.70 2014  6 20  4 46   2456829.03 2014  6 20 12 49
 2456831.51 2014  6 23  0 17   2456831.85 2014  6 23  8 21   2456832.18 2014  6 23 16 25
 2456834.66 2014  6 26  3 52   2456835.00 2014  6 26 11 56   2456835.33 2014  6 26 20  0
 2456837.81 2014  6 29  7 26   2456838.15 2014  6 29 15 31   2456838.48 2014  6 29 23 36
 2456840.96 2014  7  2 11  1   2456841.30 2014  7  2 19  6   2456841.63 2014  7  3  3 12
 2456844.11 2014  7  5 14 35   2456844.45 2014  7  5 22 42   2456844.78 2014  7  6  6 48
 2456847.26 2014  7  8 18 10   2456847.60 2014  7  9  2 17   2456847.93 2014  7  9 10 24
 2456850.41 2014  7 11 21 44   2456850.74 2014  7 12  5 52   2456851.08 2014  7 12 13 59
 2456853.56 2014  7 15  1 19   2456853.89 2014  7 15  9 27   2456854.23 2014  7 15 17 35
 2456856.70 2014  7 18  4 53   2456857.04 2014  7 18 13  2   2456857.38 2014  7 18 21 11
 2456859.85 2014  7 21  8 28   2456860.19 2014  7 21 16 37   2456860.53 2014  7 22  0 47
 2456863.00 2014  7 24 12  2   2456863.34 2014  7 24 20 13   2456863.68 2014  7 25  4 23
 2456866.15 2014  7 27 15 37   2456866.49 2014  7 27 23 48   2456866.83 2014  7 28  7 59
 2456869.30 2014  7 30 19 11   2456869.64 2014  7 31  3 23   2456869.98 2014  7 31 11 34
 2456872.45 2014  8  2 22 46   2456872.79 2014  8  3  6 58   2456873.13 2014  8  3 15 10
 2456875.60 2014  8  6  2 20   2456875.94 2014  8  6 10 33   2456876.28 2014  8  6 18 46
 2456878.75 2014  8  9  5 55   2456879.09 2014  8  9 14  8   2456879.43 2014  8  9 22 22
 2456881.90 2014  8 12  9 29   2456882.24 2014  8 12 17 44   2456882.58 2014  8 13  1 58
 2456885.04 2014  8 15 13  4   2456885.39 2014  8 15 21 19   2456885.73 2014  8 16  5 33
 2456888.19 2014  8 18 16 38   2456888.54 2014  8 19  0 54   2456888.88 2014  8 19  9  9
 2456891.34 2014  8 21 20 13   2456891.69 2014  8 22  4 29   2456892.03 2014  8 22 12 45
 2456894.49 2014  8 24 23 47   2456894.84 2014  8 25  8  4   2456895.18 2014  8 25 16 21
 2456897.64 2014  8 28  3 22   2456897.99 2014  8 28 11 39   2456898.33 2014  8 28 19 57
 2456900.79 2014  8 31  6 57   2456901.14 2014  8 31 15 14   2456901.48 2014  8 31 23 32
 2456903.94 2014  9  3 10 31   2456904.28 2014  9  3 18 50   2456904.63 2014  9  4  3  8
 2456907.09 2014  9  6 14  6   2456907.43 2014  9  6 22 25   2456907.78 2014  9  7  6 44
 2456910.24 2014  9  9 17 40   2456910.58 2014  9 10  2  0   2456910.93 2014  9 10 10 20
 2456913.39 2014  9 12 21 15   2456913.73 2014  9 13  5 35   2456914.08 2014  9 13 13 56
 2456916.53 2014  9 16  0 49   2456916.88 2014  9 16  9 10   2456917.23 2014  9 16 17 32
 2456919.68 2014  9 19  4 24   2456920.03 2014  9 19 12 45   2456920.38 2014  9 19 21  7
 2456922.83 2014  9 22  7 58   2456923.18 2014  9 22 16 21   2456923.53 2014  9 23  0 43
 2456925.98 2014  9 25 11 33   2456926.33 2014  9 25 19 56   2456926.68 2014  9 26  4 19
 2456929.13 2014  9 28 15  7   2456929.48 2014  9 28 23 31   2456929.83 2014  9 29  7 55
 2456932.28 2014 10  1 18 42   2456932.63 2014 10  2  3  6   2456932.98 2014 10  2 11 31
 2456935.43 2014 10  4 22 16   2456935.78 2014 10  5  6 41   2456936.13 2014 10  5 15  6
 2456938.58 2014 10  8  1 51   2456938.93 2014 10  8 10 16   2456939.28 2014 10  8 18 42
 2456941.73 2014 10 11  5 25   2456942.08 2014 10 11 13 52   2456942.43 2014 10 11 22 18
 2456944.88 2014 10 14  9  0   2456945.23 2014 10 14 17 27   2456945.58 2014 10 15  1 54
 2456948.02 2014 10 17 12 34   2456948.38 2014 10 17 21  2   2456948.73 2014 10 18  5 30
 2456951.17 2014 10 20 16  9   2456951.53 2014 10 21  0 37   2456951.88 2014 10 21  9  5
 2456954.32 2014 10 23 19 43   2456954.68 2014 10 24  4 12   2456955.03 2014 10 24 12 41
 2456957.47 2014 10 26 23 18   2456957.82 2014 10 27  7 47   2456958.18 2014 10 27 16 17
 2456960.62 2014 10 30  2 52   2456960.97 2014 10 30 11 23   2456961.33 2014 10 30 19 53
 2456963.77 2014 11  2  6 27   2456964.12 2014 11  2 14 58   2456964.48 2014 11  2 23 29
 2456966.92 2014 11  5 10  1   2456967.27 2014 11  5 18 33   2456967.63 2014 11  6  3  5
 2456970.07 2014 11  8 13 36   2456970.42 2014 11  8 22  8   2456970.78 2014 11  9  6 40
 2456973.22 2014 11 11 17 10   2456973.57 2014 11 12  1 43   2456973.93 2014 11 12 10 16
 2456976.36 2014 11 14 20 45   2456976.72 2014 11 15  5 18   2456977.08 2014 11 15 13 52
 2456979.51 2014 11 18  0 19   2456979.87 2014 11 18  8 54   2456980.23 2014 11 18 17 28
 2456982.66 2014 11 21  3 54   2456983.02 2014 11 21 12 29   2456983.38 2014 11 21 21  4
 2456985.81 2014 11 24  7 28   2456986.17 2014 11 24 16  4   2456986.53 2014 11 25  0 39
 2456988.96 2014 11 27 11  3   2456989.32 2014 11 27 19 39   2456989.68 2014 11 28  4 15
 2456992.11 2014 11 30 14 38   2456992.47 2014 11 30 23 14   2456992.83 2014 12  1  7 51
 2456995.26 2014 12  3 18 12   2456995.62 2014 12  4  2 49   2456995.98 2014 12  4 11 27
 2456998.41 2014 12  6 21 47   2456998.77 2014 12  7  6 25   2456999.13 2014 12  7 15  3
 2457001.56 2014 12 10  1 21   2457001.92 2014 12 10 10  0   2457002.28 2014 12 10 18 38
 2457004.71 2014 12 13  4 56   2457005.07 2014 12 13 13 35   2457005.43 2014 12 13 22 14
 2457007.85 2014 12 16  8 30   2457008.22 2014 12 16 17 10   2457008.58 2014 12 17  1 50
 2457011.00 2014 12 19 12  5   2457011.37 2014 12 19 20 45   2457011.73 2014 12 20  5 26
 2457014.15 2014 12 22 15 39   2457014.51 2014 12 23  0 20   2457014.88 2014 12 23  9  2
 2457017.30 2014 12 25 19 14   2457017.66 2014 12 26  3 56   2457018.03 2014 12 26 12 38
 2457020.45 2014 12 28 22 48   2457020.81 2014 12 29  7 31   2457021.18 2014 12 29 16 13
 2457023.60 2015  1  1  2 23   2457023.96 2015  1  1 11  6   2457024.33 2015  1  1 19 49
 2457026.75 2015  1  4  5 57   2457027.11 2015  1  4 14 41   2457027.48 2015  1  4 23 25
 2457029.90 2015  1  7  9 32   2457030.26 2015  1  7 18 16   2457030.63 2015  1  8  3  1
 2457033.05 2015  1 10 13  6   2457033.41 2015  1 10 21 51   2457033.78 2015  1 11  6 37
 2457036.20 2015  1 13 16 41   2457036.56 2015  1 14  1 27   2457036.93 2015  1 14 10 12
 2457039.34 2015  1 16 20 15   2457039.71 2015  1 17  5  2   2457040.08 2015  1 17 13 48
 2457042.49 2015  1 19 23 50   2457042.86 2015  1 20  8 37   2457043.23 2015  1 20 17 24
 2457045.64 2015  1 23  3 24   2457046.01 2015  1 23 12 12   2457046.38 2015  1 23 21  0
 2457048.79 2015  1 26  6 59   2457049.16 2015  1 26 15 47   2457049.53 2015  1 27  0 36
 2457051.94 2015  1 29 10 33   2457052.31 2015  1 29 19 22   2457052.67 2015  1 30  4 11
 2457055.09 2015  2  1 14  8   2457055.46 2015  2  1 22 58   2457055.82 2015  2  2  7 47
 2457058.24 2015  2  4 17 42   2457058.61 2015  2  5  2 33   2457058.97 2015  2  5 11 23
 2457061.39 2015  2  7 21 17   2457061.76 2015  2  8  6  8   2457062.12 2015  2  8 14 59
 2457064.54 2015  2 11  0 51   2457064.91 2015  2 11  9 43   2457065.27 2015  2 11 18 35
 2457067.69 2015  2 14  4 26   2457068.05 2015  2 14 13 18   2457068.42 2015  2 14 22 11
 2457070.83 2015  2 17  8  0   2457071.20 2015  2 17 16 53   2457071.57 2015  2 18  1 46
 2457073.98 2015  2 20 11 35   2457074.35 2015  2 20 20 29   2457074.72 2015  2 21  5 22
 2457077.13 2015  2 23 15  9   2457077.50 2015  2 24  0  4   2457077.87 2015  2 24  8 58
 2457080.28 2015  2 26 18 44   2457080.65 2015  2 27  3 39   2457081.02 2015  2 27 12 34
 2457083.43 2015  3  1 22 19   2457083.80 2015  3  2  7 14   2457084.17 2015  3  2 16 10
 2457086.58 2015  3  5  1 53   2457086.95 2015  3  5 10 49   2457087.32 2015  3  5 19 45
 2457089.73 2015  3  8  5 28   2457090.10 2015  3  8 14 24   2457090.47 2015  3  8 23 21
 2457092.88 2015  3 11  9  2   2457093.25 2015  3 11 18  0   2457093.62 2015  3 12  2 57
 2457096.03 2015  3 14 12 37   2457096.40 2015  3 14 21 35   2457096.77 2015  3 15  6 33
 2457099.17 2015  3 17 16 11   2457099.55 2015  3 18  1 10   2457099.92 2015  3 18 10  9
 2457102.32 2015  3 20 19 46   2457102.70 2015  3 21  4 45   2457103.07 2015  3 21 13 44
 2457105.47 2015  3 23 23 20   2457105.85 2015  3 24  8 20   2457106.22 2015  3 24 17 20
 2457108.62 2015  3 27  2 55   2457109.00 2015  3 27 11 55   2457109.37 2015  3 27 20 56
 2457111.77 2015  3 30  6 29   2457112.15 2015  3 30 15 31   2457112.52 2015  3 31  0 32
 2457114.92 2015  4  2 10  4   2457115.30 2015  4  2 19  6   2457115.67 2015  4  3  4  8
 2457118.07 2015  4  5 13 38   2457118.45 2015  4  5 22 41   2457118.82 2015  4  6  7 44
 2457121.22 2015  4  8 17 13   2457121.59 2015  4  9  2 16   2457121.97 2015  4  9 11 19
 2457124.37 2015  4 11 20 47   2457124.74 2015  4 12  5 51   2457125.12 2015  4 12 14 55
 2457127.52 2015  4 15  0 22   2457127.89 2015  4 15  9 26   2457128.27 2015  4 15 18 31
 2457130.66 2015  4 18  3 56   2457131.04 2015  4 18 13  2   2457131.42 2015  4 18 22  7
 2457133.81 2015  4 21  7 31   2457134.19 2015  4 21 16 37   2457134.57 2015  4 22  1 43
 2457136.96 2015  4 24 11  5   2457137.34 2015  4 24 20 12   2457137.72 2015  4 25  5 18
 2457140.11 2015  4 27 14 40   2457140.49 2015  4 27 23 47   2457140.87 2015  4 28  8 54
 2457143.26 2015  4 30 18 14   2457143.64 2015  5  1  3 22   2457144.02 2015  5  1 12 30
 2457146.41 2015  5  3 21 49   2457146.79 2015  5  4  6 57   2457147.17 2015  5  4 16  6
 2457149.56 2015  5  7  1 23   2457149.94 2015  5  7 10 33   2457150.32 2015  5  7 19 42
 2457152.71 2015  5 10  4 58   2457153.09 2015  5 10 14  8   2457153.47 2015  5 10 23 17
 2457155.86 2015  5 13  8 32   2457156.24 2015  5 13 17 43   2457156.62 2015  5 14  2 53
 2457159.01 2015  5 16 12  7   2457159.39 2015  5 16 21 18   2457159.77 2015  5 17  6 29
 2457162.15 2015  5 19 15 41   2457162.54 2015  5 20  0 53   2457162.92 2015  5 20 10  5
 2457165.30 2015  5 22 19 16   2457165.69 2015  5 23  4 28   2457166.07 2015  5 23 13 41
 2457168.45 2015  5 25 22 50   2457168.84 2015  5 26  8  4   2457169.22 2015  5 26 17 17
 2457171.60 2015  5 29  2 25   2457171.99 2015  5 29 11 39   2457172.37 2015  5 29 20 52
 2457174.75 2015  6  1  5 59   2457175.13 2015  6  1 15 14   2457175.52 2015  6  2  0 28
 2457177.90 2015  6  4  9 34   2457178.28 2015  6  4 18 49   2457178.67 2015  6  5  4  4
 2457181.05 2015  6  7 13  9   2457181.43 2015  6  7 22 24   2457181.82 2015  6  8  7 40
 2457184.20 2015  6 10 16 43   2457184.58 2015  6 11  1 59   2457184.97 2015  6 11 11 16
 2457187.35 2015  6 13 20 18   2457187.73 2015  6 14  5 34   2457188.12 2015  6 14 14 51
 2457190.49 2015  6 16 23 52   2457190.88 2015  6 17  9 10   2457191.27 2015  6 17 18 27
 2457193.64 2015  6 20  3 27   2457194.03 2015  6 20 12 45   2457194.42 2015  6 20 22  3
 2457196.79 2015  6 23  7  1   2457197.18 2015  6 23 16 20   2457197.57 2015  6 24  1 39
 2457199.94 2015  6 26 10 36   2457200.33 2015  6 26 19 55   2457200.72 2015  6 27  5 15
 2457203.09 2015  6 29 14 10   2457203.48 2015  6 29 23 30   2457203.87 2015  6 30  8 50
 2457206.24 2015  7  2 17 45   2457206.63 2015  7  3  3  5   2457207.02 2015  7  3 12 26
 2457209.39 2015  7  5 21 19   2457209.78 2015  7  6  6 41   2457210.17 2015  7  6 16  2
 2457212.54 2015  7  9  0 54   2457212.93 2015  7  9 10 16   2457213.32 2015  7  9 19 38
 2457215.69 2015  7 12  4 28   2457216.08 2015  7 12 13 51   2457216.47 2015  7 12 23 14
 2457218.84 2015  7 15  8  3   2457219.23 2015  7 15 17 26   2457219.62 2015  7 16  2 50
 2457221.98 2015  7 18 11 37   2457222.38 2015  7 18 21  1   2457222.77 2015  7 19  6 25
 2457225.13 2015  7 21 15 12   2457225.53 2015  7 22  0 36   2457225.92 2015  7 22 10  1
 2457228.28 2015  7 24 18 46   2457228.68 2015  7 25  4 12   2457229.07 2015  7 25 13 37
 2457231.43 2015  7 27 22 21   2457231.82 2015  7 28  7 47   2457232.22 2015  7 28 17 13
 2457234.58 2015  7 31  1 55   2457234.97 2015  7 31 11 22   2457235.37 2015  7 31 20 49
 2457237.73 2015  8  3  5 30   2457238.12 2015  8  3 14 57   2457238.52 2015  8  4  0 24
 2457240.88 2015  8  6  9  4   2457241.27 2015  8  6 18 32   2457241.67 2015  8  7  4  0
 2457244.03 2015  8  9 12 39   2457244.42 2015  8  9 22  7   2457244.82 2015  8 10  7 36
 2457247.18 2015  8 12 16 13   2457247.57 2015  8 13  1 43   2457247.97 2015  8 13 11 12
 2457250.33 2015  8 15 19 48   2457250.72 2015  8 16  5 18   2457251.12 2015  8 16 14 48
 2457253.47 2015  8 18 23 22   2457253.87 2015  8 19  8 53   2457254.27 2015  8 19 18 23
 2457256.62 2015  8 22  2 57   2457257.02 2015  8 22 12 28   2457257.42 2015  8 22 21 59
 2457259.77 2015  8 25  6 31   2457260.17 2015  8 25 16  3   2457260.57 2015  8 26  1 35
 2457262.92 2015  8 28 10  6   2457263.32 2015  8 28 19 38   2457263.72 2015  8 29  5 11
 2457266.07 2015  8 31 13 40   2457266.47 2015  8 31 23 14   2457266.87 2015  9  1  8 47
 2457269.22 2015  9  3 17 15   2457269.62 2015  9  4  2 49   2457270.02 2015  9  4 12 23
 2457272.37 2015  9  6 20 50   2457272.77 2015  9  7  6 24   2457273.17 2015  9  7 15 58
 2457275.52 2015  9 10  0 24   2457275.92 2015  9 10  9 59   2457276.32 2015  9 10 19 34
 2457278.67 2015  9 13  3 59   2457279.07 2015  9 13 13 34   2457279.47 2015  9 13 23 10
 2457281.81 2015  9 16  7 33   2457282.22 2015  9 16 17  9   2457282.62 2015  9 17  2 46
 2457284.96 2015  9 19 11  8   2457285.36 2015  9 19 20 45   2457285.77 2015  9 20  6 22
 2457288.11 2015  9 22 14 42   2457288.51 2015  9 23  0 20   2457288.92 2015  9 23  9 57
 2457291.26 2015  9 25 18 17   2457291.66 2015  9 26  3 55   2457292.07 2015  9 26 13 33
 2457294.41 2015  9 28 21 51   2457294.81 2015  9 29  7 30   2457295.21 2015  9 29 17  9
 2457297.56 2015 10  2  1 26   2457297.96 2015 10  2 11  5   2457298.36 2015 10  2 20 45
 2457300.71 2015 10  5  5  0   2457301.11 2015 10  5 14 40   2457301.51 2015 10  6  0 21
 2457303.86 2015 10  8  8 35   2457304.26 2015 10  8 18 16   2457304.66 2015 10  9  3 57
 2457307.01 2015 10 11 12  9   2457307.41 2015 10 11 21 51   2457307.81 2015 10 12  7 32
 2457310.16 2015 10 14 15 44   2457310.56 2015 10 15  1 26   2457310.96 2015 10 15 11  8
 2457313.30 2015 10 17 19 18   2457313.71 2015 10 18  5  1   2457314.11 2015 10 18 14 44
 2457316.45 2015 10 20 22 53   2457316.86 2015 10 21  8 36   2457317.26 2015 10 21 18 20
 2457319.60 2015 10 24  2 27   2457320.01 2015 10 24 12 11   2457320.41 2015 10 24 21 56
 2457322.75 2015 10 27  6  2   2457323.16 2015 10 27 15 47   2457323.56 2015 10 28  1 31
 2457325.90 2015 10 30  9 36   2457326.31 2015 10 30 19 22   2457326.71 2015 10 31  5  7
 2457329.05 2015 11  2 13 11   2457329.46 2015 11  2 22 57   2457329.86 2015 11  3  8 43
 2457332.20 2015 11  5 16 45   2457332.61 2015 11  6  2 32   2457333.01 2015 11  6 12 19
 2457335.35 2015 11  8 20 20   2457335.76 2015 11  9  6  7   2457336.16 2015 11  9 15 55
 2457338.50 2015 11 11 23 54   2457338.90 2015 11 12  9 42   2457339.31 2015 11 12 19 30
 2457341.65 2015 11 15  3 29   2457342.05 2015 11 15 13 18   2457342.46 2015 11 15 23  6
 2457344.79 2015 11 18  7  3   2457345.20 2015 11 18 16 53   2457345.61 2015 11 19  2 42
 2457347.94 2015 11 21 10 38   2457348.35 2015 11 21 20 28   2457348.76 2015 11 22  6 18
 2457351.09 2015 11 24 14 12   2457351.50 2015 11 25  0  3   2457351.91 2015 11 25  9 54
 2457354.24 2015 11 27 17 47   2457354.65 2015 11 28  3 38   2457355.06 2015 11 28 13 30
 2457357.39 2015 11 30 21 21   2457357.80 2015 12  1  7 13   2457358.21 2015 12  1 17  5
 2457360.54 2015 12  4  0 56   2457360.95 2015 12  4 10 49   2457361.36 2015 12  4 20 41
 2457363.69 2015 12  7  4 30   2457364.10 2015 12  7 14 24   2457364.51 2015 12  8  0 17
 2457366.84 2015 12 10  8  5   2457367.25 2015 12 10 17 59   2457367.66 2015 12 11  3 53
 2457369.99 2015 12 13 11 40   2457370.40 2015 12 13 21 34   2457370.81 2015 12 14  7 29
 2457373.14 2015 12 16 15 14   2457373.55 2015 12 17  1  9   2457373.96 2015 12 17 11  4
 2457376.28 2015 12 19 18 49   2457376.70 2015 12 20  4 44   2457377.11 2015 12 20 14 40
 2457379.43 2015 12 22 22 23   2457379.85 2015 12 23  8 20   2457380.26 2015 12 23 18 16
 2457382.58 2015 12 26  1 58   2457383.00 2015 12 26 11 55   2457383.41 2015 12 26 21 52
 2457385.73 2015 12 29  5 32   2457386.15 2015 12 29 15 30   2457386.56 2015 12 30  1 28
 2457388.88 2016  1  1  9  7   2457389.30 2016  1  1 19  5   2457389.71 2016  1  2  5  3
 2457392.03 2016  1  4 12 41   2457392.44 2016  1  4 22 40   2457392.86 2016  1  5  8 39
 2457395.18 2016  1  7 16 16   2457395.59 2016  1  8  2 15   2457396.01 2016  1  8 12 15
 2457398.33 2016  1 10 19 50   2457398.74 2016  1 11  5 51   2457399.16 2016  1 11 15 51
 2457401.48 2016  1 13 23 25   2457401.89 2016  1 14  9 26   2457402.31 2016  1 14 19 27
 2457404.62 2016  1 17  2 59   2457405.04 2016  1 17 13  1   2457405.46 2016  1 17 23  3
 2457407.77 2016  1 20  6 34   2457408.19 2016  1 20 16 36   2457408.61 2016  1 21  2 38
 2457410.92 2016  1 23 10  8   2457411.34 2016  1 23 20 11   2457411.76 2016  1 24  6 14
 2457414.07 2016  1 26 13 43   2457414.49 2016  1 26 23 46   2457414.91 2016  1 27  9 50
 2457417.22 2016  1 29 17 17   2457417.64 2016  1 30  3 22   2457418.06 2016  1 30 13 26
 2457420.37 2016  2  1 20 52   2457420.79 2016  2  2  6 57   2457421.21 2016  2  2 17  2
 2457423.52 2016  2  5  0 26   2457423.94 2016  2  5 10 32   2457424.36 2016  2  5 20 37
 2457426.67 2016  2  8  4  1   2457427.09 2016  2  8 14  7   2457427.51 2016  2  9  0 13
 2457429.82 2016  2 11  7 35   2457430.24 2016  2 11 17 42   2457430.66 2016  2 12  3 49
 2457432.97 2016  2 14 11 10   2457433.39 2016  2 14 21 17   2457433.81 2016  2 15  7 25
 2457436.11 2016  2 17 14 44   2457436.54 2016  2 18  0 53   2457436.96 2016  2 18 11  1
 2457439.26 2016  2 20 18 19   2457439.69 2016  2 21  4 28   2457440.11 2016  2 21 14 36
 2457442.41 2016  2 23 21 53   2457442.84 2016  2 24  8  3   2457443.26 2016  2 24 18 12
 2457445.56 2016  2 27  1 28   2457445.99 2016  2 27 11 38   2457446.41 2016  2 27 21 48
 2457448.71 2016  3  1  5  2   2457449.13 2016  3  1 15 13   2457449.56 2016  3  2  1 24
 2457451.86 2016  3  4  8 37   2457452.28 2016  3  4 18 48   2457452.71 2016  3  5  5  0
 2457455.01 2016  3  7 12 11   2457455.43 2016  3  7 22 24   2457455.86 2016  3  8  8 36
 2457458.16 2016  3 10 15 46   2457458.58 2016  3 11  1 59   2457459.01 2016  3 11 12 11
 2457461.31 2016  3 13 19 21   2457461.73 2016  3 14  5 34   2457462.16 2016  3 14 15 47
 2457464.46 2016  3 16 22 55   2457464.88 2016  3 17  9  9   2457465.31 2016  3 17 19 23
 2457467.60 2016  3 20  2 30   2457468.03 2016  3 20 12 44   2457468.46 2016  3 20 22 59
 2457470.75 2016  3 23  6  4   2457471.18 2016  3 23 16 19   2457471.61 2016  3 24  2 35
 2457473.90 2016  3 26  9 39   2457474.33 2016  3 26 19 54   2457474.76 2016  3 27  6 10
 2457477.05 2016  3 29 13 13   2457477.48 2016  3 29 23 30   2457477.91 2016  3 30  9 46
 2457480.20 2016  4  1 16 48   2457480.63 2016  4  2  3  5   2457481.06 2016  4  2 13 22
 2457483.35 2016  4  4 20 22   2457483.78 2016  4  5  6 40   2457484.21 2016  4  5 16 58
 2457486.50 2016  4  7 23 57   2457486.93 2016  4  8 10 15   2457487.36 2016  4  8 20 34
 2457489.65 2016  4 11  3 31   2457490.08 2016  4 11 13 50   2457490.51 2016  4 12  0  9
 2457492.80 2016  4 14  7  6   2457493.23 2016  4 14 17 25   2457493.66 2016  4 15  3 45
 2457495.94 2016  4 17 10 40   2457496.38 2016  4 17 21  1   2457496.81 2016  4 18  7 21
 2457499.09 2016  4 20 14 15   2457499.53 2016  4 21  0 36   2457499.96 2016  4 21 10 57
 2457502.24 2016  4 23 17 49   2457502.67 2016  4 24  4 11   2457503.11 2016  4 24 14 33
 2457505.39 2016  4 26 21 24   2457505.82 2016  4 27  7 46   2457506.26 2016  4 27 18  9
 2457508.54 2016  4 30  0 58   2457508.97 2016  4 30 11 21   2457509.41 2016  4 30 21 44
 2457511.69 2016  5  3  4 33   2457512.12 2016  5  3 14 56   2457512.56 2016  5  4  1 20
 2457514.84 2016  5  6  8  7   2457515.27 2016  5  6 18 32   2457515.71 2016  5  7  4 56
 2457517.99 2016  5  9 11 42   2457518.42 2016  5  9 22  7   2457518.86 2016  5 10  8 32
 2457521.14 2016  5 12 15 16   2457521.57 2016  5 13  1 42   2457522.01 2016  5 13 12  8
 2457524.29 2016  5 15 18 51   2457524.72 2016  5 16  5 17   2457525.16 2016  5 16 15 43
 2457527.43 2016  5 18 22 25   2457527.87 2016  5 19  8 52   2457528.31 2016  5 19 19 19
 2457530.58 2016  5 22  2  0   2457531.02 2016  5 22 12 27   2457531.46 2016  5 22 22 55
 2457533.73 2016  5 25  5 34   2457534.17 2016  5 25 16  3   2457534.61 2016  5 26  2 31
 2457536.88 2016  5 28  9  9   2457537.32 2016  5 28 19 38   2457537.75 2016  5 29  6  7
 2457540.03 2016  5 31 12 43   2457540.47 2016  5 31 23 13   2457540.90 2016  6  1  9 42
 2457543.18 2016  6  3 16 18   2457543.62 2016  6  4  2 48   2457544.05 2016  6  4 13 18
 2457546.33 2016  6  6 19 52   2457546.77 2016  6  7  6 23   2457547.20 2016  6  7 16 54
 2457549.48 2016  6  9 23 27   2457549.92 2016  6 10  9 58   2457550.35 2016  6 10 20 30
 2457552.63 2016  6 13  3  2   2457553.07 2016  6 13 13 34   2457553.50 2016  6 14  0  6
 2457555.78 2016  6 16  6 36   2457556.21 2016  6 16 17  9   2457556.65 2016  6 17  3 42
 2457558.92 2016  6 19 10 11   2457559.36 2016  6 19 20 44   2457559.80 2016  6 20  7 17
 2457562.07 2016  6 22 13 45   2457562.51 2016  6 23  0 19   2457562.95 2016  6 23 10 53
 2457565.22 2016  6 25 17 20   2457565.66 2016  6 26  3 54   2457566.10 2016  6 26 14 29
 2457568.37 2016  6 28 20 54   2457568.81 2016  6 29  7 29   2457569.25 2016  6 29 18  5
 2457571.52 2016  7  2  0 29   2457571.96 2016  7  2 11  5   2457572.40 2016  7  2 21 41
 2457574.67 2016  7  5  4  3   2457575.11 2016  7  5 14 40   2457575.55 2016  7  6  1 16
 2457577.82 2016  7  8  7 38   2457578.26 2016  7  8 18 15   2457578.70 2016  7  9  4 52
 2457580.97 2016  7 11 11 12   2457581.41 2016  7 11 21 50   2457581.85 2016  7 12  8 28
 2457584.12 2016  7 14 14 47   2457584.56 2016  7 15  1 25   2457585.00 2016  7 15 12  4
 2457587.27 2016  7 17 18 21   2457587.71 2016  7 18  5  0   2457588.15 2016  7 18 15 40
 2457590.41 2016  7 20 21 56   2457590.86 2016  7 21  8 36   2457591.30 2016  7 21 19 15
 2457593.56 2016  7 24  1 30   2457594.01 2016  7 24 12 11   2457594.45 2016  7 24 22 51
 2457596.71 2016  7 27  5  5   2457597.16 2016  7 27 15 46   2457597.60 2016  7 28  2 27
 2457599.86 2016  7 30  8 39   2457600.31 2016  7 30 19 21   2457600.75 2016  7 31  6  3
 2457603.01 2016  8  2 12 14   2457603.46 2016  8  2 22 56   2457603.90 2016  8  3  9 39
 2457606.16 2016  8  5 15 48   2457606.61 2016  8  6  2 31   2457607.05 2016  8  6 13 15
