 Predicted Transit Epochs: Gl581____ b

 Predicted Duration of a Central Transit:    86. Minutes

 Begin Transit Window           PREDICTED CENTRAL TRANSIT     End Transit Window
                                     All Times UT

                               HJD        Year M  D  H  M
 2454928.54 2009  4  7  0 53   2454928.79 2009  4  7  6 52   2454929.04 2009  4  7 12 50
 2454933.91 2009  4 12  9 44   2454934.16 2009  4 12 15 43   2454934.40 2009  4 12 21 42
 2454939.27 2009  4 17 18 35   2454939.52 2009  4 18  0 34   2454939.77 2009  4 18  6 33
 2454944.64 2009  4 23  3 26   2454944.89 2009  4 23  9 26   2454945.14 2009  4 23 15 25
 2454950.01 2009  4 28 12 17   2454950.26 2009  4 28 18 17   2454950.51 2009  4 29  0 17
 2454955.38 2009  5  3 21  8   2454955.63 2009  5  4  3  9   2454955.88 2009  5  4  9  9
 2454960.75 2009  5  9  5 59   2454961.00 2009  5  9 12  0   2454961.25 2009  5  9 18  1
 2454966.12 2009  5 14 14 50   2454966.37 2009  5 14 20 51   2454966.62 2009  5 15  2 52
 2454971.49 2009  5 19 23 41   2454971.74 2009  5 20  5 43   2454971.99 2009  5 20 11 44
 2454976.86 2009  5 25  8 32   2454977.11 2009  5 25 14 34   2454977.36 2009  5 25 20 36
 2454982.22 2009  5 30 17 23   2454982.48 2009  5 30 23 25   2454982.73 2009  5 31  5 28
 2454987.59 2009  6  5  2 14   2454987.85 2009  6  5  8 17   2454988.10 2009  6  5 14 20
 2454992.96 2009  6 10 11  5   2454993.21 2009  6 10 17  8   2454993.47 2009  6 10 23 11
 2454998.33 2009  6 15 19 56   2454998.58 2009  6 16  1 59   2454998.84 2009  6 16  8  3
 2455003.70 2009  6 21  4 46   2455003.95 2009  6 21 10 51   2455004.21 2009  6 21 16 55
 2455009.07 2009  6 26 13 37   2455009.32 2009  6 26 19 42   2455009.57 2009  6 27  1 47
 2455014.44 2009  7  1 22 28   2455014.69 2009  7  2  4 33   2455014.94 2009  7  2 10 39
 2455019.81 2009  7  7  7 19   2455020.06 2009  7  7 13 25   2455020.31 2009  7  7 19 30
 2455025.17 2009  7 12 16 10   2455025.43 2009  7 12 22 16   2455025.68 2009  7 13  4 22
 2455030.54 2009  7 18  1  1   2455030.80 2009  7 18  7  8   2455031.05 2009  7 18 13 14
 2455035.91 2009  7 23  9 52   2455036.17 2009  7 23 15 59   2455036.42 2009  7 23 22  6
 2455041.28 2009  7 28 18 43   2455041.54 2009  7 29  0 50   2455041.79 2009  7 29  6 58
 2455046.65 2009  8  3  3 34   2455046.90 2009  8  3  9 42   2455047.16 2009  8  3 15 49
 2455052.02 2009  8  8 12 25   2455052.27 2009  8  8 18 33   2455052.53 2009  8  9  0 41
 2455057.39 2009  8 13 21 16   2455057.64 2009  8 14  3 24   2455057.90 2009  8 14  9 33
 2455062.75 2009  8 19  6  7   2455063.01 2009  8 19 12 16   2455063.27 2009  8 19 18 25
 2455068.12 2009  8 24 14 58   2455068.38 2009  8 24 21  7   2455068.64 2009  8 25  3 17
 2455073.49 2009  8 29 23 49   2455073.75 2009  8 30  5 58   2455074.01 2009  8 30 12  8
 2455078.86 2009  9  4  8 39   2455079.12 2009  9  4 14 50   2455079.38 2009  9  4 21  0
 2455084.23 2009  9  9 17 30   2455084.49 2009  9  9 23 41   2455084.74 2009  9 10  5 52
 2455089.60 2009  9 15  2 21   2455089.86 2009  9 15  8 33   2455090.11 2009  9 15 14 44
 2455094.97 2009  9 20 11 12   2455095.23 2009  9 20 17 24   2455095.48 2009  9 20 23 35
 2455100.34 2009  9 25 20  3   2455100.59 2009  9 26  2 15   2455100.85 2009  9 26  8 27
 2455105.70 2009 10  1  4 54   2455105.96 2009 10  1 11  7   2455106.22 2009 10  1 17 19
 2455111.07 2009 10  6 13 45   2455111.33 2009 10  6 19 58   2455111.59 2009 10  7  2 11
 2455116.44 2009 10 11 22 36   2455116.70 2009 10 12  4 49   2455116.96 2009 10 12 11  3
 2455121.81 2009 10 17  7 27   2455122.07 2009 10 17 13 41   2455122.33 2009 10 17 19 54
 2455127.18 2009 10 22 16 18   2455127.44 2009 10 22 22 32   2455127.70 2009 10 23  4 46
 2455132.55 2009 10 28  1  9   2455132.81 2009 10 28  7 23   2455133.07 2009 10 28 13 38
 2455137.92 2009 11  2 10  0   2455138.18 2009 11  2 16 15   2455138.44 2009 11  2 22 30
 2455143.29 2009 11  7 18 51   2455143.55 2009 11  8  1  6   2455143.81 2009 11  8  7 22
 2455148.65 2009 11 13  3 42   2455148.92 2009 11 13  9 57   2455149.18 2009 11 13 16 13
 2455154.02 2009 11 18 12 32   2455154.28 2009 11 18 18 49   2455154.55 2009 11 19  1  5
 2455159.39 2009 11 23 21 23   2455159.65 2009 11 24  3 40   2455159.91 2009 11 24  9 57
 2455164.76 2009 11 29  6 14   2455165.02 2009 11 29 12 32   2455165.28 2009 11 29 18 49
 2455170.13 2009 12  4 15  5   2455170.39 2009 12  4 21 23   2455170.65 2009 12  5  3 41
 2455175.50 2009 12  9 23 56   2455175.76 2009 12 10  6 14   2455176.02 2009 12 10 12 32
 2455180.87 2009 12 15  8 47   2455181.13 2009 12 15 15  6   2455181.39 2009 12 15 21 24
 2455186.24 2009 12 20 17 38   2455186.50 2009 12 20 23 57   2455186.76 2009 12 21  6 16
 2455191.60 2009 12 26  2 29   2455191.87 2009 12 26  8 48   2455192.13 2009 12 26 15  8
 2455196.97 2009 12 31 11 20   2455197.24 2009 12 31 17 40   2455197.50 2010  1  1  0  0
 2455202.34 2010  1  5 20 11   2455202.61 2010  1  6  2 31   2455202.87 2010  1  6  8 51
 2455207.71 2010  1 11  5  2   2455207.97 2010  1 11 11 22   2455208.24 2010  1 11 17 43
 2455213.08 2010  1 16 13 53   2455213.34 2010  1 16 20 14   2455213.61 2010  1 17  2 35
 2455218.45 2010  1 21 22 44   2455218.71 2010  1 22  5  5   2455218.98 2010  1 22 11 27
 2455223.82 2010  1 27  7 35   2455224.08 2010  1 27 13 57   2455224.35 2010  1 27 20 18
 2455229.18 2010  2  1 16 25   2455229.45 2010  2  1 22 48   2455229.72 2010  2  2  5 10
 2455234.55 2010  2  7  1 16   2455234.82 2010  2  7  7 39   2455235.09 2010  2  7 14  2
 2455239.92 2010  2 12 10  7   2455240.19 2010  2 12 16 31   2455240.45 2010  2 12 22 54
 2455245.29 2010  2 17 18 58   2455245.56 2010  2 18  1 22   2455245.82 2010  2 18  7 46
 2455250.66 2010  2 23  3 49   2455250.93 2010  2 23 10 13   2455251.19 2010  2 23 16 37
 2455256.03 2010  2 28 12 40   2455256.30 2010  2 28 19  5   2455256.56 2010  3  1  1 29
 2455261.40 2010  3  5 21 31   2455261.66 2010  3  6  3 56   2455261.93 2010  3  6 10 21
 2455266.77 2010  3 11  6 22   2455267.03 2010  3 11 12 47   2455267.30 2010  3 11 19 13
 2455272.13 2010  3 16 15 13   2455272.40 2010  3 16 21 39   2455272.67 2010  3 17  4  5
 2455277.50 2010  3 22  0  4   2455277.77 2010  3 22  6 30   2455278.04 2010  3 22 12 56
 2455282.87 2010  3 27  8 55   2455283.14 2010  3 27 15 21   2455283.41 2010  3 27 21 48
 2455288.24 2010  4  1 17 46   2455288.51 2010  4  2  0 13   2455288.78 2010  4  2  6 40
 2455293.61 2010  4  7  2 37   2455293.88 2010  4  7  9  4   2455294.15 2010  4  7 15 32
 2455298.98 2010  4 12 11 28   2455299.25 2010  4 12 17 56   2455299.52 2010  4 13  0 24
 2455304.35 2010  4 17 20 18   2455304.62 2010  4 18  2 47   2455304.89 2010  4 18  9 15
 2455309.72 2010  4 23  5  9   2455309.99 2010  4 23 11 38   2455310.26 2010  4 23 18  7
 2455315.08 2010  4 28 14  0   2455315.35 2010  4 28 20 30   2455315.62 2010  4 29  2 59
 2455320.45 2010  5  3 22 51   2455320.72 2010  5  4  5 21   2455320.99 2010  5  4 11 51
 2455325.82 2010  5  9  7 42   2455326.09 2010  5  9 14 12   2455326.36 2010  5  9 20 43
 2455331.19 2010  5 14 16 33   2455331.46 2010  5 14 23  4   2455331.73 2010  5 15  5 34
 2455336.56 2010  5 20  1 24   2455336.83 2010  5 20  7 55   2455337.10 2010  5 20 14 26
 2455341.93 2010  5 25 10 15   2455342.20 2010  5 25 16 46   2455342.47 2010  5 25 23 18
 2455347.30 2010  5 30 19  6   2455347.57 2010  5 31  1 38   2455347.84 2010  5 31  8 10
 2455352.66 2010  6  5  3 57   2455352.94 2010  6  5 10 29   2455353.21 2010  6  5 17  1
 2455358.03 2010  6 10 12 48   2455358.31 2010  6 10 19 21   2455358.58 2010  6 11  1 53
 2455363.40 2010  6 15 21 39   2455363.68 2010  6 16  4 12   2455363.95 2010  6 16 10 45
 2455368.77 2010  6 21  6 30   2455369.04 2010  6 21 13  3   2455369.32 2010  6 21 19 37
 2455374.14 2010  6 26 15 21   2455374.41 2010  6 26 21 55   2455374.69 2010  6 27  4 29
 2455379.51 2010  7  2  0 11   2455379.78 2010  7  2  6 46   2455380.06 2010  7  2 13 20
 2455384.88 2010  7  7  9  2   2455385.15 2010  7  7 15 37   2455385.43 2010  7  7 22 12
 2455390.25 2010  7 12 17 53   2455390.52 2010  7 13  0 29   2455390.79 2010  7 13  7  4
 2455395.61 2010  7 18  2 44   2455395.89 2010  7 18  9 20   2455396.16 2010  7 18 15 56
 2455400.98 2010  7 23 11 35   2455401.26 2010  7 23 18 11   2455401.53 2010  7 24  0 48
 2455406.35 2010  7 28 20 26   2455406.63 2010  7 29  3  3   2455406.90 2010  7 29  9 39
 2455411.72 2010  8  3  5 17   2455412.00 2010  8  3 11 54   2455412.27 2010  8  3 18 31
 2455417.09 2010  8  8 14  8   2455417.37 2010  8  8 20 45   2455417.64 2010  8  9  3 23
 2455422.46 2010  8 13 22 59   2455422.73 2010  8 14  5 37   2455423.01 2010  8 14 12 15
 2455427.83 2010  8 19  7 50   2455428.10 2010  8 19 14 28   2455428.38 2010  8 19 21  7
 2455433.20 2010  8 24 16 41   2455433.47 2010  8 24 23 20   2455433.75 2010  8 25  5 58
 2455438.56 2010  8 30  1 32   2455438.84 2010  8 30  8 11   2455439.12 2010  8 30 14 50
 2455443.93 2010  9  4 10 23   2455444.21 2010  9  4 17  2   2455444.49 2010  9  4 23 42
 2455449.30 2010  9  9 19 14   2455449.58 2010  9 10  1 54   2455449.86 2010  9 10  8 34
 2455454.67 2010  9 15  4  4   2455454.95 2010  9 15 10 45   2455455.23 2010  9 15 17 26
 2455460.04 2010  9 20 12 55   2455460.32 2010  9 20 19 36   2455460.60 2010  9 21  2 17
 2455465.41 2010  9 25 21 46   2455465.69 2010  9 26  4 28   2455465.97 2010  9 26 11  9
 2455470.78 2010 10  1  6 37   2455471.06 2010 10  1 13 19   2455471.33 2010 10  1 20  1
 2455476.14 2010 10  6 15 28   2455476.42 2010 10  6 22 10   2455476.70 2010 10  7  4 53
 2455481.51 2010 10 12  0 19   2455481.79 2010 10 12  7  2   2455482.07 2010 10 12 13 44
 2455486.88 2010 10 17  9 10   2455487.16 2010 10 17 15 53   2455487.44 2010 10 17 22 36
 2455492.25 2010 10 22 18  1   2455492.53 2010 10 23  0 45   2455492.81 2010 10 23  7 28
 2455497.62 2010 10 28  2 52   2455497.90 2010 10 28  9 36   2455498.18 2010 10 28 16 20
 2455502.99 2010 11  2 11 43   2455503.27 2010 11  2 18 27   2455503.55 2010 11  3  1 12
 2455508.36 2010 11  7 20 34   2455508.64 2010 11  8  3 19   2455508.92 2010 11  8 10  3
 2455513.73 2010 11 13  5 25   2455514.01 2010 11 13 12 10   2455514.29 2010 11 13 18 55
 2455519.09 2010 11 18 14 16   2455519.38 2010 11 18 21  1   2455519.66 2010 11 19  3 47
 2455524.46 2010 11 23 23  6   2455524.75 2010 11 24  5 53   2455525.03 2010 11 24 12 39
 2455529.83 2010 11 29  7 57   2455530.11 2010 11 29 14 44   2455530.40 2010 11 29 21 31
 2455535.20 2010 12  4 16 48   2455535.48 2010 12  4 23 35   2455535.77 2010 12  5  6 22
 2455540.57 2010 12 10  1 39   2455540.85 2010 12 10  8 27   2455541.14 2010 12 10 15 14
 2455545.94 2010 12 15 10 30   2455546.22 2010 12 15 17 18   2455546.50 2010 12 16  0  6
 2455551.31 2010 12 20 19 21   2455551.59 2010 12 21  2  9   2455551.87 2010 12 21  8 58
 2455556.68 2010 12 26  4 12   2455556.96 2010 12 26 11  1   2455557.24 2010 12 26 17 50
 2455562.04 2010 12 31 13  3   2455562.33 2010 12 31 19 52   2455562.61 2011  1  1  2 41
 2455567.41 2011  1  5 21 54   2455567.70 2011  1  6  4 44   2455567.98 2011  1  6 11 33
 2455572.78 2011  1 11  6 45   2455573.07 2011  1 11 13 35   2455573.35 2011  1 11 20 25
 2455578.15 2011  1 16 15 36   2455578.44 2011  1 16 22 26   2455578.72 2011  1 17  5 17
 2455583.52 2011  1 22  0 27   2455583.80 2011  1 22  7 18   2455584.09 2011  1 22 14  9
 2455588.89 2011  1 27  9 18   2455589.17 2011  1 27 16  9   2455589.46 2011  1 27 23  0
 2455594.26 2011  2  1 18  9   2455594.54 2011  2  2  1  0   2455594.83 2011  2  2  7 52
 2455599.62 2011  2  7  2 59   2455599.91 2011  2  7  9 52   2455600.20 2011  2  7 16 44
 2455604.99 2011  2 12 11 50   2455605.28 2011  2 12 18 43   2455605.57 2011  2 13  1 36
 2455610.36 2011  2 17 20 41   2455610.65 2011  2 18  3 34   2455610.94 2011  2 18 10 27
 2455615.73 2011  2 23  5 32   2455616.02 2011  2 23 12 26   2455616.31 2011  2 23 19 19
 2455621.10 2011  2 28 14 23   2455621.39 2011  2 28 21 17   2455621.67 2011  3  1  4 11
 2455626.47 2011  3  5 23 14   2455626.76 2011  3  6  6  9   2455627.04 2011  3  6 13  3
 2455631.84 2011  3 11  8  5   2455632.13 2011  3 11 15  0   2455632.41 2011  3 11 21 55
 2455637.21 2011  3 16 16 56   2455637.49 2011  3 16 23 51   2455637.78 2011  3 17  6 46
 2455642.57 2011  3 22  1 47   2455642.86 2011  3 22  8 43   2455643.15 2011  3 22 15 38
 2455647.94 2011  3 27 10 38   2455648.23 2011  3 27 17 34   2455648.52 2011  3 28  0 30
 2455653.31 2011  4  1 19 29   2455653.60 2011  4  2  2 25   2455653.89 2011  4  2  9 22
 2455658.68 2011  4  7  4 20   2455658.97 2011  4  7 11 17   2455659.26 2011  4  7 18 14
 2455664.05 2011  4 12 13 11   2455664.34 2011  4 12 20  8   2455664.63 2011  4 13  3  5
 2455669.42 2011  4 17 22  2   2455669.71 2011  4 18  4 59   2455670.00 2011  4 18 11 57
 2455674.79 2011  4 23  6 52   2455675.08 2011  4 23 13 51   2455675.37 2011  4 23 20 49
 2455680.16 2011  4 28 15 43   2455680.45 2011  4 28 22 42   2455680.74 2011  4 29  5 41
 2455685.52 2011  5  4  0 34   2455685.82 2011  5  4  7 33   2455686.11 2011  5  4 14 33
 2455690.89 2011  5  9  9 25   2455691.18 2011  5  9 16 25   2455691.48 2011  5  9 23 24
 2455696.26 2011  5 14 18 16   2455696.55 2011  5 15  1 16   2455696.84 2011  5 15  8 16
 2455701.63 2011  5 20  3  7   2455701.92 2011  5 20 10  8   2455702.21 2011  5 20 17  8
 2455707.00 2011  5 25 11 58   2455707.29 2011  5 25 18 59   2455707.58 2011  5 26  2  0
 2455712.37 2011  5 30 20 49   2455712.66 2011  5 31  3 50   2455712.95 2011  5 31 10 52
 2455717.74 2011  6  5  5 40   2455718.03 2011  6  5 12 42   2455718.32 2011  6  5 19 43
 2455723.11 2011  6 10 14 31   2455723.40 2011  6 10 21 33   2455723.69 2011  6 11  4 35
 2455728.47 2011  6 15 23 22   2455728.77 2011  6 16  6 24   2455729.06 2011  6 16 13 27
 2455733.84 2011  6 21  8 13   2455734.14 2011  6 21 15 16   2455734.43 2011  6 21 22 19
 2455739.21 2011  6 26 17  4   2455739.51 2011  6 27  0  7   2455739.80 2011  6 27  7 11
 2455744.58 2011  7  2  1 55   2455744.87 2011  7  2  8 58   2455745.17 2011  7  2 16  2
 2455749.95 2011  7  7 10 45   2455750.24 2011  7  7 17 50   2455750.54 2011  7  8  0 54
 2455755.32 2011  7 12 19 36   2455755.61 2011  7 13  2 41   2455755.91 2011  7 13  9 46
 2455760.69 2011  7 18  4 27   2455760.98 2011  7 18 11 33   2455761.28 2011  7 18 18 38
 2455766.05 2011  7 23 13 18   2455766.35 2011  7 23 20 24   2455766.65 2011  7 24  3 29
 2455771.42 2011  7 28 22  9   2455771.72 2011  7 29  5 15   2455772.02 2011  7 29 12 21
 2455776.79 2011  8  3  7  0   2455777.09 2011  8  3 14  7   2455777.38 2011  8  3 21 13
