 Predicted Transit Epochs: HAT-P-4__ b

Observed Transit Duration:  253.4 Minutes

 Begin Transit Window           PREDICTED CENTRAL TRANSIT     End Transit Window
                                     All Times UT

                               HJD        Year M  D  H  M
 2454462.74 2007 12 28  5 41   2454462.83 2007 12 28  7 54   2454462.92 2007 12 28 10  7
 2454465.79 2007 12 31  7  2   2454465.89 2007 12 31  9 15   2454465.98 2007 12 31 11 28
 2454468.85 2008  1  3  8 24   2454468.94 2008  1  3 10 37   2454469.03 2008  1  3 12 50
 2454471.91 2008  1  6  9 45   2454472.00 2008  1  6 11 58   2454472.09 2008  1  6 14 11
 2454474.96 2008  1  9 11  6   2454475.06 2008  1  9 13 20   2454475.15 2008  1  9 15 33
 2454478.02 2008  1 12 12 28   2454478.11 2008  1 12 14 41   2454478.20 2008  1 12 16 54
 2454481.08 2008  1 15 13 49   2454481.17 2008  1 15 16  2   2454481.26 2008  1 15 18 16
 2454484.13 2008  1 18 15 10   2454484.23 2008  1 18 17 24   2454484.32 2008  1 18 19 37
 2454487.19 2008  1 21 16 32   2454487.28 2008  1 21 18 45   2454487.37 2008  1 21 20 59
 2454490.25 2008  1 24 17 53   2454490.34 2008  1 24 20  7   2454490.43 2008  1 24 22 20
 2454493.30 2008  1 27 19 14   2454493.39 2008  1 27 21 28   2454493.49 2008  1 27 23 42
 2454496.36 2008  1 30 20 36   2454496.45 2008  1 30 22 49   2454496.54 2008  1 31  1  3
 2454499.41 2008  2  2 21 57   2454499.51 2008  2  3  0 11   2454499.60 2008  2  3  2 25
 2454502.47 2008  2  5 23 18   2454502.56 2008  2  6  1 32   2454502.66 2008  2  6  3 46
 2454505.53 2008  2  9  0 40   2454505.62 2008  2  9  2 54   2454505.71 2008  2  9  5  8
 2454508.58 2008  2 12  2  1   2454508.68 2008  2 12  4 15   2454508.77 2008  2 12  6 29
 2454511.64 2008  2 15  3 22   2454511.73 2008  2 15  5 37   2454511.83 2008  2 15  7 51
 2454514.70 2008  2 18  4 44   2454514.79 2008  2 18  6 58   2454514.88 2008  2 18  9 12
 2454517.75 2008  2 21  6  5   2454517.85 2008  2 21  8 19   2454517.94 2008  2 21 10 34
 2454520.81 2008  2 24  7 26   2454520.90 2008  2 24  9 41   2454521.00 2008  2 24 11 55
 2454523.87 2008  2 27  8 48   2454523.96 2008  2 27 11  2   2454524.05 2008  2 27 13 17
 2454526.92 2008  3  1 10  9   2454527.02 2008  3  1 12 24   2454527.11 2008  3  1 14 38
 2454529.98 2008  3  4 11 30   2454530.07 2008  3  4 13 45   2454530.17 2008  3  4 16  0
 2454533.04 2008  3  7 12 52   2454533.13 2008  3  7 15  6   2454533.22 2008  3  7 17 21
 2454536.09 2008  3 10 14 13   2454536.19 2008  3 10 16 28   2454536.28 2008  3 10 18 43
 2454539.15 2008  3 13 15 34   2454539.24 2008  3 13 17 49   2454539.34 2008  3 13 20  4
 2454542.21 2008  3 16 16 56   2454542.30 2008  3 16 19 11   2454542.39 2008  3 16 21 26
 2454545.26 2008  3 19 18 17   2454545.36 2008  3 19 20 32   2454545.45 2008  3 19 22 47
 2454548.32 2008  3 22 19 38   2454548.41 2008  3 22 21 53   2454548.51 2008  3 23  0  9
 2454551.38 2008  3 25 21  0   2454551.47 2008  3 25 23 15   2454551.56 2008  3 26  1 30
 2454554.43 2008  3 28 22 21   2454554.53 2008  3 29  0 36   2454554.62 2008  3 29  2 52
 2454557.49 2008  3 31 23 42   2454557.58 2008  4  1  1 58   2454557.68 2008  4  1  4 13
 2454560.54 2008  4  4  1  3   2454560.64 2008  4  4  3 19   2454560.73 2008  4  4  5 35
 2454563.60 2008  4  7  2 25   2454563.70 2008  4  7  4 41   2454563.79 2008  4  7  6 56
 2454566.66 2008  4 10  3 46   2454566.75 2008  4 10  6  2   2454566.85 2008  4 10  8 18
 2454569.71 2008  4 13  5  7   2454569.81 2008  4 13  7 23   2454569.90 2008  4 13  9 39
 2454572.77 2008  4 16  6 29   2454572.86 2008  4 16  8 45   2454572.96 2008  4 16 11  1
 2454575.83 2008  4 19  7 50   2454575.92 2008  4 19 10  6   2454576.02 2008  4 19 12 22
 2454578.88 2008  4 22  9 11   2454578.98 2008  4 22 11 28   2454579.07 2008  4 22 13 44
 2454581.94 2008  4 25 10 33   2454582.03 2008  4 25 12 49   2454582.13 2008  4 25 15  5
 2454585.00 2008  4 28 11 54   2454585.09 2008  4 28 14 10   2454585.19 2008  4 28 16 27
 2454588.05 2008  5  1 13 15   2454588.15 2008  5  1 15 32   2454588.24 2008  5  1 17 48
 2454591.11 2008  5  4 14 37   2454591.20 2008  5  4 16 53   2454591.30 2008  5  4 19 10
 2454594.17 2008  5  7 15 58   2454594.26 2008  5  7 18 15   2454594.36 2008  5  7 20 31
 2454597.22 2008  5 10 17 19   2454597.32 2008  5 10 19 36   2454597.41 2008  5 10 21 53
 2454600.28 2008  5 13 18 41   2454600.37 2008  5 13 20 57   2454600.47 2008  5 13 23 14
 2454603.34 2008  5 16 20  2   2454603.43 2008  5 16 22 19   2454603.53 2008  5 17  0 36
 2454606.39 2008  5 19 21 23   2454606.49 2008  5 19 23 40   2454606.58 2008  5 20  1 57
 2454609.45 2008  5 22 22 45   2454609.54 2008  5 23  1  2   2454609.64 2008  5 23  3 19
 2454612.50 2008  5 26  0  6   2454612.60 2008  5 26  2 23   2454612.69 2008  5 26  4 40
 2454615.56 2008  5 29  1 27   2454615.66 2008  5 29  3 45   2454615.75 2008  5 29  6  2
 2454618.62 2008  6  1  2 49   2454618.71 2008  6  1  5  6   2454618.81 2008  6  1  7 23
 2454621.67 2008  6  4  4 10   2454621.77 2008  6  4  6 27   2454621.86 2008  6  4  8 45
 2454624.73 2008  6  7  5 31   2454624.83 2008  6  7  7 49   2454624.92 2008  6  7 10  6
 2454627.79 2008  6 10  6 53   2454627.88 2008  6 10  9 10   2454627.98 2008  6 10 11 28
 2454630.84 2008  6 13  8 14   2454630.94 2008  6 13 10 32   2454631.03 2008  6 13 12 49
 2454633.90 2008  6 16  9 35   2454634.00 2008  6 16 11 53   2454634.09 2008  6 16 14 11
 2454636.96 2008  6 19 10 57   2454637.05 2008  6 19 13 14   2454637.15 2008  6 19 15 32
 2454640.01 2008  6 22 12 18   2454640.11 2008  6 22 14 36   2454640.20 2008  6 22 16 54
 2454643.07 2008  6 25 13 39   2454643.17 2008  6 25 15 57   2454643.26 2008  6 25 18 15
 2454646.13 2008  6 28 15  1   2454646.22 2008  6 28 17 19   2454646.32 2008  6 28 19 37
 2454649.18 2008  7  1 16 22   2454649.28 2008  7  1 18 40   2454649.37 2008  7  1 20 58
 2454652.24 2008  7  4 17 43   2454652.33 2008  7  4 20  1   2454652.43 2008  7  4 22 20
 2454655.30 2008  7  7 19  5   2454655.39 2008  7  7 21 23   2454655.49 2008  7  7 23 41
 2454658.35 2008  7 10 20 26   2454658.45 2008  7 10 22 44   2454658.54 2008  7 11  1  3
 2454661.41 2008  7 13 21 47   2454661.50 2008  7 14  0  6   2454661.60 2008  7 14  2 24
 2454664.46 2008  7 16 23  9   2454664.56 2008  7 17  1 27   2454664.66 2008  7 17  3 45
 2454667.52 2008  7 20  0 30   2454667.62 2008  7 20  2 49   2454667.71 2008  7 20  5  7
 2454670.58 2008  7 23  1 51   2454670.67 2008  7 23  4 10   2454670.77 2008  7 23  6 28
 2454673.63 2008  7 26  3 13   2454673.73 2008  7 26  5 31   2454673.83 2008  7 26  7 50
 2454676.69 2008  7 29  4 34   2454676.79 2008  7 29  6 53   2454676.88 2008  7 29  9 11
 2454679.75 2008  8  1  5 55   2454679.84 2008  8  1  8 14   2454679.94 2008  8  1 10 33
 2454682.80 2008  8  4  7 17   2454682.90 2008  8  4  9 36   2454683.00 2008  8  4 11 54
 2454685.86 2008  8  7  8 38   2454685.96 2008  8  7 10 57   2454686.05 2008  8  7 13 16
 2454688.92 2008  8 10  9 59   2454689.01 2008  8 10 12 18   2454689.11 2008  8 10 14 37
 2454691.97 2008  8 13 11 21   2454692.07 2008  8 13 13 40   2454692.17 2008  8 13 15 59
 2454695.03 2008  8 16 12 42   2454695.13 2008  8 16 15  1   2454695.22 2008  8 16 17 20
 2454698.09 2008  8 19 14  3   2454698.18 2008  8 19 16 23   2454698.28 2008  8 19 18 42
 2454701.14 2008  8 22 15 25   2454701.24 2008  8 22 17 44   2454701.34 2008  8 22 20  3
 2454704.20 2008  8 25 16 46   2454704.30 2008  8 25 19  5   2454704.39 2008  8 25 21 25
 2454707.26 2008  8 28 18  7   2454707.35 2008  8 28 20 27   2454707.45 2008  8 28 22 46
 2454710.31 2008  8 31 19 29   2454710.41 2008  8 31 21 48   2454710.51 2008  9  1  0  8
 2454713.37 2008  9  3 20 50   2454713.47 2008  9  3 23 10   2454713.56 2008  9  4  1 29
 2454716.42 2008  9  6 22 11   2454716.52 2008  9  7  0 31   2454716.62 2008  9  7  2 51
 2454719.48 2008  9  9 23 33   2454719.58 2008  9 10  1 53   2454719.68 2008  9 10  4 12
 2454722.54 2008  9 13  0 54   2454722.64 2008  9 13  3 14   2454722.73 2008  9 13  5 34
 2454725.59 2008  9 16  2 15   2454725.69 2008  9 16  4 35   2454725.79 2008  9 16  6 55
 2454728.65 2008  9 19  3 37   2454728.75 2008  9 19  5 57   2454728.85 2008  9 19  8 17
 2454731.71 2008  9 22  4 58   2454731.80 2008  9 22  7 18   2454731.90 2008  9 22  9 38
 2454734.76 2008  9 25  6 19   2454734.86 2008  9 25  8 40   2454734.96 2008  9 25 11  0
 2454737.82 2008  9 28  7 41   2454737.92 2008  9 28 10  1   2454738.02 2008  9 28 12 21
 2454740.88 2008 10  1  9  2   2454740.97 2008 10  1 11 22   2454741.07 2008 10  1 13 43
 2454743.93 2008 10  4 10 23   2454744.03 2008 10  4 12 44   2454744.13 2008 10  4 15  4
 2454746.99 2008 10  7 11 45   2454747.09 2008 10  7 14  5   2454747.18 2008 10  7 16 26
 2454750.05 2008 10 10 13  6   2454750.14 2008 10 10 15 27   2454750.24 2008 10 10 17 47
 2454753.10 2008 10 13 14 27   2454753.20 2008 10 13 16 48   2454753.30 2008 10 13 19  9
 2454756.16 2008 10 16 15 49   2454756.26 2008 10 16 18  9   2454756.35 2008 10 16 20 30
 2454759.22 2008 10 19 17 10   2454759.31 2008 10 19 19 31   2454759.41 2008 10 19 21 52
 2454762.27 2008 10 22 18 31   2454762.37 2008 10 22 20 52   2454762.47 2008 10 22 23 13
 2454765.33 2008 10 25 19 53   2454765.43 2008 10 25 22 14   2454765.52 2008 10 26  0 35
 2454768.39 2008 10 28 21 14   2454768.48 2008 10 28 23 35   2454768.58 2008 10 29  1 56
 2454771.44 2008 10 31 22 35   2454771.54 2008 11  1  0 57   2454771.64 2008 11  1  3 18
 2454774.50 2008 11  3 23 57   2454774.60 2008 11  4  2 18   2454774.69 2008 11  4  4 39
 2454777.55 2008 11  7  1 18   2454777.65 2008 11  7  3 39   2454777.75 2008 11  7  6  1
 2454780.61 2008 11 10  2 39   2454780.71 2008 11 10  5  1   2454780.81 2008 11 10  7 22
 2454783.67 2008 11 13  4  1   2454783.77 2008 11 13  6 22   2454783.86 2008 11 13  8 44
 2454786.72 2008 11 16  5 22   2454786.82 2008 11 16  7 44   2454786.92 2008 11 16 10  5
 2454789.78 2008 11 19  6 43   2454789.88 2008 11 19  9  5   2454789.98 2008 11 19 11 27
 2454792.84 2008 11 22  8  5   2454792.94 2008 11 22 10 26   2454793.03 2008 11 22 12 48
 2454795.89 2008 11 25  9 26   2454795.99 2008 11 25 11 48   2454796.09 2008 11 25 14 10
 2454798.95 2008 11 28 10 47   2454799.05 2008 11 28 13  9   2454799.15 2008 11 28 15 31
 2454802.01 2008 12  1 12  9   2454802.10 2008 12  1 14 31   2454802.20 2008 12  1 16 53
 2454805.06 2008 12  4 13 30   2454805.16 2008 12  4 15 52   2454805.26 2008 12  4 18 14
 2454808.12 2008 12  7 14 51   2454808.22 2008 12  7 17 13   2454808.32 2008 12  7 19 36
 2454811.18 2008 12 10 16 13   2454811.27 2008 12 10 18 35   2454811.37 2008 12 10 20 57
 2454814.23 2008 12 13 17 34   2454814.33 2008 12 13 19 56   2454814.43 2008 12 13 22 19
 2454817.29 2008 12 16 18 55   2454817.39 2008 12 16 21 18   2454817.49 2008 12 16 23 40
 2454820.35 2008 12 19 20 17   2454820.44 2008 12 19 22 39   2454820.54 2008 12 20  1  2
 2454823.40 2008 12 22 21 38   2454823.50 2008 12 23  0  1   2454823.60 2008 12 23  2 23
 2454826.46 2008 12 25 22 59   2454826.56 2008 12 26  1 22   2454826.66 2008 12 26  3 45
 2454829.51 2008 12 29  0 21   2454829.61 2008 12 29  2 43   2454829.71 2008 12 29  5  6
 2454832.57 2009  1  1  1 42   2454832.67 2009  1  1  4  5   2454832.77 2009  1  1  6 28
 2454835.63 2009  1  4  3  3   2454835.73 2009  1  4  5 26   2454835.83 2009  1  4  7 49
 2454838.68 2009  1  7  4 24   2454838.78 2009  1  7  6 48   2454838.88 2009  1  7  9 11
 2454841.74 2009  1 10  5 46   2454841.84 2009  1 10  8  9   2454841.94 2009  1 10 10 32
 2454844.80 2009  1 13  7  7   2454844.90 2009  1 13  9 30   2454845.00 2009  1 13 11 54
 2454847.85 2009  1 16  8 28   2454847.95 2009  1 16 10 52   2454848.05 2009  1 16 13 15
 2454850.91 2009  1 19  9 50   2454851.01 2009  1 19 12 13   2454851.11 2009  1 19 14 37
 2454853.97 2009  1 22 11 11   2454854.07 2009  1 22 13 35   2454854.17 2009  1 22 15 58
 2454857.02 2009  1 25 12 32   2454857.12 2009  1 25 14 56   2454857.22 2009  1 25 17 20
 2454860.08 2009  1 28 13 54   2454860.18 2009  1 28 16 17   2454860.28 2009  1 28 18 41
 2454863.14 2009  1 31 15 15   2454863.24 2009  1 31 17 39   2454863.34 2009  1 31 20  3
 2454866.19 2009  2  3 16 36   2454866.29 2009  2  3 19  0   2454866.39 2009  2  3 21 24
 2454869.25 2009  2  6 17 58   2454869.35 2009  2  6 20 22   2454869.45 2009  2  6 22 46
 2454872.31 2009  2  9 19 19   2454872.41 2009  2  9 21 43   2454872.51 2009  2 10  0  7
 2454875.36 2009  2 12 20 40   2454875.46 2009  2 12 23  5   2454875.56 2009  2 13  1 29
 2454878.42 2009  2 15 22  2   2454878.52 2009  2 16  0 26   2454878.62 2009  2 16  2 50
 2454881.47 2009  2 18 23 23   2454881.57 2009  2 19  1 47   2454881.68 2009  2 19  4 12
 2454884.53 2009  2 22  0 44   2454884.63 2009  2 22  3  9   2454884.73 2009  2 22  5 33
 2454887.59 2009  2 25  2  6   2454887.69 2009  2 25  4 30   2454887.79 2009  2 25  6 55
 2454890.64 2009  2 28  3 27   2454890.74 2009  2 28  5 52   2454890.84 2009  2 28  8 16
 2454893.70 2009  3  3  4 48   2454893.80 2009  3  3  7 13   2454893.90 2009  3  3  9 38
 2454896.76 2009  3  6  6 10   2454896.86 2009  3  6  8 34   2454896.96 2009  3  6 10 59
 2454899.81 2009  3  9  7 31   2454899.91 2009  3  9  9 56   2454900.01 2009  3  9 12 21
 2454902.87 2009  3 12  8 52   2454902.97 2009  3 12 11 17   2454903.07 2009  3 12 13 42
 2454905.93 2009  3 15 10 14   2454906.03 2009  3 15 12 39   2454906.13 2009  3 15 15  4
 2454908.98 2009  3 18 11 35   2454909.08 2009  3 18 14  0   2454909.18 2009  3 18 16 25
 2454912.04 2009  3 21 12 56   2454912.14 2009  3 21 15 21   2454912.24 2009  3 21 17 47
 2454915.10 2009  3 24 14 18   2454915.20 2009  3 24 16 43   2454915.30 2009  3 24 19  8
 2454918.15 2009  3 27 15 39   2454918.25 2009  3 27 18  4   2454918.35 2009  3 27 20 29
 2454921.21 2009  3 30 17  0   2454921.31 2009  3 30 19 26   2454921.41 2009  3 30 21 51
 2454924.27 2009  4  2 18 22   2454924.37 2009  4  2 20 47   2454924.47 2009  4  2 23 12
 2454927.32 2009  4  5 19 43   2454927.42 2009  4  5 22  9   2454927.52 2009  4  6  0 34
 2454930.38 2009  4  8 21  4   2454930.48 2009  4  8 23 30   2454930.58 2009  4  9  1 55
 2454933.43 2009  4 11 22 26   2454933.54 2009  4 12  0 51   2454933.64 2009  4 12  3 17
 2454936.49 2009  4 14 23 47   2454936.59 2009  4 15  2 13   2454936.69 2009  4 15  4 38
 2454939.55 2009  4 18  1  8   2454939.65 2009  4 18  3 34   2454939.75 2009  4 18  6  0
 2454942.60 2009  4 21  2 30   2454942.71 2009  4 21  4 56   2454942.81 2009  4 21  7 21
 2454945.66 2009  4 24  3 51   2454945.76 2009  4 24  6 17   2454945.86 2009  4 24  8 43
 2454948.72 2009  4 27  5 12   2454948.82 2009  4 27  7 38   2454948.92 2009  4 27 10  4
 2454951.77 2009  4 30  6 34   2454951.88 2009  4 30  9  0   2454951.98 2009  4 30 11 26
 2454954.83 2009  5  3  7 55   2454954.93 2009  5  3 10 21   2454955.03 2009  5  3 12 47
 2454957.89 2009  5  6  9 16   2454957.99 2009  5  6 11 43   2454958.09 2009  5  6 14  9
 2454960.94 2009  5  9 10 38   2454961.04 2009  5  9 13  4   2454961.15 2009  5  9 15 30
 2454964.00 2009  5 12 11 59   2454964.10 2009  5 12 14 25   2454964.20 2009  5 12 16 52
 2454967.06 2009  5 15 13 20   2454967.16 2009  5 15 15 47   2454967.26 2009  5 15 18 13
 2454970.11 2009  5 18 14 42   2454970.21 2009  5 18 17  8   2454970.32 2009  5 18 19 35
 2454973.17 2009  5 21 16  3   2454973.27 2009  5 21 18 30   2454973.37 2009  5 21 20 56
 2454976.23 2009  5 24 17 24   2454976.33 2009  5 24 19 51   2454976.43 2009  5 24 22 18
 2454979.28 2009  5 27 18 46   2454979.38 2009  5 27 21 13   2454979.49 2009  5 27 23 39
 2454982.34 2009  5 30 20  7   2454982.44 2009  5 30 22 34   2454982.54 2009  5 31  1  1
 2454985.40 2009  6  2 21 28   2454985.50 2009  6  2 23 55   2454985.60 2009  6  3  2 22
 2454988.45 2009  6  5 22 50   2454988.55 2009  6  6  1 17   2454988.66 2009  6  6  3 44
 2454991.51 2009  6  9  0 11   2454991.61 2009  6  9  2 38   2454991.71 2009  6  9  5  5
 2454994.56 2009  6 12  1 32   2454994.67 2009  6 12  4  0   2454994.77 2009  6 12  6 27
 2454997.62 2009  6 15  2 54   2454997.72 2009  6 15  5 21   2454997.83 2009  6 15  7 48
 2455000.68 2009  6 18  4 15   2455000.78 2009  6 18  6 42   2455000.88 2009  6 18  9 10
 2455003.73 2009  6 21  5 36   2455003.84 2009  6 21  8  4   2455003.94 2009  6 21 10 31
 2455006.79 2009  6 24  6 58   2455006.89 2009  6 24  9 25   2455007.00 2009  6 24 11 53
 2455009.85 2009  6 27  8 19   2455009.95 2009  6 27 10 47   2455010.05 2009  6 27 13 14
 2455012.90 2009  6 30  9 40   2455013.01 2009  6 30 12  8   2455013.11 2009  6 30 14 36
 2455015.96 2009  7  3 11  2   2455016.06 2009  7  3 13 29   2455016.17 2009  7  3 15 57
 2455019.02 2009  7  6 12 23   2455019.12 2009  7  6 14 51   2455019.22 2009  7  6 17 19
 2455022.07 2009  7  9 13 44   2455022.18 2009  7  9 16 12   2455022.28 2009  7  9 18 40
 2455025.13 2009  7 12 15  6   2455025.23 2009  7 12 17 34   2455025.33 2009  7 12 20  2
 2455028.19 2009  7 15 16 27   2455028.29 2009  7 15 18 55   2455028.39 2009  7 15 21 23
 2455031.24 2009  7 18 17 48   2455031.35 2009  7 18 20 17   2455031.45 2009  7 18 22 45
 2455034.30 2009  7 21 19 10   2455034.40 2009  7 21 21 38   2455034.50 2009  7 22  0  6
 2455037.36 2009  7 24 20 31   2455037.46 2009  7 24 22 59   2455037.56 2009  7 25  1 28
 2455040.41 2009  7 27 21 52   2455040.51 2009  7 28  0 21   2455040.62 2009  7 28  2 49
 2455043.47 2009  7 30 23 14   2455043.57 2009  7 31  1 42   2455043.67 2009  7 31  4 11
 2455046.52 2009  8  3  0 35   2455046.63 2009  8  3  3  4   2455046.73 2009  8  3  5 32
 2455049.58 2009  8  6  1 56   2455049.68 2009  8  6  4 25   2455049.79 2009  8  6  6 54
 2455052.64 2009  8  9  3 18   2455052.74 2009  8  9  5 46   2455052.84 2009  8  9  8 15
 2455055.69 2009  8 12  4 39   2455055.80 2009  8 12  7  8   2455055.90 2009  8 12  9 37
 2455058.75 2009  8 15  6  0   2455058.85 2009  8 15  8 29   2455058.96 2009  8 15 10 58
 2455061.81 2009  8 18  7 22   2455061.91 2009  8 18  9 51   2455062.01 2009  8 18 12 20
 2455064.86 2009  8 21  8 43   2455064.97 2009  8 21 11 12   2455065.07 2009  8 21 13 41
 2455067.92 2009  8 24 10  4   2455068.02 2009  8 24 12 33   2455068.13 2009  8 24 15  3
 2455070.98 2009  8 27 11 26   2455071.08 2009  8 27 13 55   2455071.18 2009  8 27 16 24
 2455074.03 2009  8 30 12 47   2455074.14 2009  8 30 15 16   2455074.24 2009  8 30 17 46
 2455077.09 2009  9  2 14  8   2455077.19 2009  9  2 16 38   2455077.30 2009  9  2 19  7
 2455080.15 2009  9  5 15 30   2455080.25 2009  9  5 17 59   2455080.35 2009  9  5 20 29
 2455083.20 2009  9  8 16 51   2455083.31 2009  9  8 19 21   2455083.41 2009  9  8 21 50
 2455086.26 2009  9 11 18 12   2455086.36 2009  9 11 20 42   2455086.47 2009  9 11 23 12
 2455089.32 2009  9 14 19 34   2455089.42 2009  9 14 22  3   2455089.52 2009  9 15  0 33
 2455092.37 2009  9 17 20 55   2455092.48 2009  9 17 23 25   2455092.58 2009  9 18  1 55
 2455095.43 2009  9 20 22 16   2455095.53 2009  9 21  0 46   2455095.64 2009  9 21  3 16
 2455098.48 2009  9 23 23 38   2455098.59 2009  9 24  2  8   2455098.69 2009  9 24  4 38
 2455101.54 2009  9 27  0 59   2455101.65 2009  9 27  3 29   2455101.75 2009  9 27  5 59
 2455104.60 2009  9 30  2 20   2455104.70 2009  9 30  4 50   2455104.81 2009  9 30  7 21
 2455107.65 2009 10  3  3 42   2455107.76 2009 10  3  6 12   2455107.86 2009 10  3  8 42
 2455110.71 2009 10  6  5  3   2455110.82 2009 10  6  7 33   2455110.92 2009 10  6 10  4
 2455113.77 2009 10  9  6 24   2455113.87 2009 10  9  8 55   2455113.98 2009 10  9 11 25
 2455116.82 2009 10 12  7 46   2455116.93 2009 10 12 10 16   2455117.03 2009 10 12 12 47
 2455119.88 2009 10 15  9  7   2455119.98 2009 10 15 11 37   2455120.09 2009 10 15 14  8
 2455122.94 2009 10 18 10 28   2455123.04 2009 10 18 12 59   2455123.15 2009 10 18 15 30
 2455125.99 2009 10 21 11 49   2455126.10 2009 10 21 14 20   2455126.20 2009 10 21 16 51
 2455129.05 2009 10 24 13 11   2455129.15 2009 10 24 15 42   2455129.26 2009 10 24 18 13
 2455132.11 2009 10 27 14 32   2455132.21 2009 10 27 17  3   2455132.32 2009 10 27 19 34
 2455135.16 2009 10 30 15 53   2455135.27 2009 10 30 18 25   2455135.37 2009 10 30 20 56
 2455138.22 2009 11  2 17 15   2455138.32 2009 11  2 19 46   2455138.43 2009 11  2 22 17
 2455141.28 2009 11  5 18 36   2455141.38 2009 11  5 21  7   2455141.49 2009 11  5 23 39
 2455144.33 2009 11  8 19 57   2455144.44 2009 11  8 22 29   2455144.54 2009 11  9  1  0
 2455147.39 2009 11 11 21 19   2455147.49 2009 11 11 23 50   2455147.60 2009 11 12  2 22
 2455150.44 2009 11 14 22 40   2455150.55 2009 11 15  1 12   2455150.66 2009 11 15  3 43
 2455153.50 2009 11 18  0  1   2455153.61 2009 11 18  2 33   2455153.71 2009 11 18  5  5
 2455156.56 2009 11 21  1 23   2455156.66 2009 11 21  3 54   2455156.77 2009 11 21  6 26
 2455159.61 2009 11 24  2 44   2455159.72 2009 11 24  5 16   2455159.83 2009 11 24  7 48
 2455162.67 2009 11 27  4  5   2455162.78 2009 11 27  6 37   2455162.88 2009 11 27  9  9
 2455165.73 2009 11 30  5 27   2455165.83 2009 11 30  7 59   2455165.94 2009 11 30 10 30
 2455168.78 2009 12  3  6 48   2455168.89 2009 12  3  9 20   2455168.99 2009 12  3 11 52
 2455171.84 2009 12  6  8  9   2455171.95 2009 12  6 10 41   2455172.05 2009 12  6 13 13
 2455174.90 2009 12  9  9 31   2455175.00 2009 12  9 12  3   2455175.11 2009 12  9 14 35
 2455177.95 2009 12 12 10 52   2455178.06 2009 12 12 13 24   2455178.16 2009 12 12 15 56
 2455181.01 2009 12 15 12 13   2455181.12 2009 12 15 14 46   2455181.22 2009 12 15 17 18
 2455184.07 2009 12 18 13 35   2455184.17 2009 12 18 16  7   2455184.28 2009 12 18 18 39
 2455187.12 2009 12 21 14 56   2455187.23 2009 12 21 17 29   2455187.33 2009 12 21 20  1
 2455190.18 2009 12 24 16 17   2455190.29 2009 12 24 18 50   2455190.39 2009 12 24 21 22
 2455193.24 2009 12 27 17 39   2455193.34 2009 12 27 20 11   2455193.45 2009 12 27 22 44
 2455196.29 2009 12 30 19  0   2455196.40 2009 12 30 21 33   2455196.50 2009 12 31  0  5
 2455199.35 2010  1  2 20 21   2455199.45 2010  1  2 22 54   2455199.56 2010  1  3  1 27
 2455202.41 2010  1  5 21 43   2455202.51 2010  1  6  0 16   2455202.62 2010  1  6  2 48
 2455205.46 2010  1  8 23  4   2455205.57 2010  1  9  1 37   2455205.67 2010  1  9  4 10
 2455208.52 2010  1 12  0 25   2455208.62 2010  1 12  2 58   2455208.73 2010  1 12  5 31
 2455211.57 2010  1 15  1 47   2455211.68 2010  1 15  4 20   2455211.79 2010  1 15  6 53
 2455214.63 2010  1 18  3  8   2455214.74 2010  1 18  5 41   2455214.84 2010  1 18  8 14
 2455217.69 2010  1 21  4 29   2455217.79 2010  1 21  7  3   2455217.90 2010  1 21  9 36
 2455220.74 2010  1 24  5 51   2455220.85 2010  1 24  8 24   2455220.96 2010  1 24 10 57
 2455223.80 2010  1 27  7 12   2455223.91 2010  1 27  9 45   2455224.01 2010  1 27 12 19
 2455226.86 2010  1 30  8 33   2455226.96 2010  1 30 11  7   2455227.07 2010  1 30 13 40
 2455229.91 2010  2  2  9 55   2455230.02 2010  2  2 12 28   2455230.13 2010  2  2 15  2
 2455232.97 2010  2  5 11 16   2455233.08 2010  2  5 13 50   2455233.18 2010  2  5 16 23
 2455236.03 2010  2  8 12 37   2455236.13 2010  2  8 15 11   2455236.24 2010  2  8 17 45
 2455239.08 2010  2 11 13 59   2455239.19 2010  2 11 16 33   2455239.30 2010  2 11 19  6
 2455242.14 2010  2 14 15 20   2455242.25 2010  2 14 17 54   2455242.35 2010  2 14 20 28
 2455245.20 2010  2 17 16 41   2455245.30 2010  2 17 19 15   2455245.41 2010  2 17 21 49
 2455248.25 2010  2 20 18  3   2455248.36 2010  2 20 20 37   2455248.47 2010  2 20 23 11
 2455251.31 2010  2 23 19 24   2455251.42 2010  2 23 21 58   2455251.52 2010  2 24  0 32
 2455254.37 2010  2 26 20 45   2455254.47 2010  2 26 23 20   2455254.58 2010  2 27  1 54
 2455257.42 2010  3  1 22  7   2455257.53 2010  3  2  0 41   2455257.64 2010  3  2  3 15
 2455260.48 2010  3  4 23 28   2455260.59 2010  3  5  2  2   2455260.69 2010  3  5  4 37
 2455263.53 2010  3  8  0 49   2455263.64 2010  3  8  3 24   2455263.75 2010  3  8  5 58
 2455266.59 2010  3 11  2 11   2455266.70 2010  3 11  4 45   2455266.81 2010  3 11  7 20
 2455269.65 2010  3 14  3 32   2455269.75 2010  3 14  6  7   2455269.86 2010  3 14  8 41
 2455272.70 2010  3 17  4 53   2455272.81 2010  3 17  7 28   2455272.92 2010  3 17 10  3
 2455275.76 2010  3 20  6 15   2455275.87 2010  3 20  8 49   2455275.98 2010  3 20 11 24
 2455278.82 2010  3 23  7 36   2455278.92 2010  3 23 10 11   2455279.03 2010  3 23 12 46
 2455281.87 2010  3 26  8 57   2455281.98 2010  3 26 11 32   2455282.09 2010  3 26 14  7
 2455284.93 2010  3 29 10 19   2455285.04 2010  3 29 12 54   2455285.15 2010  3 29 15 29
 2455287.99 2010  4  1 11 40   2455288.09 2010  4  1 14 15   2455288.20 2010  4  1 16 50
 2455291.04 2010  4  4 13  1   2455291.15 2010  4  4 15 37   2455291.26 2010  4  4 18 12
 2455294.10 2010  4  7 14 23   2455294.21 2010  4  7 16 58   2455294.32 2010  4  7 19 33
 2455297.16 2010  4 10 15 44   2455297.26 2010  4 10 18 19   2455297.37 2010  4 10 20 55
 2455300.21 2010  4 13 17  5   2455300.32 2010  4 13 19 41   2455300.43 2010  4 13 22 16
 2455303.27 2010  4 16 18 27   2455303.38 2010  4 16 21  2   2455303.48 2010  4 16 23 38
 2455306.33 2010  4 19 19 48   2455306.43 2010  4 19 22 24   2455306.54 2010  4 20  0 59
 2455309.38 2010  4 22 21  9   2455309.49 2010  4 22 23 45   2455309.60 2010  4 23  2 21
 2455312.44 2010  4 25 22 31   2455312.55 2010  4 26  1  6   2455312.65 2010  4 26  3 42
 2455315.49 2010  4 28 23 52   2455315.60 2010  4 29  2 28   2455315.71 2010  4 29  5  4
