 Predicted Transit Epochs: HAT-P-2__ b

Observed Transit Duration:  254.9 Minutes

 Begin Transit Window           PREDICTED CENTRAL TRANSIT     End Transit Window
                                     All Times UT

                               HJD        Year M  D  H  M
 2456759.01 2014  4 11 12 11   2456759.16 2014  4 11 15 46   2456759.31 2014  4 11 19 22
 2456764.64 2014  4 17  3 23   2456764.79 2014  4 17  6 58   2456764.94 2014  4 17 10 34
 2456770.27 2014  4 22 18 35   2456770.42 2014  4 22 22 10   2456770.57 2014  4 23  1 46
 2456775.91 2014  4 28  9 47   2456776.06 2014  4 28 13 23   2456776.21 2014  4 28 16 58
 2456781.54 2014  5  4  0 59   2456781.69 2014  5  4  4 35   2456781.84 2014  5  4  8 11
 2456787.17 2014  5  9 16 10   2456787.32 2014  5  9 19 47   2456787.47 2014  5  9 23 23
 2456792.81 2014  5 15  7 22   2456792.96 2014  5 15 10 59   2456793.11 2014  5 15 14 35
 2456798.44 2014  5 20 22 34   2456798.59 2014  5 21  2 11   2456798.74 2014  5 21  5 48
 2456804.07 2014  5 26 13 46   2456804.22 2014  5 26 17 23   2456804.38 2014  5 26 21  0
 2456809.71 2014  6  1  4 58   2456809.86 2014  6  1  8 35   2456810.01 2014  6  1 12 12
 2456815.34 2014  6  6 20 10   2456815.49 2014  6  6 23 47   2456815.64 2014  6  7  3 25
 2456820.97 2014  6 12 11 22   2456821.12 2014  6 12 14 59   2456821.28 2014  6 12 18 37
 2456826.61 2014  6 18  2 34   2456826.76 2014  6 18  6 12   2456826.91 2014  6 18  9 49
 2456832.24 2014  6 23 17 46   2456832.39 2014  6 23 21 24   2456832.54 2014  6 24  1  1
 2456837.87 2014  6 29  8 58   2456838.03 2014  6 29 12 36   2456838.18 2014  6 29 16 14
 2456843.51 2014  7  5  0 10   2456843.66 2014  7  5  3 48   2456843.81 2014  7  5  7 26
 2456849.14 2014  7 10 15 22   2456849.29 2014  7 10 19  0   2456849.44 2014  7 10 22 38
 2456854.77 2014  7 16  6 34   2456854.93 2014  7 16 10 12   2456855.08 2014  7 16 13 51
 2456860.41 2014  7 21 21 45   2456860.56 2014  7 22  1 24   2456860.71 2014  7 22  5  3
 2456866.04 2014  7 27 12 57   2456866.19 2014  7 27 16 36   2456866.34 2014  7 27 20 15
 2456871.67 2014  8  2  4  9   2456871.83 2014  8  2  7 48   2456871.98 2014  8  2 11 28
 2456877.31 2014  8  7 19 21   2456877.46 2014  8  7 23  1   2456877.61 2014  8  8  2 40
 2456882.94 2014  8 13 10 33   2456883.09 2014  8 13 14 13   2456883.24 2014  8 13 17 52
 2456888.57 2014  8 19  1 45   2456888.73 2014  8 19  5 25   2456888.88 2014  8 19  9  4
 2456894.21 2014  8 24 16 57   2456894.36 2014  8 24 20 37   2456894.51 2014  8 25  0 17
 2456899.84 2014  8 30  8  9   2456899.99 2014  8 30 11 49   2456900.15 2014  8 30 15 29
 2456905.47 2014  9  4 23 21   2456905.63 2014  9  5  3  1   2456905.78 2014  9  5  6 41
 2456911.11 2014  9 10 14 33   2456911.26 2014  9 10 18 13   2456911.41 2014  9 10 21 54
 2456916.74 2014  9 16  5 45   2456916.89 2014  9 16  9 25   2456917.05 2014  9 16 13  6
 2456922.37 2014  9 21 20 57   2456922.53 2014  9 22  0 37   2456922.68 2014  9 22  4 18
 2456928.01 2014  9 27 12  9   2456928.16 2014  9 27 15 49   2456928.31 2014  9 27 19 30
 2456933.64 2014 10  3  3 20   2456933.79 2014 10  3  7  2   2456933.95 2014 10  3 10 43
 2456939.27 2014 10  8 18 32   2456939.43 2014 10  8 22 14   2456939.58 2014 10  9  1 55
 2456944.91 2014 10 14  9 44   2456945.06 2014 10 14 13 26   2456945.21 2014 10 14 17  7
 2456950.54 2014 10 20  0 56   2456950.69 2014 10 20  4 38   2456950.85 2014 10 20  8 20
 2456956.17 2014 10 25 16  8   2456956.33 2014 10 25 19 50   2456956.48 2014 10 25 23 32
 2456961.81 2014 10 31  7 20   2456961.96 2014 10 31 11  2   2456962.11 2014 10 31 14 44
 2456967.44 2014 11  5 22 32   2456967.59 2014 11  6  2 14   2456967.75 2014 11  6  5 57
 2456973.07 2014 11 11 13 44   2456973.23 2014 11 11 17 26   2456973.38 2014 11 11 21  9
 2456978.71 2014 11 17  4 56   2456978.86 2014 11 17  8 38   2456979.02 2014 11 17 12 21
 2456984.34 2014 11 22 20  8   2456984.49 2014 11 22 23 51   2456984.65 2014 11 23  3 33
 2456989.97 2014 11 28 11 20   2456990.13 2014 11 28 15  3   2456990.28 2014 11 28 18 46
 2456995.61 2014 12  4  2 32   2456995.76 2014 12  4  6 15   2456995.92 2014 12  4  9 58
 2457001.24 2014 12  9 17 44   2457001.39 2014 12  9 21 27   2457001.55 2014 12 10  1 10
 2457006.87 2014 12 15  8 55   2457007.03 2014 12 15 12 39   2457007.18 2014 12 15 16 23
 2457012.51 2014 12 21  0  7   2457012.66 2014 12 21  3 51   2457012.82 2014 12 21  7 35
 2457018.14 2014 12 26 15 19   2457018.29 2014 12 26 19  3   2457018.45 2014 12 26 22 47
 2457023.77 2015  1  1  6 31   2457023.93 2015  1  1 10 15   2457024.08 2015  1  1 14  0
 2457029.41 2015  1  6 21 43   2457029.56 2015  1  7  1 27   2457029.72 2015  1  7  5 12
 2457035.04 2015  1 12 12 55   2457035.19 2015  1 12 16 40   2457035.35 2015  1 12 20 24
 2457040.67 2015  1 18  4  7   2457040.83 2015  1 18  7 52   2457040.98 2015  1 18 11 36
 2457046.31 2015  1 23 19 19   2457046.46 2015  1 23 23  4   2457046.62 2015  1 24  2 49
 2457051.94 2015  1 29 10 31   2457052.09 2015  1 29 14 16   2457052.25 2015  1 29 18  1
 2457057.57 2015  2  4  1 43   2457057.73 2015  2  4  5 28   2457057.88 2015  2  4  9 13
 2457063.20 2015  2  9 16 55   2457063.36 2015  2  9 20 40   2457063.52 2015  2 10  0 26
 2457068.84 2015  2 15  8  7   2457068.99 2015  2 15 11 52   2457069.15 2015  2 15 15 38
 2457074.47 2015  2 20 23 19   2457074.63 2015  2 21  3  4   2457074.79 2015  2 21  6 50
 2457080.10 2015  2 26 14 30   2457080.26 2015  2 26 18 16   2457080.42 2015  2 26 22  3
 2457085.74 2015  3  4  5 42   2457085.90 2015  3  4  9 29   2457086.05 2015  3  4 13 15
 2457091.37 2015  3  9 20 54   2457091.53 2015  3 10  0 41   2457091.69 2015  3 10  4 27
 2457097.00 2015  3 15 12  6   2457097.16 2015  3 15 15 53   2457097.32 2015  3 15 19 39
 2457102.64 2015  3 21  3 18   2457102.80 2015  3 21  7  5   2457102.95 2015  3 21 10 52
 2457108.27 2015  3 26 18 30   2457108.43 2015  3 26 22 17   2457108.59 2015  3 27  2  4
 2457113.90 2015  4  1  9 42   2457114.06 2015  4  1 13 29   2457114.22 2015  4  1 17 16
 2457119.54 2015  4  7  0 54   2457119.70 2015  4  7  4 41   2457119.85 2015  4  7  8 29
 2457125.17 2015  4 12 16  6   2457125.33 2015  4 12 19 53   2457125.49 2015  4 12 23 41
 2457130.80 2015  4 18  7 18   2457130.96 2015  4 18 11  5   2457131.12 2015  4 18 14 53
 2457136.44 2015  4 23 22 30   2457136.60 2015  4 24  2 18   2457136.75 2015  4 24  6  6
 2457142.07 2015  4 29 13 42   2457142.23 2015  4 29 17 30   2457142.39 2015  4 29 21 18
 2457147.70 2015  5  5  4 54   2457147.86 2015  5  5  8 42   2457148.02 2015  5  5 12 30
 2457153.34 2015  5 10 20  5   2457153.50 2015  5 10 23 54   2457153.65 2015  5 11  3 42
 2457158.97 2015  5 16 11 17   2457159.13 2015  5 16 15  6   2457159.29 2015  5 16 18 55
 2457164.60 2015  5 22  2 29   2457164.76 2015  5 22  6 18   2457164.92 2015  5 22 10  7
 2457170.24 2015  5 27 17 41   2457170.40 2015  5 27 21 30   2457170.56 2015  5 28  1 19
 2457175.87 2015  6  2  8 53   2457176.03 2015  6  2 12 42   2457176.19 2015  6  2 16 32
 2457181.50 2015  6  8  0  5   2457181.66 2015  6  8  3 54   2457181.82 2015  6  8  7 44
 2457187.14 2015  6 13 15 17   2457187.30 2015  6 13 19  7   2457187.46 2015  6 13 22 56
 2457192.77 2015  6 19  6 29   2457192.93 2015  6 19 10 19   2457193.09 2015  6 19 14  8
 2457198.40 2015  6 24 21 41   2457198.56 2015  6 25  1 31   2457198.72 2015  6 25  5 21
 2457204.04 2015  6 30 12 53   2457204.20 2015  6 30 16 43   2457204.36 2015  6 30 20 33
 2457209.67 2015  7  6  4  5   2457209.83 2015  7  6  7 55   2457209.99 2015  7  6 11 45
 2457215.30 2015  7 11 19 17   2457215.46 2015  7 11 23  7   2457215.62 2015  7 12  2 58
 2457220.94 2015  7 17 10 29   2457221.10 2015  7 17 14 19   2457221.26 2015  7 17 18 10
 2457226.57 2015  7 23  1 40   2457226.73 2015  7 23  5 31   2457226.89 2015  7 23  9 22
 2457232.20 2015  7 28 16 52   2457232.36 2015  7 28 20 43   2457232.52 2015  7 29  0 35
 2457237.84 2015  8  3  8  4   2457238.00 2015  8  3 11 56   2457238.16 2015  8  3 15 47
 2457243.47 2015  8  8 23 16   2457243.63 2015  8  9  3  8   2457243.79 2015  8  9  6 59
 2457249.10 2015  8 14 14 28   2457249.26 2015  8 14 18 20   2457249.42 2015  8 14 22 11
 2457254.74 2015  8 20  5 40   2457254.90 2015  8 20  9 32   2457255.06 2015  8 20 13 24
 2457260.37 2015  8 25 20 52   2457260.53 2015  8 26  0 44   2457260.69 2015  8 26  4 36
 2457266.00 2015  8 31 12  4   2457266.16 2015  8 31 15 56   2457266.33 2015  8 31 19 48
 2457271.64 2015  9  6  3 16   2457271.80 2015  9  6  7  8   2457271.96 2015  9  6 11  1
 2457277.27 2015  9 11 18 28   2457277.43 2015  9 11 22 20   2457277.59 2015  9 12  2 13
 2457282.90 2015  9 17  9 40   2457283.06 2015  9 17 13 32   2457283.23 2015  9 17 17 25
 2457288.54 2015  9 23  0 52   2457288.70 2015  9 23  4 45   2457288.86 2015  9 23  8 38
 2457294.17 2015  9 28 16  4   2457294.33 2015  9 28 19 57   2457294.49 2015  9 28 23 50
 2457299.80 2015 10  4  7 15   2457299.96 2015 10  4 11  9   2457300.13 2015 10  4 15  2
 2457305.44 2015 10  9 22 27   2457305.60 2015 10 10  2 21   2457305.76 2015 10 10  6 14
 2457311.07 2015 10 15 13 39   2457311.23 2015 10 15 17 33   2457311.39 2015 10 15 21 27
 2457316.70 2015 10 21  4 51   2457316.87 2015 10 21  8 45   2457317.03 2015 10 21 12 39
 2457322.34 2015 10 26 20  3   2457322.50 2015 10 26 23 57   2457322.66 2015 10 27  3 51
 2457327.97 2015 11  1 11 15   2457328.13 2015 11  1 15  9   2457328.29 2015 11  1 19  4
 2457333.60 2015 11  7  2 27   2457333.77 2015 11  7  6 21   2457333.93 2015 11  7 10 16
 2457339.24 2015 11 12 17 39   2457339.40 2015 11 12 21 34   2457339.56 2015 11 13  1 28
 2457344.87 2015 11 18  8 51   2457345.03 2015 11 18 12 46   2457345.20 2015 11 18 16 41
 2457350.50 2015 11 24  0  3   2457350.67 2015 11 24  3 58   2457350.83 2015 11 24  7 53
 2457356.14 2015 11 29 15 15   2457356.30 2015 11 29 19 10   2457356.46 2015 11 29 23  5
 2457361.77 2015 12  5  6 27   2457361.93 2015 12  5 10 22   2457362.10 2015 12  5 14 17
 2457367.40 2015 12 10 21 39   2457367.57 2015 12 11  1 34   2457367.73 2015 12 11  5 30
 2457373.04 2015 12 16 12 50   2457373.20 2015 12 16 16 46   2457373.36 2015 12 16 20 42
 2457378.67 2015 12 22  4  2   2457378.83 2015 12 22  7 58   2457379.00 2015 12 22 11 54
 2457384.30 2015 12 27 19 14   2457384.47 2015 12 27 23 10   2457384.63 2015 12 28  3  7
 2457389.94 2016  1  2 10 26   2457390.10 2016  1  2 14 23   2457390.26 2016  1  2 18 19
 2457395.57 2016  1  8  1 38   2457395.73 2016  1  8  5 35   2457395.90 2016  1  8  9 31
 2457401.20 2016  1 13 16 50   2457401.37 2016  1 13 20 47   2457401.53 2016  1 14  0 43
 2457406.84 2016  1 19  8  2   2457407.00 2016  1 19 11 59   2457407.16 2016  1 19 15 56
 2457412.47 2016  1 24 23 14   2457412.63 2016  1 25  3 11   2457412.80 2016  1 25  7  8
 2457418.10 2016  1 30 14 26   2457418.27 2016  1 30 18 23   2457418.43 2016  1 30 22 20
 2457423.73 2016  2  5  5 38   2457423.90 2016  2  5  9 35   2457424.06 2016  2  5 13 33
 2457429.37 2016  2 10 20 50   2457429.53 2016  2 11  0 47   2457429.70 2016  2 11  4 45
 2457435.00 2016  2 16 12  2   2457435.17 2016  2 16 15 59   2457435.33 2016  2 16 19 57
 2457440.63 2016  2 22  3 14   2457440.80 2016  2 22  7 12   2457440.97 2016  2 22 11 10
 2457446.27 2016  2 27 18 25   2457446.43 2016  2 27 22 24   2457446.60 2016  2 28  2 22
 2457451.90 2016  3  4  9 37   2457452.07 2016  3  4 13 36   2457452.23 2016  3  4 17 34
 2457457.53 2016  3 10  0 49   2457457.70 2016  3 10  4 48   2457457.87 2016  3 10  8 46
 2457463.17 2016  3 15 16  1   2457463.33 2016  3 15 20  0   2457463.50 2016  3 15 23 59
 2457468.80 2016  3 21  7 13   2457468.97 2016  3 21 11 12   2457469.13 2016  3 21 15 11
 2457474.43 2016  3 26 22 25   2457474.60 2016  3 27  2 24   2457474.77 2016  3 27  6 23
 2457480.07 2016  4  1 13 37   2457480.23 2016  4  1 17 36   2457480.40 2016  4  1 21 36
 2457485.70 2016  4  7  4 49   2457485.87 2016  4  7  8 48   2457486.03 2016  4  7 12 48
 2457491.33 2016  4 12 20  1   2457491.50 2016  4 13  0  1   2457491.67 2016  4 13  4  0
 2457496.97 2016  4 18 11 13   2457497.13 2016  4 18 15 13   2457497.30 2016  4 18 19 13
 2457502.60 2016  4 24  2 25   2457502.77 2016  4 24  6 25   2457502.93 2016  4 24 10 25
 2457508.23 2016  4 29 17 37   2457508.40 2016  4 29 21 37   2457508.57 2016  4 30  1 37
 2457513.87 2016  5  5  8 49   2457514.03 2016  5  5 12 49   2457514.20 2016  5  5 16 49
 2457519.50 2016  5 11  0  0   2457519.67 2016  5 11  4  1   2457519.83 2016  5 11  8  2
 2457525.13 2016  5 16 15 12   2457525.30 2016  5 16 19 13   2457525.47 2016  5 16 23 14
 2457530.77 2016  5 22  6 24   2457530.93 2016  5 22 10 25   2457531.10 2016  5 22 14 26
 2457536.40 2016  5 27 21 36   2457536.57 2016  5 28  1 37   2457536.74 2016  5 28  5 39
 2457542.03 2016  6  2 12 48   2457542.20 2016  6  2 16 50   2457542.37 2016  6  2 20 51
 2457547.67 2016  6  8  4  0   2457547.83 2016  6  8  8  2   2457548.00 2016  6  8 12  3
 2457553.30 2016  6 13 19 12   2457553.47 2016  6 13 23 14   2457553.64 2016  6 14  3 16
 2457558.93 2016  6 19 10 24   2457559.10 2016  6 19 14 26   2457559.27 2016  6 19 18 28
 2457564.57 2016  6 25  1 36   2457564.74 2016  6 25  5 38   2457564.90 2016  6 25  9 40
 2457570.20 2016  6 30 16 48   2457570.37 2016  6 30 20 50   2457570.54 2016  7  1  0 52
 2457575.83 2016  7  6  8  0   2457576.00 2016  7  6 12  2   2457576.17 2016  7  6 16  5
 2457581.47 2016  7 11 23 12   2457581.64 2016  7 12  3 14   2457581.80 2016  7 12  7 17
 2457587.10 2016  7 17 14 24   2457587.27 2016  7 17 18 26   2457587.44 2016  7 17 22 29
 2457592.73 2016  7 23  5 35   2457592.90 2016  7 23  9 39   2457593.07 2016  7 23 13 42
 2457598.37 2016  7 28 20 47   2457598.54 2016  7 29  0 51   2457598.70 2016  7 29  4 54
 2457604.00 2016  8  3 11 59   2457604.17 2016  8  3 16  3   2457604.34 2016  8  3 20  6
 2457609.63 2016  8  9  3 11   2457609.80 2016  8  9  7 15   2457609.97 2016  8  9 11 18
