 Predicted Transit Epochs: HAT-P-3__ b

Observed Transit Duration:  123.5 Minutes

 Begin Transit Window           PREDICTED CENTRAL TRANSIT     End Transit Window
                                     All Times UT

                               HJD        Year M  D  H  M
 2456758.81 2014  4 11  7 20   2456758.90 2014  4 11  9 34   2456758.99 2014  4 11 11 48
 2456761.71 2014  4 14  4 56   2456761.80 2014  4 14  7 10   2456761.89 2014  4 14  9 24
 2456764.61 2014  4 17  2 31   2456764.70 2014  4 17  4 46   2456764.79 2014  4 17  7  0
 2456767.51 2014  4 20  0  7   2456767.60 2014  4 20  2 21   2456767.69 2014  4 20  4 35
 2456770.40 2014  4 22 21 42   2456770.50 2014  4 22 23 57   2456770.59 2014  4 23  2 11
 2456773.30 2014  4 25 19 18   2456773.40 2014  4 25 21 32   2456773.49 2014  4 25 23 47
 2456776.20 2014  4 28 16 53   2456776.30 2014  4 28 19  8   2456776.39 2014  4 28 21 22
 2456779.10 2014  5  1 14 29   2456779.20 2014  5  1 16 43   2456779.29 2014  5  1 18 58
 2456782.00 2014  5  4 12  4   2456782.10 2014  5  4 14 19   2456782.19 2014  5  4 16 34
 2456784.90 2014  5  7  9 40   2456785.00 2014  5  7 11 55   2456785.09 2014  5  7 14  9
 2456787.80 2014  5 10  7 15   2456787.90 2014  5 10  9 30   2456787.99 2014  5 10 11 45
 2456790.70 2014  5 13  4 51   2456790.80 2014  5 13  7  6   2456790.89 2014  5 13  9 21
 2456793.60 2014  5 16  2 26   2456793.70 2014  5 16  4 41   2456793.79 2014  5 16  6 56
 2456796.50 2014  5 19  0  2   2456796.60 2014  5 19  2 17   2456796.69 2014  5 19  4 32
 2456799.40 2014  5 21 21 37   2456799.50 2014  5 21 23 52   2456799.59 2014  5 22  2  8
 2456802.30 2014  5 24 19 13   2456802.39 2014  5 24 21 28   2456802.49 2014  5 24 23 43
 2456805.20 2014  5 27 16 48   2456805.29 2014  5 27 19  4   2456805.39 2014  5 27 21 19
 2456808.10 2014  5 30 14 24   2456808.19 2014  5 30 16 39   2456808.29 2014  5 30 18 55
 2456811.00 2014  6  2 11 59   2456811.09 2014  6  2 14 15   2456811.19 2014  6  2 16 30
 2456813.90 2014  6  5  9 35   2456813.99 2014  6  5 11 50   2456814.09 2014  6  5 14  6
 2456816.80 2014  6  8  7 10   2456816.89 2014  6  8  9 26   2456816.99 2014  6  8 11 41
 2456819.70 2014  6 11  4 46   2456819.79 2014  6 11  7  1   2456819.89 2014  6 11  9 17
 2456822.60 2014  6 14  2 21   2456822.69 2014  6 14  4 37   2456822.79 2014  6 14  6 53
 2456825.50 2014  6 16 23 57   2456825.59 2014  6 17  2 13   2456825.69 2014  6 17  4 28
 2456828.40 2014  6 19 21 32   2456828.49 2014  6 19 23 48   2456828.59 2014  6 20  2  4
 2456831.30 2014  6 22 19  8   2456831.39 2014  6 22 21 24   2456831.49 2014  6 22 23 40
 2456834.20 2014  6 25 16 43   2456834.29 2014  6 25 18 59   2456834.39 2014  6 25 21 15
 2456837.10 2014  6 28 14 19   2456837.19 2014  6 28 16 35   2456837.29 2014  6 28 18 51
 2456840.00 2014  7  1 11 54   2456840.09 2014  7  1 14 10   2456840.19 2014  7  1 16 27
 2456842.90 2014  7  4  9 30   2456842.99 2014  7  4 11 46   2456843.09 2014  7  4 14  2
 2456845.80 2014  7  7  7  5   2456845.89 2014  7  7  9 22   2456845.99 2014  7  7 11 38
 2456848.70 2014  7 10  4 41   2456848.79 2014  7 10  6 57   2456848.88 2014  7 10  9 14
 2456851.59 2014  7 13  2 16   2456851.69 2014  7 13  4 33   2456851.78 2014  7 13  6 49
 2456854.49 2014  7 15 23 52   2456854.59 2014  7 16  2  8   2456854.68 2014  7 16  4 25
 2456857.39 2014  7 18 21 27   2456857.49 2014  7 18 23 44   2456857.58 2014  7 19  2  1
 2456860.29 2014  7 21 19  3   2456860.39 2014  7 21 21 19   2456860.48 2014  7 21 23 36
 2456863.19 2014  7 24 16 38   2456863.29 2014  7 24 18 55   2456863.38 2014  7 24 21 12
 2456866.09 2014  7 27 14 14   2456866.19 2014  7 27 16 31   2456866.28 2014  7 27 18 48
 2456868.99 2014  7 30 11 49   2456869.09 2014  7 30 14  6   2456869.18 2014  7 30 16 23
 2456871.89 2014  8  2  9 25   2456871.99 2014  8  2 11 42   2456872.08 2014  8  2 13 59
 2456874.79 2014  8  5  7  0   2456874.89 2014  8  5  9 17   2456874.98 2014  8  5 11 34
 2456877.69 2014  8  8  4 36   2456877.79 2014  8  8  6 53   2456877.88 2014  8  8  9 10
 2456880.59 2014  8 11  2 11   2456880.69 2014  8 11  4 28   2456880.78 2014  8 11  6 46
 2456883.49 2014  8 13 23 47   2456883.59 2014  8 14  2  4   2456883.68 2014  8 14  4 21
 2456886.39 2014  8 16 21 22   2456886.49 2014  8 16 23 40   2456886.58 2014  8 17  1 57
 2456889.29 2014  8 19 18 58   2456889.39 2014  8 19 21 15   2456889.48 2014  8 19 23 33
 2456892.19 2014  8 22 16 33   2456892.29 2014  8 22 18 51   2456892.38 2014  8 22 21  8
 2456895.09 2014  8 25 14  9   2456895.19 2014  8 25 16 26   2456895.28 2014  8 25 18 44
 2456897.99 2014  8 28 11 44   2456898.08 2014  8 28 14  2   2456898.18 2014  8 28 16 20
 2456900.89 2014  8 31  9 20   2456900.98 2014  8 31 11 37   2456901.08 2014  8 31 13 55
 2456903.79 2014  9  3  6 55   2456903.88 2014  9  3  9 13   2456903.98 2014  9  3 11 31
 2456906.69 2014  9  6  4 31   2456906.78 2014  9  6  6 49   2456906.88 2014  9  6  9  7
 2456909.59 2014  9  9  2  6   2456909.68 2014  9  9  4 24   2456909.78 2014  9  9  6 42
 2456912.49 2014  9 11 23 42   2456912.58 2014  9 12  2  0   2456912.68 2014  9 12  4 18
 2456915.39 2014  9 14 21 17   2456915.48 2014  9 14 23 35   2456915.58 2014  9 15  1 54
 2456918.29 2014  9 17 18 53   2456918.38 2014  9 17 21 11   2456918.48 2014  9 17 23 29
 2456921.19 2014  9 20 16 28   2456921.28 2014  9 20 18 46   2456921.38 2014  9 20 21  5
 2456924.09 2014  9 23 14  4   2456924.18 2014  9 23 16 22   2456924.28 2014  9 23 18 41
 2456926.99 2014  9 26 11 39   2456927.08 2014  9 26 13 58   2456927.18 2014  9 26 16 16
 2456929.89 2014  9 29  9 14   2456929.98 2014  9 29 11 33   2456930.08 2014  9 29 13 52
 2456932.79 2014 10  2  6 50   2456932.88 2014 10  2  9  9   2456932.98 2014 10  2 11 27
 2456935.68 2014 10  5  4 25   2456935.78 2014 10  5  6 44   2456935.88 2014 10  5  9  3
 2456938.58 2014 10  8  2  1   2456938.68 2014 10  8  4 20   2456938.78 2014 10  8  6 39
 2456941.48 2014 10 10 23 36   2456941.58 2014 10 11  1 55   2456941.68 2014 10 11  4 14
 2456944.38 2014 10 13 21 12   2456944.48 2014 10 13 23 31   2456944.58 2014 10 14  1 50
 2456947.28 2014 10 16 18 47   2456947.38 2014 10 16 21  7   2456947.48 2014 10 16 23 26
 2456950.18 2014 10 19 16 23   2456950.28 2014 10 19 18 42   2456950.38 2014 10 19 21  1
 2456953.08 2014 10 22 13 58   2456953.18 2014 10 22 16 18   2456953.28 2014 10 22 18 37
 2456955.98 2014 10 25 11 34   2456956.08 2014 10 25 13 53   2456956.18 2014 10 25 16 13
 2456958.88 2014 10 28  9  9   2456958.98 2014 10 28 11 29   2456959.08 2014 10 28 13 48
 2456961.78 2014 10 31  6 45   2456961.88 2014 10 31  9  4   2456961.98 2014 10 31 11 24
 2456964.68 2014 11  3  4 20   2456964.78 2014 11  3  6 40   2456964.88 2014 11  3  9  0
 2456967.58 2014 11  6  1 56   2456967.68 2014 11  6  4 16   2456967.77 2014 11  6  6 35
 2456970.48 2014 11  8 23 31   2456970.58 2014 11  9  1 51   2456970.67 2014 11  9  4 11
 2456973.38 2014 11 11 21  7   2456973.48 2014 11 11 23 27   2456973.57 2014 11 12  1 47
 2456976.28 2014 11 14 18 42   2456976.38 2014 11 14 21  2   2456976.47 2014 11 14 23 22
 2456979.18 2014 11 17 16 18   2456979.28 2014 11 17 18 38   2456979.37 2014 11 17 20 58
 2456982.08 2014 11 20 13 53   2456982.18 2014 11 20 16 13   2456982.27 2014 11 20 18 34
 2456984.98 2014 11 23 11 29   2456985.08 2014 11 23 13 49   2456985.17 2014 11 23 16  9
 2456987.88 2014 11 26  9  4   2456987.98 2014 11 26 11 25   2456988.07 2014 11 26 13 45
 2456990.78 2014 11 29  6 40   2456990.88 2014 11 29  9  0   2456990.97 2014 11 29 11 20
 2456993.68 2014 12  2  4 15   2456993.78 2014 12  2  6 36   2456993.87 2014 12  2  8 56
 2456996.58 2014 12  5  1 51   2456996.67 2014 12  5  4 11   2456996.77 2014 12  5  6 32
 2456999.48 2014 12  7 23 26   2456999.57 2014 12  8  1 47   2456999.67 2014 12  8  4  7
 2457002.38 2014 12 10 21  2   2457002.47 2014 12 10 23 22   2457002.57 2014 12 11  1 43
 2457005.28 2014 12 13 18 37   2457005.37 2014 12 13 20 58   2457005.47 2014 12 13 23 19
 2457008.18 2014 12 16 16 13   2457008.27 2014 12 16 18 34   2457008.37 2014 12 16 20 54
 2457011.08 2014 12 19 13 48   2457011.17 2014 12 19 16  9   2457011.27 2014 12 19 18 30
 2457013.98 2014 12 22 11 24   2457014.07 2014 12 22 13 45   2457014.17 2014 12 22 16  6
 2457016.87 2014 12 25  8 59   2457016.97 2014 12 25 11 20   2457017.07 2014 12 25 13 41
 2457019.77 2014 12 28  6 35   2457019.87 2014 12 28  8 56   2457019.97 2014 12 28 11 17
 2457022.67 2014 12 31  4 10   2457022.77 2014 12 31  6 31   2457022.87 2014 12 31  8 53
 2457025.57 2015  1  3  1 46   2457025.67 2015  1  3  4  7   2457025.77 2015  1  3  6 28
 2457028.47 2015  1  5 23 21   2457028.57 2015  1  6  1 43   2457028.67 2015  1  6  4  4
 2457031.37 2015  1  8 20 57   2457031.47 2015  1  8 23 18   2457031.57 2015  1  9  1 40
 2457034.27 2015  1 11 18 32   2457034.37 2015  1 11 20 54   2457034.47 2015  1 11 23 15
 2457037.17 2015  1 14 16  8   2457037.27 2015  1 14 18 29   2457037.37 2015  1 14 20 51
 2457040.07 2015  1 17 13 43   2457040.17 2015  1 17 16  5   2457040.27 2015  1 17 18 27
 2457042.97 2015  1 20 11 19   2457043.07 2015  1 20 13 40   2457043.17 2015  1 20 16  2
 2457045.87 2015  1 23  8 54   2457045.97 2015  1 23 11 16   2457046.07 2015  1 23 13 38
 2457048.77 2015  1 26  6 30   2457048.87 2015  1 26  8 52   2457048.97 2015  1 26 11 13
 2457051.67 2015  1 29  4  5   2457051.77 2015  1 29  6 27   2457051.87 2015  1 29  8 49
 2457054.57 2015  2  1  1 41   2457054.67 2015  2  1  4  3   2457054.77 2015  2  1  6 25
 2457057.47 2015  2  3 23 16   2457057.57 2015  2  4  1 38   2457057.67 2015  2  4  4  0
 2457060.37 2015  2  6 20 52   2457060.47 2015  2  6 23 14   2457060.57 2015  2  7  1 36
 2457063.27 2015  2  9 18 27   2457063.37 2015  2  9 20 49   2457063.47 2015  2  9 23 12
 2457066.17 2015  2 12 16  3   2457066.27 2015  2 12 18 25   2457066.37 2015  2 12 20 47
 2457069.07 2015  2 15 13 38   2457069.17 2015  2 15 16  1   2457069.27 2015  2 15 18 23
 2457071.97 2015  2 18 11 14   2457072.07 2015  2 18 13 36   2457072.17 2015  2 18 15 59
 2457074.87 2015  2 21  8 49   2457074.97 2015  2 21 11 12   2457075.07 2015  2 21 13 34
 2457077.77 2015  2 24  6 25   2457077.87 2015  2 24  8 47   2457077.97 2015  2 24 11 10
 2457080.67 2015  2 27  4  0   2457080.77 2015  2 27  6 23   2457080.87 2015  2 27  8 46
 2457083.57 2015  3  2  1 36   2457083.67 2015  3  2  3 58   2457083.77 2015  3  2  6 21
 2457086.47 2015  3  4 23 11   2457086.57 2015  3  5  1 34   2457086.66 2015  3  5  3 57
 2457089.37 2015  3  7 20 47   2457089.47 2015  3  7 23 10   2457089.56 2015  3  8  1 33
 2457092.27 2015  3 10 18 22   2457092.37 2015  3 10 20 45   2457092.46 2015  3 10 23  8
 2457095.17 2015  3 13 15 58   2457095.26 2015  3 13 18 21   2457095.36 2015  3 13 20 44
 2457098.07 2015  3 16 13 33   2457098.16 2015  3 16 15 56   2457098.26 2015  3 16 18 20
 2457100.96 2015  3 19 11  9   2457101.06 2015  3 19 13 32   2457101.16 2015  3 19 15 55
 2457103.86 2015  3 22  8 44   2457103.96 2015  3 22 11  7   2457104.06 2015  3 22 13 31
 2457106.76 2015  3 25  6 20   2457106.86 2015  3 25  8 43   2457106.96 2015  3 25 11  6
 2457109.66 2015  3 28  3 55   2457109.76 2015  3 28  6 19   2457109.86 2015  3 28  8 42
 2457112.56 2015  3 31  1 31   2457112.66 2015  3 31  3 54   2457112.76 2015  3 31  6 18
 2457115.46 2015  4  2 23  6   2457115.56 2015  4  3  1 30   2457115.66 2015  4  3  3 53
 2457118.36 2015  4  5 20 42   2457118.46 2015  4  5 23  5   2457118.56 2015  4  6  1 29
 2457121.26 2015  4  8 18 17   2457121.36 2015  4  8 20 41   2457121.46 2015  4  8 23  5
 2457124.16 2015  4 11 15 53   2457124.26 2015  4 11 18 17   2457124.36 2015  4 11 20 40
 2457127.06 2015  4 14 13 28   2457127.16 2015  4 14 15 52   2457127.26 2015  4 14 18 16
 2457129.96 2015  4 17 11  4   2457130.06 2015  4 17 13 28   2457130.16 2015  4 17 15 52
 2457132.86 2015  4 20  8 39   2457132.96 2015  4 20 11  3   2457133.06 2015  4 20 13 27
 2457135.76 2015  4 23  6 15   2457135.86 2015  4 23  8 39   2457135.96 2015  4 23 11  3
 2457138.66 2015  4 26  3 50   2457138.76 2015  4 26  6 14   2457138.86 2015  4 26  8 39
 2457141.56 2015  4 29  1 26   2457141.66 2015  4 29  3 50   2457141.76 2015  4 29  6 14
 2457144.46 2015  5  1 23  1   2457144.56 2015  5  2  1 26   2457144.66 2015  5  2  3 50
 2457147.36 2015  5  4 20 37   2457147.46 2015  5  4 23  1   2457147.56 2015  5  5  1 26
 2457150.26 2015  5  7 18 12   2457150.36 2015  5  7 20 37   2457150.46 2015  5  7 23  1
 2457153.16 2015  5 10 15 48   2457153.26 2015  5 10 18 12   2457153.36 2015  5 10 20 37
 2457156.06 2015  5 13 13 23   2457156.16 2015  5 13 15 48   2457156.26 2015  5 13 18 13
 2457158.96 2015  5 16 10 59   2457159.06 2015  5 16 13 23   2457159.16 2015  5 16 15 48
 2457161.86 2015  5 19  8 34   2457161.96 2015  5 19 10 59   2457162.06 2015  5 19 13 24
 2457164.76 2015  5 22  6 10   2457164.86 2015  5 22  8 35   2457164.96 2015  5 22 10 59
 2457167.66 2015  5 25  3 45   2457167.76 2015  5 25  6 10   2457167.86 2015  5 25  8 35
 2457170.56 2015  5 28  1 21   2457170.66 2015  5 28  3 46   2457170.76 2015  5 28  6 11
 2457173.46 2015  5 30 22 56   2457173.56 2015  5 31  1 21   2457173.66 2015  5 31  3 46
 2457176.36 2015  6  2 20 32   2457176.46 2015  6  2 22 57   2457176.56 2015  6  3  1 22
 2457179.26 2015  6  5 18  7   2457179.36 2015  6  5 20 32   2457179.46 2015  6  5 22 58
 2457182.15 2015  6  8 15 43   2457182.26 2015  6  8 18  8   2457182.36 2015  6  8 20 33
 2457185.05 2015  6 11 13 18   2457185.16 2015  6 11 15 44   2457185.26 2015  6 11 18  9
 2457187.95 2015  6 14 10 54   2457188.06 2015  6 14 13 19   2457188.16 2015  6 14 15 45
 2457190.85 2015  6 17  8 29   2457190.95 2015  6 17 10 55   2457191.06 2015  6 17 13 20
 2457193.75 2015  6 20  6  5   2457193.85 2015  6 20  8 30   2457193.96 2015  6 20 10 56
 2457196.65 2015  6 23  3 40   2457196.75 2015  6 23  6  6   2457196.86 2015  6 23  8 32
 2457199.55 2015  6 26  1 15   2457199.65 2015  6 26  3 41   2457199.76 2015  6 26  6  7
 2457202.45 2015  6 28 22 51   2457202.55 2015  6 29  1 17   2457202.66 2015  6 29  3 43
 2457205.35 2015  7  1 20 26   2457205.45 2015  7  1 22 53   2457205.55 2015  7  2  1 19
 2457208.25 2015  7  4 18  2   2457208.35 2015  7  4 20 28   2457208.45 2015  7  4 22 54
 2457211.15 2015  7  7 15 37   2457211.25 2015  7  7 18  4   2457211.35 2015  7  7 20 30
 2457214.05 2015  7 10 13 13   2457214.15 2015  7 10 15 39   2457214.25 2015  7 10 18  6
 2457216.95 2015  7 13 10 48   2457217.05 2015  7 13 13 15   2457217.15 2015  7 13 15 41
 2457219.85 2015  7 16  8 24   2457219.95 2015  7 16 10 50   2457220.05 2015  7 16 13 17
 2457222.75 2015  7 19  5 59   2457222.85 2015  7 19  8 26   2457222.95 2015  7 19 10 52
 2457225.65 2015  7 22  3 35   2457225.75 2015  7 22  6  2   2457225.85 2015  7 22  8 28
 2457228.55 2015  7 25  1 10   2457228.65 2015  7 25  3 37   2457228.75 2015  7 25  6  4
 2457231.45 2015  7 27 22 46   2457231.55 2015  7 28  1 13   2457231.65 2015  7 28  3 39
 2457234.35 2015  7 30 20 21   2457234.45 2015  7 30 22 48   2457234.55 2015  7 31  1 15
 2457237.25 2015  8  2 17 57   2457237.35 2015  8  2 20 24   2457237.45 2015  8  2 22 51
 2457240.15 2015  8  5 15 32   2457240.25 2015  8  5 17 59   2457240.35 2015  8  5 20 26
 2457243.05 2015  8  8 13  8   2457243.15 2015  8  8 15 35   2457243.25 2015  8  8 18  2
 2457245.95 2015  8 11 10 43   2457246.05 2015  8 11 13 11   2457246.15 2015  8 11 15 38
 2457248.85 2015  8 14  8 19   2457248.95 2015  8 14 10 46   2457249.05 2015  8 14 13 13
 2457251.75 2015  8 17  5 54   2457251.85 2015  8 17  8 22   2457251.95 2015  8 17 10 49
 2457254.65 2015  8 20  3 30   2457254.75 2015  8 20  5 57   2457254.85 2015  8 20  8 25
 2457257.55 2015  8 23  1  5   2457257.65 2015  8 23  3 33   2457257.75 2015  8 23  6  0
 2457260.45 2015  8 25 22 41   2457260.55 2015  8 26  1  8   2457260.65 2015  8 26  3 36
 2457263.35 2015  8 28 20 16   2457263.45 2015  8 28 22 44   2457263.55 2015  8 29  1 12
 2457266.24 2015  8 31 17 52   2457266.35 2015  8 31 20 20   2457266.45 2015  8 31 22 47
 2457269.14 2015  9  3 15 27   2457269.25 2015  9  3 17 55   2457269.35 2015  9  3 20 23
 2457272.04 2015  9  6 13  3   2457272.15 2015  9  6 15 31   2457272.25 2015  9  6 17 59
 2457274.94 2015  9  9 10 38   2457275.05 2015  9  9 13  6   2457275.15 2015  9  9 15 34
 2457277.84 2015  9 12  8 14   2457277.95 2015  9 12 10 42   2457278.05 2015  9 12 13 10
 2457280.74 2015  9 15  5 49   2457280.85 2015  9 15  8 17   2457280.95 2015  9 15 10 45
 2457283.64 2015  9 18  3 25   2457283.75 2015  9 18  5 53   2457283.85 2015  9 18  8 21
 2457286.54 2015  9 21  1  0   2457286.65 2015  9 21  3 29   2457286.75 2015  9 21  5 57
 2457289.44 2015  9 23 22 36   2457289.54 2015  9 24  1  4   2457289.65 2015  9 24  3 32
 2457292.34 2015  9 26 20 11   2457292.44 2015  9 26 22 40   2457292.55 2015  9 27  1  8
 2457295.24 2015  9 29 17 47   2457295.34 2015  9 29 20 15   2457295.45 2015  9 29 22 44
 2457298.14 2015 10  2 15 22   2457298.24 2015 10  2 17 51   2457298.35 2015 10  2 20 19
 2457301.04 2015 10  5 12 58   2457301.14 2015 10  5 15 26   2457301.25 2015 10  5 17 55
 2457303.94 2015 10  8 10 33   2457304.04 2015 10  8 13  2   2457304.15 2015 10  8 15 31
 2457306.84 2015 10 11  8  9   2457306.94 2015 10 11 10 38   2457307.05 2015 10 11 13  6
 2457309.74 2015 10 14  5 44   2457309.84 2015 10 14  8 13   2457309.95 2015 10 14 10 42
 2457312.64 2015 10 17  3 20   2457312.74 2015 10 17  5 49   2457312.85 2015 10 17  8 18
 2457315.54 2015 10 20  0 55   2457315.64 2015 10 20  3 24   2457315.75 2015 10 20  5 53
 2457318.44 2015 10 22 22 31   2457318.54 2015 10 23  1  0   2457318.65 2015 10 23  3 29
 2457321.34 2015 10 25 20  6   2457321.44 2015 10 25 22 35   2457321.55 2015 10 26  1  5
 2457324.24 2015 10 28 17 42   2457324.34 2015 10 28 20 11   2457324.44 2015 10 28 22 40
 2457327.14 2015 10 31 15 17   2457327.24 2015 10 31 17 47   2457327.34 2015 10 31 20 16
 2457330.04 2015 11  3 12 53   2457330.14 2015 11  3 15 22   2457330.24 2015 11  3 17 52
 2457332.94 2015 11  6 10 28   2457333.04 2015 11  6 12 58   2457333.14 2015 11  6 15 27
 2457335.84 2015 11  9  8  4   2457335.94 2015 11  9 10 33   2457336.04 2015 11  9 13  3
 2457338.74 2015 11 12  5 39   2457338.84 2015 11 12  8  9   2457338.94 2015 11 12 10 38
 2457341.64 2015 11 15  3 15   2457341.74 2015 11 15  5 44   2457341.84 2015 11 15  8 14
 2457344.54 2015 11 18  0 50   2457344.64 2015 11 18  3 20   2457344.74 2015 11 18  5 50
 2457347.43 2015 11 20 22 26   2457347.54 2015 11 21  0 56   2457347.64 2015 11 21  3 25
 2457350.33 2015 11 23 20  1   2457350.44 2015 11 23 22 31   2457350.54 2015 11 24  1  1
 2457353.23 2015 11 26 17 37   2457353.34 2015 11 26 20  7   2457353.44 2015 11 26 22 37
 2457356.13 2015 11 29 15 12   2457356.24 2015 11 29 17 42   2457356.34 2015 11 29 20 12
 2457359.03 2015 12  2 12 48   2457359.14 2015 12  2 15 18   2457359.24 2015 12  2 17 48
 2457361.93 2015 12  5 10 23   2457362.04 2015 12  5 12 53   2457362.14 2015 12  5 15 24
 2457364.83 2015 12  8  7 59   2457364.94 2015 12  8 10 29   2457365.04 2015 12  8 12 59
 2457367.73 2015 12 11  5 34   2457367.84 2015 12 11  8  5   2457367.94 2015 12 11 10 35
 2457370.63 2015 12 14  3 10   2457370.74 2015 12 14  5 40   2457370.84 2015 12 14  8 11
 2457373.53 2015 12 17  0 45   2457373.64 2015 12 17  3 16   2457373.74 2015 12 17  5 46
 2457376.43 2015 12 19 22 21   2457376.54 2015 12 20  0 51   2457376.64 2015 12 20  3 22
 2457379.33 2015 12 22 19 56   2457379.44 2015 12 22 22 27   2457379.54 2015 12 23  0 58
 2457382.23 2015 12 25 17 32   2457382.34 2015 12 25 20  2   2457382.44 2015 12 25 22 33
 2457385.13 2015 12 28 15  7   2457385.24 2015 12 28 17 38   2457385.34 2015 12 28 20  9
 2457388.03 2015 12 31 12 43   2457388.13 2015 12 31 15 14   2457388.24 2015 12 31 17 45
 2457390.93 2016  1  3 10 18   2457391.03 2016  1  3 12 49   2457391.14 2016  1  3 15 20
 2457393.83 2016  1  6  7 54   2457393.93 2016  1  6 10 25   2457394.04 2016  1  6 12 56
 2457396.73 2016  1  9  5 29   2457396.83 2016  1  9  8  0   2457396.94 2016  1  9 10 31
 2457399.63 2016  1 12  3  5   2457399.73 2016  1 12  5 36   2457399.84 2016  1 12  8  7
 2457402.53 2016  1 15  0 40   2457402.63 2016  1 15  3 11   2457402.74 2016  1 15  5 43
 2457405.43 2016  1 17 22 16   2457405.53 2016  1 18  0 47   2457405.64 2016  1 18  3 18
 2457408.33 2016  1 20 19 51   2457408.43 2016  1 20 22 23   2457408.54 2016  1 21  0 54
 2457411.23 2016  1 23 17 27   2457411.33 2016  1 23 19 58   2457411.44 2016  1 23 22 30
 2457414.13 2016  1 26 15  2   2457414.23 2016  1 26 17 34   2457414.34 2016  1 26 20  5
 2457417.03 2016  1 29 12 38   2457417.13 2016  1 29 15  9   2457417.24 2016  1 29 17 41
 2457419.93 2016  2  1 10 13   2457420.03 2016  2  1 12 45   2457420.14 2016  2  1 15 17
 2457422.83 2016  2  4  7 49   2457422.93 2016  2  4 10 20   2457423.04 2016  2  4 12 52
 2457425.73 2016  2  7  5 24   2457425.83 2016  2  7  7 56   2457425.94 2016  2  7 10 28
 2457428.63 2016  2 10  3  0   2457428.73 2016  2 10  5 32   2457428.84 2016  2 10  8  4
 2457431.52 2016  2 13  0 35   2457431.63 2016  2 13  3  7   2457431.74 2016  2 13  5 39
 2457434.42 2016  2 15 22 11   2457434.53 2016  2 16  0 43   2457434.64 2016  2 16  3 15
 2457437.32 2016  2 18 19 46   2457437.43 2016  2 18 22 18   2457437.54 2016  2 19  0 51
 2457440.22 2016  2 21 17 22   2457440.33 2016  2 21 19 54   2457440.44 2016  2 21 22 26
 2457443.12 2016  2 24 14 57   2457443.23 2016  2 24 17 29   2457443.33 2016  2 24 20  2
 2457446.02 2016  2 27 12 33   2457446.13 2016  2 27 15  5   2457446.23 2016  2 27 17 38
 2457448.92 2016  3  1 10  8   2457449.03 2016  3  1 12 41   2457449.13 2016  3  1 15 13
 2457451.82 2016  3  4  7 44   2457451.93 2016  3  4 10 16   2457452.03 2016  3  4 12 49
 2457454.72 2016  3  7  5 19   2457454.83 2016  3  7  7 52   2457454.93 2016  3  7 10 24
 2457457.62 2016  3 10  2 55   2457457.73 2016  3 10  5 27   2457457.83 2016  3 10  8  0
 2457460.52 2016  3 13  0 30   2457460.63 2016  3 13  3  3   2457460.73 2016  3 13  5 36
 2457463.42 2016  3 15 22  5   2457463.53 2016  3 16  0 38   2457463.63 2016  3 16  3 11
 2457466.32 2016  3 18 19 41   2457466.43 2016  3 18 22 14   2457466.53 2016  3 19  0 47
 2457469.22 2016  3 21 17 16   2457469.33 2016  3 21 19 50   2457469.43 2016  3 21 22 23
 2457472.12 2016  3 24 14 52   2457472.23 2016  3 24 17 25   2457472.33 2016  3 24 19 58
 2457475.02 2016  3 27 12 27   2457475.13 2016  3 27 15  1   2457475.23 2016  3 27 17 34
 2457477.92 2016  3 30 10  3   2457478.03 2016  3 30 12 36   2457478.13 2016  3 30 15 10
 2457480.82 2016  4  2  7 38   2457480.93 2016  4  2 10 12   2457481.03 2016  4  2 12 45
 2457483.72 2016  4  5  5 14   2457483.82 2016  4  5  7 47   2457483.93 2016  4  5 10 21
 2457486.62 2016  4  8  2 49   2457486.72 2016  4  8  5 23   2457486.83 2016  4  8  7 57
 2457489.52 2016  4 11  0 25   2457489.62 2016  4 11  2 59   2457489.73 2016  4 11  5 32
 2457492.42 2016  4 13 22  0   2457492.52 2016  4 14  0 34   2457492.63 2016  4 14  3  8
 2457495.32 2016  4 16 19 36   2457495.42 2016  4 16 22 10   2457495.53 2016  4 17  0 44
 2457498.22 2016  4 19 17 11   2457498.32 2016  4 19 19 45   2457498.43 2016  4 19 22 19
 2457501.12 2016  4 22 14 47   2457501.22 2016  4 22 17 21   2457501.33 2016  4 22 19 55
 2457504.02 2016  4 25 12 22   2457504.12 2016  4 25 14 56   2457504.23 2016  4 25 17 31
 2457506.92 2016  4 28  9 58   2457507.02 2016  4 28 12 32   2457507.13 2016  4 28 15  6
 2457509.82 2016  5  1  7 33   2457509.92 2016  5  1 10  8   2457510.03 2016  5  1 12 42
 2457512.71 2016  5  4  5  9   2457512.82 2016  5  4  7 43   2457512.93 2016  5  4 10 17
 2457515.61 2016  5  7  2 44   2457515.72 2016  5  7  5 19   2457515.83 2016  5  7  7 53
 2457518.51 2016  5 10  0 20   2457518.62 2016  5 10  2 54   2457518.73 2016  5 10  5 29
 2457521.41 2016  5 12 21 55   2457521.52 2016  5 13  0 30   2457521.63 2016  5 13  3  4
 2457524.31 2016  5 15 19 31   2457524.42 2016  5 15 22  5   2457524.53 2016  5 16  0 40
 2457527.21 2016  5 18 17  6   2457527.32 2016  5 18 19 41   2457527.43 2016  5 18 22 16
 2457530.11 2016  5 21 14 42   2457530.22 2016  5 21 17 17   2457530.33 2016  5 21 19 51
 2457533.01 2016  5 24 12 17   2457533.12 2016  5 24 14 52   2457533.23 2016  5 24 17 27
 2457535.91 2016  5 27  9 53   2457536.02 2016  5 27 12 28   2457536.13 2016  5 27 15  3
 2457538.81 2016  5 30  7 28   2457538.92 2016  5 30 10  3   2457539.03 2016  5 30 12 38
 2457541.71 2016  6  2  5  4   2457541.82 2016  6  2  7 39   2457541.93 2016  6  2 10 14
 2457544.61 2016  6  5  2 39   2457544.72 2016  6  5  5 14   2457544.83 2016  6  5  7 50
 2457547.51 2016  6  8  0 15   2457547.62 2016  6  8  2 50   2457547.73 2016  6  8  5 25
 2457550.41 2016  6 10 21 50   2457550.52 2016  6 11  0 26   2457550.63 2016  6 11  3  1
 2457553.31 2016  6 13 19 26   2457553.42 2016  6 13 22  1   2457553.53 2016  6 14  0 37
 2457556.21 2016  6 16 17  1   2457556.32 2016  6 16 19 37   2457556.43 2016  6 16 22 12
 2457559.11 2016  6 19 14 37   2457559.22 2016  6 19 17 12   2457559.33 2016  6 19 19 48
 2457562.01 2016  6 22 12 12   2457562.12 2016  6 22 14 48   2457562.23 2016  6 22 17 24
 2457564.91 2016  6 25  9 48   2457565.02 2016  6 25 12 23   2457565.12 2016  6 25 14 59
 2457567.81 2016  6 28  7 23   2457567.92 2016  6 28  9 59   2457568.02 2016  6 28 12 35
 2457570.71 2016  7  1  4 59   2457570.82 2016  7  1  7 35   2457570.92 2016  7  1 10 10
 2457573.61 2016  7  4  2 34   2457573.72 2016  7  4  5 10   2457573.82 2016  7  4  7 46
 2457576.51 2016  7  7  0 10   2457576.62 2016  7  7  2 46   2457576.72 2016  7  7  5 22
 2457579.41 2016  7  9 21 45   2457579.52 2016  7 10  0 21   2457579.62 2016  7 10  2 57
 2457582.31 2016  7 12 19 21   2457582.41 2016  7 12 21 57   2457582.52 2016  7 13  0 33
 2457585.21 2016  7 15 16 56   2457585.31 2016  7 15 19 32   2457585.42 2016  7 15 22  9
 2457588.11 2016  7 18 14 32   2457588.21 2016  7 18 17  8   2457588.32 2016  7 18 19 44
 2457591.01 2016  7 21 12  7   2457591.11 2016  7 21 14 44   2457591.22 2016  7 21 17 20
 2457593.91 2016  7 24  9 43   2457594.01 2016  7 24 12 19   2457594.12 2016  7 24 14 56
 2457596.80 2016  7 27  7 18   2457596.91 2016  7 27  9 55   2457597.02 2016  7 27 12 31
 2457599.70 2016  7 30  4 54   2457599.81 2016  7 30  7 30   2457599.92 2016  7 30 10  7
 2457602.60 2016  8  2  2 29   2457602.71 2016  8  2  5  6   2457602.82 2016  8  2  7 43
 2457605.50 2016  8  5  0  5   2457605.61 2016  8  5  2 42   2457605.72 2016  8  5  5 18
 2457608.40 2016  8  7 21 40   2457608.51 2016  8  8  0 17   2457608.62 2016  8  8  2 54
