 Predicted Transit Epochs: HAT-P-13_ b

Observed Transit Duration:  193.7 Minutes

 Begin Transit Window           PREDICTED CENTRAL TRANSIT     End Transit Window
                                     All Times UT

                               HJD        Year M  D  H  M
 2456757.07 2014  4  9 13 44   2456757.15 2014  4  9 15 32   2456757.22 2014  4  9 17 19
 2456759.99 2014  4 12 11 44   2456760.06 2014  4 12 13 31   2456760.14 2014  4 12 15 18
 2456762.91 2014  4 15  9 43   2456762.98 2014  4 15 11 30   2456763.05 2014  4 15 13 18
 2456765.82 2014  4 18  7 43   2456765.90 2014  4 18  9 30   2456765.97 2014  4 18 11 17
 2456768.74 2014  4 21  5 42   2456768.81 2014  4 21  7 29   2456768.89 2014  4 21  9 16
 2456771.65 2014  4 24  3 41   2456771.73 2014  4 24  5 29   2456771.80 2014  4 24  7 16
 2456774.57 2014  4 27  1 41   2456774.64 2014  4 27  3 28   2456774.72 2014  4 27  5 15
 2456777.49 2014  4 29 23 40   2456777.56 2014  4 30  1 27   2456777.64 2014  4 30  3 15
 2456780.40 2014  5  2 21 40   2456780.48 2014  5  2 23 27   2456780.55 2014  5  3  1 14
 2456783.32 2014  5  5 19 39   2456783.39 2014  5  5 21 26   2456783.47 2014  5  5 23 13
 2456786.24 2014  5  8 17 38   2456786.31 2014  5  8 19 26   2456786.38 2014  5  8 21 13
 2456789.15 2014  5 11 15 38   2456789.23 2014  5 11 17 25   2456789.30 2014  5 11 19 12
 2456792.07 2014  5 14 13 37   2456792.14 2014  5 14 15 24   2456792.22 2014  5 14 17 12
 2456794.98 2014  5 17 11 36   2456795.06 2014  5 17 13 24   2456795.13 2014  5 17 15 11
 2456797.90 2014  5 20  9 36   2456797.97 2014  5 20 11 23   2456798.05 2014  5 20 13 11
 2456800.82 2014  5 23  7 35   2456800.89 2014  5 23  9 23   2456800.97 2014  5 23 11 10
 2456803.73 2014  5 26  5 35   2456803.81 2014  5 26  7 22   2456803.88 2014  5 26  9  9
 2456806.65 2014  5 29  3 34   2456806.72 2014  5 29  5 21   2456806.80 2014  5 29  7  9
 2456809.57 2014  6  1  1 33   2456809.64 2014  6  1  3 21   2456809.71 2014  6  1  5  8
 2456812.48 2014  6  3 23 33   2456812.56 2014  6  4  1 20   2456812.63 2014  6  4  3  8
 2456815.40 2014  6  6 21 32   2456815.47 2014  6  6 23 20   2456815.55 2014  6  7  1  7
 2456818.31 2014  6  9 19 32   2456818.39 2014  6  9 21 19   2456818.46 2014  6  9 23  6
 2456821.23 2014  6 12 17 31   2456821.30 2014  6 12 19 18   2456821.38 2014  6 12 21  6
 2456824.15 2014  6 15 15 30   2456824.22 2014  6 15 17 18   2456824.30 2014  6 15 19  5
 2456827.06 2014  6 18 13 30   2456827.14 2014  6 18 15 17   2456827.21 2014  6 18 17  5
 2456829.98 2014  6 21 11 29   2456830.05 2014  6 21 13 17   2456830.13 2014  6 21 15  4
 2456832.90 2014  6 24  9 28   2456832.97 2014  6 24 11 16   2456833.04 2014  6 24 13  4
 2456835.81 2014  6 27  7 28   2456835.89 2014  6 27  9 15   2456835.96 2014  6 27 11  3
 2456838.73 2014  6 30  5 27   2456838.80 2014  6 30  7 15   2456838.88 2014  6 30  9  2
 2456841.64 2014  7  3  3 27   2456841.72 2014  7  3  5 14   2456841.79 2014  7  3  7  2
 2456844.56 2014  7  6  1 26   2456844.63 2014  7  6  3 14   2456844.71 2014  7  6  5  1
 2456847.48 2014  7  8 23 25   2456847.55 2014  7  9  1 13   2456847.63 2014  7  9  3  1
 2456850.39 2014  7 11 21 25   2456850.47 2014  7 11 23 12   2456850.54 2014  7 12  1  0
 2456853.31 2014  7 14 19 24   2456853.38 2014  7 14 21 12   2456853.46 2014  7 14 22 59
 2456856.23 2014  7 17 17 24   2456856.30 2014  7 17 19 11   2456856.37 2014  7 17 20 59
 2456859.14 2014  7 20 15 23   2456859.22 2014  7 20 17 11   2456859.29 2014  7 20 18 58
 2456862.06 2014  7 23 13 22   2456862.13 2014  7 23 15 10   2456862.21 2014  7 23 16 58
 2456864.97 2014  7 26 11 22   2456865.05 2014  7 26 13  9   2456865.12 2014  7 26 14 57
 2456867.89 2014  7 29  9 21   2456867.96 2014  7 29 11  9   2456868.04 2014  7 29 12 57
 2456870.81 2014  8  1  7 20   2456870.88 2014  8  1  9  8   2456870.96 2014  8  1 10 56
 2456873.72 2014  8  4  5 20   2456873.80 2014  8  4  7  8   2456873.87 2014  8  4  8 55
 2456876.64 2014  8  7  3 19   2456876.71 2014  8  7  5  7   2456876.79 2014  8  7  6 55
 2456879.55 2014  8 10  1 19   2456879.63 2014  8 10  3  6   2456879.70 2014  8 10  4 54
 2456882.47 2014  8 12 23 18   2456882.55 2014  8 13  1  6   2456882.62 2014  8 13  2 54
 2456885.39 2014  8 15 21 17   2456885.46 2014  8 15 23  5   2456885.54 2014  8 16  0 53
 2456888.30 2014  8 18 19 17   2456888.38 2014  8 18 21  5   2456888.45 2014  8 18 22 52
 2456891.22 2014  8 21 17 16   2456891.29 2014  8 21 19  4   2456891.37 2014  8 21 20 52
 2456894.14 2014  8 24 15 16   2456894.21 2014  8 24 17  3   2456894.29 2014  8 24 18 51
 2456897.05 2014  8 27 13 15   2456897.13 2014  8 27 15  3   2456897.20 2014  8 27 16 51
 2456899.97 2014  8 30 11 14   2456900.04 2014  8 30 13  2   2456900.12 2014  8 30 14 50
 2456902.88 2014  9  2  9 14   2456902.96 2014  9  2 11  2   2456903.03 2014  9  2 12 49
 2456905.80 2014  9  5  7 13   2456905.88 2014  9  5  9  1   2456905.95 2014  9  5 10 49
 2456908.72 2014  9  8  5 12   2456908.79 2014  9  8  7  0   2456908.87 2014  9  8  8 48
 2456911.63 2014  9 11  3 12   2456911.71 2014  9 11  5  0   2456911.78 2014  9 11  6 48
 2456914.55 2014  9 14  1 11   2456914.62 2014  9 14  2 59   2456914.70 2014  9 14  4 47
 2456917.47 2014  9 16 23 11   2456917.54 2014  9 17  0 59   2456917.62 2014  9 17  2 47
 2456920.38 2014  9 19 21 10   2456920.46 2014  9 19 22 58   2456920.53 2014  9 20  0 46
 2456923.30 2014  9 22 19  9   2456923.37 2014  9 22 20 57   2456923.45 2014  9 22 22 45
 2456926.21 2014  9 25 17  9   2456926.29 2014  9 25 18 57   2456926.36 2014  9 25 20 45
 2456929.13 2014  9 28 15  8   2456929.21 2014  9 28 16 56   2456929.28 2014  9 28 18 44
 2456932.05 2014 10  1 13  8   2456932.12 2014 10  1 14 56   2456932.20 2014 10  1 16 44
 2456934.96 2014 10  4 11  7   2456935.04 2014 10  4 12 55   2456935.11 2014 10  4 14 43
 2456937.88 2014 10  7  9  6   2456937.95 2014 10  7 10 54   2456938.03 2014 10  7 12 42
 2456940.80 2014 10 10  7  6   2456940.87 2014 10 10  8 54   2456940.95 2014 10 10 10 42
 2456943.71 2014 10 13  5  5   2456943.79 2014 10 13  6 53   2456943.86 2014 10 13  8 41
 2456946.63 2014 10 16  3  5   2456946.70 2014 10 16  4 53   2456946.78 2014 10 16  6 41
 2456949.54 2014 10 19  1  4   2456949.62 2014 10 19  2 52   2456949.69 2014 10 19  4 40
 2456952.46 2014 10 21 23  3   2456952.54 2014 10 22  0 51   2456952.61 2014 10 22  2 40
 2456955.38 2014 10 24 21  3   2456955.45 2014 10 24 22 51   2456955.53 2014 10 25  0 39
 2456958.29 2014 10 27 19  2   2456958.37 2014 10 27 20 50   2456958.44 2014 10 27 22 38
 2456961.21 2014 10 30 17  1   2456961.28 2014 10 30 18 50   2456961.36 2014 10 30 20 38
 2456964.13 2014 11  2 15  1   2456964.20 2014 11  2 16 49   2456964.28 2014 11  2 18 37
 2456967.04 2014 11  5 13  0   2456967.12 2014 11  5 14 48   2456967.19 2014 11  5 16 37
 2456969.96 2014 11  8 11  0   2456970.03 2014 11  8 12 48   2456970.11 2014 11  8 14 36
 2456972.87 2014 11 11  8 59   2456972.95 2014 11 11 10 47   2456973.02 2014 11 11 12 35
 2456975.79 2014 11 14  6 58   2456975.87 2014 11 14  8 47   2456975.94 2014 11 14 10 35
 2456978.71 2014 11 17  4 58   2456978.78 2014 11 17  6 46   2456978.86 2014 11 17  8 34
 2456981.62 2014 11 20  2 57   2456981.70 2014 11 20  4 45   2456981.77 2014 11 20  6 34
 2456984.54 2014 11 23  0 57   2456984.61 2014 11 23  2 45   2456984.69 2014 11 23  4 33
 2456987.46 2014 11 25 22 56   2456987.53 2014 11 26  0 44   2456987.61 2014 11 26  2 32
 2456990.37 2014 11 28 20 55   2456990.45 2014 11 28 22 44   2456990.52 2014 11 29  0 32
 2456993.29 2014 12  1 18 55   2456993.36 2014 12  1 20 43   2456993.44 2014 12  1 22 31
 2456996.20 2014 12  4 16 54   2456996.28 2014 12  4 18 42   2456996.36 2014 12  4 20 31
 2456999.12 2014 12  7 14 53   2456999.20 2014 12  7 16 42   2456999.27 2014 12  7 18 30
 2457002.04 2014 12 10 12 53   2457002.11 2014 12 10 14 41   2457002.19 2014 12 10 16 30
 2457004.95 2014 12 13 10 52   2457005.03 2014 12 13 12 41   2457005.10 2014 12 13 14 29
 2457007.87 2014 12 16  8 52   2457007.94 2014 12 16 10 40   2457008.02 2014 12 16 12 28
 2457010.79 2014 12 19  6 51   2457010.86 2014 12 19  8 39   2457010.94 2014 12 19 10 28
 2457013.70 2014 12 22  4 50   2457013.78 2014 12 22  6 39   2457013.85 2014 12 22  8 27
 2457016.62 2014 12 25  2 50   2457016.69 2014 12 25  4 38   2457016.77 2014 12 25  6 27
 2457019.53 2014 12 28  0 49   2457019.61 2014 12 28  2 38   2457019.69 2014 12 28  4 26
 2457022.45 2014 12 30 22 49   2457022.53 2014 12 31  0 37   2457022.60 2014 12 31  2 25
 2457025.37 2015  1  2 20 48   2457025.44 2015  1  2 22 36   2457025.52 2015  1  3  0 25
 2457028.28 2015  1  5 18 47   2457028.36 2015  1  5 20 36   2457028.43 2015  1  5 22 24
 2457031.20 2015  1  8 16 47   2457031.27 2015  1  8 18 35   2457031.35 2015  1  8 20 24
 2457034.12 2015  1 11 14 46   2457034.19 2015  1 11 16 35   2457034.27 2015  1 11 18 23
 2457037.03 2015  1 14 12 45   2457037.11 2015  1 14 14 34   2457037.18 2015  1 14 16 23
 2457039.95 2015  1 17 10 45   2457040.02 2015  1 17 12 33   2457040.10 2015  1 17 14 22
 2457042.86 2015  1 20  8 44   2457042.94 2015  1 20 10 33   2457043.02 2015  1 20 12 21
 2457045.78 2015  1 23  6 44   2457045.86 2015  1 23  8 32   2457045.93 2015  1 23 10 21
 2457048.70 2015  1 26  4 43   2457048.77 2015  1 26  6 32   2457048.85 2015  1 26  8 20
 2457051.61 2015  1 29  2 42   2457051.69 2015  1 29  4 31   2457051.76 2015  1 29  6 20
 2457054.53 2015  2  1  0 42   2457054.60 2015  2  1  2 30   2457054.68 2015  2  1  4 19
 2457057.45 2015  2  3 22 41   2457057.52 2015  2  4  0 30   2457057.60 2015  2  4  2 18
 2457060.36 2015  2  6 20 41   2457060.44 2015  2  6 22 29   2457060.51 2015  2  7  0 18
 2457063.28 2015  2  9 18 40   2457063.35 2015  2  9 20 29   2457063.43 2015  2  9 22 17
 2457066.19 2015  2 12 16 39   2457066.27 2015  2 12 18 28   2457066.35 2015  2 12 20 17
 2457069.11 2015  2 15 14 39   2457069.19 2015  2 15 16 27   2457069.26 2015  2 15 18 16
 2457072.03 2015  2 18 12 38   2457072.10 2015  2 18 14 27   2457072.18 2015  2 18 16 16
 2457074.94 2015  2 21 10 37   2457075.02 2015  2 21 12 26   2457075.09 2015  2 21 14 15
 2457077.86 2015  2 24  8 37   2457077.93 2015  2 24 10 26   2457078.01 2015  2 24 12 14
 2457080.78 2015  2 27  6 36   2457080.85 2015  2 27  8 25   2457080.93 2015  2 27 10 14
 2457083.69 2015  3  2  4 36   2457083.77 2015  3  2  6 24   2457083.84 2015  3  2  8 13
 2457086.61 2015  3  5  2 35   2457086.68 2015  3  5  4 24   2457086.76 2015  3  5  6 13
 2457089.52 2015  3  8  0 34   2457089.60 2015  3  8  2 23   2457089.68 2015  3  8  4 12
 2457092.44 2015  3 10 22 34   2457092.52 2015  3 11  0 23   2457092.59 2015  3 11  2 11
 2457095.36 2015  3 13 20 33   2457095.43 2015  3 13 22 22   2457095.51 2015  3 14  0 11
 2457098.27 2015  3 16 18 33   2457098.35 2015  3 16 20 21   2457098.42 2015  3 16 22 10
 2457101.19 2015  3 19 16 32   2457101.26 2015  3 19 18 21   2457101.34 2015  3 19 20 10
 2457104.11 2015  3 22 14 31   2457104.18 2015  3 22 16 20   2457104.26 2015  3 22 18  9
 2457107.02 2015  3 25 12 31   2457107.10 2015  3 25 14 20   2457107.17 2015  3 25 16  8
 2457109.94 2015  3 28 10 30   2457110.01 2015  3 28 12 19   2457110.09 2015  3 28 14  8
 2457112.85 2015  3 31  8 29   2457112.93 2015  3 31 10 18   2457113.01 2015  3 31 12  7
 2457115.77 2015  4  3  6 29   2457115.85 2015  4  3  8 18   2457115.92 2015  4  3 10  7
 2457118.69 2015  4  6  4 28   2457118.76 2015  4  6  6 17   2457118.84 2015  4  6  8  6
 2457121.60 2015  4  9  2 28   2457121.68 2015  4  9  4 17   2457121.75 2015  4  9  6  6
 2457124.52 2015  4 12  0 27   2457124.59 2015  4 12  2 16   2457124.67 2015  4 12  4  5
 2457127.44 2015  4 14 22 26   2457127.51 2015  4 15  0 15   2457127.59 2015  4 15  2  4
 2457130.35 2015  4 17 20 26   2457130.43 2015  4 17 22 15   2457130.50 2015  4 18  0  4
 2457133.27 2015  4 20 18 25   2457133.34 2015  4 20 20 14   2457133.42 2015  4 20 22  3
 2457136.18 2015  4 23 16 25   2457136.26 2015  4 23 18 14   2457136.34 2015  4 23 20  3
 2457139.10 2015  4 26 14 24   2457139.18 2015  4 26 16 13   2457139.25 2015  4 26 18  2
 2457142.02 2015  4 29 12 23   2457142.09 2015  4 29 14 12   2457142.17 2015  4 29 16  1
 2457144.93 2015  5  2 10 23   2457145.01 2015  5  2 12 12   2457145.08 2015  5  2 14  1
 2457147.85 2015  5  5  8 22   2457147.92 2015  5  5 10 11   2457148.00 2015  5  5 12  0
 2457150.77 2015  5  8  6 21   2457150.84 2015  5  8  8 11   2457150.92 2015  5  8 10  0
 2457153.68 2015  5 11  4 21   2457153.76 2015  5 11  6 10   2457153.83 2015  5 11  7 59
 2457156.60 2015  5 14  2 20   2457156.67 2015  5 14  4  9   2457156.75 2015  5 14  5 59
 2457159.51 2015  5 17  0 20   2457159.59 2015  5 17  2  9   2457159.67 2015  5 17  3 58
 2457162.43 2015  5 19 22 19   2457162.51 2015  5 20  0  8   2457162.58 2015  5 20  1 57
 2457165.35 2015  5 22 20 18   2457165.42 2015  5 22 22  8   2457165.50 2015  5 22 23 57
 2457168.26 2015  5 25 18 18   2457168.34 2015  5 25 20  7   2457168.41 2015  5 25 21 56
 2457171.18 2015  5 28 16 17   2457171.25 2015  5 28 18  6   2457171.33 2015  5 28 19 56
 2457174.10 2015  5 31 14 17   2457174.17 2015  5 31 16  6   2457174.25 2015  5 31 17 55
 2457177.01 2015  6  3 12 16   2457177.09 2015  6  3 14  5   2457177.16 2015  6  3 15 54
 2457179.93 2015  6  6 10 15   2457180.00 2015  6  6 12  5   2457180.08 2015  6  6 13 54
 2457182.84 2015  6  9  8 15   2457182.92 2015  6  9 10  4   2457183.00 2015  6  9 11 53
 2457185.76 2015  6 12  6 14   2457185.84 2015  6 12  8  3   2457185.91 2015  6 12  9 53
 2457188.68 2015  6 15  4 14   2457188.75 2015  6 15  6  3   2457188.83 2015  6 15  7 52
 2457191.59 2015  6 18  2 13   2457191.67 2015  6 18  4  2   2457191.74 2015  6 18  5 52
 2457194.51 2015  6 21  0 12   2457194.58 2015  6 21  2  2   2457194.66 2015  6 21  3 51
 2457197.43 2015  6 23 22 12   2457197.50 2015  6 24  0  1   2457197.58 2015  6 24  1 50
 2457200.34 2015  6 26 20 11   2457200.42 2015  6 26 22  0   2457200.49 2015  6 26 23 50
 2457203.26 2015  6 29 18 10   2457203.33 2015  6 29 20  0   2457203.41 2015  6 29 21 49
 2457206.17 2015  7  2 16 10   2457206.25 2015  7  2 17 59   2457206.33 2015  7  2 19 49
 2457209.09 2015  7  5 14  9   2457209.17 2015  7  5 15 59   2457209.24 2015  7  5 17 48
 2457212.01 2015  7  8 12  9   2457212.08 2015  7  8 13 58   2457212.16 2015  7  8 15 47
 2457214.92 2015  7 11 10  8   2457215.00 2015  7 11 11 57   2457215.07 2015  7 11 13 47
 2457217.84 2015  7 14  8  7   2457217.91 2015  7 14  9 57   2457217.99 2015  7 14 11 46
 2457220.76 2015  7 17  6  7   2457220.83 2015  7 17  7 56   2457220.91 2015  7 17  9 46
 2457223.67 2015  7 20  4  6   2457223.75 2015  7 20  5 56   2457223.82 2015  7 20  7 45
 2457226.59 2015  7 23  2  6   2457226.66 2015  7 23  3 55   2457226.74 2015  7 23  5 44
 2457229.50 2015  7 26  0  5   2457229.58 2015  7 26  1 54   2457229.66 2015  7 26  3 44
 2457232.42 2015  7 28 22  4   2457232.50 2015  7 28 23 54   2457232.57 2015  7 29  1 43
 2457235.34 2015  7 31 20  4   2457235.41 2015  7 31 21 53   2457235.49 2015  7 31 23 43
 2457238.25 2015  8  3 18  3   2457238.33 2015  8  3 19 53   2457238.40 2015  8  3 21 42
 2457241.17 2015  8  6 16  2   2457241.24 2015  8  6 17 52   2457241.32 2015  8  6 19 42
 2457244.08 2015  8  9 14  2   2457244.16 2015  8  9 15 51   2457244.24 2015  8  9 17 41
 2457247.00 2015  8 12 12  1   2457247.08 2015  8 12 13 51   2457247.15 2015  8 12 15 40
 2457249.92 2015  8 15 10  1   2457249.99 2015  8 15 11 50   2457250.07 2015  8 15 13 40
 2457252.83 2015  8 18  8  0   2457252.91 2015  8 18  9 50   2457252.99 2015  8 18 11 39
 2457255.75 2015  8 21  5 59   2457255.83 2015  8 21  7 49   2457255.90 2015  8 21  9 39
 2457258.67 2015  8 24  3 59   2457258.74 2015  8 24  5 48   2457258.82 2015  8 24  7 38
 2457261.58 2015  8 27  1 58   2457261.66 2015  8 27  3 48   2457261.73 2015  8 27  5 37
 2457264.50 2015  8 29 23 58   2457264.57 2015  8 30  1 47   2457264.65 2015  8 30  3 37
 2457267.41 2015  9  1 21 57   2457267.49 2015  9  1 23 47   2457267.57 2015  9  2  1 36
 2457270.33 2015  9  4 19 56   2457270.41 2015  9  4 21 46   2457270.48 2015  9  4 23 36
 2457273.25 2015  9  7 17 56   2457273.32 2015  9  7 19 45   2457273.40 2015  9  7 21 35
 2457276.16 2015  9 10 15 55   2457276.24 2015  9 10 17 45   2457276.32 2015  9 10 19 35
 2457279.08 2015  9 13 13 54   2457279.16 2015  9 13 15 44   2457279.23 2015  9 13 17 34
 2457282.00 2015  9 16 11 54   2457282.07 2015  9 16 13 44   2457282.15 2015  9 16 15 33
 2457284.91 2015  9 19  9 53   2457284.99 2015  9 19 11 43   2457285.06 2015  9 19 13 33
 2457287.83 2015  9 22  7 53   2457287.90 2015  9 22  9 42   2457287.98 2015  9 22 11 32
 2457290.74 2015  9 25  5 52   2457290.82 2015  9 25  7 42   2457290.90 2015  9 25  9 32
 2457293.66 2015  9 28  3 51   2457293.74 2015  9 28  5 41   2457293.81 2015  9 28  7 31
 2457296.58 2015 10  1  1 51   2457296.65 2015 10  1  3 41   2457296.73 2015 10  1  5 30
 2457299.49 2015 10  3 23 50   2457299.57 2015 10  4  1 40   2457299.65 2015 10  4  3 30
 2457302.41 2015 10  6 21 50   2457302.49 2015 10  6 23 39   2457302.56 2015 10  7  1 29
 2457305.33 2015 10  9 19 49   2457305.40 2015 10  9 21 39   2457305.48 2015 10  9 23 29
 2457308.24 2015 10 12 17 48   2457308.32 2015 10 12 19 38   2457308.39 2015 10 12 21 28
 2457311.16 2015 10 15 15 48   2457311.23 2015 10 15 17 38   2457311.31 2015 10 15 19 27
 2457314.07 2015 10 18 13 47   2457314.15 2015 10 18 15 37   2457314.23 2015 10 18 17 27
 2457316.99 2015 10 21 11 46   2457317.07 2015 10 21 13 36   2457317.14 2015 10 21 15 26
 2457319.91 2015 10 24  9 46   2457319.98 2015 10 24 11 36   2457320.06 2015 10 24 13 26
 2457322.82 2015 10 27  7 45   2457322.90 2015 10 27  9 35   2457322.98 2015 10 27 11 25
 2457325.74 2015 10 30  5 45   2457325.82 2015 10 30  7 35   2457325.89 2015 10 30  9 25
 2457328.66 2015 11  2  3 44   2457328.73 2015 11  2  5 34   2457328.81 2015 11  2  7 24
 2457331.57 2015 11  5  1 43   2457331.65 2015 11  5  3 33   2457331.72 2015 11  5  5 23
 2457334.49 2015 11  7 23 43   2457334.56 2015 11  8  1 33   2457334.64 2015 11  8  3 23
 2457337.40 2015 11 10 21 42   2457337.48 2015 11 10 23 32   2457337.56 2015 11 11  1 22
 2457340.32 2015 11 13 19 42   2457340.40 2015 11 13 21 32   2457340.47 2015 11 13 23 22
 2457343.24 2015 11 16 17 41   2457343.31 2015 11 16 19 31   2457343.39 2015 11 16 21 21
 2457346.15 2015 11 19 15 40   2457346.23 2015 11 19 17 30   2457346.31 2015 11 19 19 20
 2457349.07 2015 11 22 13 40   2457349.15 2015 11 22 15 30   2457349.22 2015 11 22 17 20
 2457351.99 2015 11 25 11 39   2457352.06 2015 11 25 13 29   2457352.14 2015 11 25 15 19
 2457354.90 2015 11 28  9 38   2457354.98 2015 11 28 11 29   2457355.06 2015 11 28 13 19
 2457357.82 2015 12  1  7 38   2457357.89 2015 12  1  9 28   2457357.97 2015 12  1 11 18
 2457360.73 2015 12  4  5 37   2457360.81 2015 12  4  7 27   2457360.89 2015 12  4  9 18
 2457363.65 2015 12  7  3 37   2457363.73 2015 12  7  5 27   2457363.80 2015 12  7  7 17
 2457366.57 2015 12 10  1 36   2457366.64 2015 12 10  3 26   2457366.72 2015 12 10  5 16
 2457369.48 2015 12 12 23 35   2457369.56 2015 12 13  1 26   2457369.64 2015 12 13  3 16
 2457372.40 2015 12 15 21 35   2457372.48 2015 12 15 23 25   2457372.55 2015 12 16  1 15
 2457375.32 2015 12 18 19 34   2457375.39 2015 12 18 21 24   2457375.47 2015 12 18 23 15
 2457378.23 2015 12 21 17 34   2457378.31 2015 12 21 19 24   2457378.39 2015 12 21 21 14
 2457381.15 2015 12 24 15 33   2457381.22 2015 12 24 17 23   2457381.30 2015 12 24 19 13
 2457384.06 2015 12 27 13 32   2457384.14 2015 12 27 15 23   2457384.22 2015 12 27 17 13
 2457386.98 2015 12 30 11 32   2457387.06 2015 12 30 13 22   2457387.13 2015 12 30 15 12
 2457389.90 2016  1  2  9 31   2457389.97 2016  1  2 11 21   2457390.05 2016  1  2 13 12
 2457392.81 2016  1  5  7 30   2457392.89 2016  1  5  9 21   2457392.97 2016  1  5 11 11
 2457395.73 2016  1  8  5 30   2457395.81 2016  1  8  7 20   2457395.88 2016  1  8  9 11
 2457398.65 2016  1 11  3 29   2457398.72 2016  1 11  5 20   2457398.80 2016  1 11  7 10
 2457401.56 2016  1 14  1 29   2457401.64 2016  1 14  3 19   2457401.72 2016  1 14  5  9
 2457404.48 2016  1 16 23 28   2457404.55 2016  1 17  1 18   2457404.63 2016  1 17  3  9
 2457407.39 2016  1 19 21 27   2457407.47 2016  1 19 23 18   2457407.55 2016  1 20  1  8
 2457410.31 2016  1 22 19 27   2457410.39 2016  1 22 21 17   2457410.46 2016  1 22 23  8
 2457413.23 2016  1 25 17 26   2457413.30 2016  1 25 19 17   2457413.38 2016  1 25 21  7
 2457416.14 2016  1 28 15 26   2457416.22 2016  1 28 17 16   2457416.30 2016  1 28 19  6
 2457419.06 2016  1 31 13 25   2457419.14 2016  1 31 15 15   2457419.21 2016  1 31 17  6
 2457421.98 2016  2  3 11 24   2457422.05 2016  2  3 13 15   2457422.13 2016  2  3 15  5
 2457424.89 2016  2  6  9 24   2457424.97 2016  2  6 11 14   2457425.05 2016  2  6 13  5
 2457427.81 2016  2  9  7 23   2457427.88 2016  2  9  9 14   2457427.96 2016  2  9 11  4
 2457430.72 2016  2 12  5 23   2457430.80 2016  2 12  7 13   2457430.88 2016  2 12  9  3
 2457433.64 2016  2 15  3 22   2457433.72 2016  2 15  5 12   2457433.79 2016  2 15  7  3
 2457436.56 2016  2 18  1 21   2457436.63 2016  2 18  3 12   2457436.71 2016  2 18  5  2
 2457439.47 2016  2 20 23 21   2457439.55 2016  2 21  1 11   2457439.63 2016  2 21  3  2
 2457442.39 2016  2 23 21 20   2457442.47 2016  2 23 23 11   2457442.54 2016  2 24  1  1
 2457445.31 2016  2 26 19 19   2457445.38 2016  2 26 21 10   2457445.46 2016  2 26 23  1
 2457448.22 2016  2 29 17 19   2457448.30 2016  2 29 19  9   2457448.38 2016  2 29 21  0
 2457451.14 2016  3  3 15 18   2457451.21 2016  3  3 17  9   2457451.29 2016  3  3 18 59
 2457454.05 2016  3  6 13 18   2457454.13 2016  3  6 15  8   2457454.21 2016  3  6 16 59
 2457456.97 2016  3  9 11 17   2457457.05 2016  3  9 13  8   2457457.12 2016  3  9 14 58
 2457459.89 2016  3 12  9 16   2457459.96 2016  3 12 11  7   2457460.04 2016  3 12 12 58
 2457462.80 2016  3 15  7 16   2457462.88 2016  3 15  9  6   2457462.96 2016  3 15 10 57
 2457465.72 2016  3 18  5 15   2457465.80 2016  3 18  7  6   2457465.87 2016  3 18  8 56
 2457468.64 2016  3 21  3 15   2457468.71 2016  3 21  5  5   2457468.79 2016  3 21  6 56
 2457471.55 2016  3 24  1 14   2457471.63 2016  3 24  3  5   2457471.71 2016  3 24  4 55
 2457474.47 2016  3 26 23 13   2457474.54 2016  3 27  1  4   2457474.62 2016  3 27  2 55
 2457477.38 2016  3 29 21 13   2457477.46 2016  3 29 23  3   2457477.54 2016  3 30  0 54
 2457480.30 2016  4  1 19 12   2457480.38 2016  4  1 21  3   2457480.45 2016  4  1 22 54
 2457483.22 2016  4  4 17 11   2457483.29 2016  4  4 19  2   2457483.37 2016  4  4 20 53
 2457486.13 2016  4  7 15 11   2457486.21 2016  4  7 17  2   2457486.29 2016  4  7 18 52
 2457489.05 2016  4 10 13 10   2457489.13 2016  4 10 15  1   2457489.20 2016  4 10 16 52
 2457491.97 2016  4 13 11 10   2457492.04 2016  4 13 13  0   2457492.12 2016  4 13 14 51
 2457494.88 2016  4 16  9  9   2457494.96 2016  4 16 11  0   2457495.04 2016  4 16 12 51
 2457497.80 2016  4 19  7  8   2457497.87 2016  4 19  8 59   2457497.95 2016  4 19 10 50
 2457500.71 2016  4 22  5  8   2457500.79 2016  4 22  6 59   2457500.87 2016  4 22  8 49
 2457503.63 2016  4 25  3  7   2457503.71 2016  4 25  4 58   2457503.78 2016  4 25  6 49
 2457506.55 2016  4 28  1  7   2457506.62 2016  4 28  2 57   2457506.70 2016  4 28  4 48
 2457509.46 2016  4 30 23  6   2457509.54 2016  5  1  0 57   2457509.62 2016  5  1  2 48
 2457512.38 2016  5  3 21  5   2457512.46 2016  5  3 22 56   2457512.53 2016  5  4  0 47
 2457515.30 2016  5  6 19  5   2457515.37 2016  5  6 20 56   2457515.45 2016  5  6 22 47
 2457518.21 2016  5  9 17  4   2457518.29 2016  5  9 18 55   2457518.37 2016  5  9 20 46
 2457521.13 2016  5 12 15  3   2457521.20 2016  5 12 16 54   2457521.28 2016  5 12 18 45
 2457524.04 2016  5 15 13  3   2457524.12 2016  5 15 14 54   2457524.20 2016  5 15 16 45
 2457526.96 2016  5 18 11  2   2457527.04 2016  5 18 12 53   2457527.11 2016  5 18 14 44
 2457529.88 2016  5 21  9  2   2457529.95 2016  5 21 10 53   2457530.03 2016  5 21 12 44
 2457532.79 2016  5 24  7  1   2457532.87 2016  5 24  8 52   2457532.95 2016  5 24 10 43
 2457535.71 2016  5 27  5  0   2457535.79 2016  5 27  6 51   2457535.86 2016  5 27  8 42
 2457538.63 2016  5 30  3  0   2457538.70 2016  5 30  4 51   2457538.78 2016  5 30  6 42
 2457541.54 2016  6  2  0 59   2457541.62 2016  6  2  2 50   2457541.70 2016  6  2  4 41
 2457544.46 2016  6  4 22 59   2457544.53 2016  6  5  0 50   2457544.61 2016  6  5  2 41
 2457547.37 2016  6  7 20 58   2457547.45 2016  6  7 22 49   2457547.53 2016  6  8  0 40
 2457550.29 2016  6 10 18 57   2457550.37 2016  6 10 20 48   2457550.44 2016  6 10 22 39
 2457553.21 2016  6 13 16 57   2457553.28 2016  6 13 18 48   2457553.36 2016  6 13 20 39
 2457556.12 2016  6 16 14 56   2457556.20 2016  6 16 16 47   2457556.28 2016  6 16 18 38
 2457559.04 2016  6 19 12 55   2457559.12 2016  6 19 14 47   2457559.19 2016  6 19 16 38
 2457561.96 2016  6 22 10 55   2457562.03 2016  6 22 12 46   2457562.11 2016  6 22 14 37
 2457564.87 2016  6 25  8 54   2457564.95 2016  6 25 10 45   2457565.03 2016  6 25 12 37
 2457567.79 2016  6 28  6 54   2457567.86 2016  6 28  8 45   2457567.94 2016  6 28 10 36
 2457570.70 2016  7  1  4 53   2457570.78 2016  7  1  6 44   2457570.86 2016  7  1  8 35
 2457573.62 2016  7  4  2 52   2457573.70 2016  7  4  4 44   2457573.77 2016  7  4  6 35
 2457576.54 2016  7  7  0 52   2457576.61 2016  7  7  2 43   2457576.69 2016  7  7  4 34
 2457579.45 2016  7  9 22 51   2457579.53 2016  7 10  0 42   2457579.61 2016  7 10  2 34
 2457582.37 2016  7 12 20 51   2457582.45 2016  7 12 22 42   2457582.52 2016  7 13  0 33
 2457585.29 2016  7 15 18 50   2457585.36 2016  7 15 20 41   2457585.44 2016  7 15 22 32
 2457588.20 2016  7 18 16 49   2457588.28 2016  7 18 18 41   2457588.36 2016  7 18 20 32
 2457591.12 2016  7 21 14 49   2457591.19 2016  7 21 16 40   2457591.27 2016  7 21 18 31
 2457594.03 2016  7 24 12 48   2457594.11 2016  7 24 14 39   2457594.19 2016  7 24 16 31
 2457596.95 2016  7 27 10 47   2457597.03 2016  7 27 12 39   2457597.10 2016  7 27 14 30
 2457599.87 2016  7 30  8 47   2457599.94 2016  7 30 10 38   2457600.02 2016  7 30 12 30
 2457602.78 2016  8  2  6 46   2457602.86 2016  8  2  8 38   2457602.94 2016  8  2 10 29
 2457605.70 2016  8  5  4 46   2457605.78 2016  8  5  6 37   2457605.85 2016  8  5  8 28
 2457608.61 2016  8  8  2 45   2457608.69 2016  8  8  4 36   2457608.77 2016  8  8  6 28
