 Predicted Transit Epochs: HAT-P-1__ b

Observed Transit Duration:  159.8 Minutes

 Begin Transit Window           PREDICTED CENTRAL TRANSIT     End Transit Window
                                     All Times UT

                               HJD        Year M  D  H  M
 2456757.22 2014  4  9 17 19   2456757.34 2014  4  9 20 12   2456757.46 2014  4  9 23  5
 2456761.69 2014  4 14  4 29   2456761.81 2014  4 14  7 22   2456761.93 2014  4 14 10 16
 2456766.15 2014  4 18 15 39   2456766.27 2014  4 18 18 32   2456766.39 2014  4 18 21 26
 2456770.62 2014  4 23  2 48   2456770.74 2014  4 23  5 42   2456770.86 2014  4 23  8 36
 2456775.08 2014  4 27 13 58   2456775.20 2014  4 27 16 52   2456775.32 2014  4 27 19 46
 2456779.55 2014  5  2  1  8   2456779.67 2014  5  2  4  2   2456779.79 2014  5  2  6 56
 2456784.01 2014  5  6 12 18   2456784.13 2014  5  6 15 12   2456784.25 2014  5  6 18  6
 2456788.48 2014  5 10 23 28   2456788.60 2014  5 11  2 22   2456788.72 2014  5 11  5 16
 2456792.94 2014  5 15 10 38   2456793.06 2014  5 15 13 32   2456793.19 2014  5 15 16 27
 2456797.41 2014  5 19 21 48   2456797.53 2014  5 20  0 42   2456797.65 2014  5 20  3 37
 2456801.87 2014  5 24  8 58   2456801.99 2014  5 24 11 52   2456802.12 2014  5 24 14 47
 2456806.34 2014  5 28 20  8   2456806.46 2014  5 28 23  2   2456806.58 2014  5 29  1 57
 2456810.80 2014  6  2  7 17   2456810.93 2014  6  2 10 12   2456811.05 2014  6  2 13  7
 2456815.27 2014  6  6 18 27   2456815.39 2014  6  6 21 22   2456815.51 2014  6  7  0 17
 2456819.73 2014  6 11  5 37   2456819.86 2014  6 11  8 32   2456819.98 2014  6 11 11 28
 2456824.20 2014  6 15 16 47   2456824.32 2014  6 15 19 42   2456824.44 2014  6 15 22 38
 2456828.66 2014  6 20  3 57   2456828.79 2014  6 20  6 52   2456828.91 2014  6 20  9 48
 2456833.13 2014  6 24 15  7   2456833.25 2014  6 24 18  2   2456833.37 2014  6 24 20 58
 2456837.60 2014  6 29  2 17   2456837.72 2014  6 29  5 12   2456837.84 2014  6 29  8  8
 2456842.06 2014  7  3 13 27   2456842.18 2014  7  3 16 22   2456842.30 2014  7  3 19 18
 2456846.53 2014  7  8  0 37   2456846.65 2014  7  8  3 32   2456846.77 2014  7  8  6 28
 2456850.99 2014  7 12 11 46   2456851.11 2014  7 12 14 42   2456851.24 2014  7 12 17 39
 2456855.46 2014  7 16 22 56   2456855.58 2014  7 17  1 52   2456855.70 2014  7 17  4 49
 2456859.92 2014  7 21 10  6   2456860.04 2014  7 21 13  3   2456860.17 2014  7 21 15 59
 2456864.39 2014  7 25 21 16   2456864.51 2014  7 26  0 13   2456864.63 2014  7 26  3  9
 2456868.85 2014  7 30  8 26   2456868.97 2014  7 30 11 23   2456869.10 2014  7 30 14 19
 2456873.32 2014  8  3 19 36   2456873.44 2014  8  3 22 33   2456873.56 2014  8  4  1 29
 2456877.78 2014  8  8  6 46   2456877.90 2014  8  8  9 43   2456878.03 2014  8  8 12 39
 2456882.25 2014  8 12 17 56   2456882.37 2014  8 12 20 53   2456882.49 2014  8 12 23 50
 2456886.71 2014  8 17  5  6   2456886.84 2014  8 17  8  3   2456886.96 2014  8 17 11  0
 2456891.18 2014  8 21 16 15   2456891.30 2014  8 21 19 13   2456891.42 2014  8 21 22 10
 2456895.64 2014  8 26  3 25   2456895.77 2014  8 26  6 23   2456895.89 2014  8 26  9 20
 2456900.11 2014  8 30 14 35   2456900.23 2014  8 30 17 33   2456900.35 2014  8 30 20 30
 2456904.57 2014  9  4  1 45   2456904.70 2014  9  4  4 43   2456904.82 2014  9  4  7 40
 2456909.04 2014  9  8 12 55   2456909.16 2014  9  8 15 53   2456909.29 2014  9  8 18 50
 2456913.50 2014  9 13  0  5   2456913.63 2014  9 13  3  3   2456913.75 2014  9 13  6  1
 2456917.97 2014  9 17 11 15   2456918.09 2014  9 17 14 13   2456918.22 2014  9 17 17 11
 2456922.43 2014  9 21 22 25   2456922.56 2014  9 22  1 23   2456922.68 2014  9 22  4 21
 2456926.90 2014  9 26  9 35   2456927.02 2014  9 26 12 33   2456927.15 2014  9 26 15 31
 2456931.36 2014  9 30 20 44   2456931.49 2014  9 30 23 43   2456931.61 2014 10  1  2 41
 2456935.83 2014 10  5  7 54   2456935.95 2014 10  5 10 53   2456936.08 2014 10  5 13 51
 2456940.29 2014 10  9 19  4   2456940.42 2014 10  9 22  3   2456940.54 2014 10 10  1  1
 2456944.76 2014 10 14  6 14   2456944.88 2014 10 14  9 13   2456945.01 2014 10 14 12 12
 2456949.23 2014 10 18 17 24   2456949.35 2014 10 18 20 23   2456949.47 2014 10 18 23 22
 2456953.69 2014 10 23  4 34   2456953.81 2014 10 23  7 33   2456953.94 2014 10 23 10 32
 2456958.16 2014 10 27 15 44   2456958.28 2014 10 27 18 43   2456958.40 2014 10 27 21 42
 2456962.62 2014 11  1  2 54   2456962.75 2014 11  1  5 53   2456962.87 2014 11  1  8 52
 2456967.09 2014 11  5 14  4   2456967.21 2014 11  5 17  3   2456967.34 2014 11  5 20  2
 2456971.55 2014 11 10  1 13   2456971.68 2014 11 10  4 13   2456971.80 2014 11 10  7 13
 2456976.02 2014 11 14 12 23   2456976.14 2014 11 14 15 23   2456976.27 2014 11 14 18 23
 2456980.48 2014 11 18 23 33   2456980.61 2014 11 19  2 33   2456980.73 2014 11 19  5 33
 2456984.95 2014 11 23 10 43   2456985.07 2014 11 23 13 43   2456985.20 2014 11 23 16 43
 2456989.41 2014 11 27 21 53   2456989.54 2014 11 28  0 53   2456989.66 2014 11 28  3 53
 2456993.88 2014 12  2  9  3   2456994.00 2014 12  2 12  3   2456994.13 2014 12  2 15  3
 2456998.34 2014 12  6 20 13   2456998.47 2014 12  6 23 13   2456998.59 2014 12  7  2 13
 2457002.81 2014 12 11  7 23   2457002.93 2014 12 11 10 23   2457003.06 2014 12 11 13 24
 2457007.27 2014 12 15 18 32   2457007.40 2014 12 15 21 33   2457007.52 2014 12 16  0 34
 2457011.74 2014 12 20  5 42   2457011.86 2014 12 20  8 43   2457011.99 2014 12 20 11 44
 2457016.20 2014 12 24 16 52   2457016.33 2014 12 24 19 53   2457016.45 2014 12 24 22 54
 2457020.67 2014 12 29  4  2   2457020.79 2014 12 29  7  3   2457020.92 2014 12 29 10  4
 2457025.13 2015  1  2 15 12   2457025.26 2015  1  2 18 13   2457025.39 2015  1  2 21 14
 2457029.60 2015  1  7  2 22   2457029.72 2015  1  7  5 23   2457029.85 2015  1  7  8 24
 2457034.06 2015  1 11 13 32   2457034.19 2015  1 11 16 33   2457034.32 2015  1 11 19 35
 2457038.53 2015  1 16  0 42   2457038.66 2015  1 16  3 43   2457038.78 2015  1 16  6 45
 2457042.99 2015  1 20 11 52   2457043.12 2015  1 20 14 53   2457043.25 2015  1 20 17 55
 2457047.46 2015  1 24 23  1   2457047.59 2015  1 25  2  3   2457047.71 2015  1 25  5  5
 2457051.92 2015  1 29 10 11   2457052.05 2015  1 29 13 13   2457052.18 2015  1 29 16 15
 2457056.39 2015  2  2 21 21   2457056.52 2015  2  3  0 23   2457056.64 2015  2  3  3 25
 2457060.86 2015  2  7  8 31   2457060.98 2015  2  7 11 33   2457061.11 2015  2  7 14 35
 2457065.32 2015  2 11 19 41   2457065.45 2015  2 11 22 43   2457065.57 2015  2 12  1 46
 2457069.79 2015  2 16  6 51   2457069.91 2015  2 16  9 53   2457070.04 2015  2 16 12 56
 2457074.25 2015  2 20 18  1   2457074.38 2015  2 20 21  3   2457074.50 2015  2 21  0  6
 2457078.72 2015  2 25  5 11   2457078.84 2015  2 25  8 13   2457078.97 2015  2 25 11 16
 2457083.18 2015  3  1 16 21   2457083.31 2015  3  1 19 23   2457083.44 2015  3  1 22 26
 2457087.65 2015  3  6  3 30   2457087.77 2015  3  6  6 33   2457087.90 2015  3  6  9 36
 2457092.11 2015  3 10 14 40   2457092.24 2015  3 10 17 43   2457092.37 2015  3 10 20 46
 2457096.58 2015  3 15  1 50   2457096.70 2015  3 15  4 53   2457096.83 2015  3 15  7 57
 2457101.04 2015  3 19 13  0   2457101.17 2015  3 19 16  3   2457101.30 2015  3 19 19  7
 2457105.51 2015  3 24  0 10   2457105.63 2015  3 24  3 13   2457105.76 2015  3 24  6 17
 2457109.97 2015  3 28 11 20   2457110.10 2015  3 28 14 24   2457110.23 2015  3 28 17 27
 2457114.44 2015  4  1 22 30   2457114.57 2015  4  2  1 34   2457114.69 2015  4  2  4 37
 2457118.90 2015  4  6  9 40   2457119.03 2015  4  6 12 44   2457119.16 2015  4  6 15 47
 2457123.37 2015  4 10 20 50   2457123.50 2015  4 10 23 54   2457123.62 2015  4 11  2 58
 2457127.83 2015  4 15  7 59   2457127.96 2015  4 15 11  4   2457128.09 2015  4 15 14  8
 2457132.30 2015  4 19 19  9   2457132.43 2015  4 19 22 14   2457132.55 2015  4 20  1 18
 2457136.76 2015  4 24  6 19   2457136.89 2015  4 24  9 24   2457137.02 2015  4 24 12 28
 2457141.23 2015  4 28 17 29   2457141.36 2015  4 28 20 34   2457141.49 2015  4 28 23 38
 2457145.69 2015  5  3  4 39   2457145.82 2015  5  3  7 44   2457145.95 2015  5  3 10 48
 2457150.16 2015  5  7 15 49   2457150.29 2015  5  7 18 54   2457150.42 2015  5  7 21 58
 2457154.62 2015  5 12  2 59   2457154.75 2015  5 12  6  4   2457154.88 2015  5 12  9  9
 2457159.09 2015  5 16 14  9   2457159.22 2015  5 16 17 14   2457159.35 2015  5 16 20 19
 2457163.55 2015  5 21  1 19   2457163.68 2015  5 21  4 24   2457163.81 2015  5 21  7 29
 2457168.02 2015  5 25 12 28   2457168.15 2015  5 25 15 34   2457168.28 2015  5 25 18 39
 2457172.49 2015  5 29 23 38   2457172.61 2015  5 30  2 44   2457172.74 2015  5 30  5 49
 2457176.95 2015  6  3 10 48   2457177.08 2015  6  3 13 54   2457177.21 2015  6  3 16 59
 2457181.42 2015  6  7 21 58   2457181.54 2015  6  8  1  4   2457181.67 2015  6  8  4  9
 2457185.88 2015  6 12  9  8   2457186.01 2015  6 12 12 14   2457186.14 2015  6 12 15 20
 2457190.35 2015  6 16 20 18   2457190.48 2015  6 16 23 24   2457190.60 2015  6 17  2 30
 2457194.81 2015  6 21  7 28   2457194.94 2015  6 21 10 34   2457195.07 2015  6 21 13 40
 2457199.28 2015  6 25 18 38   2457199.41 2015  6 25 21 44   2457199.54 2015  6 26  0 50
 2457203.74 2015  6 30  5 48   2457203.87 2015  6 30  8 54   2457204.00 2015  6 30 12  0
 2457208.21 2015  7  4 16 57   2457208.34 2015  7  4 20  4   2457208.47 2015  7  4 23 10
 2457212.67 2015  7  9  4  7   2457212.80 2015  7  9  7 14   2457212.93 2015  7  9 10 20
 2457217.14 2015  7 13 15 17   2457217.27 2015  7 13 18 24   2457217.40 2015  7 13 21 31
 2457221.60 2015  7 18  2 27   2457221.73 2015  7 18  5 34   2457221.86 2015  7 18  8 41
 2457226.07 2015  7 22 13 37   2457226.20 2015  7 22 16 44   2457226.33 2015  7 22 19 51
 2457230.53 2015  7 27  0 47   2457230.66 2015  7 27  3 54   2457230.79 2015  7 27  7  1
 2457235.00 2015  7 31 11 57   2457235.13 2015  7 31 15  4   2457235.26 2015  7 31 18 11
 2457239.46 2015  8  4 23  7   2457239.59 2015  8  5  2 14   2457239.72 2015  8  5  5 21
 2457243.93 2015  8  9 10 17   2457244.06 2015  8  9 13 24   2457244.19 2015  8  9 16 31
 2457248.39 2015  8 13 21 26   2457248.52 2015  8 14  0 34   2457248.65 2015  8 14  3 42
 2457252.86 2015  8 18  8 36   2457252.99 2015  8 18 11 44   2457253.12 2015  8 18 14 52
 2457257.32 2015  8 22 19 46   2457257.45 2015  8 22 22 54   2457257.59 2015  8 23  2  2
 2457261.79 2015  8 27  6 56   2457261.92 2015  8 27 10  4   2457262.05 2015  8 27 13 12
 2457266.25 2015  8 31 18  6   2457266.39 2015  8 31 21 14   2457266.52 2015  9  1  0 22
 2457270.72 2015  9  5  5 16   2457270.85 2015  9  5  8 24   2457270.98 2015  9  5 11 32
 2457275.18 2015  9  9 16 26   2457275.32 2015  9  9 19 34   2457275.45 2015  9  9 22 43
 2457279.65 2015  9 14  3 36   2457279.78 2015  9 14  6 44   2457279.91 2015  9 14  9 53
 2457284.12 2015  9 18 14 46   2457284.25 2015  9 18 17 54   2457284.38 2015  9 18 21  3
 2457288.58 2015  9 23  1 55   2457288.71 2015  9 23  5  4   2457288.84 2015  9 23  8 13
 2457293.05 2015  9 27 13  5   2457293.18 2015  9 27 16 14   2457293.31 2015  9 27 19 23
 2457297.51 2015 10  2  0 15   2457297.64 2015 10  2  3 24   2457297.77 2015 10  2  6 33
 2457301.98 2015 10  6 11 25   2457302.11 2015 10  6 14 34   2457302.24 2015 10  6 17 43
 2457306.44 2015 10 10 22 35   2457306.57 2015 10 11  1 44   2457306.70 2015 10 11  4 54
 2457310.91 2015 10 15  9 45   2457311.04 2015 10 15 12 54   2457311.17 2015 10 15 16  4
 2457315.37 2015 10 19 20 55   2457315.50 2015 10 20  0  4   2457315.63 2015 10 20  3 14
 2457319.84 2015 10 24  8  5   2457319.97 2015 10 24 11 14   2457320.10 2015 10 24 14 24
 2457324.30 2015 10 28 19 15   2457324.43 2015 10 28 22 24   2457324.57 2015 10 29  1 34
 2457328.77 2015 11  2  6 24   2457328.90 2015 11  2  9 34   2457329.03 2015 11  2 12 44
 2457333.23 2015 11  6 17 34   2457333.36 2015 11  6 20 44   2457333.50 2015 11  6 23 54
 2457337.70 2015 11 11  4 44   2457337.83 2015 11 11  7 54   2457337.96 2015 11 11 11  5
 2457342.16 2015 11 15 15 54   2457342.30 2015 11 15 19  4   2457342.43 2015 11 15 22 15
 2457346.63 2015 11 20  3  4   2457346.76 2015 11 20  6 14   2457346.89 2015 11 20  9 25
 2457351.09 2015 11 24 14 14   2457351.23 2015 11 24 17 24   2457351.36 2015 11 24 20 35
 2457355.56 2015 11 29  1 24   2457355.69 2015 11 29  4 34   2457355.82 2015 11 29  7 45
 2457360.02 2015 12  3 12 34   2457360.16 2015 12  3 15 44   2457360.29 2015 12  3 18 55
 2457364.49 2015 12  7 23 44   2457364.62 2015 12  8  2 55   2457364.75 2015 12  8  6  5
 2457368.95 2015 12 12 10 53   2457369.09 2015 12 12 14  5   2457369.22 2015 12 12 17 16
 2457373.42 2015 12 16 22  3   2457373.55 2015 12 17  1 15   2457373.68 2015 12 17  4 26
 2457377.88 2015 12 21  9 13   2457378.02 2015 12 21 12 25   2457378.15 2015 12 21 15 36
 2457382.35 2015 12 25 20 23   2457382.48 2015 12 25 23 35   2457382.62 2015 12 26  2 46
 2457386.81 2015 12 30  7 33   2457386.95 2015 12 30 10 45   2457387.08 2015 12 30 13 56
 2457391.28 2016  1  3 18 43   2457391.41 2016  1  3 21 55   2457391.55 2016  1  4  1  6
 2457395.75 2016  1  8  5 53   2457395.88 2016  1  8  9  5   2457396.01 2016  1  8 12 17
 2457400.21 2016  1 12 17  3   2457400.34 2016  1 12 20 15   2457400.48 2016  1 12 23 27
 2457404.68 2016  1 17  4 13   2457404.81 2016  1 17  7 25   2457404.94 2016  1 17 10 37
 2457409.14 2016  1 21 15 22   2457409.27 2016  1 21 18 35   2457409.41 2016  1 21 21 47
 2457413.61 2016  1 26  2 32   2457413.74 2016  1 26  5 45   2457413.87 2016  1 26  8 57
 2457418.07 2016  1 30 13 42   2457418.21 2016  1 30 16 55   2457418.34 2016  1 30 20  7
 2457422.54 2016  2  4  0 52   2457422.67 2016  2  4  4  5   2457422.80 2016  2  4  7 17
 2457427.00 2016  2  8 12  2   2457427.14 2016  2  8 15 15   2457427.27 2016  2  8 18 28
 2457431.47 2016  2 12 23 12   2457431.60 2016  2 13  2 25   2457431.73 2016  2 13  5 38
 2457435.93 2016  2 17 10 22   2457436.07 2016  2 17 13 35   2457436.20 2016  2 17 16 48
 2457440.40 2016  2 21 21 32   2457440.53 2016  2 22  0 45   2457440.67 2016  2 22  3 58
 2457444.86 2016  2 26  8 42   2457445.00 2016  2 26 11 55   2457445.13 2016  2 26 15  8
 2457449.33 2016  3  1 19 51   2457449.46 2016  3  1 23  5   2457449.60 2016  3  2  2 18
 2457453.79 2016  3  6  7  1   2457453.93 2016  3  6 10 15   2457454.06 2016  3  6 13 28
 2457458.26 2016  3 10 18 11   2457458.39 2016  3 10 21 25   2457458.53 2016  3 11  0 39
 2457462.72 2016  3 15  5 21   2457462.86 2016  3 15  8 35   2457462.99 2016  3 15 11 49
 2457467.19 2016  3 19 16 31   2457467.32 2016  3 19 19 45   2457467.46 2016  3 19 22 59
 2457471.65 2016  3 24  3 41   2457471.79 2016  3 24  6 55   2457471.92 2016  3 24 10  9
 2457476.12 2016  3 28 14 51   2457476.25 2016  3 28 18  5   2457476.39 2016  3 28 21 19
 2457480.58 2016  4  2  2  1   2457480.72 2016  4  2  5 15   2457480.85 2016  4  2  8 29
 2457485.05 2016  4  6 13 11   2457485.18 2016  4  6 16 25   2457485.32 2016  4  6 19 39
 2457489.51 2016  4 11  0 20   2457489.65 2016  4 11  3 35   2457489.78 2016  4 11  6 50
 2457493.98 2016  4 15 11 30   2457494.11 2016  4 15 14 45   2457494.25 2016  4 15 18  0
 2457498.44 2016  4 19 22 40   2457498.58 2016  4 20  1 55   2457498.72 2016  4 20  5 10
 2457502.91 2016  4 24  9 50   2457503.05 2016  4 24 13  5   2457503.18 2016  4 24 16 20
 2457507.38 2016  4 28 21  0   2457507.51 2016  4 29  0 15   2457507.65 2016  4 29  3 30
 2457511.84 2016  5  3  8 10   2457511.98 2016  5  3 11 25   2457512.11 2016  5  3 14 40
 2457516.31 2016  5  7 19 20   2457516.44 2016  5  7 22 35   2457516.58 2016  5  8  1 50
 2457520.77 2016  5 12  6 30   2457520.91 2016  5 12  9 45   2457521.04 2016  5 12 13  1
 2457525.24 2016  5 16 17 40   2457525.37 2016  5 16 20 55   2457525.51 2016  5 17  0 11
 2457529.70 2016  5 21  4 49   2457529.84 2016  5 21  8  5   2457529.97 2016  5 21 11 21
 2457534.17 2016  5 25 15 59   2457534.30 2016  5 25 19 15   2457534.44 2016  5 25 22 31
 2457538.63 2016  5 30  3  9   2457538.77 2016  5 30  6 25   2457538.90 2016  5 30  9 41
 2457543.10 2016  6  3 14 19   2457543.23 2016  6  3 17 35   2457543.37 2016  6  3 20 51
 2457547.56 2016  6  8  1 29   2457547.70 2016  6  8  4 45   2457547.83 2016  6  8  8  2
 2457552.03 2016  6 12 12 39   2457552.16 2016  6 12 15 55   2457552.30 2016  6 12 19 12
 2457556.49 2016  6 16 23 49   2457556.63 2016  6 17  3  5   2457556.77 2016  6 17  6 22
 2457560.96 2016  6 21 10 59   2457561.09 2016  6 21 14 15   2457561.23 2016  6 21 17 32
 2457565.42 2016  6 25 22  8   2457565.56 2016  6 26  1 25   2457565.70 2016  6 26  4 42
 2457569.89 2016  6 30  9 18   2457570.02 2016  6 30 12 35   2457570.16 2016  6 30 15 52
 2457574.35 2016  7  4 20 28   2457574.49 2016  7  4 23 45   2457574.63 2016  7  5  3  2
 2457578.82 2016  7  9  7 38   2457578.96 2016  7  9 10 55   2457579.09 2016  7  9 14 13
 2457583.28 2016  7 13 18 48   2457583.42 2016  7 13 22  5   2457583.56 2016  7 14  1 23
 2457587.75 2016  7 18  5 58   2457587.89 2016  7 18  9 15   2457588.02 2016  7 18 12 33
 2457592.21 2016  7 22 17  8   2457592.35 2016  7 22 20 25   2457592.49 2016  7 22 23 43
 2457596.68 2016  7 27  4 18   2457596.82 2016  7 27  7 35   2457596.95 2016  7 27 10 53
 2457601.14 2016  7 31 15 28   2457601.28 2016  7 31 18 45   2457601.42 2016  7 31 22  3
 2457605.61 2016  8  5  2 37   2457605.75 2016  8  5  5 55   2457605.88 2016  8  5  9 13
 2457610.07 2016  8  9 13 47   2457610.21 2016  8  9 17  5   2457610.35 2016  8  9 20 24
