 Predicted Transit Epochs: HAT-P-11_ b

Observed Transit Duration:  137.8 Minutes

 Begin Transit Window           PREDICTED CENTRAL TRANSIT     End Transit Window
                                     All Times UT

                               HJD        Year M  D  H  M
 2454928.44 2009  4  6 22 31   2454928.49 2009  4  6 23 41   2454928.54 2009  4  7  0 51
 2454933.33 2009  4 11 19 49   2454933.38 2009  4 11 21  0   2454933.42 2009  4 11 22 10
 2454938.21 2009  4 16 17  8   2454938.26 2009  4 16 18 18   2454938.31 2009  4 16 19 28
 2454943.10 2009  4 21 14 26   2454943.15 2009  4 21 15 36   2454943.20 2009  4 21 16 46
 2454947.99 2009  4 26 11 45   2454948.04 2009  4 26 12 55   2454948.09 2009  4 26 14  5
 2454952.88 2009  5  1  9  3   2454952.93 2009  5  1 10 13   2454952.97 2009  5  1 11 23
 2454957.77 2009  5  6  6 22   2454957.81 2009  5  6  7 32   2454957.86 2009  5  6  8 42
 2454962.65 2009  5 11  3 40   2454962.70 2009  5 11  4 50   2454962.75 2009  5 11  6  0
 2454967.54 2009  5 16  0 59   2454967.59 2009  5 16  2  9   2454967.64 2009  5 16  3 19
 2454972.43 2009  5 20 22 17   2454972.48 2009  5 20 23 27   2454972.53 2009  5 21  0 37
 2454977.32 2009  5 25 19 35   2454977.37 2009  5 25 20 46   2454977.41 2009  5 25 21 56
 2454982.20 2009  5 30 16 54   2454982.25 2009  5 30 18  4   2454982.30 2009  5 30 19 14
 2454987.09 2009  6  4 14 12   2454987.14 2009  6  4 15 23   2454987.19 2009  6  4 16 33
 2454991.98 2009  6  9 11 31   2454992.03 2009  6  9 12 41   2454992.08 2009  6  9 13 51
 2454996.87 2009  6 14  8 49   2454996.92 2009  6 14  9 59   2454996.97 2009  6 14 11 10
 2455001.76 2009  6 19  6  8   2455001.80 2009  6 19  7 18   2455001.85 2009  6 19  8 28
 2455006.64 2009  6 24  3 26   2455006.69 2009  6 24  4 36   2455006.74 2009  6 24  5 47
 2455011.53 2009  6 29  0 45   2455011.58 2009  6 29  1 55   2455011.63 2009  6 29  3  5
 2455016.42 2009  7  3 22  3   2455016.47 2009  7  3 23 13   2455016.52 2009  7  4  0 23
 2455021.31 2009  7  8 19 21   2455021.36 2009  7  8 20 32   2455021.40 2009  7  8 21 42
 2455026.19 2009  7 13 16 40   2455026.24 2009  7 13 17 50   2455026.29 2009  7 13 19  0
 2455031.08 2009  7 18 13 58   2455031.13 2009  7 18 15  9   2455031.18 2009  7 18 16 19
 2455035.97 2009  7 23 11 17   2455036.02 2009  7 23 12 27   2455036.07 2009  7 23 13 37
 2455040.86 2009  7 28  8 35   2455040.91 2009  7 28  9 46   2455040.96 2009  7 28 10 56
 2455045.75 2009  8  2  5 54   2455045.79 2009  8  2  7  4   2455045.84 2009  8  2  8 14
 2455050.63 2009  8  7  3 12   2455050.68 2009  8  7  4 22   2455050.73 2009  8  7  5 33
 2455055.52 2009  8 12  0 31   2455055.57 2009  8 12  1 41   2455055.62 2009  8 12  2 51
 2455060.41 2009  8 16 21 49   2455060.46 2009  8 16 22 59   2455060.51 2009  8 17  0 10
 2455065.30 2009  8 21 19  7   2455065.35 2009  8 21 20 18   2455065.39 2009  8 21 21 28
 2455070.19 2009  8 26 16 26   2455070.23 2009  8 26 17 36   2455070.28 2009  8 26 18 47
 2455075.07 2009  8 31 13 44   2455075.12 2009  8 31 14 55   2455075.17 2009  8 31 16  5
 2455079.96 2009  9  5 11  3   2455080.01 2009  9  5 12 13   2455080.06 2009  9  5 13 24
 2455084.85 2009  9 10  8 21   2455084.90 2009  9 10  9 32   2455084.95 2009  9 10 10 42
 2455089.74 2009  9 15  5 40   2455089.79 2009  9 15  6 50   2455089.83 2009  9 15  8  0
 2455094.62 2009  9 20  2 58   2455094.67 2009  9 20  4  9   2455094.72 2009  9 20  5 19
 2455099.51 2009  9 25  0 17   2455099.56 2009  9 25  1 27   2455099.61 2009  9 25  2 37
 2455104.40 2009  9 29 21 35   2455104.45 2009  9 29 22 45   2455104.50 2009  9 29 23 56
 2455109.29 2009 10  4 18 53   2455109.34 2009 10  4 20  4   2455109.39 2009 10  4 21 14
 2455114.18 2009 10  9 16 12   2455114.22 2009 10  9 17 22   2455114.27 2009 10  9 18 33
 2455119.06 2009 10 14 13 30   2455119.11 2009 10 14 14 41   2455119.16 2009 10 14 15 51
 2455123.95 2009 10 19 10 49   2455124.00 2009 10 19 11 59   2455124.05 2009 10 19 13 10
 2455128.84 2009 10 24  8  7   2455128.89 2009 10 24  9 18   2455128.94 2009 10 24 10 28
 2455133.73 2009 10 29  5 26   2455133.78 2009 10 29  6 36   2455133.82 2009 10 29  7 47
 2455138.61 2009 11  3  2 44   2455138.66 2009 11  3  3 55   2455138.71 2009 11  3  5  5
 2455143.50 2009 11  8  0  3   2455143.55 2009 11  8  1 13   2455143.60 2009 11  8  2 24
 2455148.39 2009 11 12 21 21   2455148.44 2009 11 12 22 32   2455148.49 2009 11 12 23 42
 2455153.28 2009 11 17 18 39   2455153.33 2009 11 17 19 50   2455153.38 2009 11 17 21  1
 2455158.17 2009 11 22 15 58   2455158.21 2009 11 22 17  8   2455158.26 2009 11 22 18 19
 2455163.05 2009 11 27 13 16   2455163.10 2009 11 27 14 27   2455163.15 2009 11 27 15 37
 2455167.94 2009 12  2 10 35   2455167.99 2009 12  2 11 45   2455168.04 2009 12  2 12 56
 2455172.83 2009 12  7  7 53   2455172.88 2009 12  7  9  4   2455172.93 2009 12  7 10 14
 2455177.72 2009 12 12  5 12   2455177.77 2009 12 12  6 22   2455177.81 2009 12 12  7 33
 2455182.60 2009 12 17  2 30   2455182.65 2009 12 17  3 41   2455182.70 2009 12 17  4 51
 2455187.49 2009 12 21 23 49   2455187.54 2009 12 22  0 59   2455187.59 2009 12 22  2 10
 2455192.38 2009 12 26 21  7   2455192.43 2009 12 26 22 18   2455192.48 2009 12 26 23 28
 2455197.27 2009 12 31 18 25   2455197.32 2009 12 31 19 36   2455197.37 2009 12 31 20 47
 2455202.16 2010  1  5 15 44   2455202.20 2010  1  5 16 55   2455202.25 2010  1  5 18  5
 2455207.04 2010  1 10 13  2   2455207.09 2010  1 10 14 13   2455207.14 2010  1 10 15 24
 2455211.93 2010  1 15 10 21   2455211.98 2010  1 15 11 31   2455212.03 2010  1 15 12 42
 2455216.82 2010  1 20  7 39   2455216.87 2010  1 20  8 50   2455216.92 2010  1 20 10  1
 2455221.71 2010  1 25  4 58   2455221.76 2010  1 25  6  8   2455221.81 2010  1 25  7 19
 2455226.59 2010  1 30  2 16   2455226.64 2010  1 30  3 27   2455226.69 2010  1 30  4 37
 2455231.48 2010  2  3 23 35   2455231.53 2010  2  4  0 45   2455231.58 2010  2  4  1 56
 2455236.37 2010  2  8 20 53   2455236.42 2010  2  8 22  4   2455236.47 2010  2  8 23 14
 2455241.26 2010  2 13 18 11   2455241.31 2010  2 13 19 22   2455241.36 2010  2 13 20 33
 2455246.15 2010  2 18 15 30   2455246.20 2010  2 18 16 41   2455246.24 2010  2 18 17 51
 2455251.03 2010  2 23 12 48   2455251.08 2010  2 23 13 59   2455251.13 2010  2 23 15 10
 2455255.92 2010  2 28 10  7   2455255.97 2010  2 28 11 18   2455256.02 2010  2 28 12 28
 2455260.81 2010  3  5  7 25   2455260.86 2010  3  5  8 36   2455260.91 2010  3  5  9 47
 2455265.70 2010  3 10  4 44   2455265.75 2010  3 10  5 54   2455265.80 2010  3 10  7  5
 2455270.59 2010  3 15  2  2   2455270.63 2010  3 15  3 13   2455270.68 2010  3 15  4 24
 2455275.47 2010  3 19 23 21   2455275.52 2010  3 20  0 31   2455275.57 2010  3 20  1 42
 2455280.36 2010  3 24 20 39   2455280.41 2010  3 24 21 50   2455280.46 2010  3 24 23  1
 2455285.25 2010  3 29 17 58   2455285.30 2010  3 29 19  8   2455285.35 2010  3 29 20 19
 2455290.14 2010  4  3 15 16   2455290.19 2010  4  3 16 27   2455290.23 2010  4  3 17 38
 2455295.02 2010  4  8 12 34   2455295.07 2010  4  8 13 45   2455295.12 2010  4  8 14 56
 2455299.91 2010  4 13  9 53   2455299.96 2010  4 13 11  4   2455300.01 2010  4 13 12 14
 2455304.80 2010  4 18  7 11   2455304.85 2010  4 18  8 22   2455304.90 2010  4 18  9 33
 2455309.69 2010  4 23  4 30   2455309.74 2010  4 23  5 41   2455309.79 2010  4 23  6 51
 2455314.58 2010  4 28  1 48   2455314.62 2010  4 28  2 59   2455314.67 2010  4 28  4 10
 2455319.46 2010  5  2 23  7   2455319.51 2010  5  3  0 17   2455319.56 2010  5  3  1 28
 2455324.35 2010  5  7 20 25   2455324.40 2010  5  7 21 36   2455324.45 2010  5  7 22 47
 2455329.24 2010  5 12 17 44   2455329.29 2010  5 12 18 54   2455329.34 2010  5 12 20  5
 2455334.13 2010  5 17 15  2   2455334.18 2010  5 17 16 13   2455334.23 2010  5 17 17 24
 2455339.01 2010  5 22 12 20   2455339.06 2010  5 22 13 31   2455339.11 2010  5 22 14 42
 2455343.90 2010  5 27  9 39   2455343.95 2010  5 27 10 50   2455344.00 2010  5 27 12  1
 2455348.79 2010  6  1  6 57   2455348.84 2010  6  1  8  8   2455348.89 2010  6  1  9 19
 2455353.68 2010  6  6  4 16   2455353.73 2010  6  6  5 27   2455353.78 2010  6  6  6 38
 2455358.57 2010  6 11  1 34   2455358.62 2010  6 11  2 45   2455358.66 2010  6 11  3 56
 2455363.45 2010  6 15 22 53   2455363.50 2010  6 16  0  4   2455363.55 2010  6 16  1 15
 2455368.34 2010  6 20 20 11   2455368.39 2010  6 20 21 22   2455368.44 2010  6 20 22 33
 2455373.23 2010  6 25 17 30   2455373.28 2010  6 25 18 40   2455373.33 2010  6 25 19 51
 2455378.12 2010  6 30 14 48   2455378.17 2010  6 30 15 59   2455378.22 2010  6 30 17 10
 2455383.00 2010  7  5 12  6   2455383.05 2010  7  5 13 17   2455383.10 2010  7  5 14 28
 2455387.89 2010  7 10  9 25   2455387.94 2010  7 10 10 36   2455387.99 2010  7 10 11 47
 2455392.78 2010  7 15  6 43   2455392.83 2010  7 15  7 54   2455392.88 2010  7 15  9  5
 2455397.67 2010  7 20  4  2   2455397.72 2010  7 20  5 13   2455397.77 2010  7 20  6 24
 2455402.56 2010  7 25  1 20   2455402.61 2010  7 25  2 31   2455402.65 2010  7 25  3 42
 2455407.44 2010  7 29 22 39   2455407.49 2010  7 29 23 50   2455407.54 2010  7 30  1  1
 2455412.33 2010  8  3 19 57   2455412.38 2010  8  3 21  8   2455412.43 2010  8  3 22 19
 2455417.22 2010  8  8 17 16   2455417.27 2010  8  8 18 27   2455417.32 2010  8  8 19 38
 2455422.11 2010  8 13 14 34   2455422.16 2010  8 13 15 45   2455422.21 2010  8 13 16 56
 2455427.00 2010  8 18 11 52   2455427.04 2010  8 18 13  3   2455427.09 2010  8 18 14 15
 2455431.88 2010  8 23  9 11   2455431.93 2010  8 23 10 22   2455431.98 2010  8 23 11 33
 2455436.77 2010  8 28  6 29   2455436.82 2010  8 28  7 40   2455436.87 2010  8 28  8 52
 2455441.66 2010  9  2  3 48   2455441.71 2010  9  2  4 59   2455441.76 2010  9  2  6 10
 2455446.55 2010  9  7  1  6   2455446.60 2010  9  7  2 17   2455446.65 2010  9  7  3 28
 2455451.43 2010  9 11 22 25   2455451.48 2010  9 11 23 36   2455451.53 2010  9 12  0 47
 2455456.32 2010  9 16 19 43   2455456.37 2010  9 16 20 54   2455456.42 2010  9 16 22  5
 2455461.21 2010  9 21 17  2   2455461.26 2010  9 21 18 13   2455461.31 2010  9 21 19 24
 2455466.10 2010  9 26 14 20   2455466.15 2010  9 26 15 31   2455466.20 2010  9 26 16 42
 2455470.99 2010 10  1 11 38   2455471.03 2010 10  1 12 50   2455471.08 2010 10  1 14  1
 2455475.87 2010 10  6  8 57   2455475.92 2010 10  6 10  8   2455475.97 2010 10  6 11 19
 2455480.76 2010 10 11  6 15   2455480.81 2010 10 11  7 27   2455480.86 2010 10 11  8 38
 2455485.65 2010 10 16  3 34   2455485.70 2010 10 16  4 45   2455485.75 2010 10 16  5 56
 2455490.54 2010 10 21  0 52   2455490.59 2010 10 21  2  3   2455490.64 2010 10 21  3 15
 2455495.42 2010 10 25 22 11   2455495.47 2010 10 25 23 22   2455495.52 2010 10 26  0 33
 2455500.31 2010 10 30 19 29   2455500.36 2010 10 30 20 40   2455500.41 2010 10 30 21 52
 2455505.20 2010 11  4 16 48   2455505.25 2010 11  4 17 59   2455505.30 2010 11  4 19 10
 2455510.09 2010 11  9 14  6   2455510.14 2010 11  9 15 17   2455510.19 2010 11  9 16 28
 2455514.98 2010 11 14 11 24   2455515.03 2010 11 14 12 36   2455515.07 2010 11 14 13 47
 2455519.86 2010 11 19  8 43   2455519.91 2010 11 19  9 54   2455519.96 2010 11 19 11  5
 2455524.75 2010 11 24  6  1   2455524.80 2010 11 24  7 13   2455524.85 2010 11 24  8 24
 2455529.64 2010 11 29  3 20   2455529.69 2010 11 29  4 31   2455529.74 2010 11 29  5 42
 2455534.53 2010 12  4  0 38   2455534.58 2010 12  4  1 50   2455534.63 2010 12  4  3  1
 2455539.41 2010 12  8 21 57   2455539.46 2010 12  8 23  8   2455539.51 2010 12  9  0 19
 2455544.30 2010 12 13 19 15   2455544.35 2010 12 13 20 26   2455544.40 2010 12 13 21 38
 2455549.19 2010 12 18 16 34   2455549.24 2010 12 18 17 45   2455549.29 2010 12 18 18 56
 2455554.08 2010 12 23 13 52   2455554.13 2010 12 23 15  3   2455554.18 2010 12 23 16 15
 2455558.97 2010 12 28 11 10   2455559.02 2010 12 28 12 22   2455559.07 2010 12 28 13 33
 2455563.85 2011  1  2  8 29   2455563.90 2011  1  2  9 40   2455563.95 2011  1  2 10 52
 2455568.74 2011  1  7  5 47   2455568.79 2011  1  7  6 59   2455568.84 2011  1  7  8 10
 2455573.63 2011  1 12  3  6   2455573.68 2011  1 12  4 17   2455573.73 2011  1 12  5 29
 2455578.52 2011  1 17  0 24   2455578.57 2011  1 17  1 36   2455578.62 2011  1 17  2 47
 2455583.40 2011  1 21 21 43   2455583.45 2011  1 21 22 54   2455583.50 2011  1 22  0  5
 2455588.29 2011  1 26 19  1   2455588.34 2011  1 26 20 13   2455588.39 2011  1 26 21 24
 2455593.18 2011  1 31 16 20   2455593.23 2011  1 31 17 31   2455593.28 2011  1 31 18 42
 2455598.07 2011  2  5 13 38   2455598.12 2011  2  5 14 49   2455598.17 2011  2  5 16  1
 2455602.96 2011  2 10 10 56   2455603.01 2011  2 10 12  8   2455603.06 2011  2 10 13 19
 2455607.84 2011  2 15  8 15   2455607.89 2011  2 15  9 26   2455607.94 2011  2 15 10 38
 2455612.73 2011  2 20  5 33   2455612.78 2011  2 20  6 45   2455612.83 2011  2 20  7 56
 2455617.62 2011  2 25  2 52   2455617.67 2011  2 25  4  3   2455617.72 2011  2 25  5 15
 2455622.51 2011  3  2  0 10   2455622.56 2011  3  2  1 22   2455622.61 2011  3  2  2 33
 2455627.40 2011  3  6 21 29   2455627.44 2011  3  6 22 40   2455627.49 2011  3  6 23 52
 2455632.28 2011  3 11 18 47   2455632.33 2011  3 11 19 59   2455632.38 2011  3 11 21 10
 2455637.17 2011  3 16 16  6   2455637.22 2011  3 16 17 17   2455637.27 2011  3 16 18 29
 2455642.06 2011  3 21 13 24   2455642.11 2011  3 21 14 36   2455642.16 2011  3 21 15 47
 2455646.95 2011  3 26 10 42   2455647.00 2011  3 26 11 54   2455647.05 2011  3 26 13  6
 2455651.83 2011  3 31  8  1   2455651.88 2011  3 31  9 12   2455651.93 2011  3 31 10 24
 2455656.72 2011  4  5  5 19   2455656.77 2011  4  5  6 31   2455656.82 2011  4  5  7 42
 2455661.61 2011  4 10  2 38   2455661.66 2011  4 10  3 49   2455661.71 2011  4 10  5  1
 2455666.50 2011  4 14 23 56   2455666.55 2011  4 15  1  8   2455666.60 2011  4 15  2 19
 2455671.39 2011  4 19 21 15   2455671.44 2011  4 19 22 26   2455671.48 2011  4 19 23 38
 2455676.27 2011  4 24 18 33   2455676.32 2011  4 24 19 45   2455676.37 2011  4 24 20 56
 2455681.16 2011  4 29 15 52   2455681.21 2011  4 29 17  3   2455681.26 2011  4 29 18 15
 2455686.05 2011  5  4 13 10   2455686.10 2011  5  4 14 22   2455686.15 2011  5  4 15 33
 2455690.94 2011  5  9 10 28   2455690.99 2011  5  9 11 40   2455691.04 2011  5  9 12 52
 2455695.82 2011  5 14  7 47   2455695.87 2011  5 14  8 59   2455695.92 2011  5 14 10 10
 2455700.71 2011  5 19  5  5   2455700.76 2011  5 19  6 17   2455700.81 2011  5 19  7 29
 2455705.60 2011  5 24  2 24   2455705.65 2011  5 24  3 35   2455705.70 2011  5 24  4 47
 2455710.49 2011  5 28 23 42   2455710.54 2011  5 29  0 54   2455710.59 2011  5 29  2  6
 2455715.38 2011  6  2 21  1   2455715.43 2011  6  2 22 12   2455715.48 2011  6  2 23 24
 2455720.26 2011  6  7 18 19   2455720.31 2011  6  7 19 31   2455720.36 2011  6  7 20 43
 2455725.15 2011  6 12 15 38   2455725.20 2011  6 12 16 49   2455725.25 2011  6 12 18  1
 2455730.04 2011  6 17 12 56   2455730.09 2011  6 17 14  8   2455730.14 2011  6 17 15 19
 2455734.93 2011  6 22 10 14   2455734.98 2011  6 22 11 26   2455735.03 2011  6 22 12 38
 2455739.81 2011  6 27  7 33   2455739.86 2011  6 27  8 45   2455739.91 2011  6 27  9 56
 2455744.70 2011  7  2  4 51   2455744.75 2011  7  2  6  3   2455744.80 2011  7  2  7 15
 2455749.59 2011  7  7  2 10   2455749.64 2011  7  7  3 22   2455749.69 2011  7  7  4 33
 2455754.48 2011  7 11 23 28   2455754.53 2011  7 12  0 40   2455754.58 2011  7 12  1 52
 2455759.37 2011  7 16 20 47   2455759.42 2011  7 16 21 58   2455759.47 2011  7 16 23 10
 2455764.25 2011  7 21 18  5   2455764.30 2011  7 21 19 17   2455764.35 2011  7 21 20 29
 2455769.14 2011  7 26 15 24   2455769.19 2011  7 26 16 35   2455769.24 2011  7 26 17 47
 2455774.03 2011  7 31 12 42   2455774.08 2011  7 31 13 54   2455774.13 2011  7 31 15  6
 2455778.92 2011  8  5 10  0   2455778.97 2011  8  5 11 12   2455779.02 2011  8  5 12 24
