 Predicted Transit Epochs: HAT-P-7__ b

Observed Transit Duration:  242.6 Minutes

 Begin Transit Window           PREDICTED CENTRAL TRANSIT     End Transit Window
                                     All Times UT

                               HJD        Year M  D  H  M
 2456757.74 2014  4 10  5 38   2456757.83 2014  4 10  7 49   2456757.92 2014  4 10  9 59
 2456759.94 2014  4 12 10 33   2456760.03 2014  4 12 12 43   2456760.12 2014  4 12 14 54
 2456762.14 2014  4 14 15 28   2456762.24 2014  4 14 17 38   2456762.33 2014  4 14 19 49
 2456764.35 2014  4 16 20 22   2456764.44 2014  4 16 22 33   2456764.53 2014  4 17  0 44
 2456766.55 2014  4 19  1 17   2456766.64 2014  4 19  3 28   2456766.74 2014  4 19  5 38
 2456768.76 2014  4 21  6 12   2456768.85 2014  4 21  8 23   2456768.94 2014  4 21 10 33
 2456770.96 2014  4 23 11  7   2456771.05 2014  4 23 13 17   2456771.14 2014  4 23 15 28
 2456773.17 2014  4 25 16  2   2456773.26 2014  4 25 18 12   2456773.35 2014  4 25 20 23
 2456775.37 2014  4 27 20 57   2456775.46 2014  4 27 23  7   2456775.55 2014  4 28  1 18
 2456777.58 2014  4 30  1 51   2456777.67 2014  4 30  4  2   2456777.76 2014  4 30  6 12
 2456779.78 2014  5  2  6 46   2456779.87 2014  5  2  8 57   2456779.96 2014  5  2 11  7
 2456781.99 2014  5  4 11 41   2456782.08 2014  5  4 13 51   2456782.17 2014  5  4 16  2
 2456784.19 2014  5  6 16 36   2456784.28 2014  5  6 18 46   2456784.37 2014  5  6 20 57
 2456786.40 2014  5  8 21 31   2456786.49 2014  5  8 23 41   2456786.58 2014  5  9  1 52
 2456788.60 2014  5 11  2 25   2456788.69 2014  5 11  4 36   2456788.78 2014  5 11  6 47
 2456790.81 2014  5 13  7 20   2456790.90 2014  5 13  9 31   2456790.99 2014  5 13 11 41
 2456793.01 2014  5 15 12 15   2456793.10 2014  5 15 14 26   2456793.19 2014  5 15 16 36
 2456795.22 2014  5 17 17 10   2456795.31 2014  5 17 19 20   2456795.40 2014  5 17 21 31
 2456797.42 2014  5 19 22  5   2456797.51 2014  5 20  0 15   2456797.60 2014  5 20  2 26
 2456799.62 2014  5 22  2 59   2456799.72 2014  5 22  5 10   2456799.81 2014  5 22  7 21
 2456801.83 2014  5 24  7 54   2456801.92 2014  5 24 10  5   2456802.01 2014  5 24 12 15
 2456804.03 2014  5 26 12 49   2456804.13 2014  5 26 15  0   2456804.22 2014  5 26 17 10
 2456806.24 2014  5 28 17 44   2456806.33 2014  5 28 19 54   2456806.42 2014  5 28 22  5
 2456808.44 2014  5 30 22 39   2456808.53 2014  5 31  0 49   2456808.63 2014  5 31  3  0
 2456810.65 2014  6  2  3 33   2456810.74 2014  6  2  5 44   2456810.83 2014  6  2  7 55
 2456812.85 2014  6  4  8 28   2456812.94 2014  6  4 10 39   2456813.03 2014  6  4 12 49
 2456815.06 2014  6  6 13 23   2456815.15 2014  6  6 15 34   2456815.24 2014  6  6 17 44
 2456817.26 2014  6  8 18 18   2456817.35 2014  6  8 20 28   2456817.44 2014  6  8 22 39
 2456819.47 2014  6 10 23 13   2456819.56 2014  6 11  1 23   2456819.65 2014  6 11  3 34
 2456821.67 2014  6 13  4  7   2456821.76 2014  6 13  6 18   2456821.85 2014  6 13  8 29
 2456823.88 2014  6 15  9  2   2456823.97 2014  6 15 11 13   2456824.06 2014  6 15 13 24
 2456826.08 2014  6 17 13 57   2456826.17 2014  6 17 16  8   2456826.26 2014  6 17 18 18
 2456828.29 2014  6 19 18 52   2456828.38 2014  6 19 21  3   2456828.47 2014  6 19 23 13
 2456830.49 2014  6 21 23 47   2456830.58 2014  6 22  1 57   2456830.67 2014  6 22  4  8
 2456832.70 2014  6 24  4 41   2456832.79 2014  6 24  6 52   2456832.88 2014  6 24  9  3
 2456834.90 2014  6 26  9 36   2456834.99 2014  6 26 11 47   2456835.08 2014  6 26 13 58
 2456837.11 2014  6 28 14 31   2456837.20 2014  6 28 16 42   2456837.29 2014  6 28 18 52
 2456839.31 2014  6 30 19 26   2456839.40 2014  6 30 21 37   2456839.49 2014  6 30 23 47
 2456841.51 2014  7  3  0 21   2456841.61 2014  7  3  2 31   2456841.70 2014  7  3  4 42
 2456843.72 2014  7  5  5 15   2456843.81 2014  7  5  7 26   2456843.90 2014  7  5  9 37
 2456845.92 2014  7  7 10 10   2456846.01 2014  7  7 12 21   2456846.11 2014  7  7 14 32
 2456848.13 2014  7  9 15  5   2456848.22 2014  7  9 17 16   2456848.31 2014  7  9 19 27
 2456850.33 2014  7 11 20  0   2456850.42 2014  7 11 22 11   2456850.52 2014  7 12  0 21
 2456852.54 2014  7 14  0 55   2456852.63 2014  7 14  3  5   2456852.72 2014  7 14  5 16
 2456854.74 2014  7 16  5 50   2456854.83 2014  7 16  8  0   2456854.92 2014  7 16 10 11
 2456856.95 2014  7 18 10 44   2456857.04 2014  7 18 12 55   2456857.13 2014  7 18 15  6
 2456859.15 2014  7 20 15 39   2456859.24 2014  7 20 17 50   2456859.33 2014  7 20 20  1
 2456861.36 2014  7 22 20 34   2456861.45 2014  7 22 22 45   2456861.54 2014  7 23  0 55
 2456863.56 2014  7 25  1 29   2456863.65 2014  7 25  3 40   2456863.74 2014  7 25  5 50
 2456865.77 2014  7 27  6 24   2456865.86 2014  7 27  8 34   2456865.95 2014  7 27 10 45
 2456867.97 2014  7 29 11 18   2456868.06 2014  7 29 13 29   2456868.15 2014  7 29 15 40
 2456870.18 2014  7 31 16 13   2456870.27 2014  7 31 18 24   2456870.36 2014  7 31 20 35
 2456872.38 2014  8  2 21  8   2456872.47 2014  8  2 23 19   2456872.56 2014  8  3  1 30
 2456874.59 2014  8  5  2  3   2456874.68 2014  8  5  4 14   2456874.77 2014  8  5  6 24
 2456876.79 2014  8  7  6 58   2456876.88 2014  8  7  9  8   2456876.97 2014  8  7 11 19
 2456879.00 2014  8  9 11 52   2456879.09 2014  8  9 14  3   2456879.18 2014  8  9 16 14
 2456881.20 2014  8 11 16 47   2456881.29 2014  8 11 18 58   2456881.38 2014  8 11 21  9
 2456883.40 2014  8 13 21 42   2456883.50 2014  8 13 23 53   2456883.59 2014  8 14  2  4
 2456885.61 2014  8 16  2 37   2456885.70 2014  8 16  4 48   2456885.79 2014  8 16  6 58
 2456887.81 2014  8 18  7 32   2456887.90 2014  8 18  9 42   2456888.00 2014  8 18 11 53
 2456890.02 2014  8 20 12 26   2456890.11 2014  8 20 14 37   2456890.20 2014  8 20 16 48
 2456892.22 2014  8 22 17 21   2456892.31 2014  8 22 19 32   2456892.41 2014  8 22 21 43
 2456894.43 2014  8 24 22 16   2456894.52 2014  8 25  0 27   2456894.61 2014  8 25  2 38
 2456896.63 2014  8 27  3 11   2456896.72 2014  8 27  5 22   2456896.81 2014  8 27  7 33
 2456898.84 2014  8 29  8  6   2456898.93 2014  8 29 10 16   2456899.02 2014  8 29 12 27
 2456901.04 2014  8 31 13  0   2456901.13 2014  8 31 15 11   2456901.22 2014  8 31 17 22
 2456903.25 2014  9  2 17 55   2456903.34 2014  9  2 20  6   2456903.43 2014  9  2 22 17
 2456905.45 2014  9  4 22 50   2456905.54 2014  9  5  1  1   2456905.63 2014  9  5  3 12
 2456907.66 2014  9  7  3 45   2456907.75 2014  9  7  5 56   2456907.84 2014  9  7  8  7
 2456909.86 2014  9  9  8 40   2456909.95 2014  9  9 10 51   2456910.04 2014  9  9 13  1
 2456912.07 2014  9 11 13 34   2456912.16 2014  9 11 15 45   2456912.25 2014  9 11 17 56
 2456914.27 2014  9 13 18 29   2456914.36 2014  9 13 20 40   2456914.45 2014  9 13 22 51
 2456916.48 2014  9 15 23 24   2456916.57 2014  9 16  1 35   2456916.66 2014  9 16  3 46
 2456918.68 2014  9 18  4 19   2456918.77 2014  9 18  6 30   2456918.86 2014  9 18  8 41
 2456920.88 2014  9 20  9 14   2456920.98 2014  9 20 11 25   2456921.07 2014  9 20 13 36
 2456923.09 2014  9 22 14  8   2456923.18 2014  9 22 16 19   2456923.27 2014  9 22 18 30
 2456925.29 2014  9 24 19  3   2456925.39 2014  9 24 21 14   2456925.48 2014  9 24 23 25
 2456927.50 2014  9 26 23 58   2456927.59 2014  9 27  2  9   2456927.68 2014  9 27  4 20
 2456929.70 2014  9 29  4 53   2456929.79 2014  9 29  7  4   2456929.89 2014  9 29  9 15
 2456931.91 2014 10  1  9 48   2456932.00 2014 10  1 11 59   2456932.09 2014 10  1 14 10
 2456934.11 2014 10  3 14 43   2456934.20 2014 10  3 16 53   2456934.30 2014 10  3 19  4
 2456936.32 2014 10  5 19 37   2456936.41 2014 10  5 21 48   2456936.50 2014 10  5 23 59
 2456938.52 2014 10  8  0 32   2456938.61 2014 10  8  2 43   2456938.70 2014 10  8  4 54
 2456940.73 2014 10 10  5 27   2456940.82 2014 10 10  7 38   2456940.91 2014 10 10  9 49
 2456942.93 2014 10 12 10 22   2456943.02 2014 10 12 12 33   2456943.11 2014 10 12 14 44
 2456945.14 2014 10 14 15 17   2456945.23 2014 10 14 17 28   2456945.32 2014 10 14 19 38
 2456947.34 2014 10 16 20 11   2456947.43 2014 10 16 22 22   2456947.52 2014 10 17  0 33
 2456949.55 2014 10 19  1  6   2456949.64 2014 10 19  3 17   2456949.73 2014 10 19  5 28
 2456951.75 2014 10 21  6  1   2456951.84 2014 10 21  8 12   2456951.93 2014 10 21 10 23
 2456953.96 2014 10 23 10 56   2456954.05 2014 10 23 13  7   2456954.14 2014 10 23 15 18
 2456956.16 2014 10 25 15 51   2456956.25 2014 10 25 18  2   2456956.34 2014 10 25 20 13
 2456958.37 2014 10 27 20 45   2456958.46 2014 10 27 22 56   2456958.55 2014 10 28  1  7
 2456960.57 2014 10 30  1 40   2456960.66 2014 10 30  3 51   2456960.75 2014 10 30  6  2
 2456962.77 2014 11  1  6 35   2456962.87 2014 11  1  8 46   2456962.96 2014 11  1 10 57
 2456964.98 2014 11  3 11 30   2456965.07 2014 11  3 13 41   2456965.16 2014 11  3 15 52
 2456967.18 2014 11  5 16 25   2456967.28 2014 11  5 18 36   2456967.37 2014 11  5 20 47
 2456969.39 2014 11  7 21 19   2456969.48 2014 11  7 23 30   2456969.57 2014 11  8  1 41
 2456971.59 2014 11 10  2 14   2456971.68 2014 11 10  4 25   2456971.78 2014 11 10  6 36
 2456973.80 2014 11 12  7  9   2456973.89 2014 11 12  9 20   2456973.98 2014 11 12 11 31
 2456976.00 2014 11 14 12  4   2456976.09 2014 11 14 14 15   2456976.19 2014 11 14 16 26
 2456978.21 2014 11 16 16 59   2456978.30 2014 11 16 19 10   2456978.39 2014 11 16 21 21
 2456980.41 2014 11 18 21 53   2456980.50 2014 11 19  0  4   2456980.59 2014 11 19  2 16
 2456982.62 2014 11 21  2 48   2456982.71 2014 11 21  4 59   2456982.80 2014 11 21  7 10
 2456984.82 2014 11 23  7 43   2456984.91 2014 11 23  9 54   2456985.00 2014 11 23 12  5
 2456987.03 2014 11 25 12 38   2456987.12 2014 11 25 14 49   2456987.21 2014 11 25 17  0
 2456989.23 2014 11 27 17 33   2456989.32 2014 11 27 19 44   2456989.41 2014 11 27 21 55
 2456991.44 2014 11 29 22 27   2456991.53 2014 11 30  0 39   2456991.62 2014 11 30  2 50
 2456993.64 2014 12  2  3 22   2456993.73 2014 12  2  5 33   2456993.82 2014 12  2  7 44
 2456995.85 2014 12  4  8 17   2456995.94 2014 12  4 10 28   2456996.03 2014 12  4 12 39
 2456998.05 2014 12  6 13 12   2456998.14 2014 12  6 15 23   2456998.23 2014 12  6 17 34
 2457000.25 2014 12  8 18  7   2457000.35 2014 12  8 20 18   2457000.44 2014 12  8 22 29
 2457002.46 2014 12 10 23  1   2457002.55 2014 12 11  1 13   2457002.64 2014 12 11  3 24
 2457004.66 2014 12 13  3 56   2457004.76 2014 12 13  6  7   2457004.85 2014 12 13  8 19
 2457006.87 2014 12 15  8 51   2457006.96 2014 12 15 11  2   2457007.05 2014 12 15 13 13
 2457009.07 2014 12 17 13 46   2457009.16 2014 12 17 15 57   2457009.26 2014 12 17 18  8
 2457011.28 2014 12 19 18 41   2457011.37 2014 12 19 20 52   2457011.46 2014 12 19 23  3
 2457013.48 2014 12 21 23 35   2457013.57 2014 12 22  1 47   2457013.67 2014 12 22  3 58
 2457015.69 2014 12 24  4 30   2457015.78 2014 12 24  6 41   2457015.87 2014 12 24  8 53
 2457017.89 2014 12 26  9 25   2457017.98 2014 12 26 11 36   2457018.07 2014 12 26 13 47
 2457020.10 2014 12 28 14 20   2457020.19 2014 12 28 16 31   2457020.28 2014 12 28 18 42
 2457022.30 2014 12 30 19 15   2457022.39 2014 12 30 21 26   2457022.48 2014 12 30 23 37
 2457024.51 2015  1  2  0 10   2457024.60 2015  1  2  2 21   2457024.69 2015  1  2  4 32
 2457026.71 2015  1  4  5  4   2457026.80 2015  1  4  7 16   2457026.89 2015  1  4  9 27
 2457028.92 2015  1  6  9 59   2457029.01 2015  1  6 12 10   2457029.10 2015  1  6 14 22
 2457031.12 2015  1  8 14 54   2457031.21 2015  1  8 17  5   2457031.30 2015  1  8 19 16
 2457033.33 2015  1 10 19 49   2457033.42 2015  1 10 22  0   2457033.51 2015  1 11  0 11
 2457035.53 2015  1 13  0 44   2457035.62 2015  1 13  2 55   2457035.71 2015  1 13  5  6
 2457037.74 2015  1 15  5 38   2457037.83 2015  1 15  7 50   2457037.92 2015  1 15 10  1
 2457039.94 2015  1 17 10 33   2457040.03 2015  1 17 12 44   2457040.12 2015  1 17 14 56
 2457042.14 2015  1 19 15 28   2457042.24 2015  1 19 17 39   2457042.33 2015  1 19 19 50
 2457044.35 2015  1 21 20 23   2457044.44 2015  1 21 22 34   2457044.53 2015  1 22  0 45
 2457046.55 2015  1 24  1 18   2457046.65 2015  1 24  3 29   2457046.74 2015  1 24  5 40
 2457048.76 2015  1 26  6 12   2457048.85 2015  1 26  8 24   2457048.94 2015  1 26 10 35
 2457050.96 2015  1 28 11  7   2457051.05 2015  1 28 13 18   2457051.15 2015  1 28 15 30
 2457053.17 2015  1 30 16  2   2457053.26 2015  1 30 18 13   2457053.35 2015  1 30 20 25
 2457055.37 2015  2  1 20 57   2457055.46 2015  2  1 23  8   2457055.56 2015  2  2  1 19
 2457057.58 2015  2  4  1 52   2457057.67 2015  2  4  4  3   2457057.76 2015  2  4  6 14
 2457059.78 2015  2  6  6 46   2457059.87 2015  2  6  8 58   2457059.96 2015  2  6 11  9
 2457061.99 2015  2  8 11 41   2457062.08 2015  2  8 13 52   2457062.17 2015  2  8 16  4
 2457064.19 2015  2 10 16 36   2457064.28 2015  2 10 18 47   2457064.37 2015  2 10 20 59
 2457066.40 2015  2 12 21 31   2457066.49 2015  2 12 23 42   2457066.58 2015  2 13  1 53
 2457068.60 2015  2 15  2 26   2457068.69 2015  2 15  4 37   2457068.78 2015  2 15  6 48
 2457070.81 2015  2 17  7 20   2457070.90 2015  2 17  9 32   2457070.99 2015  2 17 11 43
 2457073.01 2015  2 19 12 15   2457073.10 2015  2 19 14 27   2457073.19 2015  2 19 16 38
 2457075.22 2015  2 21 17 10   2457075.31 2015  2 21 19 21   2457075.40 2015  2 21 21 33
 2457077.42 2015  2 23 22  5   2457077.51 2015  2 24  0 16   2457077.60 2015  2 24  2 28
 2457079.63 2015  2 26  3  0   2457079.72 2015  2 26  5 11   2457079.81 2015  2 26  7 22
 2457081.83 2015  2 28  7 54   2457081.92 2015  2 28 10  6   2457082.01 2015  2 28 12 17
 2457084.03 2015  3  2 12 49   2457084.13 2015  3  2 15  1   2457084.22 2015  3  2 17 12
 2457086.24 2015  3  4 17 44   2457086.33 2015  3  4 19 55   2457086.42 2015  3  4 22  7
 2457088.44 2015  3  6 22 39   2457088.54 2015  3  7  0 50   2457088.63 2015  3  7  3  2
 2457090.65 2015  3  9  3 34   2457090.74 2015  3  9  5 45   2457090.83 2015  3  9  7 56
 2457092.85 2015  3 11  8 28   2457092.94 2015  3 11 10 40   2457093.04 2015  3 11 12 51
 2457095.06 2015  3 13 13 23   2457095.15 2015  3 13 15 35   2457095.24 2015  3 13 17 46
 2457097.26 2015  3 15 18 18   2457097.35 2015  3 15 20 29   2457097.45 2015  3 15 22 41
 2457099.47 2015  3 17 23 13   2457099.56 2015  3 18  1 24   2457099.65 2015  3 18  3 36
 2457101.67 2015  3 20  4  8   2457101.76 2015  3 20  6 19   2457101.85 2015  3 20  8 30
 2457103.88 2015  3 22  9  3   2457103.97 2015  3 22 11 14   2457104.06 2015  3 22 13 25
 2457106.08 2015  3 24 13 57   2457106.17 2015  3 24 16  9   2457106.26 2015  3 24 18 20
 2457108.29 2015  3 26 18 52   2457108.38 2015  3 26 21  4   2457108.47 2015  3 26 23 15
 2457110.49 2015  3 28 23 47   2457110.58 2015  3 29  1 58   2457110.67 2015  3 29  4 10
 2457112.70 2015  3 31  4 42   2457112.79 2015  3 31  6 53   2457112.88 2015  3 31  9  5
 2457114.90 2015  4  2  9 37   2457114.99 2015  4  2 11 48   2457115.08 2015  4  2 13 59
 2457117.11 2015  4  4 14 31   2457117.20 2015  4  4 16 43   2457117.29 2015  4  4 18 54
 2457119.31 2015  4  6 19 26   2457119.40 2015  4  6 21 38   2457119.49 2015  4  6 23 49
 2457121.51 2015  4  9  0 21   2457121.61 2015  4  9  2 32   2457121.70 2015  4  9  4 44
 2457123.72 2015  4 11  5 16   2457123.81 2015  4 11  7 27   2457123.90 2015  4 11  9 39
 2457125.92 2015  4 13 10 11   2457126.02 2015  4 13 12 22   2457126.11 2015  4 13 14 33
 2457128.13 2015  4 15 15  5   2457128.22 2015  4 15 17 17   2457128.31 2015  4 15 19 28
 2457130.33 2015  4 17 20  0   2457130.43 2015  4 17 22 12   2457130.52 2015  4 18  0 23
 2457132.54 2015  4 20  0 55   2457132.63 2015  4 20  3  6   2457132.72 2015  4 20  5 18
 2457134.74 2015  4 22  5 50   2457134.83 2015  4 22  8  1   2457134.93 2015  4 22 10 13
 2457136.95 2015  4 24 10 45   2457137.04 2015  4 24 12 56   2457137.13 2015  4 24 15  8
 2457139.15 2015  4 26 15 39   2457139.24 2015  4 26 17 51   2457139.34 2015  4 26 20  2
 2457141.36 2015  4 28 20 34   2457141.45 2015  4 28 22 46   2457141.54 2015  4 29  0 57
 2457143.56 2015  5  1  1 29   2457143.65 2015  5  1  3 41   2457143.74 2015  5  1  5 52
 2457145.77 2015  5  3  6 24   2457145.86 2015  5  3  8 35   2457145.95 2015  5  3 10 47
 2457147.97 2015  5  5 11 19   2457148.06 2015  5  5 13 30   2457148.15 2015  5  5 15 42
 2457150.18 2015  5  7 16 13   2457150.27 2015  5  7 18 25   2457150.36 2015  5  7 20 36
 2457152.38 2015  5  9 21  8   2457152.47 2015  5  9 23 20   2457152.56 2015  5 10  1 31
 2457154.59 2015  5 12  2  3   2457154.68 2015  5 12  4 15   2457154.77 2015  5 12  6 26
 2457156.79 2015  5 14  6 58   2457156.88 2015  5 14  9  9   2457156.97 2015  5 14 11 21
 2457159.00 2015  5 16 11 53   2457159.09 2015  5 16 14  4   2457159.18 2015  5 16 16 16
 2457161.20 2015  5 18 16 47   2457161.29 2015  5 18 18 59   2457161.38 2015  5 18 21 11
 2457163.40 2015  5 20 21 42   2457163.50 2015  5 20 23 54   2457163.59 2015  5 21  2  5
 2457165.61 2015  5 23  2 37   2457165.70 2015  5 23  4 49   2457165.79 2015  5 23  7  0
 2457167.81 2015  5 25  7 32   2457167.91 2015  5 25  9 43   2457168.00 2015  5 25 11 55
 2457170.02 2015  5 27 12 27   2457170.11 2015  5 27 14 38   2457170.20 2015  5 27 16 50
 2457172.22 2015  5 29 17 21   2457172.31 2015  5 29 19 33   2457172.41 2015  5 29 21 45
 2457174.43 2015  5 31 22 16   2457174.52 2015  6  1  0 28   2457174.61 2015  6  1  2 39
 2457176.63 2015  6  3  3 11   2457176.72 2015  6  3  5 23   2457176.82 2015  6  3  7 34
 2457178.84 2015  6  5  8  6   2457178.93 2015  6  5 10 17   2457179.02 2015  6  5 12 29
 2457181.04 2015  6  7 13  1   2457181.13 2015  6  7 15 12   2457181.23 2015  6  7 17 24
 2457183.25 2015  6  9 17 56   2457183.34 2015  6  9 20  7   2457183.43 2015  6  9 22 19
 2457185.45 2015  6 11 22 50   2457185.54 2015  6 12  1  2   2457185.63 2015  6 12  3 14
 2457187.66 2015  6 14  3 45   2457187.75 2015  6 14  5 57   2457187.84 2015  6 14  8  8
 2457189.86 2015  6 16  8 40   2457189.95 2015  6 16 10 52   2457190.04 2015  6 16 13  3
 2457192.07 2015  6 18 13 35   2457192.16 2015  6 18 15 46   2457192.25 2015  6 18 17 58
 2457194.27 2015  6 20 18 30   2457194.36 2015  6 20 20 41   2457194.45 2015  6 20 22 53
 2457196.48 2015  6 22 23 24   2457196.57 2015  6 23  1 36   2457196.66 2015  6 23  3 48
 2457198.68 2015  6 25  4 19   2457198.77 2015  6 25  6 31   2457198.86 2015  6 25  8 42
 2457200.89 2015  6 27  9 14   2457200.98 2015  6 27 11 26   2457201.07 2015  6 27 13 37
 2457203.09 2015  6 29 14  9   2457203.18 2015  6 29 16 20   2457203.27 2015  6 29 18 32
 2457205.29 2015  7  1 19  4   2457205.39 2015  7  1 21 15   2457205.48 2015  7  1 23 27
 2457207.50 2015  7  3 23 58   2457207.59 2015  7  4  2 10   2457207.68 2015  7  4  4 22
 2457209.70 2015  7  6  4 53   2457209.80 2015  7  6  7  5   2457209.89 2015  7  6  9 17
 2457211.91 2015  7  8  9 48   2457212.00 2015  7  8 12  0   2457212.09 2015  7  8 14 11
 2457214.11 2015  7 10 14 43   2457214.20 2015  7 10 16 54   2457214.30 2015  7 10 19  6
 2457216.32 2015  7 12 19 38   2457216.41 2015  7 12 21 49   2457216.50 2015  7 13  0  1
 2457218.52 2015  7 15  0 32   2457218.61 2015  7 15  2 44   2457218.71 2015  7 15  4 56
 2457220.73 2015  7 17  5 27   2457220.82 2015  7 17  7 39   2457220.91 2015  7 17  9 51
 2457222.93 2015  7 19 10 22   2457223.02 2015  7 19 12 34   2457223.12 2015  7 19 14 45
 2457225.14 2015  7 21 15 17   2457225.23 2015  7 21 17 29   2457225.32 2015  7 21 19 40
 2457227.34 2015  7 23 20 12   2457227.43 2015  7 23 22 23   2457227.52 2015  7 24  0 35
 2457229.55 2015  7 26  1  6   2457229.64 2015  7 26  3 18   2457229.73 2015  7 26  5 30
 2457231.75 2015  7 28  6  1   2457231.84 2015  7 28  8 13   2457231.93 2015  7 28 10 25
 2457233.96 2015  7 30 10 56   2457234.05 2015  7 30 13  8   2457234.14 2015  7 30 15 19
 2457236.16 2015  8  1 15 51   2457236.25 2015  8  1 18  3   2457236.34 2015  8  1 20 14
 2457238.37 2015  8  3 20 46   2457238.46 2015  8  3 22 57   2457238.55 2015  8  4  1  9
 2457240.57 2015  8  6  1 40   2457240.66 2015  8  6  3 52   2457240.75 2015  8  6  6  4
 2457242.77 2015  8  8  6 35   2457242.87 2015  8  8  8 47   2457242.96 2015  8  8 10 59
 2457244.98 2015  8 10 11 30   2457245.07 2015  8 10 13 42   2457245.16 2015  8 10 15 54
 2457247.18 2015  8 12 16 25   2457247.28 2015  8 12 18 37   2457247.37 2015  8 12 20 48
 2457249.39 2015  8 14 21 20   2457249.48 2015  8 14 23 31   2457249.57 2015  8 15  1 43
 2457251.59 2015  8 17  2 14   2457251.69 2015  8 17  4 26   2457251.78 2015  8 17  6 38
 2457253.80 2015  8 19  7  9   2457253.89 2015  8 19  9 21   2457253.98 2015  8 19 11 33
 2457256.00 2015  8 21 12  4   2457256.09 2015  8 21 14 16   2457256.19 2015  8 21 16 28
 2457258.21 2015  8 23 16 59   2457258.30 2015  8 23 19 11   2457258.39 2015  8 23 21 22
 2457260.41 2015  8 25 21 54   2457260.50 2015  8 26  0  5   2457260.60 2015  8 26  2 17
 2457262.62 2015  8 28  2 48   2457262.71 2015  8 28  5  0   2457262.80 2015  8 28  7 12
 2457264.82 2015  8 30  7 43   2457264.91 2015  8 30  9 55   2457265.01 2015  8 30 12  7
 2457267.03 2015  9  1 12 38   2457267.12 2015  9  1 14 50   2457267.21 2015  9  1 17  2
 2457269.23 2015  9  3 17 33   2457269.32 2015  9  3 19 45   2457269.41 2015  9  3 21 57
 2457271.44 2015  9  5 22 28   2457271.53 2015  9  6  0 40   2457271.62 2015  9  6  2 51
 2457273.64 2015  9  8  3 23   2457273.73 2015  9  8  5 34   2457273.82 2015  9  8  7 46
 2457275.85 2015  9 10  8 17   2457275.94 2015  9 10 10 29   2457276.03 2015  9 10 12 41
 2457278.05 2015  9 12 13 12   2457278.14 2015  9 12 15 24   2457278.23 2015  9 12 17 36
 2457280.26 2015  9 14 18  7   2457280.35 2015  9 14 20 19   2457280.44 2015  9 14 22 31
 2457282.46 2015  9 16 23  2   2457282.55 2015  9 17  1 14   2457282.64 2015  9 17  3 25
 2457284.66 2015  9 19  3 57   2457284.76 2015  9 19  6  8   2457284.85 2015  9 19  8 20
 2457286.87 2015  9 21  8 51   2457286.96 2015  9 21 11  3   2457287.05 2015  9 21 13 15
 2457289.07 2015  9 23 13 46   2457289.17 2015  9 23 15 58   2457289.26 2015  9 23 18 10
 2457291.28 2015  9 25 18 41   2457291.37 2015  9 25 20 53   2457291.46 2015  9 25 23  5
 2457293.48 2015  9 27 23 36   2457293.58 2015  9 28  1 48   2457293.67 2015  9 28  4  0
 2457295.69 2015  9 30  4 31   2457295.78 2015  9 30  6 42   2457295.87 2015  9 30  8 54
 2457297.89 2015 10  2  9 25   2457297.98 2015 10  2 11 37   2457298.08 2015 10  2 13 49
 2457300.10 2015 10  4 14 20   2457300.19 2015 10  4 16 32   2457300.28 2015 10  4 18 44
 2457302.30 2015 10  6 19 15   2457302.39 2015 10  6 21 27   2457302.49 2015 10  6 23 39
 2457304.51 2015 10  9  0 10   2457304.60 2015 10  9  2 22   2457304.69 2015 10  9  4 34
 2457306.71 2015 10 11  5  5   2457306.80 2015 10 11  7 17   2457306.90 2015 10 11  9 28
 2457308.92 2015 10 13  9 59   2457309.01 2015 10 13 12 11   2457309.10 2015 10 13 14 23
 2457311.12 2015 10 15 14 54   2457311.21 2015 10 15 17  6   2457311.30 2015 10 15 19 18
 2457313.33 2015 10 17 19 49   2457313.42 2015 10 17 22  1   2457313.51 2015 10 18  0 13
 2457315.53 2015 10 20  0 44   2457315.62 2015 10 20  2 56   2457315.71 2015 10 20  5  8
 2457317.74 2015 10 22  5 39   2457317.83 2015 10 22  7 51   2457317.92 2015 10 22 10  3
 2457319.94 2015 10 24 10 33   2457320.03 2015 10 24 12 45   2457320.12 2015 10 24 14 57
 2457322.14 2015 10 26 15 28   2457322.24 2015 10 26 17 40   2457322.33 2015 10 26 19 52
 2457324.35 2015 10 28 20 23   2457324.44 2015 10 28 22 35   2457324.53 2015 10 29  0 47
 2457326.55 2015 10 31  1 18   2457326.65 2015 10 31  3 30   2457326.74 2015 10 31  5 42
 2457328.76 2015 11  2  6 13   2457328.85 2015 11  2  8 25   2457328.94 2015 11  2 10 37
 2457330.96 2015 11  4 11  7   2457331.06 2015 11  4 13 19   2457331.15 2015 11  4 15 31
 2457333.17 2015 11  6 16  2   2457333.26 2015 11  6 18 14   2457333.35 2015 11  6 20 26
 2457335.37 2015 11  8 20 57   2457335.46 2015 11  8 23  9   2457335.56 2015 11  9  1 21
 2457337.58 2015 11 11  1 52   2457337.67 2015 11 11  4  4   2457337.76 2015 11 11  6 16
 2457339.78 2015 11 13  6 47   2457339.87 2015 11 13  8 59   2457339.97 2015 11 13 11 11
 2457341.99 2015 11 15 11 41   2457342.08 2015 11 15 13 54   2457342.17 2015 11 15 16  6
 2457344.19 2015 11 17 16 36   2457344.28 2015 11 17 18 48   2457344.38 2015 11 17 21  0
 2457346.40 2015 11 19 21 31   2457346.49 2015 11 19 23 43   2457346.58 2015 11 20  1 55
 2457348.60 2015 11 22  2 26   2457348.69 2015 11 22  4 38   2457348.79 2015 11 22  6 50
 2457350.81 2015 11 24  7 21   2457350.90 2015 11 24  9 33   2457350.99 2015 11 24 11 45
 2457353.01 2015 11 26 12 16   2457353.10 2015 11 26 14 28   2457353.19 2015 11 26 16 40
 2457355.22 2015 11 28 17 10   2457355.31 2015 11 28 19 22   2457355.40 2015 11 28 21 34
 2457357.42 2015 11 30 22  5   2457357.51 2015 12  1  0 17   2457357.60 2015 12  1  2 29
 2457359.63 2015 12  3  3  0   2457359.72 2015 12  3  5 12   2457359.81 2015 12  3  7 24
 2457361.83 2015 12  5  7 55   2457361.92 2015 12  5 10  7   2457362.01 2015 12  5 12 19
 2457364.03 2015 12  7 12 50   2457364.13 2015 12  7 15  2   2457364.22 2015 12  7 17 14
 2457366.24 2015 12  9 17 44   2457366.33 2015 12  9 19 56   2457366.42 2015 12  9 22  9
 2457368.44 2015 12 11 22 39   2457368.54 2015 12 12  0 51   2457368.63 2015 12 12  3  3
 2457370.65 2015 12 14  3 34   2457370.74 2015 12 14  5 46   2457370.83 2015 12 14  7 58
 2457372.85 2015 12 16  8 29   2457372.95 2015 12 16 10 41   2457373.04 2015 12 16 12 53
 2457375.06 2015 12 18 13 24   2457375.15 2015 12 18 15 36   2457375.24 2015 12 18 17 48
 2457377.26 2015 12 20 18 18   2457377.35 2015 12 20 20 30   2457377.45 2015 12 20 22 43
 2457379.47 2015 12 22 23 13   2457379.56 2015 12 23  1 25   2457379.65 2015 12 23  3 37
 2457381.67 2015 12 25  4  8   2457381.76 2015 12 25  6 20   2457381.86 2015 12 25  8 32
 2457383.88 2015 12 27  9  3   2457383.97 2015 12 27 11 15   2457384.06 2015 12 27 13 27
 2457386.08 2015 12 29 13 58   2457386.17 2015 12 29 16 10   2457386.27 2015 12 29 18 22
 2457388.29 2015 12 31 18 52   2457388.38 2015 12 31 21  5   2457388.47 2015 12 31 23 17
 2457390.49 2016  1  2 23 47   2457390.58 2016  1  3  1 59   2457390.67 2016  1  3  4 11
 2457392.70 2016  1  5  4 42   2457392.79 2016  1  5  6 54   2457392.88 2016  1  5  9  6
 2457394.90 2016  1  7  9 37   2457394.99 2016  1  7 11 49   2457395.08 2016  1  7 14  1
 2457397.11 2016  1  9 14 32   2457397.20 2016  1  9 16 44   2457397.29 2016  1  9 18 56
 2457399.31 2016  1 11 19 26   2457399.40 2016  1 11 21 39   2457399.49 2016  1 11 23 51
 2457401.52 2016  1 14  0 21   2457401.61 2016  1 14  2 33   2457401.70 2016  1 14  4 46
 2457403.72 2016  1 16  5 16   2457403.81 2016  1 16  7 28   2457403.90 2016  1 16  9 40
 2457405.92 2016  1 18 10 11   2457406.02 2016  1 18 12 23   2457406.11 2016  1 18 14 35
 2457408.13 2016  1 20 15  6   2457408.22 2016  1 20 17 18   2457408.31 2016  1 20 19 30
 2457410.33 2016  1 22 20  0   2457410.43 2016  1 22 22 13   2457410.52 2016  1 23  0 25
 2457412.54 2016  1 25  0 55   2457412.63 2016  1 25  3  7   2457412.72 2016  1 25  5 20
 2457414.74 2016  1 27  5 50   2457414.84 2016  1 27  8  2   2457414.93 2016  1 27 10 14
 2457416.95 2016  1 29 10 45   2457417.04 2016  1 29 12 57   2457417.13 2016  1 29 15  9
 2457419.15 2016  1 31 15 40   2457419.24 2016  1 31 17 52   2457419.34 2016  1 31 20  4
 2457421.36 2016  2  2 20 34   2457421.45 2016  2  2 22 47   2457421.54 2016  2  3  0 59
 2457423.56 2016  2  5  1 29   2457423.65 2016  2  5  3 42   2457423.75 2016  2  5  5 54
 2457425.77 2016  2  7  6 24   2457425.86 2016  2  7  8 36   2457425.95 2016  2  7 10 49
 2457427.97 2016  2  9 11 19   2457428.06 2016  2  9 13 31   2457428.16 2016  2  9 15 43
 2457430.18 2016  2 11 16 14   2457430.27 2016  2 11 18 26   2457430.36 2016  2 11 20 38
 2457432.38 2016  2 13 21  9   2457432.47 2016  2 13 23 21   2457432.56 2016  2 14  1 33
 2457434.59 2016  2 16  2  3   2457434.68 2016  2 16  4 16   2457434.77 2016  2 16  6 28
 2457436.79 2016  2 18  6 58   2457436.88 2016  2 18  9 10   2457436.97 2016  2 18 11 23
 2457439.00 2016  2 20 11 53   2457439.09 2016  2 20 14  5   2457439.18 2016  2 20 16 17
 2457441.20 2016  2 22 16 48   2457441.29 2016  2 22 19  0   2457441.38 2016  2 22 21 12
 2457443.40 2016  2 24 21 43   2457443.50 2016  2 24 23 55   2457443.59 2016  2 25  2  7
 2457445.61 2016  2 27  2 37   2457445.70 2016  2 27  4 50   2457445.79 2016  2 27  7  2
 2457447.81 2016  2 29  7 32   2457447.91 2016  2 29  9 44   2457448.00 2016  2 29 11 57
 2457450.02 2016  3  2 12 27   2457450.11 2016  3  2 14 39   2457450.20 2016  3  2 16 52
 2457452.22 2016  3  4 17 22   2457452.32 2016  3  4 19 34   2457452.41 2016  3  4 21 46
 2457454.43 2016  3  6 22 17   2457454.52 2016  3  7  0 29   2457454.61 2016  3  7  2 41
 2457456.63 2016  3  9  3 11   2457456.73 2016  3  9  5 24   2457456.82 2016  3  9  7 36
 2457458.84 2016  3 11  8  6   2457458.93 2016  3 11 10 18   2457459.02 2016  3 11 12 31
 2457461.04 2016  3 13 13  1   2457461.13 2016  3 13 15 13   2457461.23 2016  3 13 17 26
 2457463.25 2016  3 15 17 56   2457463.34 2016  3 15 20  8   2457463.43 2016  3 15 22 20
 2457465.45 2016  3 17 22 51   2457465.54 2016  3 18  1  3   2457465.64 2016  3 18  3 15
 2457467.66 2016  3 20  3 45   2457467.75 2016  3 20  5 58   2457467.84 2016  3 20  8 10
 2457469.86 2016  3 22  8 40   2457469.95 2016  3 22 10 53   2457470.05 2016  3 22 13  5
 2457472.07 2016  3 24 13 35   2457472.16 2016  3 24 15 47   2457472.25 2016  3 24 18  0
 2457474.27 2016  3 26 18 30   2457474.36 2016  3 26 20 42   2457474.45 2016  3 26 22 55
 2457476.48 2016  3 28 23 25   2457476.57 2016  3 29  1 37   2457476.66 2016  3 29  3 49
 2457478.68 2016  3 31  4 19   2457478.77 2016  3 31  6 32   2457478.86 2016  3 31  8 44
 2457480.89 2016  4  2  9 14   2457480.98 2016  4  2 11 27   2457481.07 2016  4  2 13 39
 2457483.09 2016  4  4 14  9   2457483.18 2016  4  4 16 21   2457483.27 2016  4  4 18 34
 2457485.29 2016  4  6 19  4   2457485.39 2016  4  6 21 16   2457485.48 2016  4  6 23 29
 2457487.50 2016  4  8 23 59   2457487.59 2016  4  9  2 11   2457487.68 2016  4  9  4 23
 2457489.70 2016  4 11  4 53   2457489.80 2016  4 11  7  6   2457489.89 2016  4 11  9 18
 2457491.91 2016  4 13  9 48   2457492.00 2016  4 13 12  1   2457492.09 2016  4 13 14 13
 2457494.11 2016  4 15 14 43   2457494.21 2016  4 15 16 55   2457494.30 2016  4 15 19  8
 2457496.32 2016  4 17 19 38   2457496.41 2016  4 17 21 50   2457496.50 2016  4 18  0  3
 2457498.52 2016  4 20  0 33   2457498.61 2016  4 20  2 45   2457498.71 2016  4 20  4 58
 2457500.73 2016  4 22  5 27   2457500.82 2016  4 22  7 40   2457500.91 2016  4 22  9 52
 2457502.93 2016  4 24 10 22   2457503.02 2016  4 24 12 35   2457503.12 2016  4 24 14 47
 2457505.14 2016  4 26 15 17   2457505.23 2016  4 26 17 30   2457505.32 2016  4 26 19 42
 2457507.34 2016  4 28 20 12   2457507.43 2016  4 28 22 24   2457507.53 2016  4 29  0 37
 2457509.55 2016  5  1  1  7   2457509.64 2016  5  1  3 19   2457509.73 2016  5  1  5 32
 2457511.75 2016  5  3  6  1   2457511.84 2016  5  3  8 14   2457511.94 2016  5  3 10 26
 2457513.96 2016  5  5 10 56   2457514.05 2016  5  5 13  9   2457514.14 2016  5  5 15 21
 2457516.16 2016  5  7 15 51   2457516.25 2016  5  7 18  4   2457516.34 2016  5  7 20 16
 2457518.37 2016  5  9 20 46   2457518.46 2016  5  9 22 58   2457518.55 2016  5 10  1 11
 2457520.57 2016  5 12  1 41   2457520.66 2016  5 12  3 53   2457520.75 2016  5 12  6  6
 2457522.78 2016  5 14  6 36   2457522.87 2016  5 14  8 48   2457522.96 2016  5 14 11  1
 2457524.98 2016  5 16 11 30   2457525.07 2016  5 16 13 43   2457525.16 2016  5 16 15 55
 2457527.18 2016  5 18 16 25   2457527.28 2016  5 18 18 38   2457527.37 2016  5 18 20 50
 2457529.39 2016  5 20 21 20   2457529.48 2016  5 20 23 32   2457529.57 2016  5 21  1 45
 2457531.59 2016  5 23  2 15   2457531.69 2016  5 23  4 27   2457531.78 2016  5 23  6 40
 2457533.80 2016  5 25  7 10   2457533.89 2016  5 25  9 22   2457533.98 2016  5 25 11 35
 2457536.00 2016  5 27 12  4   2457536.10 2016  5 27 14 17   2457536.19 2016  5 27 16 29
 2457538.21 2016  5 29 16 59   2457538.30 2016  5 29 19 12   2457538.39 2016  5 29 21 24
 2457540.41 2016  5 31 21 54   2457540.50 2016  6  1  0  6   2457540.60 2016  6  1  2 19
 2457542.62 2016  6  3  2 49   2457542.71 2016  6  3  5  1   2457542.80 2016  6  3  7 14
 2457544.82 2016  6  5  7 44   2457544.91 2016  6  5  9 56   2457545.01 2016  6  5 12  9
 2457547.03 2016  6  7 12 38   2457547.12 2016  6  7 14 51   2457547.21 2016  6  7 17  3
 2457549.23 2016  6  9 17 33   2457549.32 2016  6  9 19 46   2457549.42 2016  6  9 21 58
 2457551.44 2016  6 11 22 28   2457551.53 2016  6 12  0 41   2457551.62 2016  6 12  2 53
 2457553.64 2016  6 14  3 23   2457553.73 2016  6 14  5 35   2457553.83 2016  6 14  7 48
 2457555.85 2016  6 16  8 18   2457555.94 2016  6 16 10 30   2457556.03 2016  6 16 12 43
 2457558.05 2016  6 18 13 12   2457558.14 2016  6 18 15 25   2457558.23 2016  6 18 17 38
 2457560.26 2016  6 20 18  7   2457560.35 2016  6 20 20 20   2457560.44 2016  6 20 22 32
 2457562.46 2016  6 22 23  2   2457562.55 2016  6 23  1 15   2457562.64 2016  6 23  3 27
 2457564.66 2016  6 25  3 57   2457564.76 2016  6 25  6  9   2457564.85 2016  6 25  8 22
 2457566.87 2016  6 27  8 52   2457566.96 2016  6 27 11  4   2457567.05 2016  6 27 13 17
 2457569.07 2016  6 29 13 46   2457569.17 2016  6 29 15 59   2457569.26 2016  6 29 18 12
 2457571.28 2016  7  1 18 41   2457571.37 2016  7  1 20 54   2457571.46 2016  7  1 23  6
 2457573.48 2016  7  3 23 36   2457573.58 2016  7  4  1 49   2457573.67 2016  7  4  4  1
 2457575.69 2016  7  6  4 31   2457575.78 2016  7  6  6 43   2457575.87 2016  7  6  8 56
 2457577.89 2016  7  8  9 26   2457577.99 2016  7  8 11 38   2457578.08 2016  7  8 13 51
 2457580.10 2016  7 10 14 20   2457580.19 2016  7 10 16 33   2457580.28 2016  7 10 18 46
 2457582.30 2016  7 12 19 15   2457582.39 2016  7 12 21 28   2457582.49 2016  7 12 23 41
 2457584.51 2016  7 15  0 10   2457584.60 2016  7 15  2 23   2457584.69 2016  7 15  4 35
 2457586.71 2016  7 17  5  5   2457586.80 2016  7 17  7 18   2457586.90 2016  7 17  9 30
 2457588.92 2016  7 19 10  0   2457589.01 2016  7 19 12 12   2457589.10 2016  7 19 14 25
 2457591.12 2016  7 21 14 54   2457591.21 2016  7 21 17  7   2457591.31 2016  7 21 19 20
 2457593.33 2016  7 23 19 49   2457593.42 2016  7 23 22  2   2457593.51 2016  7 24  0 15
 2457595.53 2016  7 26  0 44   2457595.62 2016  7 26  2 57   2457595.72 2016  7 26  5  9
 2457597.74 2016  7 28  5 39   2457597.83 2016  7 28  7 52   2457597.92 2016  7 28 10  4
 2457599.94 2016  7 30 10 34   2457600.03 2016  7 30 12 46   2457600.12 2016  7 30 14 59
 2457602.15 2016  8  1 15 29   2457602.24 2016  8  1 17 41   2457602.33 2016  8  1 19 54
 2457604.35 2016  8  3 20 23   2457604.44 2016  8  3 22 36   2457604.53 2016  8  4  0 49
 2457606.55 2016  8  6  1 18   2457606.65 2016  8  6  3 31   2457606.74 2016  8  6  5 44
