 Predicted Transit Epochs: HAT-P-13_ c

 Predicted Duration of a Central Transit:    15.   Hours

 Begin Transit Window           PREDICTED CENTRAL TRANSIT     End Transit Window
                                     All Times UT

                               HJD        Year M  D  H  M
 2457100.28 2015  3 18 18 42   2457108.44 2015  3 26 22 28   2457116.59 2015  4  4  2 13
 2457547.48 2016  6  7 23 30   2457556.64 2016  6 17  3 16   2457565.79 2016  6 26  7  1
 2457994.68 2017  8 29  4 18   2458004.84 2017  9  8  8  4   2458014.99 2017  9 18 11 49
 2458441.88 2018 11 19  9  6   2458453.04 2018 11 30 12 52   2458464.19 2018 12 11 16 37
 2458889.08 2020  2  9 13 54   2458901.24 2020  2 21 17 40   2458913.39 2020  3  4 21 25
 2459336.28 2021  5  1 18 42   2459349.44 2021  5 14 22 28   2459362.59 2021  5 28  2 13
 2459783.48 2022  7 22 23 30   2459797.64 2022  8  6  3 16   2459811.79 2022  8 20  7  1
 2460230.68 2023 10 13  4 18   2460245.84 2023 10 28  8  4   2460260.99 2023 11 12 11 49
 2460677.88 2025  1  2  9  6   2460694.04 2025  1 18 12 52   2460710.19 2025  2  3 16 37
 2461125.08 2026  3 25 13 54   2461142.24 2026  4 11 17 40   2461159.39 2026  4 28 21 25
 2461572.28 2027  6 15 18 42   2461590.44 2027  7  3 22 28   2461608.59 2027  7 22  2 13
 2462019.48 2028  9  4 23 30   2462038.64 2028  9 24  3 16   2462057.79 2028 10 13  7  1
 2462466.68 2029 11 26  4 18   2462486.84 2029 12 16  8  4   2462506.99 2030  1  5 11 49
 2462913.88 2031  2 16  9  6   2462935.04 2031  3  9 12 52   2462956.19 2031  3 30 16 37
 2463361.08 2032  5  8 13 54   2463383.24 2032  5 30 17 40   2463405.39 2032  6 21 21 25
 2463808.28 2033  7 29 18 42   2463831.44 2033  8 21 22 28   2463854.59 2033  9 14  2 13
 2464255.48 2034 10 19 23 30   2464279.64 2034 11 13  3 16   2464303.79 2034 12  7  7  1
