 Predicted Transit Epochs: HAT-P-5__ b

Observed Transit Duration:  175.2 Minutes

 Begin Transit Window           PREDICTED CENTRAL TRANSIT     End Transit Window
                                     All Times UT

                               HJD        Year M  D  H  M
 2456756.91 2014  4  9  9 53   2456757.00 2014  4  9 11 53   2456757.08 2014  4  9 13 53
 2456759.70 2014  4 12  4 48   2456759.78 2014  4 12  6 48   2456759.87 2014  4 12  8 49
 2456762.49 2014  4 14 23 43   2456762.57 2014  4 15  1 44   2456762.66 2014  4 15  3 44
 2456765.28 2014  4 17 18 39   2456765.36 2014  4 17 20 39   2456765.44 2014  4 17 22 40
 2456768.07 2014  4 20 13 34   2456768.15 2014  4 20 15 35   2456768.23 2014  4 20 17 35
 2456770.85 2014  4 23  8 30   2456770.94 2014  4 23 10 30   2456771.02 2014  4 23 12 31
 2456773.64 2014  4 26  3 25   2456773.73 2014  4 26  5 26   2456773.81 2014  4 26  7 26
 2456776.43 2014  4 28 22 20   2456776.51 2014  4 29  0 21   2456776.60 2014  4 29  2 22
 2456779.22 2014  5  1 17 16   2456779.30 2014  5  1 19 16   2456779.39 2014  5  1 21 17
 2456782.01 2014  5  4 12 11   2456782.09 2014  5  4 14 12   2456782.18 2014  5  4 16 13
 2456784.80 2014  5  7  7  7   2456784.88 2014  5  7  9  7   2456784.96 2014  5  7 11  8
 2456787.59 2014  5 10  2  2   2456787.67 2014  5 10  4  3   2456787.75 2014  5 10  6  4
 2456790.37 2014  5 12 20 57   2456790.46 2014  5 12 22 58   2456790.54 2014  5 13  0 59
 2456793.16 2014  5 15 15 53   2456793.25 2014  5 15 17 54   2456793.33 2014  5 15 19 54
 2456795.95 2014  5 18 10 48   2456796.03 2014  5 18 12 49   2456796.12 2014  5 18 14 50
 2456798.74 2014  5 21  5 43   2456798.82 2014  5 21  7 44   2456798.91 2014  5 21  9 45
 2456801.53 2014  5 24  0 39   2456801.61 2014  5 24  2 40   2456801.70 2014  5 24  4 41
 2456804.32 2014  5 26 19 34   2456804.40 2014  5 26 21 35   2456804.48 2014  5 26 23 36
 2456807.10 2014  5 29 14 30   2456807.19 2014  5 29 16 31   2456807.27 2014  5 29 18 32
 2456809.89 2014  6  1  9 25   2456809.98 2014  6  1 11 26   2456810.06 2014  6  1 13 27
 2456812.68 2014  6  4  4 20   2456812.77 2014  6  4  6 22   2456812.85 2014  6  4  8 23
 2456815.47 2014  6  6 23 16   2456815.55 2014  6  7  1 17   2456815.64 2014  6  7  3 18
 2456818.26 2014  6  9 18 11   2456818.34 2014  6  9 20 12   2456818.43 2014  6  9 22 14
 2456821.05 2014  6 12 13  7   2456821.13 2014  6 12 15  8   2456821.21 2014  6 12 17  9
 2456823.84 2014  6 15  8  2   2456823.92 2014  6 15 10  3   2456824.00 2014  6 15 12  5
 2456826.62 2014  6 18  2 57   2456826.71 2014  6 18  4 59   2456826.79 2014  6 18  7  0
 2456829.41 2014  6 20 21 53   2456829.50 2014  6 20 23 54   2456829.58 2014  6 21  1 55
 2456832.20 2014  6 23 16 48   2456832.28 2014  6 23 18 50   2456832.37 2014  6 23 20 51
 2456834.99 2014  6 26 11 44   2456835.07 2014  6 26 13 45   2456835.16 2014  6 26 15 46
 2456837.78 2014  6 29  6 39   2456837.86 2014  6 29  8 40   2456837.95 2014  6 29 10 42
 2456840.57 2014  7  2  1 34   2456840.65 2014  7  2  3 36   2456840.73 2014  7  2  5 37
 2456843.35 2014  7  4 20 30   2456843.44 2014  7  4 22 31   2456843.52 2014  7  5  0 33
 2456846.14 2014  7  7 15 25   2456846.23 2014  7  7 17 27   2456846.31 2014  7  7 19 28
 2456848.93 2014  7 10 10 21   2456849.02 2014  7 10 12 22   2456849.10 2014  7 10 14 24
 2456851.72 2014  7 13  5 16   2456851.80 2014  7 13  7 18   2456851.89 2014  7 13  9 19
 2456854.51 2014  7 16  0 11   2456854.59 2014  7 16  2 13   2456854.68 2014  7 16  4 15
 2456857.30 2014  7 18 19  7   2456857.38 2014  7 18 21  8   2456857.47 2014  7 18 23 10
 2456860.09 2014  7 21 14  2   2456860.17 2014  7 21 16  4   2456860.25 2014  7 21 18  6
 2456862.87 2014  7 24  8 57   2456862.96 2014  7 24 10 59   2456863.04 2014  7 24 13  1
 2456865.66 2014  7 27  3 53   2456865.75 2014  7 27  5 55   2456865.83 2014  7 27  7 57
 2456868.45 2014  7 29 22 48   2456868.54 2014  7 30  0 50   2456868.62 2014  7 30  2 52
 2456871.24 2014  8  1 17 44   2456871.32 2014  8  1 19 46   2456871.41 2014  8  1 21 47
 2456874.03 2014  8  4 12 39   2456874.11 2014  8  4 14 41   2456874.20 2014  8  4 16 43
 2456876.82 2014  8  7  7 34   2456876.90 2014  8  7  9 36   2456876.99 2014  8  7 11 38
 2456879.60 2014  8 10  2 30   2456879.69 2014  8 10  4 32   2456879.77 2014  8 10  6 34
 2456882.39 2014  8 12 21 25   2456882.48 2014  8 12 23 27   2456882.56 2014  8 13  1 29
 2456885.18 2014  8 15 16 21   2456885.27 2014  8 15 18 23   2456885.35 2014  8 15 20 25
 2456887.97 2014  8 18 11 16   2456888.05 2014  8 18 13 18   2456888.14 2014  8 18 15 20
 2456890.76 2014  8 21  6 11   2456890.84 2014  8 21  8 14   2456890.93 2014  8 21 10 16
 2456893.55 2014  8 24  1  7   2456893.63 2014  8 24  3  9   2456893.72 2014  8 24  5 11
 2456896.34 2014  8 26 20  2   2456896.42 2014  8 26 22  4   2456896.50 2014  8 27  0  7
 2456899.12 2014  8 29 14 58   2456899.21 2014  8 29 17  0   2456899.29 2014  8 29 19  2
 2456901.91 2014  9  1  9 53   2456902.00 2014  9  1 11 55   2456902.08 2014  9  1 13 58
 2456904.70 2014  9  4  4 48   2456904.79 2014  9  4  6 51   2456904.87 2014  9  4  8 53
 2456907.49 2014  9  6 23 44   2456907.57 2014  9  7  1 46   2456907.66 2014  9  7  3 48
 2456910.28 2014  9  9 18 39   2456910.36 2014  9  9 20 42   2456910.45 2014  9  9 22 44
 2456913.07 2014  9 12 13 35   2456913.15 2014  9 12 15 37   2456913.24 2014  9 12 17 39
 2456915.85 2014  9 15  8 30   2456915.94 2014  9 15 10 32   2456916.02 2014  9 15 12 35
 2456918.64 2014  9 18  3 25   2456918.73 2014  9 18  5 28   2456918.81 2014  9 18  7 30
 2456921.43 2014  9 20 22 21   2456921.52 2014  9 21  0 23   2456921.60 2014  9 21  2 26
 2456924.22 2014  9 23 17 16   2456924.30 2014  9 23 19 19   2456924.39 2014  9 23 21 21
 2456927.01 2014  9 26 12 11   2456927.09 2014  9 26 14 14   2456927.18 2014  9 26 16 17
 2456929.80 2014  9 29  7  7   2456929.88 2014  9 29  9 10   2456929.97 2014  9 29 11 12
 2456932.59 2014 10  2  2  2   2456932.67 2014 10  2  4  5   2456932.76 2014 10  2  6  8
 2456935.37 2014 10  4 20 58   2456935.46 2014 10  4 23  0   2456935.54 2014 10  5  1  3
 2456938.16 2014 10  7 15 53   2456938.25 2014 10  7 17 56   2456938.33 2014 10  7 19 59
 2456940.95 2014 10 10 10 48   2456941.04 2014 10 10 12 51   2456941.12 2014 10 10 14 54
 2456943.74 2014 10 13  5 44   2456943.82 2014 10 13  7 47   2456943.91 2014 10 13  9 49
 2456946.53 2014 10 16  0 39   2456946.61 2014 10 16  2 42   2456946.70 2014 10 16  4 45
 2456949.32 2014 10 18 19 35   2456949.40 2014 10 18 21 38   2456949.49 2014 10 18 23 40
 2456952.10 2014 10 21 14 30   2456952.19 2014 10 21 16 33   2456952.28 2014 10 21 18 36
 2456954.89 2014 10 24  9 25   2456954.98 2014 10 24 11 28   2456955.06 2014 10 24 13 31
 2456957.68 2014 10 27  4 21   2456957.77 2014 10 27  6 24   2456957.85 2014 10 27  8 27
 2456960.47 2014 10 29 23 16   2456960.56 2014 10 30  1 19   2456960.64 2014 10 30  3 22
 2456963.26 2014 11  1 18 12   2456963.34 2014 11  1 20 15   2456963.43 2014 11  1 22 18
 2456966.05 2014 11  4 13  7   2456966.13 2014 11  4 15 10   2456966.22 2014 11  4 17 13
 2456968.84 2014 11  7  8  2   2456968.92 2014 11  7 10  5   2456969.01 2014 11  7 12  9
 2456971.62 2014 11 10  2 58   2456971.71 2014 11 10  5  1   2456971.79 2014 11 10  7  4
 2456974.41 2014 11 12 21 53   2456974.50 2014 11 12 23 56   2456974.58 2014 11 13  2  0
 2456977.20 2014 11 15 16 49   2456977.29 2014 11 15 18 52   2456977.37 2014 11 15 20 55
 2456979.99 2014 11 18 11 44   2456980.07 2014 11 18 13 47   2456980.16 2014 11 18 15 50
 2456982.78 2014 11 21  6 39   2456982.86 2014 11 21  8 43   2456982.95 2014 11 21 10 46
 2456985.57 2014 11 24  1 35   2456985.65 2014 11 24  3 38   2456985.74 2014 11 24  5 41
 2456988.35 2014 11 26 20 30   2456988.44 2014 11 26 22 33   2456988.53 2014 11 27  0 37
 2456991.14 2014 11 29 15 25   2456991.23 2014 11 29 17 29   2456991.31 2014 11 29 19 32
 2456993.93 2014 12  2 10 21   2456994.02 2014 12  2 12 24   2456994.10 2014 12  2 14 28
 2456996.72 2014 12  5  5 16   2456996.81 2014 12  5  7 20   2456996.89 2014 12  5  9 23
 2456999.51 2014 12  8  0 12   2456999.59 2014 12  8  2 15   2456999.68 2014 12  8  4 19
 2457002.30 2014 12 10 19  7   2457002.38 2014 12 10 21 11   2457002.47 2014 12 10 23 14
 2457005.09 2014 12 13 14  2   2457005.17 2014 12 13 16  6   2457005.26 2014 12 13 18 10
 2457007.87 2014 12 16  8 58   2457007.96 2014 12 16 11  1   2457008.05 2014 12 16 13  5
 2457010.66 2014 12 19  3 53   2457010.75 2014 12 19  5 57   2457010.83 2014 12 19  8  1
 2457013.45 2014 12 21 22 49   2457013.54 2014 12 22  0 52   2457013.62 2014 12 22  2 56
 2457016.24 2014 12 24 17 44   2457016.33 2014 12 24 19 48   2457016.41 2014 12 24 21 52
 2457019.03 2014 12 27 12 39   2457019.11 2014 12 27 14 43   2457019.20 2014 12 27 16 47
 2457021.82 2014 12 30  7 35   2457021.90 2014 12 30  9 39   2457021.99 2014 12 30 11 42
 2457024.60 2015  1  2  2 30   2457024.69 2015  1  2  4 34   2457024.78 2015  1  2  6 38
 2457027.39 2015  1  4 21 26   2457027.48 2015  1  4 23 29   2457027.57 2015  1  5  1 33
 2457030.18 2015  1  7 16 21   2457030.27 2015  1  7 18 25   2457030.35 2015  1  7 20 29
 2457032.97 2015  1 10 11 16   2457033.06 2015  1 10 13 20   2457033.14 2015  1 10 15 24
 2457035.76 2015  1 13  6 12   2457035.84 2015  1 13  8 16   2457035.93 2015  1 13 10 20
 2457038.55 2015  1 16  1  7   2457038.63 2015  1 16  3 11   2457038.72 2015  1 16  5 15
 2457041.34 2015  1 18 20  3   2457041.42 2015  1 18 22  7   2457041.51 2015  1 19  0 11
 2457044.12 2015  1 21 14 58   2457044.21 2015  1 21 17  2   2457044.30 2015  1 21 19  6
 2457046.91 2015  1 24  9 53   2457047.00 2015  1 24 11 57   2457047.08 2015  1 24 14  2
 2457049.70 2015  1 27  4 49   2457049.79 2015  1 27  6 53   2457049.87 2015  1 27  8 57
 2457052.49 2015  1 29 23 44   2457052.58 2015  1 30  1 48   2457052.66 2015  1 30  3 53
 2457055.28 2015  2  1 18 39   2457055.36 2015  2  1 20 44   2457055.45 2015  2  1 22 48
 2457058.07 2015  2  4 13 35   2457058.15 2015  2  4 15 39   2457058.24 2015  2  4 17 43
 2457060.85 2015  2  7  8 30   2457060.94 2015  2  7 10 35   2457061.03 2015  2  7 12 39
 2457063.64 2015  2 10  3 26   2457063.73 2015  2 10  5 30   2457063.82 2015  2 10  7 34
 2457066.43 2015  2 12 22 21   2457066.52 2015  2 13  0 25   2457066.60 2015  2 13  2 30
 2457069.22 2015  2 15 17 16   2457069.31 2015  2 15 19 21   2457069.39 2015  2 15 21 25
 2457072.01 2015  2 18 12 12   2457072.09 2015  2 18 14 16   2457072.18 2015  2 18 16 21
 2457074.80 2015  2 21  7  7   2457074.88 2015  2 21  9 12   2457074.97 2015  2 21 11 16
 2457077.59 2015  2 24  2  3   2457077.67 2015  2 24  4  7   2457077.76 2015  2 24  6 12
 2457080.37 2015  2 26 20 58   2457080.46 2015  2 26 23  3   2457080.55 2015  2 27  1  7
 2457083.16 2015  3  1 15 53   2457083.25 2015  3  1 17 58   2457083.34 2015  3  1 20  3
 2457085.95 2015  3  4 10 49   2457086.04 2015  3  4 12 53   2457086.12 2015  3  4 14 58
 2457088.74 2015  3  7  5 44   2457088.83 2015  3  7  7 49   2457088.91 2015  3  7  9 54
 2457091.53 2015  3 10  0 40   2457091.61 2015  3 10  2 44   2457091.70 2015  3 10  4 49
 2457094.32 2015  3 12 19 35   2457094.40 2015  3 12 21 40   2457094.49 2015  3 12 23 44
 2457097.10 2015  3 15 14 30   2457097.19 2015  3 15 16 35   2457097.28 2015  3 15 18 40
 2457099.89 2015  3 18  9 26   2457099.98 2015  3 18 11 31   2457100.07 2015  3 18 13 35
 2457102.68 2015  3 21  4 21   2457102.77 2015  3 21  6 26   2457102.86 2015  3 21  8 31
 2457105.47 2015  3 23 23 17   2457105.56 2015  3 24  1 21   2457105.64 2015  3 24  3 26
 2457108.26 2015  3 26 18 12   2457108.35 2015  3 26 20 17   2457108.43 2015  3 26 22 22
 2457111.05 2015  3 29 13  7   2457111.13 2015  3 29 15 12   2457111.22 2015  3 29 17 17
 2457113.84 2015  4  1  8  3   2457113.92 2015  4  1 10  8   2457114.01 2015  4  1 12 13
 2457116.62 2015  4  4  2 58   2457116.71 2015  4  4  5  3   2457116.80 2015  4  4  7  8
 2457119.41 2015  4  6 21 53   2457119.50 2015  4  6 23 59   2457119.59 2015  4  7  2  4
 2457122.20 2015  4  9 16 49   2457122.29 2015  4  9 18 54   2457122.37 2015  4  9 20 59
 2457124.99 2015  4 12 11 44   2457125.08 2015  4 12 13 49   2457125.16 2015  4 12 15 55
 2457127.78 2015  4 15  6 40   2457127.86 2015  4 15  8 45   2457127.95 2015  4 15 10 50
 2457130.57 2015  4 18  1 35   2457130.65 2015  4 18  3 40   2457130.74 2015  4 18  5 45
 2457133.35 2015  4 20 20 30   2457133.44 2015  4 20 22 36   2457133.53 2015  4 21  0 41
 2457136.14 2015  4 23 15 26   2457136.23 2015  4 23 17 31   2457136.32 2015  4 23 19 36
 2457138.93 2015  4 26 10 21   2457139.02 2015  4 26 12 27   2457139.11 2015  4 26 14 32
 2457141.72 2015  4 29  5 17   2457141.81 2015  4 29  7 22   2457141.89 2015  4 29  9 27
 2457144.51 2015  5  2  0 12   2457144.60 2015  5  2  2 17   2457144.68 2015  5  2  4 23
 2457147.30 2015  5  4 19  7   2457147.38 2015  5  4 21 13   2457147.47 2015  5  4 23 18
 2457150.09 2015  5  7 14  3   2457150.17 2015  5  7 16  8   2457150.26 2015  5  7 18 14
 2457152.87 2015  5 10  8 58   2457152.96 2015  5 10 11  4   2457153.05 2015  5 10 13  9
 2457155.66 2015  5 13  3 54   2457155.75 2015  5 13  5 59   2457155.84 2015  5 13  8  5
 2457158.45 2015  5 15 22 49   2457158.54 2015  5 16  0 55   2457158.63 2015  5 16  3  0
 2457161.24 2015  5 18 17 44   2457161.33 2015  5 18 19 50   2457161.41 2015  5 18 21 56
 2457164.03 2015  5 21 12 40   2457164.12 2015  5 21 14 45   2457164.20 2015  5 21 16 51
 2457166.82 2015  5 24  7 35   2457166.90 2015  5 24  9 41   2457166.99 2015  5 24 11 47
 2457169.60 2015  5 27  2 31   2457169.69 2015  5 27  4 36   2457169.78 2015  5 27  6 42
 2457172.39 2015  5 29 21 26   2457172.48 2015  5 29 23 32   2457172.57 2015  5 30  1 37
 2457175.18 2015  6  1 16 21   2457175.27 2015  6  1 18 27   2457175.36 2015  6  1 20 33
 2457177.97 2015  6  4 11 17   2457178.06 2015  6  4 13 23   2457178.15 2015  6  4 15 28
 2457180.76 2015  6  7  6 12   2457180.85 2015  6  7  8 18   2457180.93 2015  6  7 10 24
 2457183.55 2015  6 10  1  7   2457183.63 2015  6 10  3 13   2457183.72 2015  6 10  5 19
 2457186.34 2015  6 12 20  3   2457186.42 2015  6 12 22  9   2457186.51 2015  6 13  0 15
 2457189.12 2015  6 15 14 58   2457189.21 2015  6 15 17  4   2457189.30 2015  6 15 19 10
 2457191.91 2015  6 18  9 54   2457192.00 2015  6 18 12  0   2457192.09 2015  6 18 14  6
 2457194.70 2015  6 21  4 49   2457194.79 2015  6 21  6 55   2457194.88 2015  6 21  9  1
 2457197.49 2015  6 23 23 44   2457197.58 2015  6 24  1 51   2457197.66 2015  6 24  3 57
 2457200.28 2015  6 26 18 40   2457200.37 2015  6 26 20 46   2457200.45 2015  6 26 22 52
 2457203.07 2015  6 29 13 35   2457203.15 2015  6 29 15 41   2457203.24 2015  6 29 17 48
 2457205.85 2015  7  2  8 31   2457205.94 2015  7  2 10 37   2457206.03 2015  7  2 12 43
 2457208.64 2015  7  5  3 26   2457208.73 2015  7  5  5 32   2457208.82 2015  7  5  7 38
 2457211.43 2015  7  7 22 21   2457211.52 2015  7  8  0 28   2457211.61 2015  7  8  2 34
 2457214.22 2015  7 10 17 17   2457214.31 2015  7 10 19 23   2457214.40 2015  7 10 21 29
 2457217.01 2015  7 13 12 12   2457217.10 2015  7 13 14 18   2457217.18 2015  7 13 16 25
 2457219.80 2015  7 16  7  8   2457219.89 2015  7 16  9 14   2457219.97 2015  7 16 11 20
 2457222.59 2015  7 19  2  3   2457222.67 2015  7 19  4  9   2457222.76 2015  7 19  6 16
 2457225.37 2015  7 21 20 58   2457225.46 2015  7 21 23  5   2457225.55 2015  7 22  1 11
 2457228.16 2015  7 24 15 54   2457228.25 2015  7 24 18  0   2457228.34 2015  7 24 20  7
 2457230.95 2015  7 27 10 49   2457231.04 2015  7 27 12 56   2457231.13 2015  7 27 15  2
 2457233.74 2015  7 30  5 44   2457233.83 2015  7 30  7 51   2457233.92 2015  7 30  9 58
 2457236.53 2015  8  2  0 40   2457236.62 2015  8  2  2 46   2457236.70 2015  8  2  4 53
 2457239.32 2015  8  4 19 35   2457239.40 2015  8  4 21 42   2457239.49 2015  8  4 23 49
 2457242.10 2015  8  7 14 31   2457242.19 2015  8  7 16 37   2457242.28 2015  8  7 18 44
 2457244.89 2015  8 10  9 26   2457244.98 2015  8 10 11 33   2457245.07 2015  8 10 13 39
 2457247.68 2015  8 13  4 21   2457247.77 2015  8 13  6 28   2457247.86 2015  8 13  8 35
 2457250.47 2015  8 15 23 17   2457250.56 2015  8 16  1 24   2457250.65 2015  8 16  3 30
 2457253.26 2015  8 18 18 12   2457253.35 2015  8 18 20 19   2457253.43 2015  8 18 22 26
 2457256.05 2015  8 21 13  8   2457256.14 2015  8 21 15 14   2457256.22 2015  8 21 17 21
 2457258.84 2015  8 24  8  3   2457258.92 2015  8 24 10 10   2457259.01 2015  8 24 12 17
 2457261.62 2015  8 27  2 58   2457261.71 2015  8 27  5  5   2457261.80 2015  8 27  7 12
 2457264.41 2015  8 29 21 54   2457264.50 2015  8 30  0  1   2457264.59 2015  8 30  2  8
 2457267.20 2015  9  1 16 49   2457267.29 2015  9  1 18 56   2457267.38 2015  9  1 21  3
 2457269.99 2015  9  4 11 45   2457270.08 2015  9  4 13 52   2457270.17 2015  9  4 15 59
 2457272.78 2015  9  7  6 40   2457272.87 2015  9  7  8 47   2457272.95 2015  9  7 10 54
 2457275.57 2015  9 10  1 35   2457275.65 2015  9 10  3 42   2457275.74 2015  9 10  5 50
 2457278.36 2015  9 12 20 31   2457278.44 2015  9 12 22 38   2457278.53 2015  9 13  0 45
 2457281.14 2015  9 15 15 26   2457281.23 2015  9 15 17 33   2457281.32 2015  9 15 19 40
 2457283.93 2015  9 18 10 22   2457284.02 2015  9 18 12 29   2457284.11 2015  9 18 14 36
 2457286.72 2015  9 21  5 17   2457286.81 2015  9 21  7 24   2457286.90 2015  9 21  9 31
 2457289.51 2015  9 24  0 12   2457289.60 2015  9 24  2 20   2457289.69 2015  9 24  4 27
 2457292.30 2015  9 26 19  8   2457292.39 2015  9 26 21 15   2457292.47 2015  9 26 23 22
 2457295.09 2015  9 29 14  3   2457295.17 2015  9 29 16 10   2457295.26 2015  9 29 18 18
 2457297.87 2015 10  2  8 58   2457297.96 2015 10  2 11  6   2457298.05 2015 10  2 13 13
 2457300.66 2015 10  5  3 54   2457300.75 2015 10  5  6  1   2457300.84 2015 10  5  8  9
 2457303.45 2015 10  7 22 49   2457303.54 2015 10  8  0 57   2457303.63 2015 10  8  3  4
 2457306.24 2015 10 10 17 45   2457306.33 2015 10 10 19 52   2457306.42 2015 10 10 22  0
 2457309.03 2015 10 13 12 40   2457309.12 2015 10 13 14 48   2457309.21 2015 10 13 16 55
 2457311.82 2015 10 16  7 35   2457311.91 2015 10 16  9 43   2457311.99 2015 10 16 11 51
 2457314.61 2015 10 19  2 31   2457314.69 2015 10 19  4 38   2457314.78 2015 10 19  6 46
 2457317.39 2015 10 21 21 26   2457317.48 2015 10 21 23 34   2457317.57 2015 10 22  1 42
 2457320.18 2015 10 24 16 22   2457320.27 2015 10 24 18 29   2457320.36 2015 10 24 20 37
 2457322.97 2015 10 27 11 17   2457323.06 2015 10 27 13 25   2457323.15 2015 10 27 15 32
 2457325.76 2015 10 30  6 12   2457325.85 2015 10 30  8 20   2457325.94 2015 10 30 10 28
 2457328.55 2015 11  2  1  8   2457328.64 2015 11  2  3 16   2457328.72 2015 11  2  5 23
 2457331.34 2015 11  4 20  3   2457331.42 2015 11  4 22 11   2457331.51 2015 11  5  0 19
 2457334.12 2015 11  7 14 59   2457334.21 2015 11  7 17  6   2457334.30 2015 11  7 19 14
 2457336.91 2015 11 10  9 54   2457337.00 2015 11 10 12  2   2457337.09 2015 11 10 14 10
 2457339.70 2015 11 13  4 49   2457339.79 2015 11 13  6 57   2457339.88 2015 11 13  9  5
 2457342.49 2015 11 15 23 45   2457342.58 2015 11 16  1 53   2457342.67 2015 11 16  4  1
 2457345.28 2015 11 18 18 40   2457345.37 2015 11 18 20 48   2457345.46 2015 11 18 22 56
 2457348.07 2015 11 21 13 36   2457348.16 2015 11 21 15 44   2457348.24 2015 11 21 17 52
 2457350.86 2015 11 24  8 31   2457350.94 2015 11 24 10 39   2457351.03 2015 11 24 12 47
 2457353.64 2015 11 27  3 26   2457353.73 2015 11 27  5 34   2457353.82 2015 11 27  7 43
 2457356.43 2015 11 29 22 22   2457356.52 2015 11 30  0 30   2457356.61 2015 11 30  2 38
 2457359.22 2015 12  2 17 17   2457359.31 2015 12  2 19 25   2457359.40 2015 12  2 21 33
 2457362.01 2015 12  5 12 12   2457362.10 2015 12  5 14 21   2457362.19 2015 12  5 16 29
 2457364.80 2015 12  8  7  8   2457364.89 2015 12  8  9 16   2457364.98 2015 12  8 11 24
 2457367.59 2015 12 11  2  3   2457367.68 2015 12 11  4 12   2457367.76 2015 12 11  6 20
 2457370.37 2015 12 13 20 59   2457370.46 2015 12 13 23  7   2457370.55 2015 12 14  1 15
 2457373.16 2015 12 16 15 54   2457373.25 2015 12 16 18  2   2457373.34 2015 12 16 20 11
 2457375.95 2015 12 19 10 49   2457376.04 2015 12 19 12 58   2457376.13 2015 12 19 15  6
 2457378.74 2015 12 22  5 45   2457378.83 2015 12 22  7 53   2457378.92 2015 12 22 10  2
 2457381.53 2015 12 25  0 40   2457381.62 2015 12 25  2 49   2457381.71 2015 12 25  4 57
 2457384.32 2015 12 27 19 36   2457384.41 2015 12 27 21 44   2457384.50 2015 12 27 23 53
 2457387.11 2015 12 30 14 31   2457387.19 2015 12 30 16 40   2457387.28 2015 12 30 18 48
 2457389.89 2016  1  2  9 26   2457389.98 2016  1  2 11 35   2457390.07 2016  1  2 13 44
 2457392.68 2016  1  5  4 22   2457392.77 2016  1  5  6 30   2457392.86 2016  1  5  8 39
 2457395.47 2016  1  7 23 17   2457395.56 2016  1  8  1 26   2457395.65 2016  1  8  3 34
 2457398.26 2016  1 10 18 13   2457398.35 2016  1 10 20 21   2457398.44 2016  1 10 22 30
 2457401.05 2016  1 13 13  8   2457401.14 2016  1 13 15 17   2457401.23 2016  1 13 17 25
 2457403.84 2016  1 16  8  3   2457403.93 2016  1 16 10 12   2457404.01 2016  1 16 12 21
 2457406.62 2016  1 19  2 59   2457406.71 2016  1 19  5  8   2457406.80 2016  1 19  7 16
 2457409.41 2016  1 21 21 54   2457409.50 2016  1 22  0  3   2457409.59 2016  1 22  2 12
 2457412.20 2016  1 24 16 50   2457412.29 2016  1 24 18 58   2457412.38 2016  1 24 21  7
 2457414.99 2016  1 27 11 45   2457415.08 2016  1 27 13 54   2457415.17 2016  1 27 16  3
 2457417.78 2016  1 30  6 40   2457417.87 2016  1 30  8 49   2457417.96 2016  1 30 10 58
 2457420.57 2016  2  2  1 36   2457420.66 2016  2  2  3 45   2457420.75 2016  2  2  5 54
 2457423.36 2016  2  4 20 31   2457423.44 2016  2  4 22 40   2457423.53 2016  2  5  0 49
 2457426.14 2016  2  7 15 26   2457426.23 2016  2  7 17 36   2457426.32 2016  2  7 19 45
 2457428.93 2016  2 10 10 22   2457429.02 2016  2 10 12 31   2457429.11 2016  2 10 14 40
 2457431.72 2016  2 13  5 17   2457431.81 2016  2 13  7 26   2457431.90 2016  2 13  9 36
 2457434.51 2016  2 16  0 13   2457434.60 2016  2 16  2 22   2457434.69 2016  2 16  4 31
 2457437.30 2016  2 18 19  8   2457437.39 2016  2 18 21 17   2457437.48 2016  2 18 23 26
 2457440.09 2016  2 21 14  3   2457440.18 2016  2 21 16 13   2457440.27 2016  2 21 18 22
 2457442.87 2016  2 24  8 59   2457442.96 2016  2 24 11  8   2457443.05 2016  2 24 13 17
 2457445.66 2016  2 27  3 54   2457445.75 2016  2 27  6  4   2457445.84 2016  2 27  8 13
 2457448.45 2016  2 29 22 50   2457448.54 2016  3  1  0 59   2457448.63 2016  3  1  3  8
 2457451.24 2016  3  3 17 45   2457451.33 2016  3  3 19 54   2457451.42 2016  3  3 22  4
 2457454.03 2016  3  6 12 40   2457454.12 2016  3  6 14 50   2457454.21 2016  3  6 16 59
 2457456.82 2016  3  9  7 36   2457456.91 2016  3  9  9 45   2457457.00 2016  3  9 11 55
 2457459.61 2016  3 12  2 31   2457459.70 2016  3 12  4 41   2457459.79 2016  3 12  6 50
 2457462.39 2016  3 14 21 27   2457462.48 2016  3 14 23 36   2457462.57 2016  3 15  1 46
 2457465.18 2016  3 17 16 22   2457465.27 2016  3 17 18 32   2457465.36 2016  3 17 20 41
 2457467.97 2016  3 20 11 17   2457468.06 2016  3 20 13 27   2457468.15 2016  3 20 15 37
 2457470.76 2016  3 23  6 13   2457470.85 2016  3 23  8 22   2457470.94 2016  3 23 10 32
 2457473.55 2016  3 26  1  8   2457473.64 2016  3 26  3 18   2457473.73 2016  3 26  5 27
 2457476.34 2016  3 28 20  4   2457476.43 2016  3 28 22 13   2457476.52 2016  3 29  0 23
 2457479.12 2016  3 31 14 59   2457479.21 2016  3 31 17  9   2457479.30 2016  3 31 19 18
 2457481.91 2016  4  3  9 54   2457482.00 2016  4  3 12  4   2457482.09 2016  4  3 14 14
 2457484.70 2016  4  6  4 50   2457484.79 2016  4  6  6 59   2457484.88 2016  4  6  9  9
 2457487.49 2016  4  8 23 45   2457487.58 2016  4  9  1 55   2457487.67 2016  4  9  4  5
 2457490.28 2016  4 11 18 40   2457490.37 2016  4 11 20 50   2457490.46 2016  4 11 23  0
 2457493.07 2016  4 14 13 36   2457493.16 2016  4 14 15 46   2457493.25 2016  4 14 17 56
 2457495.86 2016  4 17  8 31   2457495.95 2016  4 17 10 41   2457496.04 2016  4 17 12 51
 2457498.64 2016  4 20  3 27   2457498.73 2016  4 20  5 37   2457498.82 2016  4 20  7 47
 2457501.43 2016  4 22 22 22   2457501.52 2016  4 23  0 32   2457501.61 2016  4 23  2 42
 2457504.22 2016  4 25 17 17   2457504.31 2016  4 25 19 27   2457504.40 2016  4 25 21 38
 2457507.01 2016  4 28 12 13   2457507.10 2016  4 28 14 23   2457507.19 2016  4 28 16 33
 2457509.80 2016  5  1  7  8   2457509.89 2016  5  1  9 18   2457509.98 2016  5  1 11 28
 2457512.59 2016  5  4  2  4   2457512.68 2016  5  4  4 14   2457512.77 2016  5  4  6 24
 2457515.37 2016  5  6 20 59   2457515.47 2016  5  6 23  9   2457515.56 2016  5  7  1 19
 2457518.16 2016  5  9 15 54   2457518.25 2016  5  9 18  5   2457518.34 2016  5  9 20 15
 2457520.95 2016  5 12 10 50   2457521.04 2016  5 12 13  0   2457521.13 2016  5 12 15 10
 2457523.74 2016  5 15  5 45   2457523.83 2016  5 15  7 55   2457523.92 2016  5 15 10  6
 2457526.53 2016  5 18  0 41   2457526.62 2016  5 18  2 51   2457526.71 2016  5 18  5  1
 2457529.32 2016  5 20 19 36   2457529.41 2016  5 20 21 46   2457529.50 2016  5 20 23 57
 2457532.11 2016  5 23 14 31   2457532.20 2016  5 23 16 42   2457532.29 2016  5 23 18 52
 2457534.89 2016  5 26  9 27   2457534.98 2016  5 26 11 37   2457535.08 2016  5 26 13 48
 2457537.68 2016  5 29  4 22   2457537.77 2016  5 29  6 33   2457537.86 2016  5 29  8 43
 2457540.47 2016  5 31 23 18   2457540.56 2016  6  1  1 28   2457540.65 2016  6  1  3 39
 2457543.26 2016  6  3 18 13   2457543.35 2016  6  3 20 23   2457543.44 2016  6  3 22 34
 2457546.05 2016  6  6 13  8   2457546.14 2016  6  6 15 19   2457546.23 2016  6  6 17 29
 2457548.84 2016  6  9  8  4   2457548.93 2016  6  9 10 14   2457549.02 2016  6  9 12 25
 2457551.62 2016  6 12  2 59   2457551.72 2016  6 12  5 10   2457551.81 2016  6 12  7 20
 2457554.41 2016  6 14 21 54   2457554.50 2016  6 15  0  5   2457554.59 2016  6 15  2 16
 2457557.20 2016  6 17 16 50   2457557.29 2016  6 17 19  1   2457557.38 2016  6 17 21 11
 2457559.99 2016  6 20 11 45   2457560.08 2016  6 20 13 56   2457560.17 2016  6 20 16  7
 2457562.78 2016  6 23  6 41   2457562.87 2016  6 23  8 51   2457562.96 2016  6 23 11  2
 2457565.57 2016  6 26  1 36   2457565.66 2016  6 26  3 47   2457565.75 2016  6 26  5 58
 2457568.36 2016  6 28 20 31   2457568.45 2016  6 28 22 42   2457568.54 2016  6 29  0 53
 2457571.14 2016  7  1 15 27   2457571.23 2016  7  1 17 38   2457571.33 2016  7  1 19 49
 2457573.93 2016  7  4 10 22   2457574.02 2016  7  4 12 33   2457574.11 2016  7  4 14 44
 2457576.72 2016  7  7  5 18   2457576.81 2016  7  7  7 29   2457576.90 2016  7  7  9 40
 2457579.51 2016  7 10  0 13   2457579.60 2016  7 10  2 24   2457579.69 2016  7 10  4 35
 2457582.30 2016  7 12 19  8   2457582.39 2016  7 12 21 19   2457582.48 2016  7 12 23 31
 2457585.09 2016  7 15 14  4   2457585.18 2016  7 15 16 15   2457585.27 2016  7 15 18 26
 2457587.87 2016  7 18  8 59   2457587.97 2016  7 18 11 10   2457588.06 2016  7 18 13 21
 2457590.66 2016  7 21  3 55   2457590.75 2016  7 21  6  6   2457590.85 2016  7 21  8 17
 2457593.45 2016  7 23 22 50   2457593.54 2016  7 24  1  1   2457593.63 2016  7 24  3 12
 2457596.24 2016  7 26 17 45   2457596.33 2016  7 26 19 57   2457596.42 2016  7 26 22  8
 2457599.03 2016  7 29 12 41   2457599.12 2016  7 29 14 52   2457599.21 2016  7 29 17  3
 2457601.82 2016  8  1  7 36   2457601.91 2016  8  1  9 47   2457602.00 2016  8  1 11 59
 2457604.61 2016  8  4  2 32   2457604.70 2016  8  4  4 43   2457604.79 2016  8  4  6 54
 2457607.39 2016  8  6 21 27   2457607.49 2016  8  6 23 38   2457607.58 2016  8  7  1 50
