 Predicted Transit Epochs: HAT-P-6__ b

Observed Transit Duration:  210.4 Minutes

 Begin Transit Window           PREDICTED CENTRAL TRANSIT     End Transit Window
                                     All Times UT

                               HJD        Year M  D  H  M
 2454925.64 2009  4  4  3 22   2454925.72 2009  4  4  5 10   2454925.79 2009  4  4  6 57
 2454929.49 2009  4  7 23 51   2454929.57 2009  4  8  1 38   2454929.64 2009  4  8  3 25
 2454933.35 2009  4 11 20 19   2454933.42 2009  4 11 22  6   2454933.50 2009  4 11 23 53
 2454937.20 2009  4 15 16 47   2454937.27 2009  4 15 18 34   2454937.35 2009  4 15 20 22
 2454941.05 2009  4 19 13 15   2454941.13 2009  4 19 15  3   2454941.20 2009  4 19 16 50
 2454944.91 2009  4 23  9 44   2454944.98 2009  4 23 11 31   2454945.05 2009  4 23 13 18
 2454948.76 2009  4 27  6 12   2454948.83 2009  4 27  7 59   2454948.91 2009  4 27  9 47
 2454952.61 2009  5  1  2 40   2454952.69 2009  5  1  4 28   2454952.76 2009  5  1  6 15
 2454956.46 2009  5  4 23  9   2454956.54 2009  5  5  0 56   2454956.61 2009  5  5  2 43
 2454960.32 2009  5  8 19 37   2454960.39 2009  5  8 21 24   2454960.47 2009  5  8 23 12
 2454964.17 2009  5 12 16  5   2454964.25 2009  5 12 17 52   2454964.32 2009  5 12 19 40
 2454968.02 2009  5 16 12 33   2454968.10 2009  5 16 14 21   2454968.17 2009  5 16 16  8
 2454971.88 2009  5 20  9  2   2454971.95 2009  5 20 10 49   2454972.03 2009  5 20 12 36
 2454975.73 2009  5 24  5 30   2454975.80 2009  5 24  7 17   2454975.88 2009  5 24  9  5
 2454979.58 2009  5 28  1 58   2454979.66 2009  5 28  3 46   2454979.73 2009  5 28  5 33
 2454983.44 2009  5 31 22 27   2454983.51 2009  6  1  0 14   2454983.58 2009  6  1  2  1
 2454987.29 2009  6  4 18 55   2454987.36 2009  6  4 20 42   2454987.44 2009  6  4 22 30
 2454991.14 2009  6  8 15 23   2454991.22 2009  6  8 17 11   2454991.29 2009  6  8 18 58
 2454994.99 2009  6 12 11 51   2454995.07 2009  6 12 13 39   2454995.14 2009  6 12 15 26
 2454998.85 2009  6 16  8 20   2454998.92 2009  6 16 10  7   2454999.00 2009  6 16 11 55
 2455002.70 2009  6 20  4 48   2455002.77 2009  6 20  6 35   2455002.85 2009  6 20  8 23
 2455006.55 2009  6 24  1 16   2455006.63 2009  6 24  3  4   2455006.70 2009  6 24  4 51
 2455010.41 2009  6 27 21 45   2455010.48 2009  6 27 23 32   2455010.56 2009  6 28  1 19
 2455014.26 2009  7  1 18 13   2455014.33 2009  7  1 20  0   2455014.41 2009  7  1 21 48
 2455018.11 2009  7  5 14 41   2455018.19 2009  7  5 16 29   2455018.26 2009  7  5 18 16
 2455021.97 2009  7  9 11 10   2455022.04 2009  7  9 12 57   2455022.11 2009  7  9 14 44
 2455025.82 2009  7 13  7 38   2455025.89 2009  7 13  9 25   2455025.97 2009  7 13 11 13
 2455029.67 2009  7 17  4  6   2455029.75 2009  7 17  5 54   2455029.82 2009  7 17  7 41
 2455033.52 2009  7 21  0 34   2455033.60 2009  7 21  2 22   2455033.67 2009  7 21  4  9
 2455037.38 2009  7 24 21  3   2455037.45 2009  7 24 22 50   2455037.53 2009  7 25  0 38
 2455041.23 2009  7 28 17 31   2455041.30 2009  7 28 19 18   2455041.38 2009  7 28 21  6
 2455045.08 2009  8  1 13 59   2455045.16 2009  8  1 15 47   2455045.23 2009  8  1 17 34
 2455048.94 2009  8  5 10 28   2455049.01 2009  8  5 12 15   2455049.09 2009  8  5 14  3
 2455052.79 2009  8  9  6 56   2455052.86 2009  8  9  8 43   2455052.94 2009  8  9 10 31
 2455056.64 2009  8 13  3 24   2455056.72 2009  8 13  5 12   2455056.79 2009  8 13  6 59
 2455060.50 2009  8 16 23 52   2455060.57 2009  8 17  1 40   2455060.64 2009  8 17  3 27
 2455064.35 2009  8 20 20 21   2455064.42 2009  8 20 22  8   2455064.50 2009  8 20 23 56
 2455068.20 2009  8 24 16 49   2455068.28 2009  8 24 18 37   2455068.35 2009  8 24 20 24
 2455072.05 2009  8 28 13 17   2455072.13 2009  8 28 15  5   2455072.20 2009  8 28 16 52
 2455075.91 2009  9  1  9 46   2455075.98 2009  9  1 11 33   2455076.06 2009  9  1 13 21
 2455079.76 2009  9  5  6 14   2455079.83 2009  9  5  8  1   2455079.91 2009  9  5  9 49
 2455083.61 2009  9  9  2 42   2455083.69 2009  9  9  4 30   2455083.76 2009  9  9  6 17
 2455087.47 2009  9 12 23 10   2455087.54 2009  9 13  0 58   2455087.62 2009  9 13  2 46
 2455091.32 2009  9 16 19 39   2455091.39 2009  9 16 21 26   2455091.47 2009  9 16 23 14
 2455095.17 2009  9 20 16  7   2455095.25 2009  9 20 17 55   2455095.32 2009  9 20 19 42
 2455099.02 2009  9 24 12 35   2455099.10 2009  9 24 14 23   2455099.17 2009  9 24 16 11
 2455102.88 2009  9 28  9  4   2455102.95 2009  9 28 10 51   2455103.03 2009  9 28 12 39
 2455106.73 2009 10  2  5 32   2455106.81 2009 10  2  7 20   2455106.88 2009 10  2  9  7
 2455110.58 2009 10  6  2  0   2455110.66 2009 10  6  3 48   2455110.73 2009 10  6  5 35
 2455114.44 2009 10  9 22 29   2455114.51 2009 10 10  0 16   2455114.59 2009 10 10  2  4
 2455118.29 2009 10 13 18 57   2455118.36 2009 10 13 20 44   2455118.44 2009 10 13 22 32
 2455122.14 2009 10 17 15 25   2455122.22 2009 10 17 17 13   2455122.29 2009 10 17 19  0
 2455126.00 2009 10 21 11 53   2455126.07 2009 10 21 13 41   2455126.15 2009 10 21 15 29
 2455129.85 2009 10 25  8 22   2455129.92 2009 10 25 10  9   2455130.00 2009 10 25 11 57
 2455133.70 2009 10 29  4 50   2455133.78 2009 10 29  6 38   2455133.85 2009 10 29  8 25
 2455137.55 2009 11  2  1 18   2455137.63 2009 11  2  3  6   2455137.70 2009 11  2  4 54
 2455141.41 2009 11  5 21 47   2455141.48 2009 11  5 23 34   2455141.56 2009 11  6  1 22
 2455145.26 2009 11  9 18 15   2455145.34 2009 11  9 20  3   2455145.41 2009 11  9 21 50
 2455149.11 2009 11 13 14 43   2455149.19 2009 11 13 16 31   2455149.26 2009 11 13 18 18
 2455152.97 2009 11 17 11 11   2455153.04 2009 11 17 12 59   2455153.12 2009 11 17 14 47
 2455156.82 2009 11 21  7 40   2455156.89 2009 11 21  9 27   2455156.97 2009 11 21 11 15
 2455160.67 2009 11 25  4  8   2455160.75 2009 11 25  5 56   2455160.82 2009 11 25  7 43
 2455164.53 2009 11 29  0 36   2455164.60 2009 11 29  2 24   2455164.68 2009 11 29  4 12
 2455168.38 2009 12  2 21  5   2455168.45 2009 12  2 22 52   2455168.53 2009 12  3  0 40
 2455172.23 2009 12  6 17 33   2455172.31 2009 12  6 19 21   2455172.38 2009 12  6 21  8
 2455176.08 2009 12 10 14  1   2455176.16 2009 12 10 15 49   2455176.23 2009 12 10 17 37
 2455179.94 2009 12 14 10 29   2455180.01 2009 12 14 12 17   2455180.09 2009 12 14 14  5
 2455183.79 2009 12 18  6 58   2455183.87 2009 12 18  8 46   2455183.94 2009 12 18 10 33
 2455187.64 2009 12 22  3 26   2455187.72 2009 12 22  5 14   2455187.79 2009 12 22  7  2
 2455191.50 2009 12 25 23 54   2455191.57 2009 12 26  1 42   2455191.65 2009 12 26  3 30
 2455195.35 2009 12 29 20 23   2455195.42 2009 12 29 22 10   2455195.50 2009 12 29 23 58
 2455199.20 2010  1  2 16 51   2455199.28 2010  1  2 18 39   2455199.35 2010  1  2 20 26
 2455203.06 2010  1  6 13 19   2455203.13 2010  1  6 15  7   2455203.21 2010  1  6 16 55
 2455206.91 2010  1 10  9 48   2455206.98 2010  1 10 11 35   2455207.06 2010  1 10 13 23
 2455210.76 2010  1 14  6 16   2455210.84 2010  1 14  8  4   2455210.91 2010  1 14  9 51
 2455214.61 2010  1 18  2 44   2455214.69 2010  1 18  4 32   2455214.76 2010  1 18  6 20
 2455218.47 2010  1 21 23 12   2455218.54 2010  1 22  1  0   2455218.62 2010  1 22  2 48
 2455222.32 2010  1 25 19 41   2455222.40 2010  1 25 21 28   2455222.47 2010  1 25 23 16
 2455226.17 2010  1 29 16  9   2455226.25 2010  1 29 17 57   2455226.32 2010  1 29 19 45
 2455230.03 2010  2  2 12 37   2455230.10 2010  2  2 14 25   2455230.18 2010  2  2 16 13
 2455233.88 2010  2  6  9  6   2455233.95 2010  2  6 10 53   2455234.03 2010  2  6 12 41
 2455237.73 2010  2 10  5 34   2455237.81 2010  2 10  7 22   2455237.88 2010  2 10  9 10
 2455241.59 2010  2 14  2  2   2455241.66 2010  2 14  3 50   2455241.73 2010  2 14  5 38
 2455245.44 2010  2 17 22 30   2455245.51 2010  2 18  0 18   2455245.59 2010  2 18  2  6
 2455249.29 2010  2 21 18 59   2455249.37 2010  2 21 20 47   2455249.44 2010  2 21 22 34
 2455253.14 2010  2 25 15 27   2455253.22 2010  2 25 17 15   2455253.29 2010  2 25 19  3
 2455257.00 2010  3  1 11 55   2455257.07 2010  3  1 13 43   2455257.15 2010  3  1 15 31
 2455260.85 2010  3  5  8 24   2455260.92 2010  3  5 10 11   2455261.00 2010  3  5 11 59
 2455264.70 2010  3  9  4 52   2455264.78 2010  3  9  6 40   2455264.85 2010  3  9  8 28
 2455268.56 2010  3 13  1 20   2455268.63 2010  3 13  3  8   2455268.71 2010  3 13  4 56
 2455272.41 2010  3 16 21 48   2455272.48 2010  3 16 23 36   2455272.56 2010  3 17  1 24
 2455276.26 2010  3 20 18 17   2455276.34 2010  3 20 20  5   2455276.41 2010  3 20 21 53
 2455280.11 2010  3 24 14 45   2455280.19 2010  3 24 16 33   2455280.26 2010  3 24 18 21
 2455283.97 2010  3 28 11 13   2455284.04 2010  3 28 13  1   2455284.12 2010  3 28 14 49
 2455287.82 2010  4  1  7 42   2455287.90 2010  4  1  9 30   2455287.97 2010  4  1 11 17
 2455291.67 2010  4  5  4 10   2455291.75 2010  4  5  5 58   2455291.82 2010  4  5  7 46
 2455295.53 2010  4  9  0 38   2455295.60 2010  4  9  2 26   2455295.68 2010  4  9  4 14
 2455299.38 2010  4 12 21  6   2455299.45 2010  4 12 22 54   2455299.53 2010  4 13  0 42
 2455303.23 2010  4 16 17 35   2455303.31 2010  4 16 19 23   2455303.38 2010  4 16 21 11
 2455307.09 2010  4 20 14  3   2455307.16 2010  4 20 15 51   2455307.24 2010  4 20 17 39
 2455310.94 2010  4 24 10 31   2455311.01 2010  4 24 12 19   2455311.09 2010  4 24 14  7
 2455314.79 2010  4 28  7  0   2455314.87 2010  4 28  8 48   2455314.94 2010  4 28 10 36
 2455318.64 2010  5  2  3 28   2455318.72 2010  5  2  5 16   2455318.79 2010  5  2  7  4
 2455322.50 2010  5  5 23 56   2455322.57 2010  5  6  1 44   2455322.65 2010  5  6  3 32
 2455326.35 2010  5  9 20 25   2455326.43 2010  5  9 22 13   2455326.50 2010  5 10  0  1
 2455330.20 2010  5 13 16 53   2455330.28 2010  5 13 18 41   2455330.35 2010  5 13 20 29
 2455334.06 2010  5 17 13 21   2455334.13 2010  5 17 15  9   2455334.21 2010  5 17 16 57
 2455337.91 2010  5 21  9 49   2455337.98 2010  5 21 11 37   2455338.06 2010  5 21 13 25
 2455341.76 2010  5 25  6 18   2455341.84 2010  5 25  8  6   2455341.91 2010  5 25  9 54
 2455345.62 2010  5 29  2 46   2455345.69 2010  5 29  4 34   2455345.77 2010  5 29  6 22
 2455349.47 2010  6  1 23 14   2455349.54 2010  6  2  1  2   2455349.62 2010  6  2  2 50
 2455353.32 2010  6  5 19 43   2455353.40 2010  6  5 21 31   2455353.47 2010  6  5 23 19
 2455357.17 2010  6  9 16 11   2455357.25 2010  6  9 17 59   2455357.32 2010  6  9 19 47
 2455361.03 2010  6 13 12 39   2455361.10 2010  6 13 14 27   2455361.18 2010  6 13 16 15
 2455364.88 2010  6 17  9  7   2455364.96 2010  6 17 10 56   2455365.03 2010  6 17 12 44
 2455368.73 2010  6 21  5 36   2455368.81 2010  6 21  7 24   2455368.88 2010  6 21  9 12
 2455372.59 2010  6 25  2  4   2455372.66 2010  6 25  3 52   2455372.74 2010  6 25  5 40
 2455376.44 2010  6 28 22 32   2455376.51 2010  6 29  0 20   2455376.59 2010  6 29  2  9
 2455380.29 2010  7  2 19  1   2455380.37 2010  7  2 20 49   2455380.44 2010  7  2 22 37
 2455384.15 2010  7  6 15 29   2455384.22 2010  7  6 17 17   2455384.30 2010  7  6 19  5
 2455388.00 2010  7 10 11 57   2455388.07 2010  7 10 13 45   2455388.15 2010  7 10 15 33
 2455391.85 2010  7 14  8 25   2455391.93 2010  7 14 10 14   2455392.00 2010  7 14 12  2
 2455395.70 2010  7 18  4 54   2455395.78 2010  7 18  6 42   2455395.85 2010  7 18  8 30
 2455399.56 2010  7 22  1 22   2455399.63 2010  7 22  3 10   2455399.71 2010  7 22  4 58
 2455403.41 2010  7 25 21 50   2455403.49 2010  7 25 23 39   2455403.56 2010  7 26  1 27
 2455407.26 2010  7 29 18 19   2455407.34 2010  7 29 20  7   2455407.41 2010  7 29 21 55
 2455411.12 2010  8  2 14 47   2455411.19 2010  8  2 16 35   2455411.27 2010  8  2 18 23
 2455414.97 2010  8  6 11 15   2455415.04 2010  8  6 13  3   2455415.12 2010  8  6 14 52
 2455418.82 2010  8 10  7 44   2455418.90 2010  8 10  9 32   2455418.97 2010  8 10 11 20
 2455422.68 2010  8 14  4 12   2455422.75 2010  8 14  6  0   2455422.83 2010  8 14  7 48
 2455426.53 2010  8 18  0 40   2455426.60 2010  8 18  2 28   2455426.68 2010  8 18  4 16
 2455430.38 2010  8 21 21  8   2455430.46 2010  8 21 22 57   2455430.53 2010  8 22  0 45
 2455434.23 2010  8 25 17 37   2455434.31 2010  8 25 19 25   2455434.38 2010  8 25 21 13
 2455438.09 2010  8 29 14  5   2455438.16 2010  8 29 15 53   2455438.24 2010  8 29 17 41
 2455441.94 2010  9  2 10 33   2455442.02 2010  9  2 12 21   2455442.09 2010  9  2 14 10
 2455445.79 2010  9  6  7  2   2455445.87 2010  9  6  8 50   2455445.94 2010  9  6 10 38
 2455449.65 2010  9 10  3 30   2455449.72 2010  9 10  5 18   2455449.80 2010  9 10  7  6
 2455453.50 2010  9 13 23 58   2455453.57 2010  9 14  1 46   2455453.65 2010  9 14  3 35
 2455457.35 2010  9 17 20 26   2455457.43 2010  9 17 22 15   2455457.50 2010  9 18  0  3
 2455461.21 2010  9 21 16 55   2455461.28 2010  9 21 18 43   2455461.36 2010  9 21 20 31
 2455465.06 2010  9 25 13 23   2455465.13 2010  9 25 15 11   2455465.21 2010  9 25 17  0
 2455468.91 2010  9 29  9 51   2455468.99 2010  9 29 11 40   2455469.06 2010  9 29 13 28
 2455472.76 2010 10  3  6 20   2455472.84 2010 10  3  8  8   2455472.91 2010 10  3  9 56
 2455476.62 2010 10  7  2 48   2455476.69 2010 10  7  4 36   2455476.77 2010 10  7  6 24
 2455480.47 2010 10 10 23 16   2455480.55 2010 10 11  1  4   2455480.62 2010 10 11  2 53
 2455484.32 2010 10 14 19 44   2455484.40 2010 10 14 21 33   2455484.47 2010 10 14 23 21
 2455488.18 2010 10 18 16 13   2455488.25 2010 10 18 18  1   2455488.33 2010 10 18 19 49
 2455492.03 2010 10 22 12 41   2455492.10 2010 10 22 14 29   2455492.18 2010 10 22 16 18
 2455495.88 2010 10 26  9  9   2455495.96 2010 10 26 10 58   2455496.03 2010 10 26 12 46
 2455499.73 2010 10 30  5 38   2455499.81 2010 10 30  7 26   2455499.89 2010 10 30  9 14
 2455503.59 2010 11  3  2  6   2455503.66 2010 11  3  3 54   2455503.74 2010 11  3  5 43
 2455507.44 2010 11  6 22 34   2455507.52 2010 11  7  0 23   2455507.59 2010 11  7  2 11
 2455511.29 2010 11 10 19  3   2455511.37 2010 11 10 20 51   2455511.44 2010 11 10 22 39
 2455515.15 2010 11 14 15 31   2455515.22 2010 11 14 17 19   2455515.30 2010 11 14 19  8
 2455519.00 2010 11 18 11 59   2455519.07 2010 11 18 13 47   2455519.15 2010 11 18 15 36
 2455522.85 2010 11 22  8 27   2455522.93 2010 11 22 10 16   2455523.00 2010 11 22 12  4
 2455526.71 2010 11 26  4 56   2455526.78 2010 11 26  6 44   2455526.86 2010 11 26  8 32
 2455530.56 2010 11 30  1 24   2455530.63 2010 11 30  3 12   2455530.71 2010 11 30  5  1
 2455534.41 2010 12  3 21 52   2455534.49 2010 12  3 23 41   2455534.56 2010 12  4  1 29
 2455538.26 2010 12  7 18 21   2455538.34 2010 12  7 20  9   2455538.42 2010 12  7 21 57
 2455542.12 2010 12 11 14 49   2455542.19 2010 12 11 16 37   2455542.27 2010 12 11 18 26
 2455545.97 2010 12 15 11 17   2455546.05 2010 12 15 13  6   2455546.12 2010 12 15 14 54
 2455549.82 2010 12 19  7 45   2455549.90 2010 12 19  9 34   2455549.97 2010 12 19 11 22
 2455553.68 2010 12 23  4 14   2455553.75 2010 12 23  6  2   2455553.83 2010 12 23  7 51
 2455557.53 2010 12 27  0 42   2455557.60 2010 12 27  2 30   2455557.68 2010 12 27  4 19
 2455561.38 2010 12 30 21 10   2455561.46 2010 12 30 22 59   2455561.53 2010 12 31  0 47
 2455565.24 2011  1  3 17 39   2455565.31 2011  1  3 19 27   2455565.39 2011  1  3 21 15
 2455569.09 2011  1  7 14  7   2455569.16 2011  1  7 15 55   2455569.24 2011  1  7 17 44
 2455572.94 2011  1 11 10 35   2455573.02 2011  1 11 12 24   2455573.09 2011  1 11 14 12
 2455576.79 2011  1 15  7  3   2455576.87 2011  1 15  8 52   2455576.95 2011  1 15 10 40
 2455580.65 2011  1 19  3 32   2455580.72 2011  1 19  5 20   2455580.80 2011  1 19  7  9
 2455584.50 2011  1 23  0  0   2455584.58 2011  1 23  1 49   2455584.65 2011  1 23  3 37
 2455588.35 2011  1 26 20 28   2455588.43 2011  1 26 22 17   2455588.50 2011  1 27  0  5
 2455592.21 2011  1 30 16 57   2455592.28 2011  1 30 18 45   2455592.36 2011  1 30 20 34
 2455596.06 2011  2  3 13 25   2455596.13 2011  2  3 15 13   2455596.21 2011  2  3 17  2
 2455599.91 2011  2  7  9 53   2455599.99 2011  2  7 11 42   2455600.06 2011  2  7 13 30
 2455603.77 2011  2 11  6 22   2455603.84 2011  2 11  8 10   2455603.92 2011  2 11  9 59
 2455607.62 2011  2 15  2 50   2455607.69 2011  2 15  4 38   2455607.77 2011  2 15  6 27
 2455611.47 2011  2 18 23 18   2455611.55 2011  2 19  1  7   2455611.62 2011  2 19  2 55
 2455615.32 2011  2 22 19 46   2455615.40 2011  2 22 21 35   2455615.47 2011  2 22 23 23
 2455619.18 2011  2 26 16 15   2455619.25 2011  2 26 18  3   2455619.33 2011  2 26 19 52
 2455623.03 2011  3  2 12 43   2455623.11 2011  3  2 14 32   2455623.18 2011  3  2 16 20
 2455626.88 2011  3  6  9 11   2455626.96 2011  3  6 11  0   2455627.03 2011  3  6 12 48
 2455630.74 2011  3 10  5 40   2455630.81 2011  3 10  7 28   2455630.89 2011  3 10  9 17
 2455634.59 2011  3 14  2  8   2455634.66 2011  3 14  3 56   2455634.74 2011  3 14  5 45
 2455638.44 2011  3 17 22 36   2455638.52 2011  3 18  0 25   2455638.59 2011  3 18  2 13
 2455642.30 2011  3 21 19  4   2455642.37 2011  3 21 20 53   2455642.45 2011  3 21 22 42
 2455646.15 2011  3 25 15 33   2455646.22 2011  3 25 17 21   2455646.30 2011  3 25 19 10
 2455650.00 2011  3 29 12  1   2455650.08 2011  3 29 13 50   2455650.15 2011  3 29 15 38
 2455653.85 2011  4  2  8 29   2455653.93 2011  4  2 10 18   2455654.00 2011  4  2 12  7
 2455657.71 2011  4  6  4 58   2455657.78 2011  4  6  6 46   2455657.86 2011  4  6  8 35
 2455661.56 2011  4 10  1 26   2455661.64 2011  4 10  3 15   2455661.71 2011  4 10  5  3
 2455665.41 2011  4 13 21 54   2455665.49 2011  4 13 23 43   2455665.56 2011  4 14  1 31
 2455669.27 2011  4 17 18 22   2455669.34 2011  4 17 20 11   2455669.42 2011  4 17 22  0
 2455673.12 2011  4 21 14 51   2455673.19 2011  4 21 16 39   2455673.27 2011  4 21 18 28
 2455676.97 2011  4 25 11 19   2455677.05 2011  4 25 13  8   2455677.12 2011  4 25 14 56
 2455680.82 2011  4 29  7 47   2455680.90 2011  4 29  9 36   2455680.98 2011  4 29 11 25
 2455684.68 2011  5  3  4 16   2455684.75 2011  5  3  6  4   2455684.83 2011  5  3  7 53
 2455688.53 2011  5  7  0 44   2455688.61 2011  5  7  2 33   2455688.68 2011  5  7  4 21
 2455692.38 2011  5 10 21 12   2455692.46 2011  5 10 23  1   2455692.53 2011  5 11  0 50
 2455696.24 2011  5 14 17 40   2455696.31 2011  5 14 19 29   2455696.39 2011  5 14 21 18
 2455700.09 2011  5 18 14  9   2455700.17 2011  5 18 15 57   2455700.24 2011  5 18 17 46
 2455703.94 2011  5 22 10 37   2455704.02 2011  5 22 12 26   2455704.09 2011  5 22 14 14
 2455707.80 2011  5 26  7  5   2455707.87 2011  5 26  8 54   2455707.95 2011  5 26 10 43
 2455711.65 2011  5 30  3 34   2455711.72 2011  5 30  5 22   2455711.80 2011  5 30  7 11
 2455715.50 2011  6  3  0  2   2455715.58 2011  6  3  1 51   2455715.65 2011  6  3  3 39
 2455719.35 2011  6  6 20 30   2455719.43 2011  6  6 22 19   2455719.51 2011  6  7  0  8
 2455723.21 2011  6 10 16 59   2455723.28 2011  6 10 18 47   2455723.36 2011  6 10 20 36
 2455727.06 2011  6 14 13 27   2455727.14 2011  6 14 15 16   2455727.21 2011  6 14 17  4
 2455730.91 2011  6 18  9 55   2455730.99 2011  6 18 11 44   2455731.06 2011  6 18 13 33
 2455734.77 2011  6 22  6 23   2455734.84 2011  6 22  8 12   2455734.92 2011  6 22 10  1
 2455738.62 2011  6 26  2 52   2455738.70 2011  6 26  4 40   2455738.77 2011  6 26  6 29
 2455742.47 2011  6 29 23 20   2455742.55 2011  6 30  1  9   2455742.62 2011  6 30  2 58
 2455746.33 2011  7  3 19 48   2455746.40 2011  7  3 21 37   2455746.48 2011  7  3 23 26
 2455750.18 2011  7  7 16 17   2455750.25 2011  7  7 18  5   2455750.33 2011  7  7 19 54
 2455754.03 2011  7 11 12 45   2455754.11 2011  7 11 14 34   2455754.18 2011  7 11 16 22
 2455757.88 2011  7 15  9 13   2455757.96 2011  7 15 11  2   2455758.04 2011  7 15 12 51
 2455761.74 2011  7 19  5 41   2455761.81 2011  7 19  7 30   2455761.89 2011  7 19  9 19
 2455765.59 2011  7 23  2 10   2455765.67 2011  7 23  3 59   2455765.74 2011  7 23  5 47
 2455769.44 2011  7 26 22 38   2455769.52 2011  7 27  0 27   2455769.59 2011  7 27  2 16
 2455773.30 2011  7 30 19  6   2455773.37 2011  7 30 20 55   2455773.45 2011  7 30 22 44
 2455777.15 2011  8  3 15 35   2455777.22 2011  8  3 17 23   2455777.30 2011  8  3 19 12
