 Predicted Transit Epochs: HD101930_ b

 Predicted Duration of a Central Transit:   450. Minutes

 Begin Transit Window           PREDICTED CENTRAL TRANSIT     End Transit Window
                                     All Times UT

                               HJD        Year M  D  H  M
 2456766.84 2014  4 19  8 11   2456778.28 2014  4 30 18 42   2456789.72 2014  5 12  5 12
 2456837.12 2014  6 28 14 54   2456848.74 2014  7 10  5 44   2456860.36 2014  7 21 20 34
 2456907.40 2014  9  6 21 37   2456919.20 2014  9 18 16 46   2456931.00 2014  9 30 11 55
 2456977.68 2014 11 16  4 20   2456989.66 2014 11 28  3 49   2457001.64 2014 12 10  3 17
 2457047.96 2015  1 25 11  4   2457060.12 2015  2  6 14 51   2457072.28 2015  2 18 18 39
 2457118.24 2015  4  5 17 47   2457130.58 2015  4 18  1 54   2457142.92 2015  4 30 10  0
 2457188.52 2015  6 15  0 30   2457201.04 2015  6 27 12 56   2457213.56 2015  7 10  1 22
 2457258.80 2015  8 24  7 13   2457271.50 2015  9  5 23 58   2457284.20 2015  9 18 16 43
 2457329.08 2015 11  2 13 56   2457341.96 2015 11 15 11  1   2457354.84 2015 11 28  8  5
 2457399.36 2016  1 11 20 40   2457412.42 2016  1 24 22  3   2457425.48 2016  2  6 23 27
 2457469.64 2016  3 22  3 23   2457482.88 2016  4  4  9  6   2457496.12 2016  4 17 14 48
 2457539.92 2016  5 31 10  6   2457553.34 2016  6 13 20  8   2457566.76 2016  6 27  6 10
 2457610.20 2016  8  9 16 49   2457623.80 2016  8 23  7 10   2457637.40 2016  9  5 21 31
 2457680.48 2016 10 18 23 32   2457694.26 2016 11  1 18 13   2457708.04 2016 11 15 12 53
 2457750.76 2016 12 28  6 16   2457764.72 2017  1 11  5 15   2457778.68 2017  1 25  4 15
 2457821.04 2017  3  8 12 59   2457835.18 2017  3 22 16 18   2457849.32 2017  4  5 19 36
 2457891.32 2017  5 17 19 42   2457905.64 2017  6  1  3 20   2457919.96 2017  6 15 10 58
 2457961.60 2017  7 27  2 25   2457976.10 2017  8 10 14 22   2457990.60 2017  8 25  2 19
 2458031.88 2017 10  5  9  8   2458046.56 2017 10 20  1 25   2458061.24 2017 11  3 17 41
 2458102.16 2017 12 14 15 52   2458117.02 2017 12 29 12 27   2458131.88 2018  1 13  9  3
 2458172.44 2018  2 22 22 35   2458187.48 2018  3  9 23 30   2458202.52 2018  3 25  0 24
 2458242.72 2018  5  4  5 18   2458257.94 2018  5 19 10 32   2458273.16 2018  6  3 15 46
 2458313.00 2018  7 13 12  1   2458328.40 2018  7 28 21 34   2458343.80 2018  8 13  7  7
 2458383.28 2018  9 21 18 44   2458398.86 2018 10  7  8 37   2458414.44 2018 10 22 22 29
 2458453.56 2018 12  1  1 28   2458469.32 2018 12 16 19 39   2458485.08 2019  1  1 13 51
 2458523.84 2019  2  9  8 11   2458539.78 2019  2 25  6 42   2458555.72 2019  3 13  5 12
 2458594.12 2019  4 20 14 54   2458610.24 2019  5  6 17 44   2458626.36 2019  5 22 20 34
 2458664.40 2019  6 29 21 37   2458680.70 2019  7 16  4 46   2458697.00 2019  8  1 11 55
 2458734.68 2019  9  8  4 20   2458751.16 2019  9 24 15 49   2458767.64 2019 10 11  3 17
 2458804.96 2019 11 17 11  4   2458821.62 2019 12  4  2 51   2458838.28 2019 12 20 18 39
 2458875.24 2020  1 26 17 47   2458892.08 2020  2 12 13 54   2458908.92 2020  2 29 10  0
 2458945.52 2020  4  6  0 30   2458962.54 2020  4 23  0 56   2458979.56 2020  5 10  1 22
 2459015.80 2020  6 15  7 13   2459033.00 2020  7  2 11 58   2459050.20 2020  7 19 16 43
 2459086.08 2020  8 24 13 56   2459103.46 2020  9 10 23  1   2459120.84 2020  9 28  8  5
 2459156.36 2020 11  2 20 40   2459173.92 2020 11 20 10  3   2459191.48 2020 12  7 23 27
 2459226.64 2021  1 12  3 23   2459244.38 2021  1 29 21  6   2459262.12 2021  2 16 14 48
 2459296.92 2021  3 23 10  6   2459314.84 2021  4 10  8  8   2459332.76 2021  4 28  6 10
 2459367.20 2021  6  1 16 49   2459385.30 2021  6 19 19 10   2459403.40 2021  7  7 21 31
 2459437.48 2021  8 10 23 32   2459455.76 2021  8 29  6 13   2459474.04 2021  9 16 12 53
 2459507.76 2021 10 20  6 16   2459526.22 2021 11  7 17 15   2459544.68 2021 11 26  4 15
 2459578.04 2021 12 29 12 59   2459596.68 2022  1 17  4 18   2459615.32 2022  2  4 19 36
 2459648.32 2022  3  9 19 42   2459667.14 2022  3 28 15 20   2459685.96 2022  4 16 10 58
 2459718.60 2022  5 19  2 25   2459737.60 2022  6  7  2 22   2459756.60 2022  6 26  2 19
 2459788.88 2022  7 28  9  8   2459808.06 2022  8 16 13 25   2459827.24 2022  9  4 17 41
 2459859.16 2022 10  6 15 52   2459878.52 2022 10 26  0 27   2459897.88 2022 11 14  9  3
 2459929.44 2022 12 15 22 35   2459948.98 2023  1  4 11 30   2459968.52 2023  1 24  0 24
 2459999.72 2023  2 24  5 18   2460019.44 2023  3 15 22 32   2460039.16 2023  4  4 15 46
 2460070.00 2023  5  5 12  1   2460089.90 2023  5 25  9 34   2460109.80 2023  6 14  7  7
 2460140.28 2023  7 14 18 44   2460160.36 2023  8  3 20 37   2460180.44 2023  8 23 22 29
 2460210.56 2023  9 23  1 28   2460230.82 2023 10 13  7 39   2460251.08 2023 11  2 13 51
 2460280.84 2023 12  2  8 11   2460301.28 2023 12 22 18 42   2460321.72 2024  1 12  5 12
 2460351.12 2024  2 10 14 54   2460371.74 2024  3  2  5 44   2460392.36 2024  3 22 20 34
 2460421.40 2024  4 20 21 37   2460442.20 2024  5 11 16 46   2460463.00 2024  6  1 11 55
 2460491.68 2024  6 30  4 20   2460512.66 2024  7 21  3 49   2460533.64 2024  8 11  3 17
 2460561.96 2024  9  8 11  4   2460583.12 2024  9 29 14 51   2460604.28 2024 10 20 18 39
 2460632.24 2024 11 17 17 47   2460653.58 2024 12  9  1 54   2460674.92 2024 12 30 10  0
 2460702.52 2025  1 27  0 30   2460724.04 2025  2 17 12 56   2460745.56 2025  3 11  1 22
 2460772.80 2025  4  7  7 13   2460794.50 2025  4 28 23 58   2460816.20 2025  5 20 16 43
 2460843.08 2025  6 16 13 56   2460864.96 2025  7  8 11  1   2460886.84 2025  7 30  8  5
 2460913.36 2025  8 25 20 40   2460935.42 2025  9 16 22  3   2460957.48 2025 10  8 23 27
 2460983.64 2025 11  4  3 23   2461005.88 2025 11 26  9  6   2461028.12 2025 12 18 14 48
 2461053.92 2026  1 13 10  6   2461076.34 2026  2  4 20  8   2461098.76 2026  2 27  6 10
 2461124.20 2026  3 24 16 49   2461146.80 2026  4 16  7 10   2461169.40 2026  5  8 21 31
 2461194.48 2026  6  2 23 32   2461217.26 2026  6 25 18 13   2461240.04 2026  7 18 12 53
 2461264.76 2026  8 12  6 16   2461287.72 2026  9  4  5 15   2461310.68 2026  9 27  4 15
 2461335.04 2026 10 21 12 59   2461358.18 2026 11 13 16 18   2461381.32 2026 12  6 19 36
 2461405.32 2026 12 30 19 42   2461428.64 2027  1 23  3 20   2461451.96 2027  2 15 10 58
 2461475.60 2027  3 11  2 25   2461499.10 2027  4  3 14 22   2461522.60 2027  4 27  2 19
 2461545.88 2027  5 20  9  8   2461569.56 2027  6 13  1 25   2461593.24 2027  7  6 17 41
 2461616.16 2027  7 29 15 52   2461640.02 2027  8 22 12 27   2461663.88 2027  9 15  9  3
 2461686.44 2027 10  7 22 35   2461710.48 2027 10 31 23 30   2461734.52 2027 11 25  0 24
 2461756.72 2027 12 17  5 18   2461780.94 2028  1 10 10 32   2461805.16 2028  2  3 15 46
 2461827.00 2028  2 25 12  1   2461851.40 2028  3 20 21 34   2461875.80 2028  4 14  7  7
 2461897.28 2028  5  5 18 44   2461921.86 2028  5 30  8 37   2461946.44 2028  6 23 22 29
 2461967.56 2028  7 15  1 28   2461992.32 2028  8  8 19 39   2462017.08 2028  9  2 13 51
 2462037.84 2028  9 23  8 11   2462062.78 2028 10 18  6 42   2462087.72 2028 11 12  5 12
 2462108.12 2028 12  2 14 54   2462133.24 2028 12 27 17 44   2462158.36 2029  1 21 20 34
 2462178.40 2029  2 10 21 37   2462203.70 2029  3  8  4 46   2462229.00 2029  4  2 11 55
 2462248.68 2029  4 22  4 20   2462274.16 2029  5 17 15 49   2462299.64 2029  6 12  3 17
 2462318.96 2029  7  1 11  4   2462344.62 2029  7 27  2 51   2462370.28 2029  8 21 18 39
 2462389.24 2029  9  9 17 47   2462415.08 2029 10  5 13 54   2462440.92 2029 10 31 10  0
 2462459.52 2029 11 19  0 30   2462485.54 2029 12 15  0 56   2462511.56 2030  1 10  1 22
 2462529.80 2030  1 28  7 13   2462556.00 2030  2 23 11 58   2462582.20 2030  3 21 16 43
 2462600.08 2030  4  8 13 56   2462626.46 2030  5  4 23  1   2462652.84 2030  5 31  8  5
 2462670.36 2030  6 17 20 40   2462696.92 2030  7 14 10  3   2462723.48 2030  8  9 23 27
 2462740.64 2030  8 27  3 23   2462767.38 2030  9 22 21  6   2462794.12 2030 10 19 14 48
 2462810.92 2030 11  5 10  6   2462837.84 2030 12  2  8  8   2462864.76 2030 12 29  6 10
 2462881.20 2031  1 14 16 49   2462908.30 2031  2 10 19 10   2462935.40 2031  3  9 21 31
 2462951.48 2031  3 25 23 32   2462978.76 2031  4 22  6 13   2463006.04 2031  5 19 12 53
 2463021.76 2031  6  4  6 16   2463049.22 2031  7  1 17 15   2463076.68 2031  7 29  4 15
 2463092.04 2031  8 13 12 59   2463119.68 2031  9 10  4 18   2463147.32 2031 10  7 19 36
 2463162.32 2031 10 22 19 42   2463190.14 2031 11 19 15 20   2463217.96 2031 12 17 10 58
 2463232.60 2032  1  1  2 25   2463260.60 2032  1 29  2 22   2463288.60 2032  2 26  2 19
 2463302.88 2032  3 11  9  8   2463331.06 2032  4  8 13 25   2463359.24 2032  5  6 17 41
 2463373.16 2032  5 20 15 52   2463401.52 2032  6 18  0 27   2463429.88 2032  7 16  9  3
 2463443.44 2032  7 29 22 35   2463471.98 2032  8 27 11 30   2463500.52 2032  9 25  0 24
 2463513.72 2032 10  8  5 18   2463542.44 2032 11  5 22 32   2463571.16 2032 12  4 15 46
 2463584.00 2032 12 17 12  1   2463612.90 2033  1 15  9 34   2463641.80 2033  2 13  7  7
 2463654.28 2033  2 25 18 44   2463683.36 2033  3 26 20 37   2463712.44 2033  4 24 22 29
 2463724.56 2033  5  7  1 28   2463753.82 2033  6  5  7 39   2463783.08 2033  7  4 13 51
 2463794.84 2033  7 16  8 11   2463824.28 2033  8 14 18 42   2463853.72 2033  9 13  5 12
 2463865.12 2033  9 24 14 54   2463894.74 2033 10 24  5 44   2463924.36 2033 11 22 20 34
 2463935.40 2033 12  3 21 37   2463965.20 2034  1  2 16 46   2463995.00 2034  2  1 11 55
 2464005.68 2034  2 12  4 20   2464035.66 2034  3 14  3 49   2464065.64 2034  4 13  3 17
 2464075.96 2034  4 23 11  4   2464106.12 2034  5 23 14 51   2464136.28 2034  6 22 18 39
 2464146.24 2034  7  2 17 47   2464176.58 2034  8  2  1 54   2464206.92 2034  9  1 10  0
