 Predicted Transit Epochs: HD102195_ b

 Predicted Duration of a Central Transit:   170. Minutes

 Begin Transit Window           PREDICTED CENTRAL TRANSIT     End Transit Window
                                     All Times UT

                               HJD        Year M  D  H  M
 2454924.00 2009  4  2 11 58   2454924.85 2009  4  3  8 21   2454925.70 2009  4  4  4 43
 2454928.11 2009  4  6 14 42   2454928.96 2009  4  7 11  6   2454929.81 2009  4  8  7 31
 2454932.23 2009  4 10 17 27   2454933.08 2009  4 11 13 52   2454933.93 2009  4 12 10 18
 2454936.34 2009  4 14 20 11   2454937.19 2009  4 15 16 38   2454938.05 2009  4 16 13  5
 2454940.46 2009  4 18 22 55   2454941.31 2009  4 19 19 23   2454942.16 2009  4 20 15 52
 2454944.57 2009  4 23  1 39   2454945.42 2009  4 23 22  9   2454946.28 2009  4 24 18 39
 2454948.68 2009  4 27  4 23   2454949.54 2009  4 28  0 54   2454950.39 2009  4 28 21 26
 2454952.80 2009  5  1  7  7   2454953.65 2009  5  2  3 40   2454954.51 2009  5  3  0 13
 2454956.91 2009  5  5  9 52   2454957.77 2009  5  6  6 26   2454958.63 2009  5  7  3  0
 2454961.03 2009  5  9 12 36   2454961.88 2009  5 10  9 11   2454962.74 2009  5 11  5 47
 2454965.14 2009  5 13 15 20   2454966.00 2009  5 14 11 57   2454966.86 2009  5 15  8 34
 2454969.25 2009  5 17 18  4   2454970.11 2009  5 18 14 42   2454970.97 2009  5 19 11 21
 2454973.37 2009  5 21 20 48   2454974.23 2009  5 22 17 28   2454975.09 2009  5 23 14  8
 2454977.48 2009  5 25 23 32   2454978.34 2009  5 26 20 14   2454979.21 2009  5 27 16 55
 2454981.60 2009  5 30  2 17   2454982.46 2009  5 30 22 59   2454983.32 2009  5 31 19 42
 2454985.71 2009  6  3  5  1   2454986.57 2009  6  4  1 45   2454987.44 2009  6  4 22 29
 2454989.82 2009  6  7  7 45   2454990.69 2009  6  8  4 30   2454991.55 2009  6  9  1 16
 2454993.94 2009  6 11 10 29   2454994.80 2009  6 12  7 16   2454995.67 2009  6 13  4  3
 2454998.05 2009  6 15 13 13   2454998.92 2009  6 16 10  2   2454999.79 2009  6 17  6 50
 2455002.17 2009  6 19 15 57   2455003.03 2009  6 20 12 47   2455003.90 2009  6 21  9 37
 2455006.28 2009  6 23 18 41   2455007.15 2009  6 24 15 33   2455008.02 2009  6 25 12 24
 2455010.39 2009  6 27 21 26   2455011.26 2009  6 28 18 18   2455012.13 2009  6 29 15 11
 2455014.51 2009  7  2  0 10   2455015.38 2009  7  2 21  4   2455016.25 2009  7  3 17 58
 2455018.62 2009  7  6  2 54   2455019.49 2009  7  6 23 50   2455020.37 2009  7  7 20 45
 2455022.74 2009  7 10  5 38   2455023.61 2009  7 11  2 35   2455024.48 2009  7 11 23 32
 2455026.85 2009  7 14  8 22   2455027.72 2009  7 15  5 21   2455028.60 2009  7 16  2 19
 2455030.96 2009  7 18 11  6   2455031.84 2009  7 19  8  6   2455032.71 2009  7 20  5  7
 2455035.08 2009  7 22 13 51   2455035.95 2009  7 23 10 52   2455036.83 2009  7 24  7 54
 2455039.19 2009  7 26 16 35   2455040.07 2009  7 27 13 38   2455040.95 2009  7 28 10 41
 2455043.31 2009  7 30 19 19   2455044.18 2009  7 31 16 23   2455045.06 2009  8  1 13 28
 2455047.42 2009  8  3 22  3   2455048.30 2009  8  4 19  9   2455049.18 2009  8  5 16 15
 2455051.53 2009  8  8  0 47   2455052.41 2009  8  8 21 54   2455053.29 2009  8  9 19  2
 2455055.65 2009  8 12  3 31   2455056.53 2009  8 13  0 40   2455057.41 2009  8 13 21 49
 2455059.76 2009  8 16  6 16   2455060.64 2009  8 17  3 26   2455061.53 2009  8 18  0 36
 2455063.88 2009  8 20  9  0   2455064.76 2009  8 21  6 11   2455065.64 2009  8 22  3 23
 2455067.99 2009  8 24 11 44   2455068.87 2009  8 25  8 57   2455069.76 2009  8 26  6 10
 2455072.10 2009  8 28 14 28   2455072.99 2009  8 29 11 42   2455073.87 2009  8 30  8 57
 2455076.22 2009  9  1 17 12   2455077.10 2009  9  2 14 28   2455077.99 2009  9  3 11 44
 2455080.33 2009  9  5 19 56   2455081.22 2009  9  6 17 14   2455082.11 2009  9  7 14 31
 2455084.45 2009  9  9 22 41   2455085.33 2009  9 10 19 59   2455086.22 2009  9 11 17 18
 2455088.56 2009  9 14  1 25   2455089.45 2009  9 14 22 45   2455090.34 2009  9 15 20  5
 2455092.67 2009  9 18  4  9   2455093.56 2009  9 19  1 30   2455094.45 2009  9 19 22 52
 2455096.79 2009  9 22  6 53   2455097.68 2009  9 23  4 16   2455098.57 2009  9 24  1 39
 2455100.90 2009  9 26  9 37   2455101.79 2009  9 27  7  2   2455102.69 2009  9 28  4 26
 2455105.02 2009  9 30 12 21   2455105.91 2009 10  1  9 47   2455106.80 2009 10  2  7 13
 2455109.13 2009 10  4 15  5   2455110.02 2009 10  5 12 33   2455110.92 2009 10  6 10  0
 2455113.24 2009 10  8 17 50   2455114.14 2009 10  9 15 18   2455115.03 2009 10 10 12 47
 2455117.36 2009 10 12 20 34   2455118.25 2009 10 13 18  4   2455119.15 2009 10 14 15 34
 2455121.47 2009 10 16 23 18   2455122.37 2009 10 17 20 50   2455123.27 2009 10 18 18 21
 2455125.59 2009 10 21  2  2   2455126.48 2009 10 21 23 35   2455127.38 2009 10 22 21  8
 2455129.70 2009 10 25  4 46   2455130.60 2009 10 26  2 21   2455131.50 2009 10 26 23 55
 2455133.81 2009 10 29  7 30   2455134.71 2009 10 30  5  6   2455135.61 2009 10 31  2 43
 2455137.93 2009 11  2 10 15   2455138.83 2009 11  3  7 52   2455139.73 2009 11  4  5 30
 2455142.04 2009 11  6 12 59   2455142.94 2009 11  7 10 38   2455143.85 2009 11  8  8 17
 2455146.16 2009 11 10 15 43   2455147.06 2009 11 11 13 23   2455147.96 2009 11 12 11  4
 2455150.27 2009 11 14 18 27   2455151.17 2009 11 15 16  9   2455152.08 2009 11 16 13 51
 2455154.38 2009 11 18 21 11   2455155.29 2009 11 19 18 54   2455156.19 2009 11 20 16 38
 2455158.50 2009 11 22 23 55   2455159.40 2009 11 23 21 40   2455160.31 2009 11 24 19 25
 2455162.61 2009 11 27  2 40   2455163.52 2009 11 28  0 26   2455164.43 2009 11 28 22 12
 2455166.73 2009 12  1  5 24   2455167.63 2009 12  2  3 11   2455168.54 2009 12  3  0 59
 2455170.84 2009 12  5  8  8   2455171.75 2009 12  6  5 57   2455172.66 2009 12  7  3 46
 2455174.95 2009 12  9 10 52   2455175.86 2009 12 10  8 42   2455176.77 2009 12 11  6 33
 2455179.07 2009 12 13 13 36   2455179.98 2009 12 14 11 28   2455180.89 2009 12 15  9 20
 2455183.18 2009 12 17 16 20   2455184.09 2009 12 18 14 14   2455185.01 2009 12 19 12  7
 2455187.30 2009 12 21 19  5   2455188.21 2009 12 22 16 59   2455189.12 2009 12 23 14 54
 2455191.41 2009 12 25 21 49   2455192.32 2009 12 26 19 45   2455193.24 2009 12 27 17 41
 2455195.52 2009 12 30  0 33   2455196.44 2009 12 30 22 30   2455197.35 2009 12 31 20 28
 2455199.64 2010  1  3  3 17   2455200.55 2010  1  4  1 16   2455201.47 2010  1  4 23 15
 2455203.75 2010  1  7  6  1   2455204.67 2010  1  8  4  2   2455205.59 2010  1  9  2  2
 2455207.87 2010  1 11  8 45   2455208.78 2010  1 12  6 47   2455209.70 2010  1 13  4 49
 2455211.98 2010  1 15 11 29   2455212.90 2010  1 16  9 33   2455213.82 2010  1 17  7 36
 2455216.09 2010  1 19 14 14   2455217.01 2010  1 20 12 18   2455217.93 2010  1 21 10 23
 2455220.21 2010  1 23 16 58   2455221.13 2010  1 24 15  4   2455222.05 2010  1 25 13 10
 2455224.32 2010  1 27 19 42   2455225.24 2010  1 28 17 50   2455226.17 2010  1 29 15 57
 2455228.44 2010  1 31 22 26   2455229.36 2010  2  1 20 35   2455230.28 2010  2  2 18 44
 2455232.55 2010  2  5  1 10   2455233.47 2010  2  5 23 21   2455234.40 2010  2  6 21 31
 2455236.66 2010  2  9  3 54   2455237.59 2010  2 10  2  6   2455238.51 2010  2 11  0 19
 2455240.78 2010  2 13  6 39   2455241.70 2010  2 14  4 52   2455242.63 2010  2 15  3  6
 2455244.89 2010  2 17  9 23   2455245.82 2010  2 18  7 38   2455246.75 2010  2 19  5 53
 2455249.01 2010  2 21 12  7   2455249.93 2010  2 22 10 23   2455250.86 2010  2 23  8 40
 2455253.12 2010  2 25 14 51   2455254.05 2010  2 26 13  9   2455254.98 2010  2 27 11 27
 2455257.23 2010  3  1 17 35   2455258.16 2010  3  2 15 54   2455259.09 2010  3  3 14 14
 2455261.35 2010  3  5 20 19   2455262.28 2010  3  6 18 40   2455263.21 2010  3  7 17  1
 2455265.46 2010  3  9 23  4   2455266.39 2010  3 10 21 26   2455267.33 2010  3 11 19 48
 2455269.58 2010  3 14  1 48   2455270.51 2010  3 15  0 11   2455271.44 2010  3 15 22 35
 2455273.69 2010  3 18  4 32   2455274.62 2010  3 19  2 57   2455275.56 2010  3 20  1 22
 2455277.80 2010  3 22  7 16   2455278.74 2010  3 23  5 42   2455279.67 2010  3 24  4  9
 2455281.92 2010  3 26 10  0   2455282.85 2010  3 27  8 28   2455283.79 2010  3 28  6 56
 2455286.03 2010  3 30 12 44   2455286.97 2010  3 31 11 14   2455287.91 2010  4  1  9 43
 2455290.15 2010  4  3 15 29   2455291.08 2010  4  4 13 59   2455292.02 2010  4  5 12 30
 2455294.26 2010  4  7 18 13   2455295.20 2010  4  8 16 45   2455296.14 2010  4  9 15 17
 2455298.37 2010  4 11 20 57   2455299.31 2010  4 12 19 30   2455300.25 2010  4 13 18  4
 2455302.49 2010  4 15 23 41   2455303.43 2010  4 16 22 16   2455304.37 2010  4 17 20 51
 2455306.60 2010  4 20  2 25   2455307.54 2010  4 21  1  2   2455308.49 2010  4 21 23 38
 2455310.72 2010  4 24  5  9   2455311.66 2010  4 25  3 47   2455312.60 2010  4 26  2 25
 2455314.83 2010  4 28  7 53   2455315.77 2010  4 29  6 33   2455316.72 2010  4 30  5 12
 2455318.94 2010  5  2 10 38   2455319.89 2010  5  3  9 18   2455320.83 2010  5  4  7 59
 2455323.06 2010  5  6 13 22   2455324.00 2010  5  7 12  4   2455324.95 2010  5  8 10 46
 2455327.17 2010  5 10 16  6   2455328.12 2010  5 11 14 50   2455329.07 2010  5 12 13 33
 2455331.29 2010  5 14 18 50   2455332.23 2010  5 15 17 35   2455333.18 2010  5 16 16 20
 2455335.40 2010  5 18 21 34   2455336.35 2010  5 19 20 21   2455337.30 2010  5 20 19  7
 2455339.51 2010  5 23  0 18   2455340.46 2010  5 23 23  6   2455341.41 2010  5 24 21 55
 2455343.63 2010  5 27  3  3   2455344.58 2010  5 28  1 52   2455345.53 2010  5 29  0 42
 2455347.74 2010  5 31  5 47   2455348.69 2010  6  1  4 38   2455349.65 2010  6  2  3 29
 2455351.86 2010  6  4  8 31   2455352.81 2010  6  5  7 23   2455353.76 2010  6  6  6 16
 2455355.97 2010  6  8 11 15   2455356.92 2010  6  9 10  9   2455357.88 2010  6 10  9  3
 2455360.08 2010  6 12 13 59   2455361.04 2010  6 13 12 54   2455361.99 2010  6 14 11 50
 2455364.20 2010  6 16 16 43   2455365.15 2010  6 17 15 40   2455366.11 2010  6 18 14 37
 2455368.31 2010  6 20 19 28   2455369.27 2010  6 21 18 26   2455370.23 2010  6 22 17 24
 2455372.43 2010  6 24 22 12   2455373.38 2010  6 25 21 11   2455374.34 2010  6 26 20 11
 2455376.54 2010  6 29  0 56   2455377.50 2010  6 29 23 57   2455378.46 2010  6 30 22 58
 2455380.65 2010  7  3  3 40   2455381.61 2010  7  4  2 42   2455382.57 2010  7  5  1 45
 2455384.77 2010  7  7  6 24   2455385.73 2010  7  8  5 28   2455386.69 2010  7  9  4 32
 2455388.88 2010  7 11  9  8   2455389.84 2010  7 12  8 14   2455390.81 2010  7 13  7 19
 2455393.00 2010  7 15 11 53   2455393.96 2010  7 16 10 59   2455394.92 2010  7 17 10  6
 2455397.11 2010  7 19 14 37   2455398.07 2010  7 20 13 45   2455399.04 2010  7 21 12 53
 2455401.22 2010  7 23 17 21   2455402.19 2010  7 24 16 30   2455403.15 2010  7 25 15 40
 2455405.34 2010  7 27 20  5   2455406.30 2010  7 28 19 16   2455407.27 2010  7 29 18 27
 2455409.45 2010  7 31 22 49   2455410.42 2010  8  1 22  2   2455411.39 2010  8  2 21 14
 2455413.57 2010  8  5  1 33   2455414.53 2010  8  6  0 47   2455415.50 2010  8  7  0  1
 2455417.68 2010  8  9  4 17   2455418.65 2010  8 10  3 33   2455419.62 2010  8 11  2 48
 2455421.79 2010  8 13  7  2   2455422.76 2010  8 14  6 18   2455423.73 2010  8 15  5 35
 2455425.91 2010  8 17  9 46   2455426.88 2010  8 18  9  4   2455427.85 2010  8 19  8 22
 2455430.02 2010  8 21 12 30   2455430.99 2010  8 22 11 50   2455431.97 2010  8 23 11  9
 2455434.14 2010  8 25 15 14   2455435.11 2010  8 26 14 35   2455436.08 2010  8 27 13 56
 2455438.25 2010  8 29 17 58   2455439.22 2010  8 30 17 21   2455440.20 2010  8 31 16 43
 2455442.36 2010  9  2 20 42   2455443.34 2010  9  3 20  6   2455444.31 2010  9  4 19 31
 2455446.48 2010  9  6 23 27   2455447.45 2010  9  7 22 52   2455448.43 2010  9  8 22 18
 2455450.59 2010  9 11  2 11   2455451.57 2010  9 12  1 38   2455452.55 2010  9 13  1  5
 2455454.71 2010  9 15  4 55   2455455.68 2010  9 16  4 23   2455456.66 2010  9 17  3 52
 2455458.82 2010  9 19  7 39   2455459.80 2010  9 20  7  9   2455460.78 2010  9 21  6 39
 2455462.93 2010  9 23 10 23   2455463.91 2010  9 24  9 54   2455464.89 2010  9 25  9 26
 2455467.05 2010  9 27 13  7   2455468.03 2010  9 28 12 40   2455469.01 2010  9 29 12 13
 2455471.16 2010 10  1 15 52   2455472.14 2010 10  2 15 26   2455473.13 2010 10  3 15  0
 2455475.28 2010 10  5 18 36   2455476.26 2010 10  6 18 11   2455477.24 2010 10  7 17 47
 2455479.39 2010 10  9 21 20   2455480.37 2010 10 10 20 57   2455481.36 2010 10 11 20 34
 2455483.50 2010 10 14  0  4   2455484.49 2010 10 14 23 42   2455485.47 2010 10 15 23 21
 2455487.62 2010 10 18  2 48   2455488.60 2010 10 19  2 28   2455489.59 2010 10 20  2  8
 2455491.73 2010 10 22  5 32   2455492.72 2010 10 23  5 14   2455493.71 2010 10 24  4 55
 2455495.85 2010 10 26  8 17   2455496.83 2010 10 27  7 59   2455497.82 2010 10 28  7 42
 2455499.96 2010 10 30 11  1   2455500.95 2010 10 31 10 45   2455501.94 2010 11  1 10 29
 2455504.07 2010 11  3 13 45   2455505.06 2010 11  4 13 30   2455506.05 2010 11  5 13 16
 2455508.19 2010 11  7 16 29   2455509.18 2010 11  8 16 16   2455510.17 2010 11  9 16  3
 2455512.30 2010 11 11 19 13   2455513.29 2010 11 12 19  2   2455514.29 2010 11 13 18 50
 2455516.42 2010 11 15 21 57   2455517.41 2010 11 16 21 47   2455518.40 2010 11 17 21 37
 2455520.53 2010 11 20  0 41   2455521.52 2010 11 21  0 33   2455522.52 2010 11 22  0 24
 2455524.64 2010 11 24  3 26   2455525.64 2010 11 25  3 18   2455526.63 2010 11 26  3 11
 2455528.76 2010 11 28  6 10   2455529.75 2010 11 29  6  4   2455530.75 2010 11 30  5 58
 2455532.87 2010 12  2  8 54   2455533.87 2010 12  3  8 50   2455534.87 2010 12  4  8 45
 2455536.99 2010 12  6 11 38   2455537.98 2010 12  7 11 35   2455538.98 2010 12  8 11 32
 2455541.10 2010 12 10 14 22   2455542.10 2010 12 11 14 21   2455543.10 2010 12 12 14 19
 2455545.21 2010 12 14 17  6   2455546.21 2010 12 15 17  6   2455547.21 2010 12 16 17  7
 2455549.33 2010 12 18 19 51   2455550.33 2010 12 19 19 52   2455551.33 2010 12 20 19 54
 2455553.44 2010 12 22 22 35   2455554.44 2010 12 23 22 38   2455555.45 2010 12 24 22 41
 2455557.56 2010 12 27  1 19   2455558.56 2010 12 28  1 23   2455559.56 2010 12 29  1 28
 2455561.67 2010 12 31  4  3   2455562.67 2011  1  1  4  9   2455563.68 2011  1  2  4 15
 2455565.78 2011  1  4  6 47   2455566.79 2011  1  5  6 54   2455567.79 2011  1  6  7  2
 2455569.90 2011  1  8  9 31   2455570.90 2011  1  9  9 40   2455571.91 2011  1 10  9 49
 2455574.01 2011  1 12 12 16   2455575.02 2011  1 13 12 26   2455576.03 2011  1 14 12 36
 2455578.13 2011  1 16 15  0   2455579.13 2011  1 17 15 11   2455580.14 2011  1 18 15 23
 2455582.24 2011  1 20 17 44   2455583.25 2011  1 21 17 57   2455584.26 2011  1 22 18 10
 2455586.35 2011  1 24 20 28   2455587.36 2011  1 25 20 42   2455588.37 2011  1 26 20 57
 2455590.47 2011  1 28 23 12   2455591.48 2011  1 29 23 28   2455592.49 2011  1 30 23 44
 2455594.58 2011  2  2  1 56   2455595.59 2011  2  3  2 14   2455596.61 2011  2  4  2 31
 2455598.70 2011  2  6  4 41   2455599.71 2011  2  7  4 59   2455600.72 2011  2  8  5 18
 2455602.81 2011  2 10  7 25   2455603.82 2011  2 11  7 45   2455604.84 2011  2 12  8  5
 2455606.92 2011  2 14 10  9   2455607.94 2011  2 15 10 30   2455608.95 2011  2 16 10 52
 2455611.04 2011  2 18 12 53   2455612.05 2011  2 19 13 16   2455613.07 2011  2 20 13 39
 2455615.15 2011  2 22 15 37   2455616.17 2011  2 23 16  2   2455617.19 2011  2 24 16 26
 2455619.27 2011  2 26 18 21   2455620.28 2011  2 27 18 47   2455621.30 2011  2 28 19 13
 2455623.38 2011  3  2 21  5   2455624.40 2011  3  3 21 33   2455625.42 2011  3  4 22  0
 2455627.49 2011  3  6 23 50   2455628.51 2011  3  8  0 18   2455629.53 2011  3  9  0 47
 2455631.61 2011  3 11  2 34   2455632.63 2011  3 12  3  4   2455633.65 2011  3 13  3 34
 2455635.72 2011  3 15  5 18   2455636.74 2011  3 16  5 50   2455637.77 2011  3 17  6 21
 2455639.84 2011  3 19  8  2   2455640.86 2011  3 20  8 35   2455641.88 2011  3 21  9  8
 2455643.95 2011  3 23 10 46   2455644.97 2011  3 24 11 21   2455646.00 2011  3 25 11 55
 2455648.06 2011  3 27 13 30   2455649.09 2011  3 28 14  6   2455650.11 2011  3 29 14 43
 2455652.18 2011  3 31 16 15   2455653.20 2011  4  1 16 52   2455654.23 2011  4  2 17 30
 2455656.29 2011  4  4 18 59   2455657.32 2011  4  5 19 38   2455658.35 2011  4  6 20 17
 2455660.41 2011  4  8 21 43   2455661.43 2011  4  9 22 23   2455662.46 2011  4 10 23  4
 2455664.52 2011  4 13  0 27   2455665.55 2011  4 14  1  9   2455666.58 2011  4 15  1 51
 2455668.63 2011  4 17  3 11   2455669.66 2011  4 18  3 54   2455670.69 2011  4 19  4 38
 2455672.75 2011  4 21  5 55   2455673.78 2011  4 22  6 40   2455674.81 2011  4 23  7 25
 2455676.86 2011  4 25  8 40   2455677.89 2011  4 26  9 26   2455678.93 2011  4 27 10 12
 2455680.98 2011  4 29 11 24   2455682.01 2011  4 30 12 11   2455683.04 2011  5  1 12 59
 2455685.09 2011  5  3 14  8   2455686.12 2011  5  4 14 57   2455687.16 2011  5  5 15 46
 2455689.20 2011  5  7 16 52   2455690.24 2011  5  8 17 42   2455691.27 2011  5  9 18 33
 2455693.32 2011  5 11 19 36   2455694.35 2011  5 12 20 28   2455695.39 2011  5 13 21 20
 2455697.43 2011  5 15 22 20   2455698.47 2011  5 16 23 14   2455699.51 2011  5 18  0  7
 2455701.55 2011  5 20  1  5   2455702.58 2011  5 21  1 59   2455703.62 2011  5 22  2 54
 2455705.66 2011  5 24  3 49   2455706.70 2011  5 25  4 45   2455707.74 2011  5 26  5 41
 2455709.77 2011  5 28  6 33   2455710.81 2011  5 29  7 30   2455711.85 2011  5 30  8 28
 2455713.89 2011  6  1  9 17   2455714.93 2011  6  2 10 16   2455715.97 2011  6  3 11 15
 2455718.00 2011  6  5 12  1   2455719.04 2011  6  6 13  2   2455720.09 2011  6  7 14  2
 2455722.12 2011  6  9 14 45   2455723.16 2011  6 10 15 47   2455724.20 2011  6 11 16 49
 2455726.23 2011  6 13 17 29   2455727.27 2011  6 14 18 33   2455728.32 2011  6 15 19 36
 2455730.34 2011  6 17 20 14   2455731.39 2011  6 18 21 18   2455732.43 2011  6 19 22 23
 2455734.46 2011  6 21 22 58   2455735.50 2011  6 23  0  4   2455736.55 2011  6 24  1 10
 2455738.57 2011  6 26  1 42   2455739.62 2011  6 27  2 50   2455740.67 2011  6 28  3 57
 2455742.69 2011  6 30  4 26   2455743.73 2011  7  1  5 35   2455744.78 2011  7  2  6 44
 2455746.80 2011  7  4  7 10   2455747.85 2011  7  5  8 21   2455748.90 2011  7  6  9 31
 2455750.91 2011  7  8  9 54   2455751.96 2011  7  9 11  6   2455753.01 2011  7 10 12 19
 2455755.03 2011  7 12 12 39   2455756.08 2011  7 13 13 52   2455757.13 2011  7 14 15  6
 2455759.14 2011  7 16 15 23   2455760.19 2011  7 17 16 38   2455761.25 2011  7 18 17 53
 2455763.26 2011  7 20 18  7   2455764.31 2011  7 21 19 23   2455765.36 2011  7 22 20 40
 2455767.37 2011  7 24 20 51   2455768.42 2011  7 25 22  9   2455769.48 2011  7 26 23 27
 2455771.48 2011  7 28 23 35   2455772.54 2011  7 30  0 54   2455773.59 2011  7 31  2 14
 2455775.60 2011  8  2  2 19   2455776.65 2011  8  3  3 40   2455777.71 2011  8  4  5  1
