 Predicted Transit Epochs: HD108874_ c

 Predicted Duration of a Central Transit:    17.   Hours

 Begin Transit Window           PREDICTED CENTRAL TRANSIT     End Transit Window
                                     All Times UT

                               HJD        Year M  D  H  M
 2452276.00 2002  1  1 12  3   2454675.14 2008  7 27 15 16   2457074.27 2015  2 20 18 30
 2453253.00 2004  9  4 12  3   2456362.14 2013  3 10 15 16   2459471.27 2021  9 13 18 30
 2454230.00 2007  5  9 12  3   2458049.14 2017 10 22 15 16   2461868.27 2028  4  6 18 30
 2455207.00 2010  1 10 12  3   2459736.14 2022  6  5 15 16   2464265.27 2034 10 29 18 30
 2456184.00 2012  9 13 12  3   2461423.14 2027  1 17 15 16   2466662.27 2041  5 22 18 30
 2457161.00 2015  5 18 12  3   2463110.14 2031  8 31 15 16   2469059.27 2047 12 14 18 30
