 Predicted Transit Epochs: HD104985_ b

 Predicted Duration of a Central Transit:    99.   Hours

 Begin Transit Window           PREDICTED CENTRAL TRANSIT     End Transit Window
                                     All Times UT

                               HJD        Year M  D  H  M
 2456901.16 2014  8 31 15 50   2456930.84 2014  9 30  8  9   2456960.52 2014 10 30  0 28
 2457099.06 2015  3 17 13 26   2457129.04 2015  4 16 12 57   2457159.02 2015  5 16 12 28
 2457296.96 2015 10  1 11  2   2457327.24 2015 10 31 17 45   2457357.52 2015 12  1  0 28
 2457494.86 2016  4 16  8 38   2457525.44 2016  5 16 22 33   2457556.02 2016  6 16 12 28
 2457692.76 2016 10 31  6 14   2457723.64 2016 12  1  3 21   2457754.52 2017  1  1  0 28
 2457890.66 2017  5 17  3 50   2457921.84 2017  6 17  8  9   2457953.02 2017  7 18 12 28
 2458088.56 2017 12  1  1 26   2458120.04 2018  1  1 12 57   2458151.52 2018  2  2  0 28
 2458286.46 2018  6 16 23  2   2458318.24 2018  7 18 17 45   2458350.02 2018  8 19 12 28
 2458484.36 2018 12 31 20 38   2458516.44 2019  2  1 22 33   2458548.52 2019  3  6  0 28
 2458682.26 2019  7 17 18 14   2458714.64 2019  8 19  3 21   2458747.02 2019  9 20 12 28
 2458880.16 2020  1 31 15 50   2458912.84 2020  3  4  8  9   2458945.52 2020  4  6  0 28
 2459078.06 2020  8 16 13 26   2459111.04 2020  9 18 12 57   2459144.02 2020 10 21 12 28
 2459275.96 2021  3  2 11  2   2459309.24 2021  4  4 17 45   2459342.52 2021  5  8  0 28
 2459473.86 2021  9 16  8 38   2459507.44 2021 10 19 22 33   2459541.02 2021 11 22 12 28
 2459671.76 2022  4  2  6 14   2459705.64 2022  5  6  3 21   2459739.52 2022  6  9  0 28
 2459869.66 2022 10 17  3 50   2459903.84 2022 11 20  8  9   2459938.02 2022 12 24 12 28
 2460067.56 2023  5  3  1 26   2460102.04 2023  6  6 12 57   2460136.52 2023  7 11  0 28
 2460265.46 2023 11 16 23  2   2460300.24 2023 12 21 17 45   2460335.02 2024  1 25 12 28
 2460463.36 2024  6  1 20 38   2460498.44 2024  7  6 22 33   2460533.52 2024  8 11  0 28
 2460661.26 2024 12 16 18 14   2460696.64 2025  1 21  3 21   2460732.02 2025  2 25 12 28
 2460859.16 2025  7  2 15 50   2460894.84 2025  8  7  8  9   2460930.52 2025  9 12  0 28
 2461057.06 2026  1 16 13 26   2461093.04 2026  2 21 12 57   2461129.02 2026  3 29 12 28
 2461254.96 2026  8  2 11  2   2461291.24 2026  9  7 17 45   2461327.52 2026 10 14  0 28
 2461452.86 2027  2 16  8 38   2461489.44 2027  3 24 22 33   2461526.02 2027  4 30 12 28
 2461650.76 2027  9  2  6 14   2461687.64 2027 10  9  3 21   2461724.52 2027 11 15  0 28
 2461848.66 2028  3 18  3 50   2461885.84 2028  4 24  8  9   2461923.02 2028  5 31 12 28
 2462046.56 2028 10  2  1 26   2462084.04 2028 11  8 12 57   2462121.52 2028 12 16  0 28
 2462244.46 2029  4 17 23  2   2462282.24 2029  5 25 17 45   2462320.02 2029  7  2 12 28
 2462442.36 2029 11  1 20 38   2462480.44 2029 12  9 22 33   2462518.52 2030  1 17  0 28
 2462640.26 2030  5 18 18 14   2462678.64 2030  6 26  3 21   2462717.02 2030  8  3 12 28
 2462838.16 2030 12  2 15 50   2462876.84 2031  1 10  8  9   2462915.52 2031  2 18  0 28
 2463036.06 2031  6 18 13 26   2463075.04 2031  7 27 12 57   2463114.02 2031  9  4 12 28
 2463233.96 2032  1  2 11  2   2463273.24 2032  2 10 17 45   2463312.52 2032  3 21  0 28
 2463431.86 2032  7 18  8 38   2463471.44 2032  8 26 22 33   2463511.02 2032 10  5 12 28
 2463629.76 2033  2  1  6 14   2463669.64 2033  3 13  3 21   2463709.52 2033  4 22  0 28
 2463827.66 2033  8 18  3 50   2463867.84 2033  9 27  8  9   2463908.02 2033 11  6 12 28
 2464025.56 2034  3  4  1 26   2464066.04 2034  4 13 12 57   2464106.52 2034  5 24  0 28
 2464223.46 2034  9 17 23  2   2464264.24 2034 10 28 17 45   2464305.02 2034 12  8 12 28
