 Predicted Transit Epochs: HD109749_ b

 Predicted Duration of a Central Transit:   233. Minutes

 Begin Transit Window           PREDICTED CENTRAL TRANSIT     End Transit Window
                                     All Times UT

                               HJD        Year M  D  H  M
 2454465.56 2007 12 31  1 33   2454466.34 2007 12 31 20  9   2454467.12 2008  1  1 14 46
 2454470.80 2008  1  5  7 15   2454471.58 2008  1  6  1 55   2454472.36 2008  1  6 20 34
 2454476.04 2008  1 10 12 58   2454476.82 2008  1 11  7 40   2454477.60 2008  1 12  2 23
 2454481.28 2008  1 15 18 41   2454482.06 2008  1 16 13 26   2454482.84 2008  1 17  8 11
 2454486.52 2008  1 21  0 23   2454487.30 2008  1 21 19 11   2454488.08 2008  1 22 14  0
 2454491.75 2008  1 26  6  6   2454492.54 2008  1 27  0 57   2454493.33 2008  1 27 19 48
 2454496.99 2008  1 31 11 49   2454497.78 2008  2  1  6 43   2454498.57 2008  2  2  1 36
 2454502.23 2008  2  5 17 32   2454503.02 2008  2  6 12 28   2454503.81 2008  2  7  7 25
 2454507.47 2008  2 10 23 14   2454508.26 2008  2 11 18 14   2454509.05 2008  2 12 13 13
 2454512.71 2008  2 16  4 57   2454513.50 2008  2 17  0  0   2454514.29 2008  2 17 19  2
 2454517.94 2008  2 21 10 40   2454518.74 2008  2 22  5 45   2454519.54 2008  2 23  0 50
 2454523.18 2008  2 26 16 23   2454523.98 2008  2 27 11 31   2454524.78 2008  2 28  6 39
 2454528.42 2008  3  2 22  5   2454529.22 2008  3  3 17 16   2454530.02 2008  3  4 12 27
 2454533.66 2008  3  8  3 48   2454534.46 2008  3  8 23  2   2454535.26 2008  3  9 18 16
 2454538.90 2008  3 13  9 31   2454539.70 2008  3 14  4 47   2454540.50 2008  3 15  0  4
 2454544.13 2008  3 18 15 13   2454544.94 2008  3 19 10 33   2454545.75 2008  3 20  5 53
 2454549.37 2008  3 23 20 56   2454550.18 2008  3 24 16 19   2454550.99 2008  3 25 11 41
 2454554.61 2008  3 29  2 39   2454555.42 2008  3 29 22  4   2454556.23 2008  3 30 17 30
 2454559.85 2008  4  3  8 22   2454560.66 2008  4  4  3 50   2454561.47 2008  4  4 23 18
 2454565.09 2008  4  8 14  4   2454565.90 2008  4  9  9 35   2454566.71 2008  4 10  5  7
 2454570.32 2008  4 13 19 47   2454571.14 2008  4 14 15 21   2454571.96 2008  4 15 10 55
 2454575.56 2008  4 19  1 30   2454576.38 2008  4 19 21  7   2454577.20 2008  4 20 16 44
 2454580.80 2008  4 24  7 12   2454581.62 2008  4 25  2 52   2454582.44 2008  4 25 22 32
 2454586.04 2008  4 29 12 55   2454586.86 2008  4 30  8 38   2454587.68 2008  5  1  4 21
 2454591.28 2008  5  4 18 38   2454592.10 2008  5  5 14 24   2454592.92 2008  5  6 10  9
 2454596.51 2008  5 10  0 21   2454597.34 2008  5 10 20  9   2454598.17 2008  5 11 15 58
 2454601.75 2008  5 15  6  3   2454602.58 2008  5 16  1 55   2454603.41 2008  5 16 21 46
 2454606.99 2008  5 20 11 46   2454607.82 2008  5 21  7 40   2454608.65 2008  5 22  3 35
 2454612.23 2008  5 25 17 29   2454613.06 2008  5 26 13 26   2454613.89 2008  5 27  9 23
 2454617.47 2008  5 30 23 11   2454618.30 2008  5 31 19 11   2454619.13 2008  6  1 15 12
 2454622.70 2008  6  5  4 54   2454623.54 2008  6  6  0 57   2454624.38 2008  6  6 21  0
 2454627.94 2008  6 10 10 37   2454628.78 2008  6 11  6 43   2454629.62 2008  6 12  2 48
 2454633.18 2008  6 15 16 20   2454634.02 2008  6 16 12 28   2454634.86 2008  6 17  8 37
 2454638.42 2008  6 20 22  2   2454639.26 2008  6 21 18 14   2454640.10 2008  6 22 14 25
 2454643.66 2008  6 26  3 45   2454644.50 2008  6 27  0  0   2454645.34 2008  6 27 20 14
 2454648.89 2008  7  1  9 28   2454649.74 2008  7  2  5 45   2454650.59 2008  7  3  2  2
 2454654.13 2008  7  6 15 11   2454654.98 2008  7  7 11 31   2454655.83 2008  7  8  7 51
 2454659.37 2008  7 11 20 53   2454660.22 2008  7 12 17 16   2454661.07 2008  7 13 13 39
 2454664.61 2008  7 17  2 36   2454665.46 2008  7 17 23  2   2454666.31 2008  7 18 19 28
 2454669.85 2008  7 22  8 19   2454670.70 2008  7 23  4 47   2454671.55 2008  7 24  1 16
 2454675.08 2008  7 27 14  1   2454675.94 2008  7 28 10 33   2454676.80 2008  7 29  7  5
 2454680.32 2008  8  1 19 44   2454681.18 2008  8  2 16 19   2454682.04 2008  8  3 12 53
 2454685.56 2008  8  7  1 27   2454686.42 2008  8  7 22  4   2454687.28 2008  8  8 18 42
 2454690.80 2008  8 12  7 10   2454691.66 2008  8 13  3 50   2454692.52 2008  8 14  0 30
 2454696.04 2008  8 17 12 52   2454696.90 2008  8 18  9 35   2454697.76 2008  8 19  6 19
 2454701.27 2008  8 22 18 35   2454702.14 2008  8 23 15 21   2454703.01 2008  8 24 12  7
 2454706.51 2008  8 28  0 18   2454707.38 2008  8 28 21  7   2454708.25 2008  8 29 17 56
 2454711.75 2008  9  2  6  0   2454712.62 2008  9  3  2 52   2454713.49 2008  9  3 23 44
 2454716.99 2008  9  7 11 43   2454717.86 2008  9  8  8 38   2454718.73 2008  9  9  5 33
 2454722.23 2008  9 12 17 26   2454723.10 2008  9 13 14 24   2454723.97 2008  9 14 11 21
 2454727.46 2008  9 17 23  9   2454728.34 2008  9 18 20  9   2454729.22 2008  9 19 17 10
 2454732.70 2008  9 23  4 51   2454733.58 2008  9 24  1 55   2454734.46 2008  9 24 22 58
 2454737.94 2008  9 28 10 34   2454738.82 2008  9 29  7 40   2454739.70 2008  9 30  4 47
 2454743.18 2008 10  3 16 17   2454744.06 2008 10  4 13 26   2454744.94 2008 10  5 10 35
 2454748.42 2008 10  8 21 59   2454749.30 2008 10  9 19 11   2454750.18 2008 10 10 16 24
 2454753.65 2008 10 14  3 42   2454754.54 2008 10 15  0 57   2454755.43 2008 10 15 22 12
 2454758.89 2008 10 19  9 25   2454759.78 2008 10 20  6 43   2454760.67 2008 10 21  4  0
 2454764.13 2008 10 24 15  8   2454765.02 2008 10 25 12 28   2454765.91 2008 10 26  9 49
 2454769.37 2008 10 29 20 50   2454770.26 2008 10 30 18 14   2454771.15 2008 10 31 15 37
 2454774.61 2008 11  4  2 33   2454775.50 2008 11  5  0  0   2454776.39 2008 11  5 21 26
 2454779.84 2008 11  9  8 16   2454780.74 2008 11 10  5 45   2454781.64 2008 11 11  3 14
 2454785.08 2008 11 14 13 59   2454785.98 2008 11 15 11 31   2454786.88 2008 11 16  9  3
 2454790.32 2008 11 19 19 41   2454791.22 2008 11 20 17 16   2454792.12 2008 11 21 14 51
 2454795.56 2008 11 25  1 24   2454796.46 2008 11 25 23  2   2454797.36 2008 11 26 20 40
 2454800.80 2008 11 30  7  7   2454801.70 2008 12  1  4 47   2454802.60 2008 12  2  2 28
 2454806.03 2008 12  5 12 49   2454806.94 2008 12  6 10 33   2454807.85 2008 12  7  8 17
 2454811.27 2008 12 10 18 32   2454812.18 2008 12 11 16 19   2454813.09 2008 12 12 14  5
 2454816.51 2008 12 16  0 15   2454817.42 2008 12 16 22  4   2454818.33 2008 12 17 19 54
 2454821.75 2008 12 21  5 58   2454822.66 2008 12 22  3 50   2454823.57 2008 12 23  1 42
 2454826.99 2008 12 26 11 40   2454827.90 2008 12 27  9 35   2454828.81 2008 12 28  7 31
 2454832.22 2008 12 31 17 23   2454833.14 2009  1  1 15 21   2454834.06 2009  1  2 13 19
 2454837.46 2009  1  5 23  6   2454838.38 2009  1  6 21  7   2454839.30 2009  1  7 19  8
 2454842.70 2009  1 11  4 48   2454843.62 2009  1 12  2 52   2454844.54 2009  1 13  0 56
 2454847.94 2009  1 16 10 31   2454848.86 2009  1 17  8 38   2454849.78 2009  1 18  6 45
 2454853.18 2009  1 21 16 14   2454854.10 2009  1 22 14 24   2454855.02 2009  1 23 12 33
 2454858.41 2009  1 26 21 57   2454859.34 2009  1 27 20  9   2454860.27 2009  1 28 18 22
 2454863.65 2009  2  1  3 39   2454864.58 2009  2  2  1 55   2454865.51 2009  2  3  0 10
 2454868.89 2009  2  6  9 22   2454869.82 2009  2  7  7 40   2454870.75 2009  2  8  5 59
 2454874.13 2009  2 11 15  5   2454875.06 2009  2 12 13 26   2454875.99 2009  2 13 11 47
 2454879.37 2009  2 16 20 47   2454880.30 2009  2 17 19 11   2454881.23 2009  2 18 17 36
 2454884.60 2009  2 22  2 30   2454885.54 2009  2 23  0 57   2454886.48 2009  2 23 23 24
 2454889.84 2009  2 27  8 13   2454890.78 2009  2 28  6 43   2454891.72 2009  3  1  5 12
 2454895.08 2009  3  4 13 56   2454896.02 2009  3  5 12 28   2454896.96 2009  3  6 11  1
 2454900.32 2009  3  9 19 38   2454901.26 2009  3 10 18 14   2454902.20 2009  3 11 16 49
 2454905.56 2009  3 15  1 21   2454906.50 2009  3 16  0  0   2454907.44 2009  3 16 22 38
 2454910.79 2009  3 20  7  4   2454911.74 2009  3 21  5 45   2454912.69 2009  3 22  4 26
 2454916.03 2009  3 25 12 47   2454916.98 2009  3 26 11 31   2454917.93 2009  3 27 10 15
 2454921.27 2009  3 30 18 29   2454922.22 2009  3 31 17 16   2454923.17 2009  4  1 16  3
 2454926.51 2009  4  5  0 12   2454927.46 2009  4  5 23  2   2454928.41 2009  4  6 21 52
 2454931.75 2009  4 10  5 55   2454932.70 2009  4 11  4 47   2454933.65 2009  4 12  3 40
 2454936.98 2009  4 15 11 37   2454937.94 2009  4 16 10 33   2454938.90 2009  4 17  9 29
 2454942.22 2009  4 20 17 20   2454943.18 2009  4 21 16 19   2454944.14 2009  4 22 15 17
 2454947.46 2009  4 25 23  3   2454948.42 2009  4 26 22  4   2454949.38 2009  4 27 21  6
 2454952.70 2009  5  1  4 46   2454953.66 2009  5  2  3 50   2454954.62 2009  5  3  2 54
 2454957.94 2009  5  6 10 28   2454958.90 2009  5  7  9 35   2454959.86 2009  5  8  8 43
 2454963.17 2009  5 11 16 11   2454964.14 2009  5 12 15 21   2454965.11 2009  5 13 14 31
 2454968.41 2009  5 16 21 54   2454969.38 2009  5 17 21  7   2454970.35 2009  5 18 20 20
 2454973.65 2009  5 22  3 36   2454974.62 2009  5 23  2 52   2454975.59 2009  5 24  2  8
 2454978.89 2009  5 27  9 19   2454979.86 2009  5 28  8 38   2454980.83 2009  5 29  7 57
 2454984.13 2009  6  1 15  2   2454985.10 2009  6  2 14 24   2454986.07 2009  6  3 13 45
 2454989.36 2009  6  6 20 45   2454990.34 2009  6  7 20  9   2454991.32 2009  6  8 19 34
 2454994.60 2009  6 12  2 27   2454995.58 2009  6 13  1 55   2454996.56 2009  6 14  1 22
 2454999.84 2009  6 17  8 10   2455000.82 2009  6 18  7 40   2455001.80 2009  6 19  7 11
 2455005.08 2009  6 22 13 53   2455006.06 2009  6 23 13 26   2455007.04 2009  6 24 12 59
 2455010.32 2009  6 27 19 35   2455011.30 2009  6 28 19 11   2455012.28 2009  6 29 18 48
 2455015.55 2009  7  3  1 18   2455016.54 2009  7  4  0 57   2455017.53 2009  7  5  0 36
 2455020.79 2009  7  8  7  1   2455021.78 2009  7  9  6 43   2455022.77 2009  7 10  6 24
 2455026.03 2009  7 13 12 44   2455027.02 2009  7 14 12 28   2455028.01 2009  7 15 12 13
 2455031.27 2009  7 18 18 26   2455032.26 2009  7 19 18 14   2455033.25 2009  7 20 18  1
 2455036.51 2009  7 24  0  9   2455037.50 2009  7 25  0  0   2455038.49 2009  7 25 23 50
 2455041.74 2009  7 29  5 52   2455042.74 2009  7 30  5 45   2455043.74 2009  7 31  5 38
 2455046.98 2009  8  3 11 35   2455047.98 2009  8  4 11 31   2455048.98 2009  8  5 11 27
 2455052.22 2009  8  8 17 17   2455053.22 2009  8  9 17 16   2455054.22 2009  8 10 17 15
 2455057.46 2009  8 13 23  0   2455058.46 2009  8 14 23  2   2455059.46 2009  8 15 23  4
 2455062.70 2009  8 19  4 43   2455063.70 2009  8 20  4 47   2455064.70 2009  8 21  4 52
 2455067.93 2009  8 24 10 25   2455068.94 2009  8 25 10 33   2455069.95 2009  8 26 10 41
 2455073.17 2009  8 29 16  8   2455074.18 2009  8 30 16 19   2455075.19 2009  8 31 16 29
 2455078.41 2009  9  3 21 51   2455079.42 2009  9  4 22  4   2455080.43 2009  9  5 22 18
 2455083.65 2009  9  9  3 34   2455084.66 2009  9 10  3 50   2455085.67 2009  9 11  4  6
 2455088.89 2009  9 14  9 16   2455089.90 2009  9 15  9 35   2455090.91 2009  9 16  9 55
 2455094.12 2009  9 19 14 59   2455095.14 2009  9 20 15 21   2455096.16 2009  9 21 15 43
 2455099.36 2009  9 24 20 42   2455100.38 2009  9 25 21  7   2455101.40 2009  9 26 21 32
 2455104.60 2009  9 30  2 24   2455105.62 2009 10  1  2 52   2455106.64 2009 10  2  3 20
 2455109.84 2009 10  5  8  7   2455110.86 2009 10  6  8 38   2455111.88 2009 10  7  9  9
 2455115.08 2009 10 10 13 50   2455116.10 2009 10 11 14 24   2455117.12 2009 10 12 14 57
 2455120.31 2009 10 15 19 33   2455121.34 2009 10 16 20  9   2455122.37 2009 10 17 20 46
 2455125.55 2009 10 21  1 15   2455126.58 2009 10 22  1 55   2455127.61 2009 10 23  2 34
 2455130.79 2009 10 26  6 58   2455131.82 2009 10 27  7 40   2455132.85 2009 10 28  8 23
 2455136.03 2009 10 31 12 41   2455137.06 2009 11  1 13 26   2455138.09 2009 11  2 14 11
 2455141.27 2009 11  5 18 23   2455142.30 2009 11  6 19 11   2455143.33 2009 11  7 20  0
 2455146.50 2009 11 11  0  6   2455147.54 2009 11 12  0 57   2455148.58 2009 11 13  1 48
 2455151.74 2009 11 16  5 49   2455152.78 2009 11 17  6 43   2455153.82 2009 11 18  7 36
 2455156.98 2009 11 21 11 32   2455158.02 2009 11 22 12 28   2455159.06 2009 11 23 13 25
 2455162.22 2009 11 26 17 14   2455163.26 2009 11 27 18 14   2455164.30 2009 11 28 19 13
 2455167.46 2009 12  1 22 57   2455168.50 2009 12  3  0  0   2455169.54 2009 12  4  1  2
 2455172.69 2009 12  7  4 40   2455173.74 2009 12  8  5 45   2455174.79 2009 12  9  6 50
 2455177.93 2009 12 12 10 23   2455178.98 2009 12 13 11 31   2455180.03 2009 12 14 12 39
 2455183.17 2009 12 17 16  5   2455184.22 2009 12 18 17 16   2455185.27 2009 12 19 18 27
 2455188.41 2009 12 22 21 48   2455189.46 2009 12 23 23  2   2455190.51 2009 12 25  0 16
 2455193.65 2009 12 28  3 31   2455194.70 2009 12 29  4 47   2455195.75 2009 12 30  6  4
 2455198.88 2010  1  2  9 13   2455199.94 2010  1  3 10 33   2455201.00 2010  1  4 11 53
 2455204.12 2010  1  7 14 56   2455205.18 2010  1  8 16 19   2455206.24 2010  1  9 17 41
 2455209.36 2010  1 12 20 39   2455210.42 2010  1 13 22  4   2455211.48 2010  1 14 23 30
 2455214.60 2010  1 18  2 22   2455215.66 2010  1 19  3 50   2455216.72 2010  1 20  5 18
 2455219.84 2010  1 23  8  4   2455220.90 2010  1 24  9 35   2455221.96 2010  1 25 11  7
 2455225.07 2010  1 28 13 47   2455226.14 2010  1 29 15 21   2455227.21 2010  1 30 16 55
 2455230.31 2010  2  2 19 30   2455231.38 2010  2  3 21  7   2455232.45 2010  2  4 22 44
 2455235.55 2010  2  8  1 12   2455236.62 2010  2  9  2 52   2455237.69 2010  2 10  4 32
 2455240.79 2010  2 13  6 55   2455241.86 2010  2 14  8 38   2455242.93 2010  2 15 10 21
 2455246.03 2010  2 18 12 38   2455247.10 2010  2 19 14 24   2455248.17 2010  2 20 16  9
 2455251.26 2010  2 23 18 21   2455252.34 2010  2 24 20  9   2455253.42 2010  2 25 21 58
 2455256.50 2010  3  1  0  3   2455257.58 2010  3  2  1 55   2455258.66 2010  3  3  3 46
 2455261.74 2010  3  6  5 46   2455262.82 2010  3  7  7 40   2455263.90 2010  3  8  9 35
 2455266.98 2010  3 11 11 29   2455268.06 2010  3 12 13 26   2455269.14 2010  3 13 15 23
 2455272.22 2010  3 16 17 11   2455273.30 2010  3 17 19 11   2455274.38 2010  3 18 21 12
 2455277.45 2010  3 21 22 54   2455278.54 2010  3 23  0 57   2455279.63 2010  3 24  3  0
 2455282.69 2010  3 27  4 37   2455283.78 2010  3 28  6 43   2455284.87 2010  3 29  8 48
 2455287.93 2010  4  1 10 20   2455289.02 2010  4  2 12 28   2455290.11 2010  4  3 14 37
 2455293.17 2010  4  6 16  2   2455294.26 2010  4  7 18 14   2455295.35 2010  4  8 20 25
 2455298.41 2010  4 11 21 45   2455299.50 2010  4 13  0  0   2455300.59 2010  4 14  2 14
 2455303.64 2010  4 17  3 28   2455304.74 2010  4 18  5 45   2455305.84 2010  4 19  8  2
 2455308.88 2010  4 22  9 11   2455309.98 2010  4 23 11 31   2455311.08 2010  4 24 13 51
 2455314.12 2010  4 27 14 53   2455315.22 2010  4 28 17 16   2455316.32 2010  4 29 19 39
