 Predicted Transit Epochs: HD107148_ b

 Predicted Duration of a Central Transit:   434. Minutes

 Begin Transit Window           PREDICTED CENTRAL TRANSIT     End Transit Window
                                     All Times UT

                               HJD        Year M  D  H  M
 2456789.62 2014  5 12  2 55   2456795.97 2014  5 18 11 17   2456802.32 2014  5 24 19 39
 2456837.62 2014  6 29  2 49   2456844.02 2014  7  5 12 32   2456850.43 2014  7 11 22 15
 2456885.61 2014  8 16  2 43   2456892.07 2014  8 22 13 47   2456898.54 2014  8 29  0 50
 2456933.61 2014 10  3  2 38   2456940.13 2014 10  9 15  2   2456946.64 2014 10 16  3 26
 2456981.61 2014 11 20  2 32   2456988.18 2014 11 26 16 17   2456994.75 2014 12  3  6  1
 2457029.60 2015  1  7  2 26   2457036.23 2015  1 13 17 31   2457042.86 2015  1 20  8 37
 2457077.60 2015  2 24  2 20   2457084.28 2015  3  2 18 46   2457090.97 2015  3  9 11 12
 2457125.59 2015  4 13  2 15   2457132.33 2015  4 19 20  1   2457139.08 2015  4 26 13 48
 2457173.59 2015  5 31  2  9   2457180.39 2015  6  6 21 16   2457187.18 2015  6 13 16 23
 2457221.59 2015  7 18  2  3   2457228.44 2015  7 24 22 31   2457235.29 2015  7 31 18 59
 2457269.58 2015  9  4  1 57   2457276.49 2015  9 10 23 46   2457283.40 2015  9 17 21 34
 2457317.58 2015 10 22  1 52   2457324.54 2015 10 29  1  1   2457331.51 2015 11  5  0 10
 2457365.57 2015 12  9  1 46   2457372.59 2015 12 16  2 16   2457379.62 2015 12 23  2 45
 2457413.57 2016  1 26  1 40   2457420.65 2016  2  2  3 30   2457427.72 2016  2  9  5 21
 2457461.57 2016  3 14  1 34   2457468.70 2016  3 21  4 45   2457475.83 2016  3 28  7 56
 2457509.56 2016  5  1  1 29   2457516.75 2016  5  8  6  0   2457523.94 2016  5 15 10 32
 2457557.56 2016  6 18  1 23   2457564.80 2016  6 25  7 15   2457572.05 2016  7  2 13  7
 2457605.55 2016  8  5  1 17   2457612.85 2016  8 12  8 30   2457620.16 2016  8 19 15 43
 2457653.55 2016  9 22  1 11   2457660.91 2016  9 29  9 45   2457668.26 2016 10  6 18 18
 2457701.55 2016 11  9  1  6   2457708.96 2016 11 16 11  0   2457716.37 2016 11 23 20 54
 2457749.54 2016 12 27  1  0   2457757.01 2017  1  3 12 15   2457764.48 2017  1 10 23 30
 2457797.54 2017  2 13  0 54   2457805.06 2017  2 20 13 30   2457812.59 2017  2 28  2  5
 2457845.53 2017  4  2  0 48   2457853.11 2017  4  9 14 44   2457860.70 2017  4 17  4 41
 2457893.53 2017  5 20  0 42   2457901.17 2017  5 27 15 59   2457908.80 2017  6  4  7 16
 2457941.53 2017  7  7  0 37   2457949.22 2017  7 14 17 14   2457956.91 2017  7 22  9 52
 2457989.52 2017  8 24  0 31   2457997.27 2017  8 31 18 29   2458005.02 2017  9  8 12 27
 2458037.52 2017 10 11  0 25   2458045.32 2017 10 18 19 44   2458053.13 2017 10 26 15  3
 2458085.51 2017 11 28  0 19   2458093.37 2017 12  5 20 59   2458101.24 2017 12 13 17 38
 2458133.51 2018  1 15  0 14   2458141.43 2018  1 22 22 14   2458149.34 2018  1 30 20 14
 2458181.51 2018  3  4  0  8   2458189.48 2018  3 11 23 29   2458197.45 2018  3 19 22 49
 2458229.50 2018  4 21  0  2   2458237.53 2018  4 29  0 43   2458245.56 2018  5  7  1 25
 2458277.50 2018  6  7 23 56   2458285.58 2018  6 16  1 58   2458293.67 2018  6 24  4  0
 2458325.49 2018  7 25 23 51   2458333.63 2018  8  3  3 13   2458341.78 2018  8 11  6 36
 2458373.49 2018  9 11 23 45   2458381.69 2018  9 20  4 28   2458389.88 2018  9 28  9 11
 2458421.49 2018 10 29 23 39   2458429.74 2018 11  7  5 43   2458437.99 2018 11 15 11 47
 2458469.48 2018 12 16 23 33   2458477.79 2018 12 25  6 58   2458486.10 2019  1  2 14 22
 2458517.48 2019  2  2 23 28   2458525.84 2019  2 11  8 13   2458534.21 2019  2 19 16 58
 2458565.47 2019  3 22 23 22   2458573.89 2019  3 31  9 28   2458582.32 2019  4  8 19 33
 2458613.47 2019  5  9 23 16   2458621.95 2019  5 18 10 42   2458630.42 2019  5 26 22  9
 2458661.47 2019  6 26 23 10   2458670.00 2019  7  5 11 57   2458678.53 2019  7 14  0 44
 2458709.46 2019  8 13 23  5   2458718.05 2019  8 22 13 12   2458726.64 2019  8 31  3 20
 2458757.46 2019  9 30 22 59   2458766.10 2019 10  9 14 27   2458774.75 2019 10 18  5 55
 2458805.45 2019 11 17 22 53   2458814.15 2019 11 26 15 42   2458822.86 2019 12  5  8 31
 2458853.45 2020  1  4 22 47   2458862.21 2020  1 13 16 57   2458870.96 2020  1 22 11  6
 2458901.45 2020  2 21 22 42   2458910.26 2020  3  1 18 12   2458919.07 2020  3 10 13 42
 2458949.44 2020  4  9 22 36   2458958.31 2020  4 18 19 27   2458967.18 2020  4 27 16 18
 2458997.44 2020  5 27 22 30   2459006.36 2020  6  5 20 42   2459015.29 2020  6 14 18 53
 2459045.43 2020  7 14 22 24   2459054.41 2020  7 23 21 56   2459063.40 2020  8  1 21 29
 2459093.43 2020  8 31 22 18   2459102.47 2020  9  9 23 11   2459111.50 2020  9 19  0  4
 2459141.43 2020 10 18 22 13   2459150.52 2020 10 28  0 26   2459159.61 2020 11  6  2 40
 2459189.42 2020 12  5 22  7   2459198.57 2020 12 15  1 41   2459207.72 2020 12 24  5 15
 2459237.42 2021  1 22 22  1   2459246.62 2021  2  1  2 56   2459255.83 2021  2 10  7 51
 2459285.41 2021  3 11 21 55   2459294.67 2021  3 21  4 11   2459303.94 2021  3 30 10 26
 2459333.41 2021  4 28 21 50   2459342.73 2021  5  8  5 26   2459352.04 2021  5 17 13  2
 2459381.41 2021  6 15 21 44   2459390.78 2021  6 25  6 41   2459400.15 2021  7  4 15 37
 2459429.40 2021  8  2 21 38   2459438.83 2021  8 12  7 55   2459448.26 2021  8 21 18 13
 2459477.40 2021  9 19 21 32   2459486.88 2021  9 29  9 10   2459496.37 2021 10  8 20 48
 2459525.39 2021 11  6 21 27   2459534.93 2021 11 16 10 25   2459544.48 2021 11 25 23 24
 2459573.39 2021 12 24 21 21   2459582.99 2022  1  3 11 40   2459592.58 2022  1 13  1 59
 2459621.39 2022  2 10 21 15   2459631.04 2022  2 20 12 55   2459640.69 2022  3  2  4 35
 2459669.38 2022  3 30 21  9   2459679.09 2022  4  9 14 10   2459688.80 2022  4 19  7 10
 2459717.38 2022  5 17 21  4   2459727.14 2022  5 27 15 25   2459736.91 2022  6  6  9 46
 2459765.37 2022  7  4 20 58   2459775.19 2022  7 14 16 40   2459785.02 2022  7 24 12 21
 2459813.37 2022  8 21 20 52   2459823.25 2022  8 31 17 54   2459833.12 2022  9 10 14 57
 2459861.37 2022 10  8 20 46   2459871.30 2022 10 18 19  9   2459881.23 2022 10 28 17 32
 2459909.36 2022 11 25 20 41   2459919.35 2022 12  5 20 24   2459929.34 2022 12 15 20  8
 2459957.36 2023  1 12 20 35   2459967.40 2023  1 22 21 39   2459977.45 2023  2  1 22 43
 2460005.35 2023  3  1 20 29   2460015.45 2023  3 11 22 54   2460025.56 2023  3 22  1 19
 2460053.35 2023  4 18 20 23   2460063.51 2023  4 29  0  9   2460073.66 2023  5  9  3 54
 2460101.35 2023  6  5 20 18   2460111.56 2023  6 16  1 24   2460121.77 2023  6 26  6 30
 2460149.34 2023  7 23 20 12   2460159.61 2023  8  3  2 39   2460169.88 2023  8 13  9  6
 2460197.34 2023  9  9 20  6   2460207.66 2023  9 20  3 54   2460217.99 2023  9 30 11 41
 2460245.33 2023 10 27 20  0   2460255.71 2023 11  7  5  8   2460266.10 2023 11 17 14 17
 2460293.33 2023 12 14 19 54   2460303.77 2023 12 25  6 23   2460314.20 2024  1  4 16 52
 2460341.33 2024  1 31 19 49   2460351.82 2024  2 11  7 38   2460362.31 2024  2 21 19 28
 2460389.32 2024  3 19 19 43   2460399.87 2024  3 30  8 53   2460410.42 2024  4  9 22  3
 2460437.32 2024  5  6 19 37   2460447.92 2024  5 17 10  8   2460458.53 2024  5 28  0 39
 2460485.31 2024  6 23 19 31   2460495.97 2024  7  4 11 23   2460506.64 2024  7 15  3 14
 2460533.31 2024  8 10 19 26   2460544.03 2024  8 21 12 38   2460554.74 2024  9  1  5 50
 2460581.31 2024  9 27 19 20   2460592.08 2024 10  8 13 53   2460602.85 2024 10 19  8 25
 2460629.30 2024 11 14 19 14   2460640.13 2024 11 25 15  7   2460650.96 2024 12  6 11  1
 2460677.30 2025  1  1 19  8   2460688.18 2025  1 12 16 22   2460699.07 2025  1 23 13 36
 2460725.29 2025  2 18 19  3   2460736.23 2025  3  1 17 37   2460747.18 2025  3 12 16 12
 2460773.29 2025  4  7 18 57   2460784.29 2025  4 18 18 52   2460795.28 2025  4 29 18 47
 2460821.29 2025  5 25 18 51   2460832.34 2025  6  5 20  7   2460843.39 2025  6 16 21 23
 2460869.28 2025  7 12 18 45   2460880.39 2025  7 23 21 22   2460891.50 2025  8  3 23 58
 2460917.28 2025  8 29 18 40   2460928.44 2025  9  9 22 37   2460939.61 2025  9 21  2 34
 2460965.27 2025 10 16 18 34   2460976.49 2025 10 27 23 52   2460987.72 2025 11  8  5  9
 2461013.27 2025 12  3 18 28   2461024.55 2025 12 15  1  6   2461035.82 2025 12 26  7 45
 2461061.27 2026  1 20 18 22   2461072.60 2026  2  1  2 21   2461083.93 2026  2 12 10 20
 2461109.26 2026  3  9 18 17   2461120.65 2026  3 21  3 36   2461132.04 2026  4  1 12 56
 2461157.26 2026  4 26 18 11   2461168.70 2026  5  8  4 51   2461180.15 2026  5 19 15 31
 2461205.25 2026  6 13 18  5   2461216.75 2026  6 25  6  6   2461228.26 2026  7  6 18  7
 2461253.25 2026  7 31 17 59   2461264.81 2026  8 12  7 21   2461276.36 2026  8 23 20 42
 2461301.25 2026  9 17 17 54   2461312.86 2026  9 29  8 36   2461324.47 2026 10 10 23 18
 2461349.24 2026 11  4 17 48   2461360.91 2026 11 16  9 51   2461372.58 2026 11 28  1 54
 2461397.24 2026 12 22 17 42   2461408.96 2027  1  3 11  6   2461420.69 2027  1 15  4 29
 2461445.23 2027  2  8 17 36   2461457.01 2027  2 20 12 20   2461468.80 2027  3  4  7  5
 2461493.23 2027  3 28 17 30   2461505.07 2027  4  9 13 35   2461516.90 2027  4 21  9 40
 2461541.23 2027  5 15 17 25   2461553.12 2027  5 27 14 50   2461565.01 2027  6  8 12 16
 2461589.22 2027  7  2 17 19   2461601.17 2027  7 14 16  5   2461613.12 2027  7 26 14 51
 2461637.22 2027  8 19 17 13   2461649.22 2027  8 31 17 20   2461661.23 2027  9 12 17 27
 2461685.21 2027 10  6 17  7   2461697.27 2027 10 18 18 35   2461709.34 2027 10 30 20  2
 2461733.21 2027 11 23 17  2   2461745.33 2027 12  5 19 50   2461757.44 2027 12 17 22 38
 2461781.21 2028  1 10 16 56   2461793.38 2028  1 22 21  5   2461805.55 2028  2  4  1 13
 2461829.20 2028  2 27 16 50   2461841.43 2028  3 10 22 19   2461853.66 2028  3 23  3 49
 2461877.20 2028  4 15 16 44   2461889.48 2028  4 27 23 34   2461901.77 2028  5 10  6 24
 2461925.19 2028  6  2 16 39   2461937.53 2028  6 15  0 49   2461949.88 2028  6 27  9  0
 2461973.19 2028  7 20 16 33   2461985.59 2028  8  2  2  4   2461997.98 2028  8 14 11 35
 2462021.19 2028  9  6 16 27   2462033.64 2028  9 19  3 19   2462046.09 2028 10  1 14 11
 2462069.18 2028 10 24 16 21   2462081.69 2028 11  6  4 34   2462094.20 2028 11 18 16 46
 2462117.18 2028 12 11 16 16   2462129.74 2028 12 24  5 49   2462142.31 2029  1  5 19 22
 2462165.17 2029  1 28 16 10   2462177.79 2029  2 10  7  4   2462190.42 2029  2 22 21 57
 2462213.17 2029  3 17 16  4   2462225.85 2029  3 30  8 18   2462238.52 2029  4 12  0 33
 2462261.17 2029  5  4 15 58   2462273.90 2029  5 17  9 33   2462286.63 2029  5 30  3  8
 2462309.16 2029  6 21 15 53   2462321.95 2029  7  4 10 48   2462334.74 2029  7 17  5 44
 2462357.16 2029  8  8 15 47   2462370.00 2029  8 21 12  3   2462382.85 2029  9  3  8 19
 2462405.15 2029  9 25 15 41   2462418.05 2029 10  8 13 18   2462430.96 2029 10 21 10 55
 2462453.15 2029 11 12 15 35   2462466.11 2029 11 25 14 33   2462479.06 2029 12  8 13 30
 2462501.15 2029 12 30 15 30   2462514.16 2030  1 12 15 48   2462527.17 2030  1 25 16  6
 2462549.14 2030  2 16 15 24   2462562.21 2030  3  1 17  3   2462575.28 2030  3 14 18 42
 2462597.14 2030  4  5 15 18   2462610.26 2030  4 18 18 18   2462623.39 2030  5  1 21 17
 2462645.13 2030  5 23 15 12   2462658.31 2030  6  5 19 32   2462671.50 2030  6 18 23 53
 2462693.13 2030  7 10 15  6   2462706.37 2030  7 23 20 47   2462719.60 2030  8  6  2 28
 2462741.13 2030  8 27 15  1   2462754.42 2030  9  9 22  2   2462767.71 2030  9 23  5  4
 2462789.12 2030 10 14 14 55   2462802.47 2030 10 27 23 17   2462815.82 2030 11 10  7 39
 2462837.12 2030 12  1 14 49   2462850.52 2030 12 15  0 32   2462863.93 2030 12 28 10 15
 2462885.11 2031  1 18 14 43   2462898.57 2031  2  1  1 47   2462912.04 2031  2 14 12 50
 2462933.11 2031  3  7 14 38   2462946.63 2031  3 21  3  2   2462960.14 2031  4  3 15 26
 2462981.11 2031  4 24 14 32   2462994.68 2031  5  8  4 17   2463008.25 2031  5 21 18  1
 2463029.10 2031  6 11 14 26   2463042.73 2031  6 25  5 31   2463056.36 2031  7  8 20 37
 2463077.10 2031  7 29 14 20   2463090.78 2031  8 12  6 46   2463104.47 2031  8 25 23 12
 2463125.09 2031  9 15 14 15   2463138.83 2031  9 29  8  1   2463152.58 2031 10 13  1 48
 2463173.09 2031 11  2 14  9   2463186.89 2031 11 16  9 16   2463200.68 2031 11 30  4 23
 2463221.09 2031 12 20 14  3   2463234.94 2032  1  3 10 31   2463248.79 2032  1 17  6 59
 2463269.08 2032  2  6 13 57   2463282.99 2032  2 20 11 46   2463296.90 2032  3  5  9 34
 2463317.08 2032  3 25 13 52   2463331.04 2032  4  8 13  1   2463345.01 2032  4 22 12 10
 2463365.07 2032  5 12 13 46   2463379.09 2032  5 26 14 16   2463393.12 2032  6  9 14 45
 2463413.07 2032  6 29 13 40   2463427.15 2032  7 13 15 30   2463441.22 2032  7 27 17 21
 2463461.07 2032  8 16 13 34   2463475.20 2032  8 30 16 45   2463489.33 2032  9 13 19 56
 2463509.06 2032 10  3 13 29   2463523.25 2032 10 17 18  0   2463537.44 2032 10 31 22 32
 2463557.06 2032 11 20 13 23   2463571.30 2032 12  4 19 15   2463585.55 2032 12 19  1  7
 2463605.05 2033  1  7 13 17   2463619.35 2033  1 21 20 30   2463633.66 2033  2  5  3 43
 2463653.05 2033  2 24 13 11   2463667.41 2033  3 10 21 45   2463681.76 2033  3 25  6 18
 2463701.05 2033  4 13 13  6   2463715.46 2033  4 27 23  0   2463729.87 2033  5 12  8 54
 2463749.04 2033  5 31 13  0   2463763.51 2033  6 15  0 15   2463777.98 2033  6 29 11 30
 2463797.04 2033  7 18 12 54   2463811.56 2033  8  2  1 30   2463826.09 2033  8 16 14  5
 2463845.03 2033  9  4 12 48   2463859.61 2033  9 19  2 44   2463874.20 2033 10  3 16 41
 2463893.03 2033 10 22 12 42   2463907.67 2033 11  6  3 59   2463922.30 2033 11 20 19 16
 2463941.03 2033 12  9 12 37   2463955.72 2033 12 24  5 14   2463970.41 2034  1  7 21 52
 2463989.02 2034  1 26 12 31   2464003.77 2034  2 10  6 29   2464018.52 2034  2 25  0 27
 2464037.02 2034  3 15 12 25   2464051.82 2034  3 30  7 44   2464066.63 2034  4 14  3  3
 2464085.01 2034  5  2 12 19   2464099.87 2034  5 17  8 59   2464114.74 2034  6  1  5 38
 2464133.01 2034  6 19 12 14   2464147.93 2034  7  4 10 14   2464162.84 2034  7 19  8 14
 2464181.01 2034  8  6 12  8   2464195.98 2034  8 21 11 29   2464210.95 2034  9  5 10 49
