 Predicted Transit Epochs: HD10697__ b

 Predicted Duration of a Central Transit:    36.   Hours

 Begin Transit Window           PREDICTED CENTRAL TRANSIT     End Transit Window
                                     All Times UT

                               HJD        Year M  D  H  M
 2457608.31 2016  8  7 19 30   2457650.91 2016  9 19  9 45   2457693.50 2016 11  1  0  1
 2458641.51 2019  6  7  0 18   2458689.01 2019  7 24 12  9   2458736.50 2019  9 10  0  1
 2459674.71 2022  4  5  5  6   2459727.11 2022  5 27 14 33   2459779.50 2022  7 19  0  1
 2460707.91 2025  2  1  9 54   2460765.21 2025  3 30 16 57   2460822.50 2025  5 27  0  1
 2461741.11 2027 12  1 14 42   2461803.31 2028  2  1 19 21   2461865.50 2028  4  4  0  1
 2462774.31 2030  9 29 19 30   2462841.41 2030 12  5 21 45   2462908.50 2031  2 11  0  1
 2463807.51 2033  7 29  0 18   2463879.51 2033 10  9  0  9   2463951.50 2033 12 20  0  1
 2464840.71 2036  5 27  5  6   2464917.61 2036  8 12  2 33   2464994.50 2036 10 28  0  1
