 Predicted Transit Epochs: HD108874_ b

 Predicted Duration of a Central Transit:    16.   Hours

 Begin Transit Window           PREDICTED CENTRAL TRANSIT     End Transit Window
                                     All Times UT

                               HJD        Year M  D  H  M
 2454581.85 2008  4 25  8 26   2454726.30 2008  9 16 19 13   2454870.75 2009  2  8  6  0
 2454973.35 2009  5 21 20 26   2455124.60 2009 10 20  2 25   2455275.85 2010  3 20  8 24
 2455364.85 2010  6 17  8 26   2455522.90 2010 11 22  9 37   2455680.95 2011  4 29 10 48
 2455756.35 2011  7 13 20 26   2455921.20 2011 12 25 16 49   2456086.05 2012  6  7 13 12
 2456147.85 2012  8  8  8 26   2456319.50 2013  1 27  0  1   2456491.15 2013  7 17 15 36
 2456539.35 2013  9  3 20 26   2456717.80 2014  3  1  7 13   2456896.25 2014  8 26 18  0
 2456930.85 2014  9 30  8 26   2457116.10 2015  4  3 14 25   2457301.35 2015 10  5 20 24
 2457322.35 2015 10 26 20 26   2457514.40 2016  5  5 21 37   2457706.45 2016 11 13 22 48
 2457713.85 2016 11 21  8 26   2457912.70 2017  6  8  4 49   2458111.55 2017 12 24  1 12
 2458105.35 2017 12 17 20 26   2458311.00 2018  7 11 12  1   2458516.65 2019  2  2  3 36
 2458496.85 2019  1 13  8 26   2458709.30 2019  8 13 19 13   2458921.75 2020  3 13  6  0
 2458888.35 2020  2  8 20 26   2459107.60 2020  9 15  2 25   2459326.85 2021  4 22  8 24
 2459279.85 2021  3  6  8 26   2459505.90 2021 10 18  9 37   2459731.95 2022  6  1 10 48
 2459671.35 2022  4  1 20 26   2459904.20 2022 11 20 16 49   2460137.05 2023  7 11 13 12
 2460062.85 2023  4 28  8 26   2460302.50 2023 12 24  0  1   2460542.15 2024  8 19 15 36
 2460454.35 2024  5 23 20 26   2460700.80 2025  1 25  7 13   2460947.25 2025  9 28 18  0
 2460845.85 2025  6 19  8 26   2461099.10 2026  2 27 14 25   2461352.35 2026 11  7 20 24
 2461237.35 2026  7 15 20 26   2461497.40 2027  4  1 21 37   2461757.45 2027 12 17 22 48
 2461628.85 2027  8 11  8 26   2461895.70 2028  5  4  4 49   2462162.55 2029  1 26  1 12
