 Predicted Transit Epochs: HD108147_ b

 Predicted Duration of a Central Transit:   463. Minutes

 Begin Transit Window           PREDICTED CENTRAL TRANSIT     End Transit Window
                                     All Times UT

                               HJD        Year M  D  H  M
 2454471.24 2008  1  5 17 42   2454471.76 2008  1  6  6 18   2454472.29 2008  1  6 18 54
 2454482.14 2008  1 16 15 18   2454482.66 2008  1 17  3 55   2454483.19 2008  1 17 16 33
 2454493.04 2008  1 27 12 54   2454493.56 2008  1 28  1 33   2454494.09 2008  1 28 14 12
 2454503.94 2008  2  7 10 30   2454504.47 2008  2  7 23 10   2454504.99 2008  2  8 11 50
 2454514.84 2008  2 18  8  6   2454515.37 2008  2 18 20 48   2454515.90 2008  2 19  9 29
 2454525.74 2008  2 29  5 42   2454526.27 2008  2 29 18 25   2454526.80 2008  3  1  7  8
 2454536.64 2008  3 11  3 18   2454537.17 2008  3 11 16  2   2454537.70 2008  3 12  4 47
 2454547.54 2008  3 22  0 54   2454548.07 2008  3 22 13 40   2454548.60 2008  3 23  2 26
 2454558.44 2008  4  1 22 30   2454558.97 2008  4  2 11 17   2454559.50 2008  4  3  0  5
 2454569.34 2008  4 12 20  6   2454569.87 2008  4 13  8 55   2454570.41 2008  4 13 21 44
 2454580.24 2008  4 23 17 42   2454580.77 2008  4 24  6 32   2454581.31 2008  4 24 19 23
 2454591.14 2008  5  4 15 18   2454591.67 2008  5  5  4 10   2454592.21 2008  5  5 17  2
 2454602.04 2008  5 15 12 54   2454602.57 2008  5 16  1 47   2454603.11 2008  5 16 14 40
 2454612.94 2008  5 26 10 30   2454613.48 2008  5 26 23 25   2454614.01 2008  5 27 12 19
 2454623.84 2008  6  6  8  6   2454624.38 2008  6  6 21  2   2454624.92 2008  6  7  9 58
 2454634.74 2008  6 17  5 42   2454635.28 2008  6 17 18 39   2454635.82 2008  6 18  7 37
 2454645.64 2008  6 28  3 18   2454646.18 2008  6 28 16 17   2454646.72 2008  6 29  5 16
 2454656.54 2008  7  9  0 54   2454657.08 2008  7  9 13 54   2454657.62 2008  7 10  2 55
 2454667.44 2008  7 19 22 30   2454667.98 2008  7 20 11 32   2454668.52 2008  7 21  0 34
 2454678.34 2008  7 30 20  6   2454678.88 2008  7 31  9  9   2454679.43 2008  7 31 22 13
 2454689.24 2008  8 10 17 42   2454689.78 2008  8 11  6 47   2454690.33 2008  8 11 19 51
 2454700.14 2008  8 21 15 18   2454700.68 2008  8 22  4 24   2454701.23 2008  8 22 17 30
 2454711.04 2008  9  1 12 54   2454711.58 2008  9  2  2  1   2454712.13 2008  9  2 15  9
 2454721.94 2008  9 12 10 30   2454722.49 2008  9 12 23 39   2454723.03 2008  9 13 12 48
 2454732.84 2008  9 23  8  6   2454733.39 2008  9 23 21 16   2454733.94 2008  9 24 10 27
 2454743.74 2008 10  4  5 42   2454744.29 2008 10  4 18 54   2454744.84 2008 10  5  8  6
 2454754.64 2008 10 15  3 18   2454755.19 2008 10 15 16 31   2454755.74 2008 10 16  5 45
 2454765.54 2008 10 26  0 54   2454766.09 2008 10 26 14  9   2454766.64 2008 10 27  3 24
 2454776.44 2008 11  5 22 30   2454776.99 2008 11  6 11 46   2454777.54 2008 11  7  1  2
 2454787.34 2008 11 16 20  6   2454787.89 2008 11 17  9 24   2454788.45 2008 11 17 22 41
 2454798.24 2008 11 27 17 42   2454798.79 2008 11 28  7  1   2454799.35 2008 11 28 20 20
 2454809.14 2008 12  8 15 18   2454809.69 2008 12  9  4 38   2454810.25 2008 12  9 17 59
 2454820.04 2008 12 19 12 54   2454820.59 2008 12 20  2 16   2454821.15 2008 12 20 15 38
 2454830.94 2008 12 30 10 30   2454831.50 2008 12 30 23 53   2454832.05 2008 12 31 13 17
 2454841.84 2009  1 10  8  6   2454842.40 2009  1 10 21 31   2454842.96 2009  1 11 10 56
 2454852.74 2009  1 21  5 42   2454853.30 2009  1 21 19  8   2454853.86 2009  1 22  8 35
 2454863.64 2009  2  1  3 18   2454864.20 2009  2  1 16 46   2454864.76 2009  2  2  6 14
 2454874.54 2009  2 12  0 54   2454875.10 2009  2 12 14 23   2454875.66 2009  2 13  3 52
 2454885.44 2009  2 22 22 30   2454886.00 2009  2 23 12  1   2454886.56 2009  2 24  1 31
 2454896.34 2009  3  5 20  6   2454896.90 2009  3  6  9 38   2454897.47 2009  3  6 23 10
 2454907.24 2009  3 16 17 42   2454907.80 2009  3 17  7 15   2454908.37 2009  3 17 20 49
 2454918.14 2009  3 27 15 18   2454918.70 2009  3 28  4 53   2454919.27 2009  3 28 18 28
 2454929.04 2009  4  7 12 54   2454929.60 2009  4  8  2 30   2454930.17 2009  4  8 16  7
 2454939.94 2009  4 18 10 30   2454940.51 2009  4 19  0  8   2454941.07 2009  4 19 13 46
 2454950.84 2009  4 29  8  6   2454951.41 2009  4 29 21 45   2454951.98 2009  4 30 11 25
 2454961.74 2009  5 10  5 42   2454962.31 2009  5 10 19 23   2454962.88 2009  5 11  9  3
 2454972.64 2009  5 21  3 18   2454973.21 2009  5 21 17  0   2454973.78 2009  5 22  6 42
 2454983.54 2009  6  1  0 54   2454984.11 2009  6  1 14 37   2454984.68 2009  6  2  4 21
 2454994.44 2009  6 11 22 30   2454995.01 2009  6 12 12 15   2454995.58 2009  6 13  2  0
 2455005.34 2009  6 22 20  6   2455005.91 2009  6 23  9 52   2455006.49 2009  6 23 23 39
 2455016.24 2009  7  3 17 42   2455016.81 2009  7  4  7 30   2455017.39 2009  7  4 21 18
 2455027.14 2009  7 14 15 18   2455027.71 2009  7 15  5  7   2455028.29 2009  7 15 18 57
 2455038.04 2009  7 25 12 54   2455038.61 2009  7 26  2 45   2455039.19 2009  7 26 16 36
 2455048.94 2009  8  5 10 30   2455049.52 2009  8  6  0 22   2455050.09 2009  8  6 14 14
 2455059.84 2009  8 16  8  6   2455060.42 2009  8 16 22  0   2455061.00 2009  8 17 11 53
 2455070.74 2009  8 27  5 42   2455071.32 2009  8 27 19 37   2455071.90 2009  8 28  9 32
 2455081.64 2009  9  7  3 18   2455082.22 2009  9  7 17 14   2455082.80 2009  9  8  7 11
 2455092.54 2009  9 18  0 54   2455093.12 2009  9 18 14 52   2455093.70 2009  9 19  4 50
 2455103.44 2009  9 28 22 30   2455104.02 2009  9 29 12 29   2455104.60 2009  9 30  2 29
 2455114.34 2009 10  9 20  6   2455114.92 2009 10 10 10  7   2455115.51 2009 10 11  0  8
 2455125.24 2009 10 20 17 42   2455125.82 2009 10 21  7 44   2455126.41 2009 10 21 21 47
 2455136.14 2009 10 31 15 18   2455136.72 2009 11  1  5 22   2455137.31 2009 11  1 19 26
 2455147.04 2009 11 11 12 54   2455147.62 2009 11 12  2 59   2455148.21 2009 11 12 17  4
 2455157.94 2009 11 22 10 30   2455158.53 2009 11 23  0 37   2455159.11 2009 11 23 14 43
 2455168.84 2009 12  3  8  6   2455169.43 2009 12  3 22 14   2455170.02 2009 12  4 12 22
 2455179.74 2009 12 14  5 42   2455180.33 2009 12 14 19 51   2455180.92 2009 12 15 10  1
 2455190.64 2009 12 25  3 18   2455191.23 2009 12 25 17 29   2455191.82 2009 12 26  7 40
 2455201.54 2010  1  5  0 54   2455202.13 2010  1  5 15  6   2455202.72 2010  1  6  5 19
 2455212.44 2010  1 15 22 30   2455213.03 2010  1 16 12 44   2455213.62 2010  1 17  2 58
 2455223.34 2010  1 26 20  6   2455223.93 2010  1 27 10 21   2455224.53 2010  1 28  0 37
 2455234.24 2010  2  6 17 42   2455234.83 2010  2  7  7 59   2455235.43 2010  2  7 22 15
 2455245.14 2010  2 17 15 18   2455245.73 2010  2 18  5 36   2455246.33 2010  2 18 19 54
 2455256.04 2010  2 28 12 54   2455256.63 2010  3  1  3 13   2455257.23 2010  3  1 17 33
 2455266.94 2010  3 11 10 30   2455267.54 2010  3 12  0 51   2455268.13 2010  3 12 15 12
 2455277.84 2010  3 22  8  6   2455278.44 2010  3 22 22 28   2455279.04 2010  3 23 12 51
 2455288.74 2010  4  2  5 42   2455289.34 2010  4  2 20  6   2455289.94 2010  4  3 10 30
 2455299.64 2010  4 13  3 18   2455300.24 2010  4 13 17 43   2455300.84 2010  4 14  8  9
 2455310.54 2010  4 24  0 54   2455311.14 2010  4 24 15 21   2455311.74 2010  4 25  5 48
 2455321.44 2010  5  4 22 30   2455322.04 2010  5  5 12 58   2455322.64 2010  5  6  3 26
