 Predicted Transit Epochs: HD102117_ b

 Predicted Duration of a Central Transit:   423. Minutes

 Begin Transit Window           PREDICTED CENTRAL TRANSIT     End Transit Window
                                     All Times UT

                               HJD        Year M  D  H  M
 2456757.40 2014  4  9 21 36   2456776.59 2014  4 29  2  5   2456795.77 2014  5 18  6 35
 2456778.10 2014  4 30 14 24   2456797.39 2014  5 19 21 17   2456816.67 2014  6  8  4 11
 2456798.80 2014  5 21  7 12   2456818.19 2014  6  9 16 29   2456837.57 2014  6 29  1 47
 2456819.50 2014  6 11  0  0   2456838.99 2014  6 30 11 41   2456858.47 2014  7 19 23 23
 2456840.20 2014  7  1 16 48   2456859.79 2014  7 21  6 53   2456879.37 2014  8  9 20 59
 2456860.90 2014  7 22  9 36   2456880.59 2014  8 11  2  5   2456900.27 2014  8 30 18 35
 2456881.60 2014  8 12  2 24   2456901.39 2014  8 31 21 17   2456921.17 2014  9 20 16 11
 2456902.30 2014  9  1 19 12   2456922.19 2014  9 21 16 29   2456942.07 2014 10 11 13 47
 2456923.00 2014  9 22 12  0   2456942.99 2014 10 12 11 41   2456962.97 2014 11  1 11 23
 2456943.70 2014 10 13  4 48   2456963.79 2014 11  2  6 53   2456983.87 2014 11 22  8 59
 2456964.40 2014 11  2 21 36   2456984.59 2014 11 23  2  5   2457004.77 2014 12 13  6 35
 2456985.10 2014 11 23 14 24   2457005.39 2014 12 13 21 17   2457025.67 2015  1  3  4 11
 2457005.80 2014 12 14  7 12   2457026.19 2015  1  3 16 29   2457046.57 2015  1 24  1 47
 2457026.50 2015  1  4  0  0   2457046.99 2015  1 24 11 41   2457067.47 2015  2 13 23 23
 2457047.20 2015  1 24 16 48   2457067.79 2015  2 14  6 53   2457088.37 2015  3  6 20 59
 2457067.90 2015  2 14  9 36   2457088.59 2015  3  7  2  5   2457109.27 2015  3 27 18 35
 2457088.60 2015  3  7  2 24   2457109.39 2015  3 27 21 17   2457130.17 2015  4 17 16 11
 2457109.30 2015  3 27 19 12   2457130.19 2015  4 17 16 29   2457151.07 2015  5  8 13 47
 2457130.00 2015  4 17 12  0   2457150.99 2015  5  8 11 41   2457171.97 2015  5 29 11 23
 2457150.70 2015  5  8  4 48   2457171.79 2015  5 29  6 53   2457192.87 2015  6 19  8 59
 2457171.40 2015  5 28 21 36   2457192.59 2015  6 19  2  5   2457213.77 2015  7 10  6 35
 2457192.10 2015  6 18 14 24   2457213.39 2015  7  9 21 17   2457234.67 2015  7 31  4 11
 2457212.80 2015  7  9  7 12   2457234.19 2015  7 30 16 29   2457255.57 2015  8 21  1 47
 2457233.50 2015  7 30  0  0   2457254.99 2015  8 20 11 41   2457276.47 2015  9 10 23 23
 2457254.20 2015  8 19 16 48   2457275.79 2015  9 10  6 53   2457297.37 2015 10  1 20 59
 2457274.90 2015  9  9  9 36   2457296.59 2015 10  1  2  5   2457318.27 2015 10 22 18 35
 2457295.60 2015  9 30  2 24   2457317.39 2015 10 21 21 17   2457339.17 2015 11 12 16 11
 2457316.30 2015 10 20 19 12   2457338.19 2015 11 11 16 29   2457360.07 2015 12  3 13 47
 2457337.00 2015 11 10 12  0   2457358.99 2015 12  2 11 41   2457380.97 2015 12 24 11 23
 2457357.70 2015 12  1  4 48   2457379.79 2015 12 23  6 53   2457401.87 2016  1 14  8 59
 2457378.40 2015 12 21 21 36   2457400.59 2016  1 13  2  5   2457422.77 2016  2  4  6 35
 2457399.10 2016  1 11 14 24   2457421.39 2016  2  2 21 17   2457443.67 2016  2 25  4 11
 2457419.80 2016  2  1  7 12   2457442.19 2016  2 23 16 29   2457464.57 2016  3 17  1 47
 2457440.50 2016  2 22  0  0   2457462.99 2016  3 15 11 41   2457485.47 2016  4  6 23 23
 2457461.20 2016  3 13 16 48   2457483.79 2016  4  5  6 53   2457506.37 2016  4 27 20 59
 2457481.90 2016  4  3  9 36   2457504.59 2016  4 26  2  5   2457527.27 2016  5 18 18 35
 2457502.60 2016  4 24  2 24   2457525.39 2016  5 16 21 17   2457548.17 2016  6  8 16 11
 2457523.30 2016  5 14 19 12   2457546.19 2016  6  6 16 29   2457569.07 2016  6 29 13 47
 2457544.00 2016  6  4 12  0   2457566.99 2016  6 27 11 41   2457589.97 2016  7 20 11 23
 2457564.70 2016  6 25  4 48   2457587.79 2016  7 18  6 53   2457610.87 2016  8 10  8 59
 2457585.40 2016  7 15 21 36   2457608.59 2016  8  8  2  5   2457631.77 2016  8 31  6 35
 2457606.10 2016  8  5 14 24   2457629.39 2016  8 28 21 17   2457652.67 2016  9 21  4 11
 2457626.80 2016  8 26  7 12   2457650.19 2016  9 18 16 29   2457673.57 2016 10 12  1 47
 2457647.50 2016  9 16  0  0   2457670.99 2016 10  9 11 41   2457694.47 2016 11  1 23 23
 2457668.20 2016 10  6 16 48   2457691.79 2016 10 30  6 53   2457715.37 2016 11 22 20 59
 2457688.90 2016 10 27  9 36   2457712.59 2016 11 20  2  5   2457736.27 2016 12 13 18 35
 2457709.60 2016 11 17  2 24   2457733.39 2016 12 10 21 17   2457757.17 2017  1  3 16 11
 2457730.30 2016 12  7 19 12   2457754.19 2016 12 31 16 29   2457778.07 2017  1 24 13 47
 2457751.00 2016 12 28 12  0   2457774.99 2017  1 21 11 41   2457798.97 2017  2 14 11 23
 2457771.70 2017  1 18  4 48   2457795.79 2017  2 11  6 53   2457819.87 2017  3  7  8 59
 2457792.40 2017  2  7 21 36   2457816.59 2017  3  4  2  5   2457840.77 2017  3 28  6 35
 2457813.10 2017  2 28 14 24   2457837.39 2017  3 24 21 17   2457861.67 2017  4 18  4 11
 2457833.80 2017  3 21  7 12   2457858.19 2017  4 14 16 29   2457882.57 2017  5  9  1 47
 2457854.50 2017  4 11  0  0   2457878.99 2017  5  5 11 41   2457903.47 2017  5 29 23 23
 2457875.20 2017  5  1 16 48   2457899.79 2017  5 26  6 53   2457924.37 2017  6 19 20 59
 2457895.90 2017  5 22  9 36   2457920.59 2017  6 16  2  5   2457945.27 2017  7 10 18 35
 2457916.60 2017  6 12  2 24   2457941.39 2017  7  6 21 17   2457966.17 2017  7 31 16 11
 2457937.30 2017  7  2 19 12   2457962.19 2017  7 27 16 29   2457987.07 2017  8 21 13 47
 2457958.00 2017  7 23 12  0   2457982.99 2017  8 17 11 41   2458007.97 2017  9 11 11 23
 2457978.70 2017  8 13  4 48   2458003.79 2017  9  7  6 53   2458028.87 2017 10  2  8 59
 2457999.40 2017  9  2 21 36   2458024.59 2017  9 28  2  5   2458049.77 2017 10 23  6 35
 2458020.10 2017  9 23 14 24   2458045.39 2017 10 18 21 17   2458070.67 2017 11 13  4 11
 2458040.80 2017 10 14  7 12   2458066.19 2017 11  8 16 29   2458091.57 2017 12  4  1 47
 2458061.50 2017 11  4  0  0   2458086.99 2017 11 29 11 41   2458112.47 2017 12 24 23 23
 2458082.20 2017 11 24 16 48   2458107.79 2017 12 20  6 53   2458133.37 2018  1 14 20 59
 2458102.90 2017 12 15  9 36   2458128.59 2018  1 10  2  5   2458154.27 2018  2  4 18 35
 2458123.60 2018  1  5  2 24   2458149.39 2018  1 30 21 17   2458175.17 2018  2 25 16 11
 2458144.30 2018  1 25 19 12   2458170.19 2018  2 20 16 29   2458196.07 2018  3 18 13 47
 2458165.00 2018  2 15 12  0   2458190.99 2018  3 13 11 41   2458216.97 2018  4  8 11 23
 2458185.70 2018  3  8  4 48   2458211.79 2018  4  3  6 53   2458237.87 2018  4 29  8 59
 2458206.40 2018  3 28 21 36   2458232.59 2018  4 24  2  5   2458258.77 2018  5 20  6 35
 2458227.10 2018  4 18 14 24   2458253.39 2018  5 14 21 17   2458279.67 2018  6 10  4 11
 2458247.80 2018  5  9  7 12   2458274.19 2018  6  4 16 29   2458300.57 2018  7  1  1 47
 2458268.50 2018  5 30  0  0   2458294.99 2018  6 25 11 41   2458321.47 2018  7 21 23 23
 2458289.20 2018  6 19 16 48   2458315.79 2018  7 16  6 53   2458342.37 2018  8 11 20 59
 2458309.90 2018  7 10  9 36   2458336.59 2018  8  6  2  5   2458363.27 2018  9  1 18 35
 2458330.60 2018  7 31  2 24   2458357.39 2018  8 26 21 17   2458384.17 2018  9 22 16 11
 2458351.30 2018  8 20 19 12   2458378.19 2018  9 16 16 29   2458405.07 2018 10 13 13 47
 2458372.00 2018  9 10 12  0   2458398.99 2018 10  7 11 41   2458425.97 2018 11  3 11 23
 2458392.70 2018 10  1  4 48   2458419.79 2018 10 28  6 53   2458446.87 2018 11 24  8 59
 2458413.40 2018 10 21 21 36   2458440.59 2018 11 18  2  5   2458467.77 2018 12 15  6 35
 2458434.10 2018 11 11 14 24   2458461.39 2018 12  8 21 17   2458488.67 2019  1  5  4 11
 2458454.80 2018 12  2  7 12   2458482.19 2018 12 29 16 29   2458509.57 2019  1 26  1 47
 2458475.50 2018 12 23  0  0   2458502.99 2019  1 19 11 41   2458530.47 2019  2 15 23 23
 2458496.20 2019  1 12 16 48   2458523.79 2019  2  9  6 53   2458551.37 2019  3  8 20 59
 2458516.90 2019  2  2  9 36   2458544.59 2019  3  2  2  5   2458572.27 2019  3 29 18 35
 2458537.60 2019  2 23  2 24   2458565.39 2019  3 22 21 17   2458593.17 2019  4 19 16 11
 2458558.30 2019  3 15 19 12   2458586.19 2019  4 12 16 29   2458614.07 2019  5 10 13 47
 2458579.00 2019  4  5 12  0   2458606.99 2019  5  3 11 41   2458634.97 2019  5 31 11 23
 2458599.70 2019  4 26  4 48   2458627.79 2019  5 24  6 53   2458655.87 2019  6 21  8 59
 2458620.40 2019  5 16 21 36   2458648.59 2019  6 14  2  5   2458676.77 2019  7 12  6 35
 2458641.10 2019  6  6 14 24   2458669.39 2019  7  4 21 17   2458697.67 2019  8  2  4 11
 2458661.80 2019  6 27  7 12   2458690.19 2019  7 25 16 29   2458718.57 2019  8 23  1 47
 2458682.50 2019  7 18  0  0   2458710.99 2019  8 15 11 41   2458739.47 2019  9 12 23 23
 2458703.20 2019  8  7 16 48   2458731.79 2019  9  5  6 53   2458760.37 2019 10  3 20 59
 2458723.90 2019  8 28  9 36   2458752.59 2019  9 26  2  5   2458781.27 2019 10 24 18 35
 2458744.60 2019  9 18  2 24   2458773.39 2019 10 16 21 17   2458802.17 2019 11 14 16 11
 2458765.30 2019 10  8 19 12   2458794.19 2019 11  6 16 29   2458823.07 2019 12  5 13 47
 2458786.00 2019 10 29 12  0   2458814.99 2019 11 27 11 41   2458843.97 2019 12 26 11 23
 2458806.70 2019 11 19  4 48   2458835.79 2019 12 18  6 53   2458864.87 2020  1 16  8 59
 2458827.40 2019 12  9 21 36   2458856.59 2020  1  8  2  5   2458885.77 2020  2  6  6 35
 2458848.10 2019 12 30 14 24   2458877.39 2020  1 28 21 17   2458906.67 2020  2 27  4 11
 2458868.80 2020  1 20  7 12   2458898.19 2020  2 18 16 29   2458927.57 2020  3 19  1 47
 2458889.50 2020  2 10  0  0   2458918.99 2020  3 10 11 41   2458948.47 2020  4  8 23 23
 2458910.20 2020  3  1 16 48   2458939.79 2020  3 31  6 53   2458969.37 2020  4 29 20 59
 2458930.90 2020  3 22  9 36   2458960.59 2020  4 21  2  5   2458990.27 2020  5 20 18 35
 2458951.60 2020  4 12  2 24   2458981.39 2020  5 11 21 17   2459011.17 2020  6 10 16 11
 2458972.30 2020  5  2 19 12   2459002.19 2020  6  1 16 29   2459032.07 2020  7  1 13 47
 2458993.00 2020  5 23 12  0   2459022.99 2020  6 22 11 41   2459052.97 2020  7 22 11 23
 2459013.70 2020  6 13  4 48   2459043.79 2020  7 13  6 53   2459073.87 2020  8 12  8 59
 2459034.40 2020  7  3 21 36   2459064.59 2020  8  3  2  5   2459094.77 2020  9  2  6 35
 2459055.10 2020  7 24 14 24   2459085.39 2020  8 23 21 17   2459115.67 2020  9 23  4 11
 2459075.80 2020  8 14  7 12   2459106.19 2020  9 13 16 29   2459136.57 2020 10 14  1 47
 2459096.50 2020  9  4  0  0   2459126.99 2020 10  4 11 41   2459157.47 2020 11  3 23 23
 2459117.20 2020  9 24 16 48   2459147.79 2020 10 25  6 53   2459178.37 2020 11 24 20 59
 2459137.90 2020 10 15  9 36   2459168.59 2020 11 15  2  5   2459199.27 2020 12 15 18 35
 2459158.60 2020 11  5  2 24   2459189.39 2020 12  5 21 17   2459220.17 2021  1  5 16 11
 2459179.30 2020 11 25 19 12   2459210.19 2020 12 26 16 29   2459241.07 2021  1 26 13 47
 2459200.00 2020 12 16 12  0   2459230.99 2021  1 16 11 41   2459261.97 2021  2 16 11 23
 2459220.70 2021  1  6  4 48   2459251.79 2021  2  6  6 53   2459282.87 2021  3  9  8 59
 2459241.40 2021  1 26 21 36   2459272.59 2021  2 27  2  5   2459303.77 2021  3 30  6 35
 2459262.10 2021  2 16 14 24   2459293.39 2021  3 19 21 17   2459324.67 2021  4 20  4 11
 2459282.80 2021  3  9  7 12   2459314.19 2021  4  9 16 29   2459345.57 2021  5 11  1 47
 2459303.50 2021  3 30  0  0   2459334.99 2021  4 30 11 41   2459366.47 2021  5 31 23 23
 2459324.20 2021  4 19 16 48   2459355.79 2021  5 21  6 53   2459387.37 2021  6 21 20 59
 2459344.90 2021  5 10  9 36   2459376.59 2021  6 11  2  5   2459408.27 2021  7 12 18 35
 2459365.60 2021  5 31  2 24   2459397.39 2021  7  1 21 17   2459429.17 2021  8  2 16 11
 2459386.30 2021  6 20 19 12   2459418.19 2021  7 22 16 29   2459450.07 2021  8 23 13 47
 2459407.00 2021  7 11 12  0   2459438.99 2021  8 12 11 41   2459470.97 2021  9 13 11 23
 2459427.70 2021  8  1  4 48   2459459.79 2021  9  2  6 53   2459491.87 2021 10  4  8 59
 2459448.40 2021  8 21 21 36   2459480.59 2021  9 23  2  5   2459512.77 2021 10 25  6 35
 2459469.10 2021  9 11 14 24   2459501.39 2021 10 13 21 17   2459533.67 2021 11 15  4 11
 2459489.80 2021 10  2  7 12   2459522.19 2021 11  3 16 29   2459554.57 2021 12  6  1 47
 2459510.50 2021 10 23  0  0   2459542.99 2021 11 24 11 41   2459575.47 2021 12 26 23 23
 2459531.20 2021 11 12 16 48   2459563.79 2021 12 15  6 53   2459596.37 2022  1 16 20 59
 2459551.90 2021 12  3  9 36   2459584.59 2022  1  5  2  5   2459617.27 2022  2  6 18 35
 2459572.60 2021 12 24  2 24   2459605.39 2022  1 25 21 17   2459638.17 2022  2 27 16 11
 2459593.30 2022  1 13 19 12   2459626.19 2022  2 15 16 29   2459659.07 2022  3 20 13 47
 2459614.00 2022  2  3 12  0   2459646.99 2022  3  8 11 41   2459679.97 2022  4 10 11 23
 2459634.70 2022  2 24  4 48   2459667.79 2022  3 29  6 53   2459700.87 2022  5  1  8 59
 2459655.40 2022  3 16 21 36   2459688.59 2022  4 19  2  5   2459721.77 2022  5 22  6 35
 2459676.10 2022  4  6 14 24   2459709.39 2022  5  9 21 17   2459742.67 2022  6 12  4 11
 2459696.80 2022  4 27  7 12   2459730.19 2022  5 30 16 29   2459763.57 2022  7  3  1 47
 2459717.50 2022  5 18  0  0   2459750.99 2022  6 20 11 41   2459784.47 2022  7 23 23 23
 2459738.20 2022  6  7 16 48   2459771.79 2022  7 11  6 53   2459805.37 2022  8 13 20 59
 2459758.90 2022  6 28  9 36   2459792.59 2022  8  1  2  5   2459826.27 2022  9  3 18 35
 2459779.60 2022  7 19  2 24   2459813.39 2022  8 21 21 17   2459847.17 2022  9 24 16 11
 2459800.30 2022  8  8 19 12   2459834.19 2022  9 11 16 29   2459868.07 2022 10 15 13 47
 2459821.00 2022  8 29 12  0   2459854.99 2022 10  2 11 41   2459888.97 2022 11  5 11 23
 2459841.70 2022  9 19  4 48   2459875.79 2022 10 23  6 53   2459909.87 2022 11 26  8 59
 2459862.40 2022 10  9 21 36   2459896.59 2022 11 13  2  5   2459930.77 2022 12 17  6 35
 2459883.10 2022 10 30 14 24   2459917.39 2022 12  3 21 17   2459951.67 2023  1  7  4 11
 2459903.80 2022 11 20  7 12   2459938.19 2022 12 24 16 29   2459972.57 2023  1 28  1 47
 2459924.50 2022 12 11  0  0   2459958.99 2023  1 14 11 41   2459993.47 2023  2 17 23 23
 2459945.20 2022 12 31 16 48   2459979.79 2023  2  4  6 53   2460014.37 2023  3 10 20 59
 2459965.90 2023  1 21  9 36   2460000.59 2023  2 25  2  5   2460035.27 2023  3 31 18 35
 2459986.60 2023  2 11  2 24   2460021.39 2023  3 17 21 17   2460056.17 2023  4 21 16 11
 2460007.30 2023  3  3 19 12   2460042.19 2023  4  7 16 29   2460077.07 2023  5 12 13 47
 2460028.00 2023  3 24 12  0   2460062.99 2023  4 28 11 41   2460097.97 2023  6  2 11 23
 2460048.70 2023  4 14  4 48   2460083.79 2023  5 19  6 53   2460118.87 2023  6 23  8 59
 2460069.40 2023  5  4 21 36   2460104.59 2023  6  9  2  5   2460139.77 2023  7 14  6 35
 2460090.10 2023  5 25 14 24   2460125.39 2023  6 29 21 17   2460160.67 2023  8  4  4 11
 2460110.80 2023  6 15  7 12   2460146.19 2023  7 20 16 29   2460181.57 2023  8 25  1 47
 2460131.50 2023  7  6  0  0   2460166.99 2023  8 10 11 41   2460202.47 2023  9 14 23 23
 2460152.20 2023  7 26 16 48   2460187.79 2023  8 31  6 53   2460223.37 2023 10  5 20 59
 2460172.90 2023  8 16  9 36   2460208.59 2023  9 21  2  5   2460244.27 2023 10 26 18 35
 2460193.60 2023  9  6  2 24   2460229.39 2023 10 11 21 17   2460265.17 2023 11 16 16 11
 2460214.30 2023  9 26 19 12   2460250.19 2023 11  1 16 29   2460286.07 2023 12  7 13 47
 2460235.00 2023 10 17 12  0   2460270.99 2023 11 22 11 41   2460306.97 2023 12 28 11 23
 2460255.70 2023 11  7  4 48   2460291.79 2023 12 13  6 53   2460327.87 2024  1 18  8 59
 2460276.40 2023 11 27 21 36   2460312.59 2024  1  3  2  5   2460348.77 2024  2  8  6 35
 2460297.10 2023 12 18 14 24   2460333.39 2024  1 23 21 17   2460369.67 2024  2 29  4 11
 2460317.80 2024  1  8  7 12   2460354.19 2024  2 13 16 29   2460390.57 2024  3 21  1 47
 2460338.50 2024  1 29  0  0   2460374.99 2024  3  5 11 41   2460411.47 2024  4 10 23 23
 2460359.20 2024  2 18 16 48   2460395.79 2024  3 26  6 53   2460432.37 2024  5  1 20 59
 2460379.90 2024  3 10  9 36   2460416.59 2024  4 16  2  5   2460453.27 2024  5 22 18 35
 2460400.60 2024  3 31  2 24   2460437.39 2024  5  6 21 17   2460474.17 2024  6 12 16 11
 2460421.30 2024  4 20 19 12   2460458.19 2024  5 27 16 29   2460495.07 2024  7  3 13 47
 2460442.00 2024  5 11 12  0   2460478.99 2024  6 17 11 41   2460515.97 2024  7 24 11 23
 2460462.70 2024  6  1  4 48   2460499.79 2024  7  8  6 53   2460536.87 2024  8 14  8 59
 2460483.40 2024  6 21 21 36   2460520.59 2024  7 29  2  5   2460557.77 2024  9  4  6 35
 2460504.10 2024  7 12 14 24   2460541.39 2024  8 18 21 17   2460578.67 2024  9 25  4 11
 2460524.80 2024  8  2  7 12   2460562.19 2024  9  8 16 29   2460599.57 2024 10 16  1 47
 2460545.50 2024  8 23  0  0   2460582.99 2024  9 29 11 41   2460620.47 2024 11  5 23 23
 2460566.20 2024  9 12 16 48   2460603.79 2024 10 20  6 53   2460641.37 2024 11 26 20 59
 2460586.90 2024 10  3  9 36   2460624.59 2024 11 10  2  5   2460662.27 2024 12 17 18 35
 2460607.60 2024 10 24  2 24   2460645.39 2024 11 30 21 17   2460683.17 2025  1  7 16 11
 2460628.30 2024 11 13 19 12   2460666.19 2024 12 21 16 29   2460704.07 2025  1 28 13 47
 2460649.00 2024 12  4 12  0   2460686.99 2025  1 11 11 41   2460724.97 2025  2 18 11 23
 2460669.70 2024 12 25  4 48   2460707.79 2025  2  1  6 53   2460745.87 2025  3 11  8 59
 2460690.40 2025  1 14 21 36   2460728.59 2025  2 22  2  5   2460766.77 2025  4  1  6 35
 2460711.10 2025  2  4 14 24   2460749.39 2025  3 14 21 17   2460787.67 2025  4 22  4 11
 2460731.80 2025  2 25  7 12   2460770.19 2025  4  4 16 29   2460808.57 2025  5 13  1 47
 2460752.50 2025  3 18  0  0   2460790.99 2025  4 25 11 41   2460829.47 2025  6  2 23 23
 2460773.20 2025  4  7 16 48   2460811.79 2025  5 16  6 53   2460850.37 2025  6 23 20 59
 2460793.90 2025  4 28  9 36   2460832.59 2025  6  6  2  5   2460871.27 2025  7 14 18 35
 2460814.60 2025  5 19  2 24   2460853.39 2025  6 26 21 17   2460892.17 2025  8  4 16 11
 2460835.30 2025  6  8 19 12   2460874.19 2025  7 17 16 29   2460913.07 2025  8 25 13 47
 2460856.00 2025  6 29 12  0   2460894.99 2025  8  7 11 41   2460933.97 2025  9 15 11 23
 2460876.70 2025  7 20  4 48   2460915.79 2025  8 28  6 53   2460954.87 2025 10  6  8 59
 2460897.40 2025  8  9 21 36   2460936.59 2025  9 18  2  5   2460975.77 2025 10 27  6 35
 2460918.10 2025  8 30 14 24   2460957.39 2025 10  8 21 17   2460996.67 2025 11 17  4 11
 2460938.80 2025  9 20  7 12   2460978.19 2025 10 29 16 29   2461017.57 2025 12  8  1 47
 2460959.50 2025 10 11  0  0   2460998.99 2025 11 19 11 41   2461038.47 2025 12 28 23 23
 2460980.20 2025 10 31 16 48   2461019.79 2025 12 10  6 53   2461059.37 2026  1 18 20 59
 2461000.90 2025 11 21  9 36   2461040.59 2025 12 31  2  5   2461080.27 2026  2  8 18 35
 2461021.60 2025 12 12  2 24   2461061.39 2026  1 20 21 17   2461101.17 2026  3  1 16 11
 2461042.30 2026  1  1 19 12   2461082.19 2026  2 10 16 29   2461122.07 2026  3 22 13 47
 2461063.00 2026  1 22 12  0   2461102.99 2026  3  3 11 41   2461142.97 2026  4 12 11 23
 2461083.70 2026  2 12  4 48   2461123.79 2026  3 24  6 53   2461163.87 2026  5  3  8 59
 2461104.40 2026  3  4 21 36   2461144.59 2026  4 14  2  5   2461184.77 2026  5 24  6 35
 2461125.10 2026  3 25 14 24   2461165.39 2026  5  4 21 17   2461205.67 2026  6 14  4 11
 2461145.80 2026  4 15  7 12   2461186.19 2026  5 25 16 29   2461226.57 2026  7  5  1 47
 2461166.50 2026  5  6  0  0   2461206.99 2026  6 15 11 41   2461247.47 2026  7 25 23 23
 2461187.20 2026  5 26 16 48   2461227.79 2026  7  6  6 53   2461268.37 2026  8 15 20 59
 2461207.90 2026  6 16  9 36   2461248.59 2026  7 27  2  5   2461289.27 2026  9  5 18 35
 2461228.60 2026  7  7  2 24   2461269.39 2026  8 16 21 17   2461310.17 2026  9 26 16 11
 2461249.30 2026  7 27 19 12   2461290.19 2026  9  6 16 29   2461331.07 2026 10 17 13 47
 2461270.00 2026  8 17 12  0   2461310.99 2026  9 27 11 41   2461351.97 2026 11  7 11 23
 2461290.70 2026  9  7  4 48   2461331.79 2026 10 18  6 53   2461372.87 2026 11 28  8 59
 2461311.40 2026  9 27 21 36   2461352.59 2026 11  8  2  5   2461393.77 2026 12 19  6 35
 2461332.10 2026 10 18 14 24   2461373.39 2026 11 28 21 17   2461414.67 2027  1  9  4 11
 2461352.80 2026 11  8  7 12   2461394.19 2026 12 19 16 29   2461435.57 2027  1 30  1 47
 2461373.50 2026 11 29  0  0   2461414.99 2027  1  9 11 41   2461456.47 2027  2 19 23 23
 2461394.20 2026 12 19 16 48   2461435.79 2027  1 30  6 53   2461477.37 2027  3 12 20 59
 2461414.90 2027  1  9  9 36   2461456.59 2027  2 20  2  5   2461498.27 2027  4  2 18 35
 2461435.60 2027  1 30  2 24   2461477.39 2027  3 12 21 17   2461519.17 2027  4 23 16 11
 2461456.30 2027  2 19 19 12   2461498.19 2027  4  2 16 29   2461540.07 2027  5 14 13 47
 2461477.00 2027  3 12 12  0   2461518.99 2027  4 23 11 41   2461560.97 2027  6  4 11 23
 2461497.70 2027  4  2  4 48   2461539.79 2027  5 14  6 53   2461581.87 2027  6 25  8 59
 2461518.40 2027  4 22 21 36   2461560.59 2027  6  4  2  5   2461602.77 2027  7 16  6 35
 2461539.10 2027  5 13 14 24   2461581.39 2027  6 24 21 17   2461623.67 2027  8  6  4 11
 2461559.80 2027  6  3  7 12   2461602.19 2027  7 15 16 29   2461644.57 2027  8 27  1 47
 2461580.50 2027  6 24  0  0   2461622.99 2027  8  5 11 41   2461665.47 2027  9 16 23 23
 2461601.20 2027  7 14 16 48   2461643.79 2027  8 26  6 53   2461686.37 2027 10  7 20 59
 2461621.90 2027  8  4  9 36   2461664.59 2027  9 16  2  5   2461707.27 2027 10 28 18 35
 2461642.60 2027  8 25  2 24   2461685.39 2027 10  6 21 17   2461728.17 2027 11 18 16 11
 2461663.30 2027  9 14 19 12   2461706.19 2027 10 27 16 29   2461749.07 2027 12  9 13 47
 2461684.00 2027 10  5 12  0   2461726.99 2027 11 17 11 41   2461769.97 2027 12 30 11 23
 2461704.70 2027 10 26  4 48   2461747.79 2027 12  8  6 53   2461790.87 2028  1 20  8 59
 2461725.40 2027 11 15 21 36   2461768.59 2027 12 29  2  5   2461811.77 2028  2 10  6 35
 2461746.10 2027 12  6 14 24   2461789.39 2028  1 18 21 17   2461832.67 2028  3  2  4 11
 2461766.80 2027 12 27  7 12   2461810.19 2028  2  8 16 29   2461853.57 2028  3 23  1 47
 2461787.50 2028  1 17  0  0   2461830.99 2028  2 29 11 41   2461874.47 2028  4 12 23 23
 2461808.20 2028  2  6 16 48   2461851.79 2028  3 21  6 53   2461895.37 2028  5  3 20 59
 2461828.90 2028  2 27  9 36   2461872.59 2028  4 11  2  5   2461916.27 2028  5 24 18 35
 2461849.60 2028  3 19  2 24   2461893.39 2028  5  1 21 17   2461937.17 2028  6 14 16 11
 2461870.30 2028  4  8 19 12   2461914.19 2028  5 22 16 29   2461958.07 2028  7  5 13 47
 2461891.00 2028  4 29 12  0   2461934.99 2028  6 12 11 41   2461978.97 2028  7 26 11 23
 2461911.70 2028  5 20  4 48   2461955.79 2028  7  3  6 53   2461999.87 2028  8 16  8 59
 2461932.40 2028  6  9 21 36   2461976.59 2028  7 24  2  5   2462020.77 2028  9  6  6 35
 2461953.10 2028  6 30 14 24   2461997.39 2028  8 13 21 17   2462041.67 2028  9 27  4 11
 2461973.80 2028  7 21  7 12   2462018.19 2028  9  3 16 29   2462062.57 2028 10 18  1 47
 2461994.50 2028  8 11  0  0   2462038.99 2028  9 24 11 41   2462083.47 2028 11  7 23 23
 2462015.20 2028  8 31 16 48   2462059.79 2028 10 15  6 53   2462104.37 2028 11 28 20 59
 2462035.90 2028  9 21  9 36   2462080.59 2028 11  5  2  5   2462125.27 2028 12 19 18 35
 2462056.60 2028 10 12  2 24   2462101.39 2028 11 25 21 17   2462146.17 2029  1  9 16 11
 2462077.30 2028 11  1 19 12   2462122.19 2028 12 16 16 29   2462167.07 2029  1 30 13 47
 2462098.00 2028 11 22 12  0   2462142.99 2029  1  6 11 41   2462187.97 2029  2 20 11 23
 2462118.70 2028 12 13  4 48   2462163.79 2029  1 27  6 53   2462208.87 2029  3 13  8 59
 2462139.40 2029  1  2 21 36   2462184.59 2029  2 17  2  5   2462229.77 2029  4  3  6 35
 2462160.10 2029  1 23 14 24   2462205.39 2029  3  9 21 17   2462250.67 2029  4 24  4 11
 2462180.80 2029  2 13  7 12   2462226.19 2029  3 30 16 29   2462271.57 2029  5 15  1 47
 2462201.50 2029  3  6  0  0   2462246.99 2029  4 20 11 41   2462292.47 2029  6  4 23 23
 2462222.20 2029  3 26 16 48   2462267.79 2029  5 11  6 53   2462313.37 2029  6 25 20 59
 2462242.90 2029  4 16  9 36   2462288.59 2029  6  1  2  5   2462334.27 2029  7 16 18 35
 2462263.60 2029  5  7  2 24   2462309.39 2029  6 21 21 17   2462355.17 2029  8  6 16 11
 2462284.30 2029  5 27 19 12   2462330.19 2029  7 12 16 29   2462376.07 2029  8 27 13 47
 2462305.00 2029  6 17 12  0   2462350.99 2029  8  2 11 41   2462396.97 2029  9 17 11 23
 2462325.70 2029  7  8  4 48   2462371.79 2029  8 23  6 53   2462417.87 2029 10  8  8 59
 2462346.40 2029  7 28 21 36   2462392.59 2029  9 13  2  5   2462438.77 2029 10 29  6 35
 2462367.10 2029  8 18 14 24   2462413.39 2029 10  3 21 17   2462459.67 2029 11 19  4 11
 2462387.80 2029  9  8  7 12   2462434.19 2029 10 24 16 29   2462480.57 2029 12 10  1 47
 2462408.50 2029  9 29  0  0   2462454.99 2029 11 14 11 41   2462501.47 2029 12 30 23 23
 2462429.20 2029 10 19 16 48   2462475.79 2029 12  5  6 53   2462522.37 2030  1 20 20 59
 2462449.90 2029 11  9  9 36   2462496.59 2029 12 26  2  5   2462543.27 2030  2 10 18 35
 2462470.60 2029 11 30  2 24   2462517.39 2030  1 15 21 17   2462564.17 2030  3  3 16 11
 2462491.30 2029 12 20 19 12   2462538.19 2030  2  5 16 29   2462585.07 2030  3 24 13 47
 2462512.00 2030  1 10 12  0   2462558.99 2030  2 26 11 41   2462605.97 2030  4 14 11 23
 2462532.70 2030  1 31  4 48   2462579.79 2030  3 19  6 53   2462626.87 2030  5  5  8 59
 2462553.40 2030  2 20 21 36   2462600.59 2030  4  9  2  5   2462647.77 2030  5 26  6 35
 2462574.10 2030  3 13 14 24   2462621.39 2030  4 29 21 17   2462668.67 2030  6 16  4 11
 2462594.80 2030  4  3  7 12   2462642.19 2030  5 20 16 29   2462689.57 2030  7  7  1 47
 2462615.50 2030  4 24  0  0   2462662.99 2030  6 10 11 41   2462710.47 2030  7 27 23 23
 2462636.20 2030  5 14 16 48   2462683.79 2030  7  1  6 53   2462731.37 2030  8 17 20 59
 2462656.90 2030  6  4  9 36   2462704.59 2030  7 22  2  5   2462752.27 2030  9  7 18 35
 2462677.60 2030  6 25  2 24   2462725.39 2030  8 11 21 17   2462773.17 2030  9 28 16 11
 2462698.30 2030  7 15 19 12   2462746.19 2030  9  1 16 29   2462794.07 2030 10 19 13 47
 2462719.00 2030  8  5 12  0   2462766.99 2030  9 22 11 41   2462814.97 2030 11  9 11 23
 2462739.70 2030  8 26  4 48   2462787.79 2030 10 13  6 53   2462835.87 2030 11 30  8 59
 2462760.40 2030  9 15 21 36   2462808.59 2030 11  3  2  5   2462856.77 2030 12 21  6 35
 2462781.10 2030 10  6 14 24   2462829.39 2030 11 23 21 17   2462877.67 2031  1 11  4 11
 2462801.80 2030 10 27  7 12   2462850.19 2030 12 14 16 29   2462898.57 2031  2  1  1 47
 2462822.50 2030 11 17  0  0   2462870.99 2031  1  4 11 41   2462919.47 2031  2 21 23 23
 2462843.20 2030 12  7 16 48   2462891.79 2031  1 25  6 53   2462940.37 2031  3 14 20 59
 2462863.90 2030 12 28  9 36   2462912.59 2031  2 15  2  5   2462961.27 2031  4  4 18 35
 2462884.60 2031  1 18  2 24   2462933.39 2031  3  7 21 17   2462982.17 2031  4 25 16 11
 2462905.30 2031  2  7 19 12   2462954.19 2031  3 28 16 29   2463003.07 2031  5 16 13 47
 2462926.00 2031  2 28 12  0   2462974.99 2031  4 18 11 41   2463023.97 2031  6  6 11 23
 2462946.70 2031  3 21  4 48   2462995.79 2031  5  9  6 53   2463044.87 2031  6 27  8 59
 2462967.40 2031  4 10 21 36   2463016.59 2031  5 30  2  5   2463065.77 2031  7 18  6 35
 2462988.10 2031  5  1 14 24   2463037.39 2031  6 19 21 17   2463086.67 2031  8  8  4 11
 2463008.80 2031  5 22  7 12   2463058.19 2031  7 10 16 29   2463107.57 2031  8 29  1 47
 2463029.50 2031  6 12  0  0   2463078.99 2031  7 31 11 41   2463128.47 2031  9 18 23 23
 2463050.20 2031  7  2 16 48   2463099.79 2031  8 21  6 53   2463149.37 2031 10  9 20 59
 2463070.90 2031  7 23  9 36   2463120.59 2031  9 11  2  5   2463170.27 2031 10 30 18 35
 2463091.60 2031  8 13  2 24   2463141.39 2031 10  1 21 17   2463191.17 2031 11 20 16 11
 2463112.30 2031  9  2 19 12   2463162.19 2031 10 22 16 29   2463212.07 2031 12 11 13 47
 2463133.00 2031  9 23 12  0   2463182.99 2031 11 12 11 41   2463232.97 2032  1  1 11 23
 2463153.70 2031 10 14  4 48   2463203.79 2031 12  3  6 53   2463253.87 2032  1 22  8 59
 2463174.40 2031 11  3 21 36   2463224.59 2031 12 24  2  5   2463274.77 2032  2 12  6 35
 2463195.10 2031 11 24 14 24   2463245.39 2032  1 13 21 17   2463295.67 2032  3  4  4 11
 2463215.80 2031 12 15  7 12   2463266.19 2032  2  3 16 29   2463316.57 2032  3 25  1 47
 2463236.50 2032  1  5  0  0   2463286.99 2032  2 24 11 41   2463337.47 2032  4 14 23 23
 2463257.20 2032  1 25 16 48   2463307.79 2032  3 16  6 53   2463358.37 2032  5  5 20 59
 2463277.90 2032  2 15  9 36   2463328.59 2032  4  6  2  5   2463379.27 2032  5 26 18 35
 2463298.60 2032  3  7  2 24   2463349.39 2032  4 26 21 17   2463400.17 2032  6 16 16 11
 2463319.30 2032  3 27 19 12   2463370.19 2032  5 17 16 29   2463421.07 2032  7  7 13 47
 2463340.00 2032  4 17 12  0   2463390.99 2032  6  7 11 41   2463441.97 2032  7 28 11 23
 2463360.70 2032  5  8  4 48   2463411.79 2032  6 28  6 53   2463462.87 2032  8 18  8 59
 2463381.40 2032  5 28 21 36   2463432.59 2032  7 19  2  5   2463483.77 2032  9  8  6 35
 2463402.10 2032  6 18 14 24   2463453.39 2032  8  8 21 17   2463504.67 2032  9 29  4 11
 2463422.80 2032  7  9  7 12   2463474.19 2032  8 29 16 29   2463525.57 2032 10 20  1 47
 2463443.50 2032  7 30  0  0   2463494.99 2032  9 19 11 41   2463546.47 2032 11  9 23 23
 2463464.20 2032  8 19 16 48   2463515.79 2032 10 10  6 53   2463567.37 2032 11 30 20 59
 2463484.90 2032  9  9  9 36   2463536.59 2032 10 31  2  5   2463588.27 2032 12 21 18 35
 2463505.60 2032  9 30  2 24   2463557.39 2032 11 20 21 17   2463609.17 2033  1 11 16 11
 2463526.30 2032 10 20 19 12   2463578.19 2032 12 11 16 29   2463630.07 2033  2  1 13 47
 2463547.00 2032 11 10 12  0   2463598.99 2033  1  1 11 41   2463650.97 2033  2 22 11 23
 2463567.70 2032 12  1  4 48   2463619.79 2033  1 22  6 53   2463671.87 2033  3 15  8 59
 2463588.40 2032 12 21 21 36   2463640.59 2033  2 12  2  5   2463692.77 2033  4  5  6 35
 2463609.10 2033  1 11 14 24   2463661.39 2033  3  4 21 17   2463713.67 2033  4 26  4 11
 2463629.80 2033  2  1  7 12   2463682.19 2033  3 25 16 29   2463734.57 2033  5 17  1 47
 2463650.50 2033  2 22  0  0   2463702.99 2033  4 15 11 41   2463755.47 2033  6  6 23 23
 2463671.20 2033  3 14 16 48   2463723.79 2033  5  6  6 53   2463776.37 2033  6 27 20 59
 2463691.90 2033  4  4  9 36   2463744.59 2033  5 27  2  5   2463797.27 2033  7 18 18 35
 2463712.60 2033  4 25  2 24   2463765.39 2033  6 16 21 17   2463818.17 2033  8  8 16 11
 2463733.30 2033  5 15 19 12   2463786.19 2033  7  7 16 29   2463839.07 2033  8 29 13 47
 2463754.00 2033  6  5 12  0   2463806.99 2033  7 28 11 41   2463859.97 2033  9 19 11 23
 2463774.70 2033  6 26  4 48   2463827.79 2033  8 18  6 53   2463880.87 2033 10 10  8 59
 2463795.40 2033  7 16 21 36   2463848.59 2033  9  8  2  5   2463901.77 2033 10 31  6 35
 2463816.10 2033  8  6 14 24   2463869.39 2033  9 28 21 17   2463922.67 2033 11 21  4 11
 2463836.80 2033  8 27  7 12   2463890.19 2033 10 19 16 29   2463943.57 2033 12 12  1 47
 2463857.50 2033  9 17  0  0   2463910.99 2033 11  9 11 41   2463964.47 2034  1  1 23 23
 2463878.20 2033 10  7 16 48   2463931.79 2033 11 30  6 53   2463985.37 2034  1 22 20 59
 2463898.90 2033 10 28  9 36   2463952.59 2033 12 21  2  5   2464006.27 2034  2 12 18 35
 2463919.60 2033 11 18  2 24   2463973.39 2034  1 10 21 17   2464027.17 2034  3  5 16 11
 2463940.30 2033 12  8 19 12   2463994.19 2034  1 31 16 29   2464048.07 2034  3 26 13 47
 2463961.00 2033 12 29 12  0   2464014.99 2034  2 21 11 41   2464068.97 2034  4 16 11 23
 2463981.70 2034  1 19  4 48   2464035.79 2034  3 14  6 53   2464089.87 2034  5  7  8 59
 2464002.40 2034  2  8 21 36   2464056.59 2034  4  4  2  5   2464110.77 2034  5 28  6 35
 2464023.10 2034  3  1 14 24   2464077.39 2034  4 24 21 17   2464131.67 2034  6 18  4 11
 2464043.80 2034  3 22  7 12   2464098.19 2034  5 15 16 29   2464152.57 2034  7  9  1 47
 2464064.50 2034  4 12  0  0   2464118.99 2034  6  5 11 41   2464173.47 2034  7 29 23 23
 2464085.20 2034  5  2 16 48   2464139.79 2034  6 26  6 53   2464194.37 2034  8 19 20 59
 2464105.90 2034  5 23  9 36   2464160.59 2034  7 17  2  5   2464215.27 2034  9  9 18 35
 2464126.60 2034  6 13  2 24   2464181.39 2034  8  6 21 17   2464236.17 2034  9 30 16 11
