 Predicted Transit Epochs: HD118203_ b

 Predicted Duration of a Central Transit:   238. Minutes

 Begin Transit Window           PREDICTED CENTRAL TRANSIT     End Transit Window
                                     All Times UT

                               HJD        Year M  D  H  M
 2454926.72 2009  4  5  5 14   2454926.98 2009  4  5 11 32   2454927.24 2009  4  5 17 49
 2454932.85 2009  4 11  8 25   2454933.11 2009  4 11 14 44   2454933.38 2009  4 11 21  3
 2454938.98 2009  4 17 11 36   2454939.25 2009  4 17 17 56   2454939.51 2009  4 18  0 16
 2454945.12 2009  4 23 14 48   2454945.38 2009  4 23 21  8   2454945.65 2009  4 24  3 29
 2454951.25 2009  4 29 17 59   2454951.51 2009  4 30  0 20   2454951.78 2009  4 30  6 42
 2454957.38 2009  5  5 21 10   2454957.65 2009  5  6  3 33   2454957.91 2009  5  6  9 55
 2454963.52 2009  5 12  0 22   2454963.78 2009  5 12  6 45   2454964.05 2009  5 12 13  8
 2454969.65 2009  5 18  3 33   2454969.92 2009  5 18  9 57   2454970.18 2009  5 18 16 21
 2454975.78 2009  5 24  6 45   2454976.05 2009  5 24 13  9   2454976.32 2009  5 24 19 34
 2454981.91 2009  5 30  9 56   2454982.18 2009  5 30 16 22   2454982.45 2009  5 30 22 47
 2454988.05 2009  6  5 13  7   2454988.32 2009  6  5 19 34   2454988.58 2009  6  6  2  1
 2454994.18 2009  6 11 16 19   2454994.45 2009  6 11 22 46   2454994.72 2009  6 12  5 14
 2455000.31 2009  6 17 19 30   2455000.58 2009  6 18  1 58   2455000.85 2009  6 18  8 27
 2455006.45 2009  6 23 22 41   2455006.72 2009  6 24  5 11   2455006.99 2009  6 24 11 40
 2455012.58 2009  6 30  1 53   2455012.85 2009  6 30  8 23   2455013.12 2009  6 30 14 53
 2455018.71 2009  7  6  5  4   2455018.98 2009  7  6 11 35   2455019.25 2009  7  6 18  6
 2455024.84 2009  7 12  8 16   2455025.12 2009  7 12 14 47   2455025.39 2009  7 12 21 19
 2455030.98 2009  7 18 11 27   2455031.25 2009  7 18 18  0   2455031.52 2009  7 19  0 32
 2455037.11 2009  7 24 14 38   2455037.38 2009  7 24 21 12   2455037.66 2009  7 25  3 45
 2455043.24 2009  7 30 17 50   2455043.52 2009  7 31  0 24   2455043.79 2009  7 31  6 58
 2455049.38 2009  8  5 21  1   2455049.65 2009  8  6  3 36   2455049.93 2009  8  6 10 12
 2455055.51 2009  8 12  0 12   2455055.78 2009  8 12  6 49   2455056.06 2009  8 12 13 25
 2455061.64 2009  8 18  3 24   2455061.92 2009  8 18 10  1   2455062.19 2009  8 18 16 38
 2455067.77 2009  8 24  6 35   2455068.05 2009  8 24 13 13   2455068.33 2009  8 24 19 51
 2455073.91 2009  8 30  9 47   2455074.18 2009  8 30 16 25   2455074.46 2009  8 30 23  4
 2455080.04 2009  9  5 12 58   2455080.32 2009  9  5 19 38   2455080.60 2009  9  6  2 17
 2455086.17 2009  9 11 16  9   2455086.45 2009  9 11 22 50   2455086.73 2009  9 12  5 30
 2455092.31 2009  9 17 19 21   2455092.59 2009  9 18  2  2   2455092.86 2009  9 18  8 43
 2455098.44 2009  9 23 22 32   2455098.72 2009  9 24  5 14   2455099.00 2009  9 24 11 56
 2455104.57 2009  9 30  1 43   2455104.85 2009  9 30  8 26   2455105.13 2009  9 30 15 10
 2455110.71 2009 10  6  4 55   2455110.99 2009 10  6 11 39   2455111.27 2009 10  6 18 23
 2455116.84 2009 10 12  8  6   2455117.12 2009 10 12 14 51   2455117.40 2009 10 12 21 36
 2455122.97 2009 10 18 11 18   2455123.25 2009 10 18 18  3   2455123.53 2009 10 19  0 49
 2455129.10 2009 10 24 14 29   2455129.39 2009 10 24 21 15   2455129.67 2009 10 25  4  2
 2455135.24 2009 10 30 17 40   2455135.52 2009 10 31  0 28   2455135.80 2009 10 31  7 15
 2455141.37 2009 11  5 20 52   2455141.65 2009 11  6  3 40   2455141.94 2009 11  6 10 28
 2455147.50 2009 11 12  0  3   2455147.79 2009 11 12  6 52   2455148.07 2009 11 12 13 41
 2455153.64 2009 11 18  3 14   2455153.92 2009 11 18 10  4   2455154.20 2009 11 18 16 54
 2455159.77 2009 11 24  6 26   2455160.05 2009 11 24 13 17   2455160.34 2009 11 24 20  7
 2455165.90 2009 11 30  9 37   2455166.19 2009 11 30 16 29   2455166.47 2009 11 30 23 21
 2455172.03 2009 12  6 12 49   2455172.32 2009 12  6 19 41   2455172.61 2009 12  7  2 34
 2455178.17 2009 12 12 16  0   2455178.45 2009 12 12 22 53   2455178.74 2009 12 13  5 47
 2455184.30 2009 12 18 19 11   2455184.59 2009 12 19  2  6   2455184.88 2009 12 19  9  0
 2455190.43 2009 12 24 22 23   2455190.72 2009 12 25  5 18   2455191.01 2009 12 25 12 13
 2455196.57 2009 12 31  1 34   2455196.85 2009 12 31  8 30   2455197.14 2009 12 31 15 26
 2455202.70 2010  1  6  4 45   2455202.99 2010  1  6 11 42   2455203.28 2010  1  6 18 39
 2455208.83 2010  1 12  7 57   2455209.12 2010  1 12 14 55   2455209.41 2010  1 12 21 52
 2455214.96 2010  1 18 11  8   2455215.26 2010  1 18 18  7   2455215.55 2010  1 19  1  5
 2455221.10 2010  1 24 14 20   2455221.39 2010  1 24 21 19   2455221.68 2010  1 25  4 18
 2455227.23 2010  1 30 17 31   2455227.52 2010  1 31  0 31   2455227.81 2010  1 31  7 32
 2455233.36 2010  2  5 20 42   2455233.66 2010  2  6  3 44   2455233.95 2010  2  6 10 45
 2455239.50 2010  2 11 23 54   2455239.79 2010  2 12  6 56   2455240.08 2010  2 12 13 58
 2455245.63 2010  2 18  3  5   2455245.92 2010  2 18 10  8   2455246.22 2010  2 18 17 11
 2455251.76 2010  2 24  6 16   2455252.06 2010  2 24 13 20   2455252.35 2010  2 24 20 24
 2455257.89 2010  3  2  9 28   2455258.19 2010  3  2 16 32   2455258.48 2010  3  2 23 37
 2455264.03 2010  3  8 12 39   2455264.32 2010  3  8 19 45   2455264.62 2010  3  9  2 50
 2455270.16 2010  3 14 15 51   2455270.46 2010  3 14 22 57   2455270.75 2010  3 15  6  3
 2455276.29 2010  3 20 19  2   2455276.59 2010  3 21  2  9   2455276.89 2010  3 21  9 16
 2455282.43 2010  3 26 22 13   2455282.72 2010  3 27  5 21   2455283.02 2010  3 27 12 30
 2455288.56 2010  4  2  1 25   2455288.86 2010  4  2  8 34   2455289.15 2010  4  2 15 43
 2455294.69 2010  4  8  4 36   2455294.99 2010  4  8 11 46   2455295.29 2010  4  8 18 56
 2455300.82 2010  4 14  7 47   2455301.12 2010  4 14 14 58   2455301.42 2010  4 14 22  9
 2455306.96 2010  4 20 10 59   2455307.26 2010  4 20 18 10   2455307.56 2010  4 21  1 22
 2455313.09 2010  4 26 14 10   2455313.39 2010  4 26 21 23   2455313.69 2010  4 27  4 35
 2455319.22 2010  5  2 17 22   2455319.52 2010  5  3  0 35   2455319.83 2010  5  3  7 48
 2455325.36 2010  5  8 20 33   2455325.66 2010  5  9  3 47   2455325.96 2010  5  9 11  1
 2455331.49 2010  5 14 23 44   2455331.79 2010  5 15  6 59   2455332.09 2010  5 15 14 14
 2455337.62 2010  5 21  2 56   2455337.93 2010  5 21 10 12   2455338.23 2010  5 21 17 27
 2455343.76 2010  5 27  6  7   2455344.06 2010  5 27 13 24   2455344.36 2010  5 27 20 41
 2455349.89 2010  6  2  9 18   2455350.19 2010  6  2 16 36   2455350.50 2010  6  2 23 54
 2455356.02 2010  6  8 12 30   2455356.33 2010  6  8 19 48   2455356.63 2010  6  9  3  7
 2455362.15 2010  6 14 15 41   2455362.46 2010  6 14 23  1   2455362.76 2010  6 15  6 20
 2455368.29 2010  6 20 18 53   2455368.59 2010  6 21  2 13   2455368.90 2010  6 21  9 33
 2455374.42 2010  6 26 22  4   2455374.73 2010  6 27  5 25   2455375.03 2010  6 27 12 46
 2455380.55 2010  7  3  1 15   2455380.86 2010  7  3  8 37   2455381.17 2010  7  3 15 59
 2455386.69 2010  7  9  4 27   2455386.99 2010  7  9 11 50   2455387.30 2010  7  9 19 12
 2455392.82 2010  7 15  7 38   2455393.13 2010  7 15 15  2   2455393.43 2010  7 15 22 25
 2455398.95 2010  7 21 10 49   2455399.26 2010  7 21 18 14   2455399.57 2010  7 22  1 39
 2455405.08 2010  7 27 14  1   2455405.39 2010  7 27 21 26   2455405.70 2010  7 28  4 52
 2455411.22 2010  8  2 17 12   2455411.53 2010  8  3  0 38   2455411.84 2010  8  3  8  5
 2455417.35 2010  8  8 20 24   2455417.66 2010  8  9  3 51   2455417.97 2010  8  9 11 18
 2455423.48 2010  8 14 23 35   2455423.79 2010  8 15  7  3   2455424.11 2010  8 15 14 31
 2455429.62 2010  8 21  2 46   2455429.93 2010  8 21 10 15   2455430.24 2010  8 21 17 44
 2455435.75 2010  8 27  5 58   2455436.06 2010  8 27 13 27   2455436.37 2010  8 27 20 57
 2455441.88 2010  9  2  9  9   2455442.19 2010  9  2 16 40   2455442.51 2010  9  3  0 10
 2455448.01 2010  9  8 12 20   2455448.33 2010  9  8 19 52   2455448.64 2010  9  9  3 23
 2455454.15 2010  9 14 15 32   2455454.46 2010  9 14 23  4   2455454.78 2010  9 15  6 36
 2455460.28 2010  9 20 18 43   2455460.60 2010  9 21  2 16   2455460.91 2010  9 21  9 50
 2455466.41 2010  9 26 21 55   2455466.73 2010  9 27  5 29   2455467.04 2010  9 27 13  3
 2455472.55 2010 10  3  1  6   2455472.86 2010 10  3  8 41   2455473.18 2010 10  3 16 16
 2455478.68 2010 10  9  4 17   2455479.00 2010 10  9 11 53   2455479.31 2010 10  9 19 29
 2455484.81 2010 10 15  7 29   2455485.13 2010 10 15 15  5   2455485.45 2010 10 15 22 42
 2455490.94 2010 10 21 10 40   2455491.26 2010 10 21 18 18   2455491.58 2010 10 22  1 55
 2455497.08 2010 10 27 13 52   2455497.40 2010 10 27 21 30   2455497.71 2010 10 28  5  8
 2455503.21 2010 11  2 17  3   2455503.53 2010 11  3  0 42   2455503.85 2010 11  3  8 21
 2455509.34 2010 11  8 20 14   2455509.66 2010 11  9  3 54   2455509.98 2010 11  9 11 34
 2455515.48 2010 11 14 23 26   2455515.80 2010 11 15  7  7   2455516.12 2010 11 15 14 47
 2455521.61 2010 11 21  2 37   2455521.93 2010 11 21 10 19   2455522.25 2010 11 21 18  1
 2455527.74 2010 11 27  5 48   2455528.06 2010 11 27 13 31   2455528.38 2010 11 27 21 14
 2455533.88 2010 12  3  9  0   2455534.20 2010 12  3 16 43   2455534.52 2010 12  4  0 27
 2455540.01 2010 12  9 12 11   2455540.33 2010 12  9 19 56   2455540.65 2010 12 10  3 40
 2455546.14 2010 12 15 15 23   2455546.46 2010 12 15 23  8   2455546.79 2010 12 16  6 53
 2455552.27 2010 12 21 18 34   2455552.60 2010 12 22  2 20   2455552.92 2010 12 22 10  6
 2455558.41 2010 12 27 21 45   2455558.73 2010 12 28  5 32   2455559.06 2010 12 28 13 19
 2455564.54 2011  1  3  0 57   2455564.86 2011  1  3  8 44   2455565.19 2011  1  3 16 32
 2455570.67 2011  1  9  4  8   2455571.00 2011  1  9 11 57   2455571.32 2011  1  9 19 45
 2455576.81 2011  1 15  7 19   2455577.13 2011  1 15 15  9   2455577.46 2011  1 15 22 59
 2455582.94 2011  1 21 10 31   2455583.27 2011  1 21 18 21   2455583.59 2011  1 22  2 12
 2455589.07 2011  1 27 13 42   2455589.40 2011  1 27 21 33   2455589.73 2011  1 28  5 25
 2455595.20 2011  2  2 16 54   2455595.53 2011  2  3  0 46   2455595.86 2011  2  3  8 38
 2455601.34 2011  2  8 20  5   2455601.67 2011  2  9  3 58   2455601.99 2011  2  9 11 51
 2455607.47 2011  2 14 23 16   2455607.80 2011  2 15  7 10   2455608.13 2011  2 15 15  4
 2455613.60 2011  2 21  2 28   2455613.93 2011  2 21 10 22   2455614.26 2011  2 21 18 17
 2455619.74 2011  2 27  5 39   2455620.07 2011  2 27 13 35   2455620.40 2011  2 27 21 30
 2455625.87 2011  3  5  8 50   2455626.20 2011  3  5 16 47   2455626.53 2011  3  6  0 43
 2455632.00 2011  3 11 12  2   2455632.33 2011  3 11 19 59   2455632.66 2011  3 12  3 56
 2455638.13 2011  3 17 15 13   2455638.47 2011  3 17 23 11   2455638.80 2011  3 18  7 10
 2455644.27 2011  3 23 18 25   2455644.60 2011  3 24  2 24   2455644.93 2011  3 24 10 23
 2455650.40 2011  3 29 21 36   2455650.73 2011  3 30  5 36   2455651.07 2011  3 30 13 36
 2455656.53 2011  4  5  0 47   2455656.87 2011  4  5  8 48   2455657.20 2011  4  5 16 49
 2455662.67 2011  4 11  3 59   2455663.00 2011  4 11 12  0   2455663.34 2011  4 11 20  2
 2455668.80 2011  4 17  7 10   2455669.13 2011  4 17 15 13   2455669.47 2011  4 17 23 15
 2455674.93 2011  4 23 10 21   2455675.27 2011  4 23 18 25   2455675.60 2011  4 24  2 28
 2455681.06 2011  4 29 13 33   2455681.40 2011  4 29 21 37   2455681.74 2011  4 30  5 41
 2455687.20 2011  5  5 16 44   2455687.53 2011  5  6  0 49   2455687.87 2011  5  6  8 54
 2455693.33 2011  5 11 19 56   2455693.67 2011  5 12  4  2   2455694.01 2011  5 12 12  7
 2455699.46 2011  5 17 23  7   2455699.80 2011  5 18  7 14   2455700.14 2011  5 18 15 21
 2455705.60 2011  5 24  2 18   2455705.94 2011  5 24 10 26   2455706.27 2011  5 24 18 34
 2455711.73 2011  5 30  5 30   2455712.07 2011  5 30 13 38   2455712.41 2011  5 30 21 47
 2455717.86 2011  6  5  8 41   2455718.20 2011  6  5 16 50   2455718.54 2011  6  6  1  0
 2455724.00 2011  6 11 11 52   2455724.34 2011  6 11 20  3   2455724.68 2011  6 12  4 13
 2455730.13 2011  6 17 15  4   2455730.47 2011  6 17 23 15   2455730.81 2011  6 18  7 26
 2455736.26 2011  6 23 18 15   2455736.60 2011  6 24  2 27   2455736.94 2011  6 24 10 39
 2455742.39 2011  6 29 21 27   2455742.74 2011  6 30  5 39   2455743.08 2011  6 30 13 52
 2455748.53 2011  7  6  0 38   2455748.87 2011  7  6  8 52   2455749.21 2011  7  6 17  5
 2455754.66 2011  7 12  3 49   2455755.00 2011  7 12 12  4   2455755.35 2011  7 12 20 19
 2455760.79 2011  7 18  7  1   2455761.14 2011  7 18 15 16   2455761.48 2011  7 18 23 32
 2455766.93 2011  7 24 10 12   2455767.27 2011  7 24 18 28   2455767.61 2011  7 25  2 45
 2455773.06 2011  7 30 13 23   2455773.40 2011  7 30 21 41   2455773.75 2011  7 31  5 58
 2455779.19 2011  8  5 16 35   2455779.54 2011  8  6  0 53   2455779.88 2011  8  6  9 11
