 Predicted Transit Epochs: HD114386_ b

 Predicted Duration of a Central Transit:    19.   Hours

 Begin Transit Window           PREDICTED CENTRAL TRANSIT     End Transit Window
                                     All Times UT

                               HJD        Year M  D  H  M
 2456927.01 2014  9 26 12 19   2457186.16 2015  6 12 15 48   2457445.30 2016  2 26 19 16
 2457818.61 2017  3  6  2 43   2458106.76 2017 12 19  6 12   2458394.90 2018 10  3  9 40
 2458710.21 2019  8 14 17  7   2459027.36 2020  6 26 20 36   2459344.50 2021  5 10  0  4
 2459601.81 2022  1 22  7 31   2459947.96 2023  1  3 11  0   2460294.10 2023 12 15 14 28
 2460493.41 2024  7  1 21 55   2460868.56 2025  7 12  1 24   2461243.70 2026  7 22  4 52
 2461385.01 2026 12 10 12 19   2461789.16 2028  1 18 15 48   2462193.30 2029  2 25 19 16
 2462276.61 2029  5 20  2 43   2462709.76 2030  7 27  6 12   2463142.90 2031 10  3  9 40
 2463168.21 2031 10 28 17  7   2463630.36 2033  2  1 20 36   2464092.50 2034  5 10  0  4
 2464059.81 2034  4  7  7 31   2464550.96 2035  8 11 11  0   2465042.10 2036 12 14 14 28
