 Predicted Transit Epochs: HD11506__ b

 Predicted Duration of a Central Transit:    37.   Hours

 Begin Transit Window           PREDICTED CENTRAL TRANSIT     End Transit Window
                                     All Times UT

                               HJD        Year M  D  H  M
 2455593.61 2011  2  1  2 43   2455765.66 2011  7 23  3 50   2455937.71 2012  1 11  4 57
 2456953.61 2014 10 23  2 43   2457170.66 2015  5 28  3 50   2457387.71 2015 12 31  4 57
 2458313.61 2018  7 14  2 43   2458575.66 2019  4  2  3 50   2458837.71 2019 12 20  4 57
 2459673.61 2022  4  4  2 43   2459980.66 2023  2  5  3 50   2460287.71 2023 12  9  4 57
 2461033.61 2025 12 24  2 43   2461385.66 2026 12 11  3 50   2461737.71 2027 11 28  4 57
 2462393.61 2029  9 14  2 43   2462790.66 2030 10 16  3 50   2463187.71 2031 11 17  4 57
