 Predicted Transit Epochs: HD111232_ b

 Predicted Duration of a Central Transit:    13.   Hours

 Begin Transit Window           PREDICTED CENTRAL TRANSIT     End Transit Window
                                     All Times UT

                               HJD        Year M  D  H  M
 2456932.86 2014 10  2  8 44   2457287.35 2015  9 21 20 18   2457641.83 2016  9 10  7 51
 2458058.86 2017 11  1  8 44   2458422.35 2018 10 30 20 18   2458785.83 2019 10 29  7 51
 2459184.86 2020 12  1  8 44   2459557.35 2021 12  8 20 18   2459929.83 2022 12 16  7 51
 2460310.86 2024  1  1  8 44   2460692.35 2025  1 16 20 18   2461073.83 2026  2  2  7 51
 2461436.86 2027  1 31  8 44   2461827.35 2028  2 25 20 18   2462217.83 2029  3 22  7 51
 2462562.86 2030  3  2  8 44   2462962.35 2031  4  5 20 18   2463361.83 2032  5  9  7 51
 2463688.86 2033  4  1  8 44   2464097.35 2034  5 14 20 18   2464505.83 2035  6 27  7 51
 2464814.86 2036  5  1  8 44   2465232.35 2037  6 22 20 18   2465649.83 2038  8 14  7 51
