 Predicted Transit Epochs: HD114783_ b

 Predicted Duration of a Central Transit:    13.   Hours

 Begin Transit Window           PREDICTED CENTRAL TRANSIT     End Transit Window
                                     All Times UT

                               HJD        Year M  D  H  M
 2455049.61 2009  8  6  2 32   2455290.25 2010  4  3 17 59   2455530.89 2010 11 30  9 27
 2455524.27 2010 11 23 18 30   2455784.91 2011  8 11  9 57   2456045.56 2012  4 28  1 24
 2455998.94 2012  3 12 10 27   2456279.58 2012 12 18  1 55   2456560.22 2013  9 24 17 22
 2456473.60 2013  6 30  2 25   2456774.24 2014  4 26 17 52   2457074.89 2015  2 21  9 20
 2456948.27 2014 10 17 18 22   2457268.91 2015  9  3  9 50   2457589.55 2016  7 20  1 17
 2457422.93 2016  2  4 10 20   2457763.57 2017  1 10  1 47   2458104.22 2017 12 16 17 15
 2457897.60 2017  5 24  2 18   2458258.24 2018  5 19 17 45   2458618.88 2019  5 15  9 12
 2458372.26 2018  9 10 18 15   2458752.90 2019  9 26  9 43   2459133.55 2020 10 11  1 10
 2458846.93 2019 12 29 10 13   2459247.57 2021  2  2  1 40   2459648.21 2022  3  9 17  8
 2459321.59 2021  4 17  2 10   2459742.23 2022  6 11 17 38   2460162.88 2023  8  6  9  5
 2459796.26 2022  8  4 18  8   2460236.90 2023 10 19  9 35   2460677.54 2025  1  2  1  3
 2460270.92 2023 11 22 10  6   2460731.56 2025  2 25  1 33   2461192.21 2026  5 31 17  0
 2460745.59 2025  3 11  2  3   2461226.23 2026  7  4 17 31   2461706.87 2027 10 28  8 58
 2461220.25 2026  6 28 18  1   2461720.89 2027 11 11  9 28   2462221.54 2029  3 26  0 56
 2461694.92 2027 10 16  9 58   2462215.56 2029  3 20  1 26   2462736.20 2030  8 22 16 53
 2462169.58 2029  2  2  1 56   2462710.22 2030  7 27 17 23   2463250.87 2032  1 19  8 51
