 Predicted Transit Epochs: HD114762_ b

 Predicted Duration of a Central Transit:     9.   Hours

 Begin Transit Window           PREDICTED CENTRAL TRANSIT     End Transit Window
                                     All Times UT

                               HJD        Year M  D  H  M
 2456835.25 2014  6 26 17 55   2456835.62 2014  6 27  2 49   2456835.99 2014  6 27 11 43
 2456919.14 2014  9 18 15 22   2456919.51 2014  9 19  0 18   2456919.88 2014  9 19  9 14
 2457003.03 2014 12 11 12 50   2457003.41 2014 12 11 21 47   2457003.78 2014 12 12  6 44
 2457086.93 2015  3  5 10 17   2457087.30 2015  3  5 19 16   2457087.68 2015  3  6  4 14
 2457170.82 2015  5 28  7 44   2457171.20 2015  5 28 16 44   2457171.57 2015  5 29  1 44
 2457254.72 2015  8 20  5 12   2457255.09 2015  8 20 14 13   2457255.47 2015  8 20 23 15
 2457338.61 2015 11 12  2 39   2457338.99 2015 11 12 11 42   2457339.36 2015 11 12 20 45
 2457422.50 2016  2  4  0  6   2457422.88 2016  2  4  9 11   2457423.26 2016  2  4 18 15
 2457506.40 2016  4 27 21 34   2457506.78 2016  4 28  6 40   2457507.16 2016  4 28 15 45
 2457590.29 2016  7 20 19  1   2457590.67 2016  7 21  4  8   2457591.05 2016  7 21 13 16
 2457674.19 2016 10 12 16 28   2457674.57 2016 10 13  1 37   2457674.95 2016 10 13 10 46
 2457758.08 2017  1  4 13 56   2457758.46 2017  1  4 23  6   2457758.84 2017  1  5  8 16
 2457841.97 2017  3 29 11 23   2457842.36 2017  3 29 20 35   2457842.74 2017  3 30  5 46
 2457925.87 2017  6 21  8 51   2457926.25 2017  6 21 18  4   2457926.64 2017  6 22  3 17
 2458009.76 2017  9 13  6 18   2458010.15 2017  9 13 15 32   2458010.53 2017  9 14  0 47
 2458093.66 2017 12  6  3 45   2458094.04 2017 12  6 13  1   2458094.43 2017 12  6 22 17
 2458177.55 2018  2 28  1 13   2458177.94 2018  2 28 10 30   2458178.32 2018  2 28 19 47
 2458261.44 2018  5 22 22 40   2458261.83 2018  5 23  7 59   2458262.22 2018  5 23 17 18
 2458345.34 2018  8 14 20  7   2458345.73 2018  8 15  5 28   2458346.12 2018  8 15 14 48
 2458429.23 2018 11  6 17 35   2458429.62 2018 11  7  2 56   2458430.01 2018 11  7 12 18
 2458513.13 2019  1 29 15  2   2458513.52 2019  1 30  0 25   2458513.91 2019  1 30  9 48
 2458597.02 2019  4 23 12 29   2458597.41 2019  4 23 21 54   2458597.80 2019  4 24  7 18
 2458680.91 2019  7 16  9 57   2458681.31 2019  7 16 19 23   2458681.70 2019  7 17  4 49
 2458764.81 2019 10  8  7 24   2458765.20 2019 10  8 16 52   2458765.60 2019 10  9  2 19
 2458848.70 2019 12 31  4 51   2458849.10 2019 12 31 14 20   2458849.49 2019 12 31 23 49
 2458932.60 2020  3 24  2 19   2458932.99 2020  3 24 11 49   2458933.39 2020  3 24 21 19
 2459016.49 2020  6 15 23 46   2459016.89 2020  6 16  9 18   2459017.28 2020  6 16 18 50
 2459100.38 2020  9  7 21 14   2459100.78 2020  9  8  6 47   2459101.18 2020  9  8 16 20
 2459184.28 2020 11 30 18 41   2459184.68 2020 12  1  4 16   2459185.08 2020 12  1 13 50
 2459268.17 2021  2 22 16  8   2459268.57 2021  2 23  1 44   2459268.97 2021  2 23 11 20
 2459352.07 2021  5 17 13 36   2459352.47 2021  5 17 23 13   2459352.87 2021  5 18  8 51
 2459435.96 2021  8  9 11  3   2459436.36 2021  8  9 20 42   2459436.76 2021  8 10  6 21
 2459519.85 2021 11  1  8 30   2459520.26 2021 11  1 18 11   2459520.66 2021 11  2  3 51
 2459603.75 2022  1 24  5 58   2459604.15 2022  1 24 15 40   2459604.56 2022  1 25  1 21
 2459687.64 2022  4 18  3 25   2459688.05 2022  4 18 13  8   2459688.45 2022  4 18 22 52
 2459771.54 2022  7 11  0 52   2459771.94 2022  7 11 10 37   2459772.35 2022  7 11 20 22
 2459855.43 2022 10  2 22 20   2459855.84 2022 10  3  8  6   2459856.24 2022 10  3 17 52
 2459939.32 2022 12 25 19 47   2459939.73 2022 12 26  5 35   2459940.14 2022 12 26 15 22
 2460023.22 2023  3 19 17 15   2460023.63 2023  3 20  3  4   2460024.04 2023  3 20 12 53
 2460107.11 2023  6 11 14 42   2460107.52 2023  6 12  0 32   2460107.93 2023  6 12 10 23
 2460191.01 2023  9  3 12  9   2460191.42 2023  9  3 22  1   2460191.83 2023  9  4  7 53
 2460274.90 2023 11 26  9 37   2460275.31 2023 11 26 19 30   2460275.72 2023 11 27  5 23
 2460358.79 2024  2 18  7  4   2460359.21 2024  2 18 16 59   2460359.62 2024  2 19  2 54
 2460442.69 2024  5 12  4 31   2460443.10 2024  5 12 14 28   2460443.52 2024  5 13  0 24
 2460526.58 2024  8  4  1 59   2460527.00 2024  8  4 11 56   2460527.41 2024  8  4 21 54
 2460610.48 2024 10 26 23 26   2460610.89 2024 10 27  9 25   2460611.31 2024 10 27 19 24
 2460694.37 2025  1 18 20 53   2460694.79 2025  1 19  6 54   2460695.20 2025  1 19 16 54
 2460778.26 2025  4 12 18 21   2460778.68 2025  4 13  4 23   2460779.10 2025  4 13 14 25
 2460862.16 2025  7  5 15 48   2460862.58 2025  7  6  1 52   2460863.00 2025  7  6 11 55
 2460946.05 2025  9 27 13 15   2460946.47 2025  9 27 23 20   2460946.89 2025  9 28  9 25
 2461029.95 2025 12 20 10 43   2461030.37 2025 12 20 20 49   2461030.79 2025 12 21  6 55
 2461113.84 2026  3 14  8 10   2461114.26 2026  3 14 18 18   2461114.68 2026  3 15  4 26
 2461197.73 2026  6  6  5 38   2461198.16 2026  6  6 15 47   2461198.58 2026  6  7  1 56
 2461281.63 2026  8 29  3  5   2461282.05 2026  8 29 13 16   2461282.48 2026  8 29 23 26
 2461365.52 2026 11 21  0 32   2461365.95 2026 11 21 10 44   2461366.37 2026 11 21 20 56
 2461449.42 2027  2 12 22  0   2461449.84 2027  2 13  8 13   2461450.27 2027  2 13 18 27
 2461533.31 2027  5  7 19 27   2461533.74 2027  5  8  5 42   2461534.16 2027  5  8 15 57
 2461617.20 2027  7 30 16 54   2461617.63 2027  7 31  3 11   2461618.06 2027  7 31 13 27
 2461701.10 2027 10 22 14 22   2461701.53 2027 10 23  0 40   2461701.96 2027 10 23 10 57
 2461784.99 2028  1 14 11 49   2461785.42 2028  1 14 22  8   2461785.85 2028  1 15  8 28
 2461868.89 2028  4  7  9 16   2461869.32 2028  4  7 19 37   2461869.75 2028  4  8  5 58
 2461952.78 2028  6 30  6 44   2461953.21 2028  6 30 17  6   2461953.64 2028  7  1  3 28
 2462036.67 2028  9 22  4 11   2462037.11 2028  9 22 14 35   2462037.54 2028  9 23  0 58
 2462120.57 2028 12 15  1 39   2462121.00 2028 12 15 12  4   2462121.44 2028 12 15 22 29
 2462204.46 2029  3  8 23  6   2462204.90 2029  3  9  9 32   2462205.33 2029  3  9 19 59
 2462288.36 2029  5 31 20 33   2462288.79 2029  6  1  7  1   2462289.23 2029  6  1 17 29
 2462372.25 2029  8 23 18  1   2462372.69 2029  8 24  4 30   2462373.12 2029  8 24 14 59
 2462456.14 2029 11 15 15 28   2462456.58 2029 11 16  1 59   2462457.02 2029 11 16 12 30
 2462540.04 2030  2  7 12 55   2462540.48 2030  2  7 23 28   2462540.92 2030  2  8 10  0
 2462623.93 2030  5  2 10 23   2462624.37 2030  5  2 20 56   2462624.81 2030  5  3  7 30
 2462707.83 2030  7 25  7 50   2462708.27 2030  7 25 18 25   2462708.71 2030  7 26  5  0
 2462791.72 2030 10 17  5 17   2462792.16 2030 10 17 15 54   2462792.60 2030 10 18  2 30
 2462875.61 2031  1  9  2 45   2462876.06 2031  1  9 13 23   2462876.50 2031  1 10  0  1
 2462959.51 2031  4  3  0 12   2462959.95 2031  4  3 10 52   2462960.40 2031  4  3 21 31
 2463043.40 2031  6 25 21 39   2463043.85 2031  6 26  8 20   2463044.29 2031  6 26 19  1
 2463127.30 2031  9 17 19  7   2463127.74 2031  9 18  5 49   2463128.19 2031  9 18 16 31
 2463211.19 2031 12 10 16 34   2463211.64 2031 12 11  3 18   2463212.08 2031 12 11 14  2
 2463295.08 2032  3  3 14  2   2463295.53 2032  3  4  0 47   2463295.98 2032  3  4 11 32
 2463378.98 2032  5 26 11 29   2463379.43 2032  5 26 22 16   2463379.88 2032  5 27  9  2
 2463462.87 2032  8 18  8 56   2463463.32 2032  8 18 19 44   2463463.77 2032  8 19  6 32
 2463546.77 2032 11 10  6 24   2463547.22 2032 11 10 17 13   2463547.67 2032 11 11  4  3
 2463630.66 2033  2  2  3 51   2463631.11 2033  2  2 14 42   2463631.56 2033  2  3  1 33
 2463714.55 2033  4 27  1 18   2463715.01 2033  4 27 12 11   2463715.46 2033  4 27 23  3
 2463798.45 2033  7 19 22 46   2463798.90 2033  7 20  9 40   2463799.36 2033  7 20 20 33
 2463882.34 2033 10 11 20 13   2463882.80 2033 10 12  7  8   2463883.25 2033 10 12 18  4
 2463966.24 2034  1  3 17 40   2463966.69 2034  1  4  4 37   2463967.15 2034  1  4 15 34
 2464050.13 2034  3 28 15  8   2464050.59 2034  3 29  2  6   2464051.04 2034  3 29 13  4
 2464134.02 2034  6 20 12 35   2464134.48 2034  6 20 23 35   2464134.94 2034  6 21 10 34
 2464217.92 2034  9 12 10  3   2464218.38 2034  9 12 21  4   2464218.84 2034  9 13  8  5
