 Predicted Transit Epochs: HD11964__ b

 Predicted Duration of a Central Transit:   456. Minutes

 Begin Transit Window           PREDICTED CENTRAL TRANSIT     End Transit Window
                                     All Times UT

                               HJD        Year M  D  H  M
 2454108.36 2007  1  7 20 31   2454492.72 2008  1 27  5 11   2454877.08 2009  2 14 13 50
 2454145.18 2007  2 13 16 12   2454530.54 2008  3  5  0 51   2454915.90 2009  3 25  9 31
 2454182.00 2007  3 22 11 53   2454568.36 2008  4 11 20 32   2454954.72 2009  5  3  5 12
 2454218.82 2007  4 28  7 34   2454606.18 2008  5 19 16 13   2454993.54 2009  6 11  0 52
 2454255.64 2007  6  4  3 14   2454644.00 2008  6 26 11 54   2455032.36 2009  7 19 20 33
 2454292.46 2007  7 10 22 55   2454681.82 2008  8  3  7 35   2455071.18 2009  8 27 16 14
 2454329.28 2007  8 16 18 36   2454719.64 2008  9 10  3 15   2455110.00 2009 10  5 11 55
 2454366.10 2007  9 22 14 17   2454757.46 2008 10 17 22 56   2455148.82 2009 11 13  7 36
 2454402.92 2007 10 29  9 58   2454795.28 2008 11 24 18 37   2455187.64 2009 12 22  3 16
 2454439.74 2007 12  5  5 38   2454833.10 2009  1  1 14 18   2455226.46 2010  1 29 22 57
 2454476.56 2008  1 11  1 19   2454870.92 2009  2  8  9 59   2455265.28 2010  3  9 18 38
 2454513.38 2008  2 16 21  0   2454908.74 2009  3 18  5 39   2455304.10 2010  4 17 14 19
 2454550.20 2008  3 24 16 41   2454946.56 2009  4 25  1 20   2455342.92 2010  5 26 10  0
 2454587.02 2008  4 30 12 22   2454984.38 2009  6  1 21  1   2455381.74 2010  7  4  5 40
 2454623.84 2008  6  6  8  2   2455022.20 2009  7  9 16 42   2455420.56 2010  8 12  1 21
 2454660.66 2008  7 13  3 43   2455060.02 2009  8 16 12 23   2455459.38 2010  9 19 21  2
 2454697.48 2008  8 18 23 24   2455097.84 2009  9 23  8  3   2455498.20 2010 10 28 16 43
 2454734.30 2008  9 24 19  5   2455135.66 2009 10 31  3 44   2455537.02 2010 12  6 12 24
 2454771.12 2008 10 31 14 46   2455173.48 2009 12  7 23 25   2455575.84 2011  1 14  8  4
 2454807.94 2008 12  7 10 26   2455211.30 2010  1 14 19  6   2455614.66 2011  2 22  3 45
 2454844.76 2009  1 13  6  7   2455249.12 2010  2 21 14 47   2455653.48 2011  4  1 23 26
 2454881.58 2009  2 19  1 48   2455286.94 2010  3 31 10 27   2455692.30 2011  5 10 19  7
 2454918.40 2009  3 27 21 29   2455324.76 2010  5  8  6  8   2455731.12 2011  6 18 14 48
 2454955.22 2009  5  3 17 10   2455362.58 2010  6 15  1 49   2455769.94 2011  7 27 10 28
 2454992.04 2009  6  9 12 50   2455400.40 2010  7 22 21 30   2455808.76 2011  9  4  6  9
 2455028.86 2009  7 16  8 31   2455438.22 2010  8 29 17 11   2455847.58 2011 10 13  1 50
 2455065.68 2009  8 22  4 12   2455476.04 2010 10  6 12 51   2455886.40 2011 11 20 21 31
 2455102.50 2009  9 27 23 53   2455513.86 2010 11 13  8 32   2455925.22 2011 12 29 17 12
 2455139.32 2009 11  3 19 34   2455551.68 2010 12 21  4 13   2455964.04 2012  2  6 12 52
 2455176.14 2009 12 10 15 14   2455589.50 2011  1 27 23 54   2456002.86 2012  3 16  8 33
 2455212.96 2010  1 16 10 55   2455627.32 2011  3  6 19 35   2456041.68 2012  4 24  4 14
 2455249.78 2010  2 22  6 36   2455665.14 2011  4 13 15 15   2456080.50 2012  6  1 23 55
 2455286.60 2010  3 31  2 17   2455702.96 2011  5 21 10 56   2456119.32 2012  7 10 19 36
 2455323.42 2010  5  6 21 58   2455740.78 2011  6 28  6 37   2456158.14 2012  8 18 15 16
 2455360.24 2010  6 12 17 38   2455778.60 2011  8  5  2 18   2456196.96 2012  9 26 10 57
 2455397.06 2010  7 19 13 19   2455816.42 2011  9 11 21 59   2456235.78 2012 11  4  6 38
 2455433.88 2010  8 25  9  0   2455854.24 2011 10 19 17 39   2456274.60 2012 12 13  2 19
 2455470.70 2010 10  1  4 41   2455892.06 2011 11 26 13 20   2456313.42 2013  1 20 22  0
 2455507.52 2010 11  7  0 22   2455929.88 2012  1  3  9  1   2456352.24 2013  2 28 17 40
 2455544.34 2010 12 13 20  2   2455967.70 2012  2 10  4 42   2456391.06 2013  4  8 13 21
 2455581.16 2011  1 19 15 43   2456005.52 2012  3 19  0 23   2456429.88 2013  5 17  9  2
 2455617.98 2011  2 25 11 24   2456043.34 2012  4 25 20  3   2456468.70 2013  6 25  4 43
 2455654.80 2011  4  3  7  5   2456081.16 2012  6  2 15 44   2456507.52 2013  8  3  0 24
 2455691.62 2011  5 10  2 46   2456118.98 2012  7 10 11 25   2456546.34 2013  9 10 20  4
 2455728.44 2011  6 15 22 26   2456156.80 2012  8 17  7  6   2456585.16 2013 10 19 15 45
 2455765.26 2011  7 22 18  7   2456194.62 2012  9 24  2 47   2456623.98 2013 11 27 11 26
 2455802.08 2011  8 28 13 48   2456232.44 2012 10 31 22 27   2456662.80 2014  1  5  7  7
 2455838.90 2011 10  4  9 29   2456270.26 2012 12  8 18  8   2456701.62 2014  2 13  2 48
 2455875.72 2011 11 10  5 10   2456308.08 2013  1 15 13 49   2456740.44 2014  3 23 22 28
 2455912.54 2011 12 17  0 50   2456345.90 2013  2 22  9 30   2456779.26 2014  5  1 18  9
 2455949.36 2012  1 22 20 31   2456383.72 2013  4  1  5 11   2456818.08 2014  6  9 13 50
 2455986.18 2012  2 28 16 12   2456421.54 2013  5  9  0 51   2456856.90 2014  7 18  9 31
 2456023.00 2012  4  5 11 53   2456459.36 2013  6 15 20 32   2456895.72 2014  8 26  5 12
 2456059.82 2012  5 12  7 34   2456497.18 2013  7 23 16 13   2456934.54 2014 10  4  0 52
 2456096.64 2012  6 18  3 14   2456535.00 2013  8 30 11 54   2456973.36 2014 11 11 20 33
 2456133.46 2012  7 24 22 55   2456572.82 2013 10  7  7 35   2457012.18 2014 12 20 16 14
 2456170.28 2012  8 30 18 36   2456610.64 2013 11 14  3 15   2457051.00 2015  1 28 11 55
 2456207.10 2012 10  6 14 17   2456648.46 2013 12 21 22 56   2457089.82 2015  3  8  7 36
 2456243.92 2012 11 12  9 58   2456686.28 2014  1 28 18 37   2457128.64 2015  4 16  3 16
 2456280.74 2012 12 19  5 38   2456724.10 2014  3  7 14 18   2457167.46 2015  5 24 22 57
 2456317.56 2013  1 25  1 19   2456761.92 2014  4 14  9 59   2457206.28 2015  7  2 18 38
 2456354.38 2013  3  2 21  0   2456799.74 2014  5 22  5 39   2457245.10 2015  8 10 14 19
 2456391.20 2013  4  8 16 41   2456837.56 2014  6 29  1 20   2457283.92 2015  9 18 10  0
 2456428.02 2013  5 15 12 22   2456875.38 2014  8  5 21  1   2457322.74 2015 10 27  5 40
 2456464.84 2013  6 21  8  2   2456913.20 2014  9 12 16 42   2457361.56 2015 12  5  1 21
 2456501.66 2013  7 28  3 43   2456951.02 2014 10 20 12 23   2457400.38 2016  1 12 21  2
 2456538.48 2013  9  2 23 24   2456988.84 2014 11 27  8  3   2457439.20 2016  2 20 16 43
 2456575.30 2013 10  9 19  5   2457026.66 2015  1  4  3 44   2457478.02 2016  3 30 12 24
 2456612.12 2013 11 15 14 46   2457064.48 2015  2 10 23 25   2457516.84 2016  5  8  8  4
 2456648.94 2013 12 22 10 26   2457102.30 2015  3 20 19  6   2457555.66 2016  6 16  3 45
 2456685.76 2014  1 28  6  7   2457140.12 2015  4 27 14 47   2457594.48 2016  7 24 23 26
 2456722.58 2014  3  6  1 48   2457177.94 2015  6  4 10 27   2457633.30 2016  9  1 19  7
 2456759.40 2014  4 11 21 29   2457215.76 2015  7 12  6  8   2457672.12 2016 10 10 14 48
 2456796.22 2014  5 18 17 10   2457253.58 2015  8 19  1 49   2457710.94 2016 11 18 10 28
 2456833.04 2014  6 24 12 50   2457291.40 2015  9 25 21 30   2457749.76 2016 12 27  6  9
 2456869.86 2014  7 31  8 31   2457329.22 2015 11  2 17 11   2457788.58 2017  2  4  1 50
 2456906.68 2014  9  6  4 12   2457367.04 2015 12 10 12 51   2457827.40 2017  3 14 21 31
 2456943.50 2014 10 12 23 53   2457404.86 2016  1 17  8 32   2457866.22 2017  4 22 17 12
 2456980.32 2014 11 18 19 34   2457442.68 2016  2 24  4 13   2457905.04 2017  5 31 12 52
 2457017.14 2014 12 25 15 14   2457480.50 2016  4  1 23 54   2457943.86 2017  7  9  8 33
 2457053.96 2015  1 31 10 55   2457518.32 2016  5  9 19 35   2457982.68 2017  8 17  4 14
 2457090.78 2015  3  9  6 36   2457556.14 2016  6 16 15 15   2458021.50 2017  9 24 23 55
 2457127.60 2015  4 15  2 17   2457593.96 2016  7 24 10 56   2458060.32 2017 11  2 19 36
 2457164.42 2015  5 21 21 58   2457631.78 2016  8 31  6 37   2458099.14 2017 12 11 15 16
 2457201.24 2015  6 27 17 38   2457669.60 2016 10  8  2 18   2458137.96 2018  1 19 10 57
 2457238.06 2015  8  3 13 19   2457707.42 2016 11 14 21 59   2458176.78 2018  2 27  6 38
 2457274.88 2015  9  9  9  0   2457745.24 2016 12 22 17 39   2458215.60 2018  4  7  2 19
 2457311.70 2015 10 16  4 41   2457783.06 2017  1 29 13 20   2458254.42 2018  5 15 22  0
 2457348.52 2015 11 22  0 22   2457820.88 2017  3  8  9  1   2458293.24 2018  6 23 17 40
 2457385.34 2015 12 28 20  2   2457858.70 2017  4 15  4 42   2458332.06 2018  8  1 13 21
 2457422.16 2016  2  3 15 43   2457896.52 2017  5 23  0 23   2458370.88 2018  9  9  9  2
 2457458.98 2016  3 11 11 24   2457934.34 2017  6 29 20  3   2458409.70 2018 10 18  4 43
 2457495.80 2016  4 17  7  5   2457972.16 2017  8  6 15 44   2458448.52 2018 11 26  0 24
 2457532.62 2016  5 24  2 46   2458009.98 2017  9 13 11 25   2458487.34 2019  1  3 20  4
 2457569.44 2016  6 29 22 26   2458047.80 2017 10 21  7  6   2458526.16 2019  2 11 15 45
 2457606.26 2016  8  5 18  7   2458085.62 2017 11 28  2 47   2458564.98 2019  3 22 11 26
 2457643.08 2016  9 11 13 48   2458123.44 2018  1  4 22 27   2458603.80 2019  4 30  7  7
 2457679.90 2016 10 18  9 29   2458161.26 2018  2 11 18  8   2458642.62 2019  6  8  2 48
 2457716.72 2016 11 24  5 10   2458199.08 2018  3 21 13 49   2458681.44 2019  7 16 22 28
 2457753.54 2016 12 31  0 50   2458236.90 2018  4 28  9 30   2458720.26 2019  8 24 18  9
 2457790.36 2017  2  5 20 31   2458274.72 2018  6  5  5 11   2458759.08 2019 10  2 13 50
 2457827.18 2017  3 14 16 12   2458312.54 2018  7 13  0 51   2458797.90 2019 11 10  9 31
 2457864.00 2017  4 20 11 53   2458350.36 2018  8 19 20 32   2458836.72 2019 12 19  5 12
 2457900.82 2017  5 27  7 34   2458388.18 2018  9 26 16 13   2458875.54 2020  1 27  0 52
 2457937.64 2017  7  3  3 14   2458426.00 2018 11  3 11 54   2458914.36 2020  3  5 20 33
 2457974.46 2017  8  8 22 55   2458463.82 2018 12 11  7 35   2458953.18 2020  4 13 16 14
 2458011.28 2017  9 14 18 36   2458501.64 2019  1 18  3 15   2458992.00 2020  5 22 11 55
 2458048.10 2017 10 21 14 17   2458539.46 2019  2 24 22 56   2459030.82 2020  6 30  7 36
 2458084.92 2017 11 27  9 58   2458577.28 2019  4  3 18 37   2459069.64 2020  8  8  3 16
 2458121.74 2018  1  3  5 38   2458615.10 2019  5 11 14 18   2459108.46 2020  9 15 22 57
 2458158.56 2018  2  9  1 19   2458652.92 2019  6 18  9 59   2459147.28 2020 10 24 18 38
 2458195.38 2018  3 17 21  0   2458690.74 2019  7 26  5 39   2459186.10 2020 12  2 14 19
 2458232.20 2018  4 23 16 41   2458728.56 2019  9  2  1 20   2459224.92 2021  1 10 10  0
 2458269.02 2018  5 30 12 22   2458766.38 2019 10  9 21  1   2459263.74 2021  2 18  5 40
 2458305.84 2018  7  6  8  2   2458804.20 2019 11 16 16 42   2459302.56 2021  3 29  1 21
 2458342.66 2018  8 12  3 43   2458842.02 2019 12 24 12 23   2459341.38 2021  5  6 21  2
 2458379.48 2018  9 17 23 24   2458879.84 2020  1 31  8  3   2459380.20 2021  6 14 16 43
 2458416.30 2018 10 24 19  5   2458917.66 2020  3  9  3 44   2459419.02 2021  7 23 12 24
 2458453.12 2018 11 30 14 46   2458955.48 2020  4 15 23 25   2459457.84 2021  8 31  8  4
 2458489.94 2019  1  6 10 26   2458993.30 2020  5 23 19  6   2459496.66 2021 10  9  3 45
 2458526.76 2019  2 12  6  7   2459031.12 2020  6 30 14 47   2459535.48 2021 11 16 23 26
 2458563.58 2019  3 21  1 48   2459068.94 2020  8  7 10 27   2459574.30 2021 12 25 19  7
 2458600.40 2019  4 26 21 29   2459106.76 2020  9 14  6  8   2459613.12 2022  2  2 14 48
 2458637.22 2019  6  2 17 10   2459144.58 2020 10 22  1 49   2459651.94 2022  3 13 10 28
 2458674.04 2019  7  9 12 50   2459182.40 2020 11 28 21 30   2459690.76 2022  4 21  6  9
 2458710.86 2019  8 15  8 31   2459220.22 2021  1  5 17 11   2459729.58 2022  5 30  1 50
 2458747.68 2019  9 21  4 12   2459258.04 2021  2 12 12 51   2459768.40 2022  7  7 21 31
 2458784.50 2019 10 27 23 53   2459295.86 2021  3 22  8 32   2459807.22 2022  8 15 17 12
 2458821.32 2019 12  3 19 34   2459333.68 2021  4 29  4 13   2459846.04 2022  9 23 12 52
 2458858.14 2020  1  9 15 14   2459371.50 2021  6  5 23 54   2459884.86 2022 11  1  8 33
 2458894.96 2020  2 15 10 55   2459409.32 2021  7 13 19 35   2459923.68 2022 12 10  4 14
 2458931.78 2020  3 23  6 36   2459447.14 2021  8 20 15 15   2459962.50 2023  1 17 23 55
 2458968.60 2020  4 29  2 17   2459484.96 2021  9 27 10 56   2460001.32 2023  2 25 19 36
 2459005.42 2020  6  4 21 58   2459522.78 2021 11  4  6 37   2460040.14 2023  4  5 15 16
 2459042.24 2020  7 11 17 38   2459560.60 2021 12 12  2 18   2460078.96 2023  5 14 10 57
 2459079.06 2020  8 17 13 19   2459598.42 2022  1 18 21 59   2460117.78 2023  6 22  6 38
 2459115.88 2020  9 23  9  0   2459636.24 2022  2 25 17 39   2460156.60 2023  7 31  2 19
 2459152.70 2020 10 30  4 41   2459674.06 2022  4  4 13 20   2460195.42 2023  9  7 22  0
 2459189.52 2020 12  6  0 22   2459711.88 2022  5 12  9  1   2460234.24 2023 10 16 17 40
 2459226.34 2021  1 11 20  2   2459749.70 2022  6 19  4 42   2460273.06 2023 11 24 13 21
 2459263.16 2021  2 17 15 43   2459787.52 2022  7 27  0 23   2460311.88 2024  1  2  9  2
 2459299.98 2021  3 26 11 24   2459825.34 2022  9  2 20  3   2460350.70 2024  2 10  4 43
 2459336.80 2021  5  2  7  5   2459863.16 2022 10 10 15 44   2460389.52 2024  3 20  0 24
 2459373.62 2021  6  8  2 46   2459900.98 2022 11 17 11 25   2460428.34 2024  4 27 20  4
 2459410.44 2021  7 14 22 26   2459938.80 2022 12 25  7  6   2460467.16 2024  6  5 15 45
 2459447.26 2021  8 20 18  7   2459976.62 2023  2  1  2 47   2460505.98 2024  7 14 11 26
 2459484.08 2021  9 26 13 48   2460014.44 2023  3 10 22 27   2460544.80 2024  8 22  7  7
 2459520.90 2021 11  2  9 29   2460052.26 2023  4 17 18  8   2460583.62 2024  9 30  2 48
 2459557.72 2021 12  9  5 10   2460090.08 2023  5 25 13 49   2460622.44 2024 11  7 22 28
 2459594.54 2022  1 15  0 50   2460127.90 2023  7  2  9 30   2460661.26 2024 12 16 18  9
 2459631.36 2022  2 20 20 31   2460165.72 2023  8  9  5 11   2460700.08 2025  1 24 13 50
 2459668.18 2022  3 29 16 12   2460203.54 2023  9 16  0 51   2460738.90 2025  3  4  9 31
 2459705.00 2022  5  5 11 53   2460241.36 2023 10 23 20 32   2460777.72 2025  4 12  5 12
 2459741.82 2022  6 11  7 34   2460279.18 2023 11 30 16 13   2460816.54 2025  5 21  0 52
 2459778.64 2022  7 18  3 14   2460317.00 2024  1  7 11 54   2460855.36 2025  6 28 20 33
 2459815.46 2022  8 23 22 55   2460354.82 2024  2 14  7 35   2460894.18 2025  8  6 16 14
 2459852.28 2022  9 29 18 36   2460392.64 2024  3 23  3 15   2460933.00 2025  9 14 11 55
 2459889.10 2022 11  5 14 17   2460430.46 2024  4 29 22 56   2460971.82 2025 10 23  7 36
 2459925.92 2022 12 12  9 58   2460468.28 2024  6  6 18 37   2461010.64 2025 12  1  3 16
 2459962.74 2023  1 18  5 38   2460506.10 2024  7 14 14 18   2461049.46 2026  1  8 22 57
 2459999.56 2023  2 24  1 19   2460543.92 2024  8 21  9 59   2461088.28 2026  2 16 18 38
 2460036.38 2023  4  1 21  0   2460581.74 2024  9 28  5 39   2461127.10 2026  3 27 14 19
 2460073.20 2023  5  8 16 41   2460619.56 2024 11  5  1 20   2461165.92 2026  5  5 10  0
 2460110.02 2023  6 14 12 22   2460657.38 2024 12 12 21  1   2461204.74 2026  6 13  5 40
 2460146.84 2023  7 21  8  2   2460695.20 2025  1 19 16 42   2461243.56 2026  7 22  1 21
 2460183.66 2023  8 27  3 43   2460733.02 2025  2 26 12 23   2461282.38 2026  8 29 21  2
 2460220.48 2023 10  2 23 24   2460770.84 2025  4  5  8  3   2461321.20 2026 10  7 16 43
 2460257.30 2023 11  8 19  5   2460808.66 2025  5 13  3 44   2461360.02 2026 11 15 12 24
 2460294.12 2023 12 15 14 46   2460846.48 2025  6 19 23 25   2461398.84 2026 12 24  8  4
 2460330.94 2024  1 21 10 26   2460884.30 2025  7 27 19  6   2461437.66 2027  2  1  3 45
 2460367.76 2024  2 27  6  7   2460922.12 2025  9  3 14 47   2461476.48 2027  3 11 23 26
 2460404.58 2024  4  4  1 48   2460959.94 2025 10 11 10 27   2461515.30 2027  4 19 19  7
 2460441.40 2024  5 10 21 29   2460997.76 2025 11 18  6  8   2461554.12 2027  5 28 14 48
 2460478.22 2024  6 16 17 10   2461035.58 2025 12 26  1 49   2461592.94 2027  7  6 10 28
 2460515.04 2024  7 23 12 50   2461073.40 2026  2  1 21 30   2461631.76 2027  8 14  6  9
 2460551.86 2024  8 29  8 31   2461111.22 2026  3 11 17 11   2461670.58 2027  9 22  1 50
 2460588.68 2024 10  5  4 12   2461149.04 2026  4 18 12 51   2461709.40 2027 10 30 21 31
 2460625.50 2024 11 10 23 53   2461186.86 2026  5 26  8 32   2461748.22 2027 12  8 17 12
 2460662.32 2024 12 17 19 34   2461224.68 2026  7  3  4 13   2461787.04 2028  1 16 12 52
 2460699.14 2025  1 23 15 14   2461262.50 2026  8  9 23 54   2461825.86 2028  2 24  8 33
 2460735.96 2025  3  1 10 55   2461300.32 2026  9 16 19 35   2461864.68 2028  4  3  4 14
 2460772.78 2025  4  7  6 36   2461338.14 2026 10 24 15 15   2461903.50 2028  5 11 23 55
 2460809.60 2025  5 14  2 17   2461375.96 2026 12  1 10 56   2461942.32 2028  6 19 19 36
 2460846.42 2025  6 19 21 58   2461413.78 2027  1  8  6 37   2461981.14 2028  7 28 15 16
 2460883.24 2025  7 26 17 38   2461451.60 2027  2 15  2 18   2462019.96 2028  9  5 10 57
 2460920.06 2025  9  1 13 19   2461489.42 2027  3 24 21 59   2462058.78 2028 10 14  6 38
 2460956.88 2025 10  8  9  0   2461527.24 2027  5  1 17 39   2462097.60 2028 11 22  2 19
 2460993.70 2025 11 14  4 41   2461565.06 2027  6  8 13 20   2462136.42 2028 12 30 22  0
 2461030.52 2025 12 21  0 22   2461602.88 2027  7 16  9  1   2462175.24 2029  2  7 17 40
 2461067.34 2026  1 26 20  2   2461640.70 2027  8 23  4 42   2462214.06 2029  3 18 13 21
 2461104.16 2026  3  4 15 43   2461678.52 2027  9 30  0 23   2462252.88 2029  4 26  9  2
 2461140.98 2026  4 10 11 24   2461716.34 2027 11  6 20  3   2462291.70 2029  6  4  4 43
 2461177.80 2026  5 17  7  5   2461754.16 2027 12 14 15 44   2462330.52 2029  7 13  0 24
 2461214.62 2026  6 23  2 46   2461791.98 2028  1 21 11 25   2462369.34 2029  8 20 20  4
 2461251.44 2026  7 29 22 26   2461829.80 2028  2 28  7  6   2462408.16 2029  9 28 15 45
 2461288.26 2026  9  4 18  7   2461867.62 2028  4  6  2 47   2462446.98 2029 11  6 11 26
 2461325.08 2026 10 11 13 48   2461905.44 2028  5 13 22 27   2462485.80 2029 12 15  7  7
