 Predicted Transit Epochs: HD114729_ b

 Predicted Duration of a Central Transit:    12.   Hours

 Begin Transit Window           PREDICTED CENTRAL TRANSIT     End Transit Window
                                     All Times UT

                               HJD        Year M  D  H  M
 2456850.98 2014  7 12 11 33   2456956.10 2014 10 25 14 18   2457061.21 2015  2  7 17  3
 2457980.98 2017  8 15 11 33   2458102.10 2017 12 14 14 18   2458223.21 2018  4 14 17  3
 2459110.98 2020  9 18 11 33   2459248.10 2021  2  2 14 18   2459385.21 2021  6 19 17  3
 2460240.98 2023 10 23 11 33   2460394.10 2024  3 24 14 18   2460547.21 2024  8 24 17  3
 2461370.98 2026 11 26 11 33   2461540.10 2027  5 14 14 18   2461709.21 2027 10 30 17  3
 2462500.98 2029 12 30 11 33   2462686.10 2030  7  3 14 18   2462871.21 2031  1  4 17  3
 2463630.98 2033  2  2 11 33   2463832.10 2033  8 22 14 18   2464033.21 2034  3 11 17  3
 2464760.98 2036  3  8 11 33   2464978.10 2036 10 11 14 18   2465195.21 2037  5 16 17  3
