 Predicted Transit Epochs: HD117618_ b

 Predicted Duration of a Central Transit:   430. Minutes

 Begin Transit Window           PREDICTED CENTRAL TRANSIT     End Transit Window
                                     All Times UT

                               HJD        Year M  D  H  M
 2456737.04 2014  3 20 12 53   2456775.75 2014  4 28  6  2   2456814.47 2014  6  5 23 12
 2456788.74 2014  5 11  5 41   2456827.95 2014  6 19 10 50   2456867.17 2014  7 28 16  0
 2456840.44 2014  7  1 22 29   2456880.15 2014  8 10 15 38   2456919.87 2014  9 19  8 48
 2456892.14 2014  8 22 15 17   2456932.35 2014 10  1 20 26   2456972.57 2014 11 11  1 36
 2456943.84 2014 10 13  8  5   2456984.55 2014 11 23  1 14   2457025.27 2015  1  2 18 24
 2456995.54 2014 12  4  0 53   2457036.75 2015  1 14  6  2   2457077.97 2015  2 24 11 12
 2457047.24 2015  1 24 17 41   2457088.95 2015  3  7 10 50   2457130.67 2015  4 18  4  0
 2457098.94 2015  3 17 10 29   2457141.15 2015  4 28 15 38   2457183.37 2015  6  9 20 48
 2457150.64 2015  5  8  3 17   2457193.35 2015  6 19 20 26   2457236.07 2015  8  1 13 36
 2457202.34 2015  6 28 20  5   2457245.55 2015  8 11  1 14   2457288.77 2015  9 23  6 24
 2457254.04 2015  8 19 12 53   2457297.75 2015 10  2  6  2   2457341.47 2015 11 14 23 12
 2457305.74 2015 10 10  5 41   2457349.95 2015 11 23 10 50   2457394.17 2016  1  6 16  0
 2457357.44 2015 11 30 22 29   2457402.15 2016  1 14 15 38   2457446.87 2016  2 28  8 48
 2457409.14 2016  1 21 15 17   2457454.35 2016  3  6 20 26   2457499.57 2016  4 21  1 36
 2457460.84 2016  3 13  8  5   2457506.55 2016  4 28  1 14   2457552.27 2016  6 12 18 24
 2457512.54 2016  5  4  0 53   2457558.75 2016  6 19  6  2   2457604.97 2016  8  4 11 12
 2457564.24 2016  6 24 17 41   2457610.95 2016  8 10 10 50   2457657.67 2016  9 26  4  0
 2457615.94 2016  8 15 10 29   2457663.15 2016 10  1 15 38   2457710.37 2016 11 17 20 48
 2457667.64 2016 10  6  3 17   2457715.35 2016 11 22 20 26   2457763.07 2017  1  9 13 36
 2457719.34 2016 11 26 20  5   2457767.55 2017  1 14  1 14   2457815.77 2017  3  3  6 24
 2457771.04 2017  1 17 12 53   2457819.75 2017  3  7  6  2   2457868.47 2017  4 24 23 12
 2457822.74 2017  3 10  5 41   2457871.95 2017  4 28 10 50   2457921.17 2017  6 16 16  0
 2457874.44 2017  4 30 22 29   2457924.15 2017  6 19 15 38   2457973.87 2017  8  8  8 48
 2457926.14 2017  6 21 15 17   2457976.35 2017  8 10 20 26   2458026.57 2017  9 30  1 36
 2457977.84 2017  8 12  8  5   2458028.55 2017 10  2  1 14   2458079.27 2017 11 21 18 24
 2458029.54 2017 10  3  0 53   2458080.75 2017 11 23  6  2   2458131.97 2018  1 13 11 12
 2458081.24 2017 11 23 17 41   2458132.95 2018  1 14 10 50   2458184.67 2018  3  7  4  0
 2458132.94 2018  1 14 10 29   2458185.15 2018  3  7 15 38   2458237.37 2018  4 28 20 48
 2458184.64 2018  3  7  3 17   2458237.35 2018  4 28 20 26   2458290.07 2018  6 20 13 36
 2458236.34 2018  4 27 20  5   2458289.55 2018  6 20  1 14   2458342.77 2018  8 12  6 24
 2458288.04 2018  6 18 12 53   2458341.75 2018  8 11  6  2   2458395.47 2018 10  3 23 12
 2458339.74 2018  8  9  5 41   2458393.95 2018 10  2 10 50   2458448.17 2018 11 25 16  0
 2458391.44 2018  9 29 22 29   2458446.15 2018 11 23 15 38   2458500.87 2019  1 17  8 48
 2458443.14 2018 11 20 15 17   2458498.35 2019  1 14 20 26   2458553.57 2019  3 11  1 36
 2458494.84 2019  1 11  8  5   2458550.55 2019  3  8  1 14   2458606.27 2019  5  2 18 24
 2458546.54 2019  3  4  0 53   2458602.75 2019  4 29  6  2   2458658.97 2019  6 24 11 12
 2458598.24 2019  4 24 17 41   2458654.95 2019  6 20 10 50   2458711.67 2019  8 16  4  0
 2458649.94 2019  6 15 10 29   2458707.15 2019  8 11 15 38   2458764.37 2019 10  7 20 48
 2458701.64 2019  8  6  3 17   2458759.35 2019 10  2 20 26   2458817.07 2019 11 29 13 36
 2458753.34 2019  9 26 20  5   2458811.55 2019 11 24  1 14   2458869.77 2020  1 21  6 24
 2458805.04 2019 11 17 12 53   2458863.75 2020  1 15  6  2   2458922.47 2020  3 13 23 12
 2458856.74 2020  1  8  5 41   2458915.95 2020  3  7 10 50   2458975.17 2020  5  5 16  0
 2458908.44 2020  2 28 22 29   2458968.15 2020  4 28 15 38   2459027.87 2020  6 27  8 48
 2458960.14 2020  4 20 15 17   2459020.35 2020  6 19 20 26   2459080.57 2020  8 19  1 36
 2459011.84 2020  6 11  8  5   2459072.55 2020  8 11  1 14   2459133.27 2020 10 10 18 24
 2459063.54 2020  8  2  0 53   2459124.75 2020 10  2  6  2   2459185.97 2020 12  2 11 12
 2459115.24 2020  9 22 17 41   2459176.95 2020 11 23 10 50   2459238.67 2021  1 24  4  0
 2459166.94 2020 11 13 10 29   2459229.15 2021  1 14 15 38   2459291.37 2021  3 17 20 48
 2459218.64 2021  1  4  3 17   2459281.35 2021  3  7 20 26   2459344.07 2021  5  9 13 36
 2459270.34 2021  2 24 20  5   2459333.55 2021  4 29  1 14   2459396.77 2021  7  1  6 24
 2459322.04 2021  4 17 12 53   2459385.75 2021  6 20  6  2   2459449.47 2021  8 22 23 12
 2459373.74 2021  6  8  5 41   2459437.95 2021  8 11 10 50   2459502.17 2021 10 14 16  0
 2459425.44 2021  7 29 22 29   2459490.15 2021 10  2 15 38   2459554.87 2021 12  6  8 48
 2459477.14 2021  9 19 15 17   2459542.35 2021 11 23 20 26   2459607.57 2022  1 28  1 36
 2459528.84 2021 11 10  8  5   2459594.55 2022  1 15  1 14   2459660.27 2022  3 21 18 24
 2459580.54 2022  1  1  0 53   2459646.75 2022  3  8  6  2   2459712.97 2022  5 13 11 12
 2459632.24 2022  2 21 17 41   2459698.95 2022  4 29 10 50   2459765.67 2022  7  5  4  0
 2459683.94 2022  4 14 10 29   2459751.15 2022  6 20 15 38   2459818.37 2022  8 26 20 48
 2459735.64 2022  6  5  3 17   2459803.35 2022  8 11 20 26   2459871.07 2022 10 18 13 36
 2459787.34 2022  7 26 20  5   2459855.55 2022 10  3  1 14   2459923.77 2022 12 10  6 24
 2459839.04 2022  9 16 12 53   2459907.75 2022 11 24  6  2   2459976.47 2023  1 31 23 12
 2459890.74 2022 11  7  5 41   2459959.95 2023  1 15 10 50   2460029.17 2023  3 25 16  0
 2459942.44 2022 12 28 22 29   2460012.15 2023  3  8 15 38   2460081.87 2023  5 17  8 48
 2459994.14 2023  2 18 15 17   2460064.35 2023  4 29 20 26   2460134.57 2023  7  9  1 36
 2460045.84 2023  4 11  8  5   2460116.55 2023  6 21  1 14   2460187.27 2023  8 30 18 24
 2460097.54 2023  6  2  0 53   2460168.75 2023  8 12  6  2   2460239.97 2023 10 22 11 12
 2460149.24 2023  7 23 17 41   2460220.95 2023 10  3 10 50   2460292.67 2023 12 14  4  0
 2460200.94 2023  9 13 10 29   2460273.15 2023 11 24 15 38   2460345.37 2024  2  4 20 48
 2460252.64 2023 11  4  3 17   2460325.35 2024  1 15 20 26   2460398.07 2024  3 28 13 36
 2460304.34 2023 12 25 20  5   2460377.55 2024  3  8  1 14   2460450.77 2024  5 20  6 24
 2460356.04 2024  2 15 12 53   2460429.75 2024  4 29  6  2   2460503.47 2024  7 11 23 12
 2460407.74 2024  4  7  5 41   2460481.95 2024  6 20 10 50   2460556.17 2024  9  2 16  0
 2460459.44 2024  5 28 22 29   2460534.15 2024  8 11 15 38   2460608.87 2024 10 25  8 48
 2460511.14 2024  7 19 15 17   2460586.35 2024 10  2 20 26   2460661.57 2024 12 17  1 36
 2460562.84 2024  9  9  8  5   2460638.55 2024 11 24  1 14   2460714.27 2025  2  7 18 24
 2460614.54 2024 10 31  0 53   2460690.75 2025  1 15  6  2   2460766.97 2025  4  1 11 12
 2460666.24 2024 12 21 17 41   2460742.95 2025  3  8 10 50   2460819.67 2025  5 24  4  0
 2460717.94 2025  2 11 10 29   2460795.15 2025  4 29 15 38   2460872.37 2025  7 15 20 48
 2460769.64 2025  4  4  3 17   2460847.35 2025  6 20 20 26   2460925.07 2025  9  6 13 36
 2460821.34 2025  5 25 20  5   2460899.55 2025  8 12  1 14   2460977.77 2025 10 29  6 24
 2460873.04 2025  7 16 12 53   2460951.75 2025 10  3  6  2   2461030.47 2025 12 20 23 12
 2460924.74 2025  9  6  5 41   2461003.95 2025 11 24 10 50   2461083.17 2026  2 11 16  0
 2460976.44 2025 10 27 22 29   2461056.15 2026  1 15 15 38   2461135.87 2026  4  5  8 48
 2461028.14 2025 12 18 15 17   2461108.35 2026  3  8 20 26   2461188.57 2026  5 28  1 36
 2461079.84 2026  2  8  8  5   2461160.55 2026  4 30  1 14   2461241.27 2026  7 19 18 24
 2461131.54 2026  4  1  0 53   2461212.75 2026  6 21  6  2   2461293.97 2026  9 10 11 12
 2461183.24 2026  5 22 17 41   2461264.95 2026  8 12 10 50   2461346.67 2026 11  2  4  0
 2461234.94 2026  7 13 10 29   2461317.15 2026 10  3 15 38   2461399.37 2026 12 24 20 48
 2461286.64 2026  9  3  3 17   2461369.35 2026 11 24 20 26   2461452.07 2027  2 15 13 36
 2461338.34 2026 10 24 20  5   2461421.55 2027  1 16  1 14   2461504.77 2027  4  9  6 24
 2461390.04 2026 12 15 12 53   2461473.75 2027  3  9  6  2   2461557.47 2027  5 31 23 12
 2461441.74 2027  2  5  5 41   2461525.95 2027  4 30 10 50   2461610.17 2027  7 23 16  0
 2461493.44 2027  3 28 22 29   2461578.15 2027  6 21 15 38   2461662.87 2027  9 14  8 48
 2461545.14 2027  5 19 15 17   2461630.35 2027  8 12 20 26   2461715.57 2027 11  6  1 36
 2461596.84 2027  7 10  8  5   2461682.55 2027 10  4  1 14   2461768.27 2027 12 28 18 24
 2461648.54 2027  8 31  0 53   2461734.75 2027 11 25  6  2   2461820.97 2028  2 19 11 12
 2461700.24 2027 10 21 17 41   2461786.95 2028  1 16 10 50   2461873.67 2028  4 12  4  0
 2461751.94 2027 12 12 10 29   2461839.15 2028  3  8 15 38   2461926.37 2028  6  3 20 48
 2461803.64 2028  2  2  3 17   2461891.35 2028  4 29 20 26   2461979.07 2028  7 26 13 36
 2461855.34 2028  3 24 20  5   2461943.55 2028  6 21  1 14   2462031.77 2028  9 17  6 24
 2461907.04 2028  5 15 12 53   2461995.75 2028  8 12  6  2   2462084.47 2028 11  8 23 12
 2461958.74 2028  7  6  5 41   2462047.95 2028 10  3 10 50   2462137.17 2028 12 31 16  0
 2462010.44 2028  8 26 22 29   2462100.15 2028 11 24 15 38   2462189.87 2029  2 22  8 48
 2462062.14 2028 10 17 15 17   2462152.35 2029  1 15 20 26   2462242.57 2029  4 16  1 36
 2462113.84 2028 12  8  8  5   2462204.55 2029  3  9  1 14   2462295.27 2029  6  7 18 24
 2462165.54 2029  1 29  0 53   2462256.75 2029  4 30  6  2   2462347.97 2029  7 30 11 12
 2462217.24 2029  3 21 17 41   2462308.95 2029  6 21 10 50   2462400.67 2029  9 21  4  0
 2462268.94 2029  5 12 10 29   2462361.15 2029  8 12 15 38   2462453.37 2029 11 12 20 48
 2462320.64 2029  7  3  3 17   2462413.35 2029 10  3 20 26   2462506.07 2030  1  4 13 36
 2462372.34 2029  8 23 20  5   2462465.55 2029 11 25  1 14   2462558.77 2030  2 26  6 24
 2462424.04 2029 10 14 12 53   2462517.75 2030  1 16  6  2   2462611.47 2030  4 19 23 12
 2462475.74 2029 12  5  5 41   2462569.95 2030  3  9 10 50   2462664.17 2030  6 11 16  0
 2462527.44 2030  1 25 22 29   2462622.15 2030  4 30 15 38   2462716.87 2030  8  3  8 48
 2462579.14 2030  3 18 15 17   2462674.35 2030  6 21 20 26   2462769.57 2030  9 25  1 36
 2462630.84 2030  5  9  8  5   2462726.55 2030  8 13  1 14   2462822.27 2030 11 16 18 24
 2462682.54 2030  6 30  0 53   2462778.75 2030 10  4  6  2   2462874.97 2031  1  8 11 12
 2462734.24 2030  8 20 17 41   2462830.95 2030 11 25 10 50   2462927.67 2031  3  2  4  0
 2462785.94 2030 10 11 10 29   2462883.15 2031  1 16 15 38   2462980.37 2031  4 23 20 48
 2462837.64 2030 12  2  3 17   2462935.35 2031  3  9 20 26   2463033.07 2031  6 15 13 36
 2462889.34 2031  1 22 20  5   2462987.55 2031  5  1  1 14   2463085.77 2031  8  7  6 24
 2462941.04 2031  3 15 12 53   2463039.75 2031  6 22  6  2   2463138.47 2031  9 28 23 12
 2462992.74 2031  5  6  5 41   2463091.95 2031  8 13 10 50   2463191.17 2031 11 20 16  0
 2463044.44 2031  6 26 22 29   2463144.15 2031 10  4 15 38   2463243.87 2032  1 12  8 48
 2463096.14 2031  8 17 15 17   2463196.35 2031 11 25 20 26   2463296.57 2032  3  5  1 36
 2463147.84 2031 10  8  8  5   2463248.55 2032  1 17  1 14   2463349.27 2032  4 26 18 24
 2463199.54 2031 11 29  0 53   2463300.75 2032  3  9  6  2   2463401.97 2032  6 18 11 12
 2463251.24 2032  1 19 17 41   2463352.95 2032  4 30 10 50   2463454.67 2032  8 10  4  0
 2463302.94 2032  3 11 10 29   2463405.15 2032  6 21 15 38   2463507.37 2032 10  1 20 48
 2463354.64 2032  5  2  3 17   2463457.35 2032  8 12 20 26   2463560.07 2032 11 23 13 36
 2463406.34 2032  6 22 20  5   2463509.55 2032 10  4  1 14   2463612.77 2033  1 15  6 24
 2463458.04 2032  8 13 12 53   2463561.75 2032 11 25  6  2   2463665.47 2033  3  8 23 12
 2463509.74 2032 10  4  5 41   2463613.95 2033  1 16 10 50   2463718.17 2033  4 30 16  0
 2463561.44 2032 11 24 22 29   2463666.15 2033  3  9 15 38   2463770.87 2033  6 22  8 48
 2463613.14 2033  1 15 15 17   2463718.35 2033  4 30 20 26   2463823.57 2033  8 14  1 36
 2463664.84 2033  3  8  8  5   2463770.55 2033  6 22  1 14   2463876.27 2033 10  5 18 24
 2463716.54 2033  4 29  0 53   2463822.75 2033  8 13  6  2   2463928.97 2033 11 27 11 12
 2463768.24 2033  6 19 17 41   2463874.95 2033 10  4 10 50   2463981.67 2034  1 19  4  0
 2463819.94 2033  8 10 10 29   2463927.15 2033 11 25 15 38   2464034.37 2034  3 12 20 48
 2463871.64 2033 10  1  3 17   2463979.35 2034  1 16 20 26   2464087.07 2034  5  4 13 36
 2463923.34 2033 11 21 20  5   2464031.55 2034  3 10  1 14   2464139.77 2034  6 26  6 24
 2463975.04 2034  1 12 12 53   2464083.75 2034  5  1  6  2   2464192.47 2034  8 17 23 12
 2464026.74 2034  3  5  5 41   2464135.95 2034  6 22 10 50   2464245.17 2034 10  9 16  0
 2464078.44 2034  4 25 22 29   2464188.15 2034  8 13 15 38   2464297.87 2034 12  1  8 48
