 Predicted Transit Epochs: HD12661__ c

 Predicted Duration of a Central Transit:    19.   Hours

 Begin Transit Window           PREDICTED CENTRAL TRANSIT     End Transit Window
                                     All Times UT

                               HJD        Year M  D  H  M
 2455223.57 2010  1 27  1 40   2455345.99 2010  5 29 11 51   2455468.42 2010  9 28 22  2
 2456713.57 2014  2 25  1 40   2456875.99 2014  8  6 11 51   2457038.42 2015  1 15 22  2
 2458203.57 2018  3 26  1 40   2458405.99 2018 10 14 11 51   2458608.42 2019  5  4 22  2
 2459693.57 2022  4 24  1 40   2459935.99 2022 12 22 11 51   2460178.42 2023  8 21 22  2
 2461183.57 2026  5 23  1 40   2461465.99 2027  3  1 11 51   2461748.42 2027 12  8 22  2
 2462673.57 2030  6 21  1 40   2462995.99 2031  5  9 11 51   2463318.42 2032  3 26 22  2
