 Predicted Transit Epochs: HD128311_ b

 Predicted Duration of a Central Transit:    11.   Hours

 Begin Transit Window           PREDICTED CENTRAL TRANSIT     End Transit Window
                                     All Times UT

                               HJD        Year M  D  H  M
 2455136.18 2009 10 31 16 25   2455223.71 2010  1 27  5  4   2455311.24 2010  4 24 17 43
 2455585.78 2011  1 24  6 49   2455679.61 2011  4 28  2 40   2455773.44 2011  7 30 22 31
 2456035.38 2012  4 17 21 13   2456135.51 2012  7 27  0 16   2456235.64 2012 11  4  3 19
 2456484.98 2013  7 11 11 37   2456591.41 2013 10 25 21 52   2456697.84 2014  2  9  8  7
 2456934.58 2014 10  4  2  1   2457047.31 2015  1 24 19 28   2457160.04 2015  5 17 12 55
 2457384.18 2015 12 27 16 25   2457503.21 2016  4 24 17  4   2457622.24 2016  8 21 17 43
 2457833.78 2017  3 21  6 49   2457959.11 2017  7 24 14 40   2458084.44 2017 11 26 22 31
 2458283.38 2018  6 13 21 13   2458415.01 2018 10 23 12 16   2458546.64 2019  3  4  3 19
 2458732.98 2019  9  6 11 37   2458870.91 2020  1 22  9 52   2459008.84 2020  6  8  8  7
 2459182.58 2020 11 29  2  1   2459326.81 2021  4 22  7 28   2459471.04 2021  9 13 12 55
 2459632.18 2022  2 21 16 25   2459782.71 2022  7 22  5  4   2459933.24 2022 12 19 17 43
 2460081.78 2023  5 17  6 49   2460238.61 2023 10 21  2 40   2460395.44 2024  3 25 22 31
 2460531.38 2024  8  8 21 13   2460694.51 2025  1 19  0 16   2460857.64 2025  7  1  3 19
 2460980.98 2025 11  1 11 37   2461150.41 2026  4 19 21 52   2461319.84 2026 10  6  8  7
 2461430.58 2027  1 25  2  1   2461606.31 2027  7 19 19 28   2461782.04 2028  1 11 12 55
 2461880.18 2028  4 18 16 25   2462062.21 2028 10 17 17  4   2462244.24 2029  4 17 17 43
 2462329.78 2029  7 12  6 49   2462518.11 2030  1 16 14 40   2462706.44 2030  7 23 22 31
