 Predicted Transit Epochs: HD121504_ b

 Predicted Duration of a Central Transit:     9.   Hours

 Begin Transit Window           PREDICTED CENTRAL TRANSIT     End Transit Window
                                     All Times UT

                               HJD        Year M  D  H  M
 2454961.89 2009  5 10  9 21   2454965.75 2009  5 14  5 57   2454969.61 2009  5 18  2 34
 2455025.19 2009  7 12 16 33   2455029.08 2009  7 16 13 53   2455032.97 2009  7 20 11 12
 2455088.49 2009  9 13 23 45   2455092.41 2009  9 17 21 48   2455096.33 2009  9 21 19 51
 2455151.79 2009 11 16  6 57   2455155.74 2009 11 20  5 43   2455159.69 2009 11 24  4 29
 2455215.09 2010  1 18 14  9   2455219.07 2010  1 22 13 38   2455223.05 2010  1 26 13  8
 2455278.39 2010  3 22 21 21   2455282.40 2010  3 26 21 33   2455286.41 2010  3 30 21 46
 2455341.69 2010  5 25  4 33   2455345.73 2010  5 29  5 29   2455349.77 2010  6  2  6 24
 2455404.99 2010  7 27 11 45   2455409.06 2010  7 31 13 24   2455413.13 2010  8  4 15  3
 2455468.29 2010  9 28 18 57   2455472.39 2010 10  2 21 19   2455476.49 2010 10  6 23 41
 2455531.59 2010 12  1  2  9   2455535.72 2010 12  5  5 14   2455539.85 2010 12  9  8 20
 2455594.89 2011  2  2  9 21   2455599.05 2011  2  6 13  9   2455603.21 2011  2 10 16 58
 2455658.19 2011  4  6 16 33   2455662.38 2011  4 10 21  5   2455666.57 2011  4 15  1 36
 2455721.49 2011  6  8 23 45   2455725.71 2011  6 13  5  0   2455729.93 2011  6 17 10 15
 2455784.79 2011  8 11  6 57   2455789.04 2011  8 15 12 55   2455793.29 2011  8 19 18 53
 2455848.09 2011 10 13 14  9   2455852.37 2011 10 17 20 50   2455856.65 2011 10 22  3 32
 2455911.39 2011 12 15 21 21   2455915.70 2011 12 20  4 45   2455920.01 2011 12 24 12 10
 2455974.69 2012  2 17  4 33   2455979.03 2012  2 21 12 41   2455983.37 2012  2 25 20 48
 2456037.99 2012  4 20 11 45   2456042.36 2012  4 24 20 36   2456046.73 2012  4 29  5 27
 2456101.29 2012  6 22 18 57   2456105.69 2012  6 27  4 31   2456110.09 2012  7  1 14  5
 2456164.59 2012  8 25  2  9   2456169.02 2012  8 29 12 26   2456173.45 2012  9  2 22 44
 2456227.89 2012 10 27  9 21   2456232.35 2012 10 31 20 21   2456236.81 2012 11  5  7 22
 2456291.19 2012 12 29 16 33   2456295.68 2013  1  3  4 17   2456300.17 2013  1  7 16  0
 2456354.49 2013  3  2 23 45   2456359.01 2013  3  7 12 12   2456363.53 2013  3 12  0 39
 2456417.79 2013  5  5  6 57   2456422.34 2013  5  9 20  7   2456426.89 2013  5 14  9 17
 2456481.09 2013  7  7 14  9   2456485.67 2013  7 12  4  2   2456490.25 2013  7 16 17 56
 2456544.39 2013  9  8 21 21   2456549.00 2013  9 13 11 57   2456553.61 2013  9 18  2 34
 2456607.69 2013 11 11  4 33   2456612.33 2013 11 15 19 53   2456616.97 2013 11 20 11 12
 2456670.99 2014  1 13 11 45   2456675.66 2014  1 18  3 48   2456680.33 2014  1 22 19 51
 2456734.29 2014  3 17 18 57   2456738.99 2014  3 22 11 43   2456743.69 2014  3 27  4 29
 2456797.59 2014  5 20  2  9   2456802.32 2014  5 24 19 38   2456807.05 2014  5 29 13  8
 2456860.89 2014  7 22  9 21   2456865.65 2014  7 27  3 33   2456870.41 2014  7 31 21 46
 2456924.19 2014  9 23 16 33   2456928.98 2014  9 28 11 29   2456933.77 2014 10  3  6 24
 2456987.49 2014 11 25 23 45   2456992.31 2014 11 30 19 24   2456997.13 2014 12  5 15  3
 2457050.79 2015  1 28  6 57   2457055.64 2015  2  2  3 19   2457060.49 2015  2  6 23 41
 2457114.09 2015  4  1 14  9   2457118.97 2015  4  6 11 14   2457123.85 2015  4 11  8 20
 2457177.39 2015  6  3 21 21   2457182.30 2015  6  8 19  9   2457187.21 2015  6 13 16 58
 2457240.69 2015  8  6  4 33   2457245.63 2015  8 11  3  5   2457250.57 2015  8 16  1 36
 2457303.99 2015 10  8 11 45   2457308.96 2015 10 13 11  0   2457313.93 2015 10 18 10 15
 2457367.29 2015 12 10 18 57   2457372.29 2015 12 15 18 55   2457377.29 2015 12 20 18 53
 2457430.59 2016  2 12  2  9   2457435.62 2016  2 17  2 50   2457440.65 2016  2 22  3 32
 2457493.89 2016  4 15  9 21   2457498.95 2016  4 20 10 45   2457504.01 2016  4 25 12 10
 2457557.19 2016  6 17 16 33   2457562.28 2016  6 22 18 41   2457567.37 2016  6 27 20 48
 2457620.49 2016  8 19 23 45   2457625.61 2016  8 25  2 36   2457630.73 2016  8 30  5 27
 2457683.79 2016 10 22  6 57   2457688.94 2016 10 27 10 31   2457694.09 2016 11  1 14  5
 2457747.09 2016 12 24 14  9   2457752.27 2016 12 29 18 26   2457757.45 2017  1  3 22 44
 2457810.39 2017  2 25 21 21   2457815.60 2017  3  3  2 21   2457820.81 2017  3  8  7 22
 2457873.69 2017  4 30  4 33   2457878.93 2017  5  5 10 17   2457884.17 2017  5 10 16  0
 2457936.99 2017  7  2 11 45   2457942.26 2017  7  7 18 12   2457947.53 2017  7 13  0 39
 2458000.29 2017  9  3 18 57   2458005.59 2017  9  9  2  7   2458010.89 2017  9 14  9 17
 2458063.59 2017 11  6  2  9   2458068.92 2017 11 11 10  2   2458074.25 2017 11 16 17 56
 2458126.89 2018  1  8  9 21   2458132.25 2018  1 13 17 57   2458137.61 2018  1 19  2 34
 2458190.19 2018  3 12 16 33   2458195.58 2018  3 18  1 53   2458200.97 2018  3 23 11 12
 2458253.49 2018  5 14 23 45   2458258.91 2018  5 20  9 48   2458264.33 2018  5 25 19 51
 2458316.79 2018  7 17  6 57   2458322.24 2018  7 22 17 43   2458327.69 2018  7 28  4 29
 2458380.09 2018  9 18 14  9   2458385.57 2018  9 24  1 38   2458391.05 2018  9 29 13  8
 2458443.39 2018 11 20 21 21   2458448.90 2018 11 26  9 33   2458454.41 2018 12  1 21 46
 2458506.69 2019  1 23  4 33   2458512.23 2019  1 28 17 29   2458517.77 2019  2  3  6 24
 2458569.99 2019  3 27 11 45   2458575.56 2019  4  2  1 24   2458581.13 2019  4  7 15  3
 2458633.29 2019  5 29 18 57   2458638.89 2019  6  4  9 19   2458644.49 2019  6  9 23 41
 2458696.59 2019  8  1  2  9   2458702.22 2019  8  6 17 14   2458707.85 2019  8 12  8 20
 2458759.89 2019 10  3  9 21   2458765.55 2019 10  9  1  9   2458771.21 2019 10 14 16 58
 2458823.19 2019 12  5 16 33   2458828.88 2019 12 11  9  5   2458834.57 2019 12 17  1 36
 2458886.49 2020  2  6 23 45   2458892.21 2020  2 12 17  0   2458897.93 2020  2 18 10 15
 2458949.79 2020  4 10  6 57   2458955.54 2020  4 16  0 55   2458961.29 2020  4 21 18 53
 2459013.09 2020  6 12 14  9   2459018.87 2020  6 18  8 50   2459024.65 2020  6 24  3 32
 2459076.39 2020  8 14 21 21   2459082.20 2020  8 20 16 45   2459088.01 2020  8 26 12 10
 2459139.69 2020 10 17  4 33   2459145.53 2020 10 23  0 41   2459151.37 2020 10 28 20 48
 2459202.99 2020 12 19 11 45   2459208.86 2020 12 25  8 36   2459214.73 2020 12 31  5 27
 2459266.29 2021  2 20 18 57   2459272.19 2021  2 26 16 31   2459278.09 2021  3  4 14  5
 2459329.59 2021  4 25  2  9   2459335.52 2021  5  1  0 26   2459341.45 2021  5  6 22 44
 2459392.89 2021  6 27  9 21   2459398.85 2021  7  3  8 21   2459404.81 2021  7  9  7 22
 2459456.19 2021  8 29 16 33   2459462.18 2021  9  4 16 17   2459468.17 2021  9 10 16  0
 2459519.49 2021 10 31 23 45   2459525.51 2021 11  7  0 12   2459531.53 2021 11 13  0 39
 2459582.79 2022  1  3  6 57   2459588.84 2022  1  9  8  7   2459594.89 2022  1 15  9 17
 2459646.09 2022  3  7 14  9   2459652.17 2022  3 13 16  2   2459658.25 2022  3 19 17 56
 2459709.39 2022  5  9 21 21   2459715.50 2022  5 15 23 57   2459721.61 2022  5 22  2 34
 2459772.69 2022  7 12  4 33   2459778.83 2022  7 18  7 53   2459784.97 2022  7 24 11 12
 2459835.99 2022  9 13 11 45   2459842.16 2022  9 19 15 48   2459848.33 2022  9 25 19 51
 2459899.29 2022 11 15 18 57   2459905.49 2022 11 21 23 43   2459911.69 2022 11 28  4 29
 2459962.59 2023  1 18  2  9   2459968.82 2023  1 24  7 38   2459975.05 2023  1 30 13  8
 2460025.89 2023  3 22  9 21   2460032.15 2023  3 28 15 33   2460038.41 2023  4  3 21 46
 2460089.19 2023  5 24 16 33   2460095.48 2023  5 30 23 29   2460101.77 2023  6  6  6 24
 2460152.49 2023  7 26 23 45   2460158.81 2023  8  2  7 24   2460165.13 2023  8  8 15  3
 2460215.79 2023  9 28  6 57   2460222.14 2023 10  4 15 19   2460228.49 2023 10 10 23 41
 2460279.09 2023 11 30 14  9   2460285.47 2023 12  6 23 14   2460291.85 2023 12 13  8 20
 2460342.39 2024  2  1 21 21   2460348.80 2024  2  8  7  9   2460355.21 2024  2 14 16 58
 2460405.69 2024  4  5  4 33   2460412.13 2024  4 11 15  5   2460418.57 2024  4 18  1 36
 2460468.99 2024  6  7 11 45   2460475.46 2024  6 13 23  0   2460481.93 2024  6 20 10 15
 2460532.29 2024  8  9 18 57   2460538.79 2024  8 16  6 55   2460545.29 2024  8 22 18 53
 2460595.59 2024 10 12  2  9   2460602.12 2024 10 18 14 50   2460608.65 2024 10 25  3 32
 2460658.89 2024 12 14  9 21   2460665.45 2024 12 20 22 45   2460672.01 2024 12 27 12 10
 2460722.19 2025  2 15 16 33   2460728.78 2025  2 22  6 41   2460735.37 2025  2 28 20 48
 2460785.49 2025  4 19 23 45   2460792.11 2025  4 26 14 36   2460798.73 2025  5  3  5 27
 2460848.79 2025  6 22  6 57   2460855.44 2025  6 28 22 31   2460862.09 2025  7  5 14  5
 2460912.09 2025  8 24 14  9   2460918.77 2025  8 31  6 26   2460925.45 2025  9  6 22 44
 2460975.39 2025 10 26 21 21   2460982.10 2025 11  2 14 21   2460988.81 2025 11  9  7 22
 2461038.69 2025 12 29  4 33   2461045.43 2026  1  4 22 17   2461052.17 2026  1 11 16  0
 2461101.99 2026  3  2 11 45   2461108.76 2026  3  9  6 12   2461115.53 2026  3 16  0 39
 2461165.29 2026  5  4 18 57   2461172.09 2026  5 11 14  7   2461178.89 2026  5 18  9 17
 2461228.59 2026  7  7  2  9   2461235.42 2026  7 13 22  2   2461242.25 2026  7 20 17 56
 2461291.89 2026  9  8  9 21   2461298.75 2026  9 15  5 57   2461305.61 2026  9 22  2 34
 2461355.19 2026 11 10 16 33   2461362.08 2026 11 17 13 53   2461368.97 2026 11 24 11 12
 2461418.49 2027  1 12 23 45   2461425.41 2027  1 19 21 48   2461432.33 2027  1 26 19 51
 2461481.79 2027  3 17  6 57   2461488.74 2027  3 24  5 43   2461495.69 2027  3 31  4 29
 2461545.09 2027  5 19 14  9   2461552.07 2027  5 26 13 38   2461559.05 2027  6  2 13  8
 2461608.39 2027  7 21 21 21   2461615.40 2027  7 28 21 33   2461622.41 2027  8  4 21 46
 2461671.69 2027  9 23  4 33   2461678.73 2027  9 30  5 29   2461685.77 2027 10  7  6 24
 2461734.99 2027 11 25 11 45   2461742.06 2027 12  2 13 24   2461749.13 2027 12  9 15  3
 2461798.29 2028  1 27 18 57   2461805.39 2028  2  3 21 19   2461812.49 2028  2 10 23 41
 2461861.59 2028  3 31  2  9   2461868.72 2028  4  7  5 14   2461875.85 2028  4 14  8 20
 2461924.89 2028  6  2  9 21   2461932.05 2028  6  9 13  9   2461939.21 2028  6 16 16 58
 2461988.19 2028  8  4 16 33   2461995.38 2028  8 11 21  5   2462002.57 2028  8 19  1 36
 2462051.49 2028 10  6 23 45   2462058.71 2028 10 14  5  0   2462065.93 2028 10 21 10 15
 2462114.79 2028 12  9  6 57   2462122.04 2028 12 16 12 55   2462129.29 2028 12 23 18 53
 2462178.09 2029  2 10 14  9   2462185.37 2029  2 17 20 50   2462192.65 2029  2 25  3 32
 2462241.39 2029  4 14 21 21   2462248.70 2029  4 22  4 45   2462256.01 2029  4 29 12 10
 2462304.69 2029  6 17  4 33   2462312.03 2029  6 24 12 41   2462319.37 2029  7  1 20 48
 2462367.99 2029  8 19 11 45   2462375.36 2029  8 26 20 36   2462382.73 2029  9  3  5 27
