 Predicted Transit Epochs: HD1237___ b

 Predicted Duration of a Central Transit:    15.   Hours

 Begin Transit Window           PREDICTED CENTRAL TRANSIT     End Transit Window
                                     All Times UT

                               HJD        Year M  D  H  M
 2456799.04 2014  5 21 12 55   2456807.85 2014  5 30  8 29   2456816.67 2014  6  8  4  3
 2456932.55 2014 10  2  1  9   2456941.56 2014 10 11  1 31   2456950.58 2014 10 20  1 54
 2457066.06 2015  2 12 13 23   2457075.27 2015  2 21 18 34   2457084.49 2015  3  2 23 44
 2457199.57 2015  6 26  1 38   2457208.98 2015  7  5 11 36   2457218.40 2015  7 14 21 35
 2457333.08 2015 11  6 13 52   2457342.69 2015 11 16  4 39   2457352.31 2015 11 25 19 25
 2457466.59 2016  3 19  2  7   2457476.40 2016  3 28 21 41   2457486.22 2016  4  7 17 15
 2457600.10 2016  7 30 14 21   2457610.11 2016  8  9 14 43   2457620.13 2016  8 19 15  6
 2457733.61 2016 12 11  2 35   2457743.82 2016 12 21  7 46   2457754.04 2016 12 31 12 56
 2457867.12 2017  4 23 14 50   2457877.53 2017  5  4  0 48   2457887.95 2017  5 14 10 47
 2458000.63 2017  9  4  3  4   2458011.24 2017  9 14 17 51   2458021.86 2017  9 25  8 37
 2458134.14 2018  1 15 15 19   2458144.95 2018  1 26 10 53   2458155.77 2018  2  6  6 27
 2458267.65 2018  5 29  3 33   2458278.66 2018  6  9  3 55   2458289.68 2018  6 20  4 18
 2458401.16 2018 10  9 15 47   2458412.37 2018 10 20 20 58   2458423.59 2018 11  1  2  8
 2458534.67 2019  2 20  4  2   2458546.08 2019  3  3 14  0   2458557.50 2019  3 14 23 59
 2458668.18 2019  7  3 16 16   2458679.79 2019  7 15  7  3   2458691.41 2019  7 26 21 49
 2458801.69 2019 11 14  4 31   2458813.50 2019 11 26  0  5   2458825.32 2019 12  7 19 39
 2458935.20 2020  3 26 16 45   2458947.21 2020  4  7 17  7   2458959.23 2020  4 19 17 30
 2459068.71 2020  8  7  4 59   2459080.92 2020  8 19 10 10   2459093.14 2020  8 31 15 20
 2459202.22 2020 12 18 17 14   2459214.63 2020 12 31  3 12   2459227.05 2021  1 12 13 11
 2459335.73 2021  5  1  5 28   2459348.34 2021  5 13 20 15   2459360.96 2021  5 26 11  1
 2459469.24 2021  9 11 17 43   2459482.05 2021  9 24 13 17   2459494.87 2021 10  7  8 51
 2459602.75 2022  1 23  5 57   2459615.76 2022  2  5  6 19   2459628.78 2022  2 18  6 42
 2459736.26 2022  6  5 18 11   2459749.47 2022  6 18 23 22   2459762.69 2022  7  2  4 32
 2459869.77 2022 10 17  6 26   2459883.18 2022 10 30 16 24   2459896.60 2022 11 13  2 23
 2460003.28 2023  2 27 18 40   2460016.89 2023  3 13  9 27   2460030.51 2023  3 27  0 13
 2460136.79 2023  7 11  6 55   2460150.60 2023  7 25  2 29   2460164.42 2023  8  7 22  3
 2460270.30 2023 11 21 19  9   2460284.31 2023 12  5 19 31   2460298.33 2023 12 19 19 54
 2460403.81 2024  4  3  7 23   2460418.02 2024  4 17 12 34   2460432.24 2024  5  1 17 44
 2460537.32 2024  8 14 19 38   2460551.73 2024  8 29  5 36   2460566.15 2024  9 12 15 35
 2460670.83 2024 12 26  7 52   2460685.44 2025  1  9 22 39   2460700.06 2025  1 24 13 25
 2460804.34 2025  5  8 20  7   2460819.15 2025  5 23 15 41   2460833.97 2025  6  7 11 15
 2460937.85 2025  9 19  8 21   2460952.86 2025 10  4  8 43   2460967.88 2025 10 19  9  6
 2461071.36 2026  1 30 20 35   2461086.57 2026  2 15  1 46   2461101.79 2026  3  2  6 56
 2461204.87 2026  6 13  8 50   2461220.28 2026  6 28 18 48   2461235.70 2026  7 14  4 47
 2461338.38 2026 10 24 21  4   2461353.99 2026 11  9 11 51   2461369.61 2026 11 25  2 37
 2461471.89 2027  3  7  9 19   2461487.70 2027  3 23  4 53   2461503.52 2027  4  8  0 27
 2461605.40 2027  7 18 21 33   2461621.41 2027  8  3 21 55   2461637.43 2027  8 19 22 18
 2461738.91 2027 11 29  9 47   2461755.12 2027 12 15 14 58   2461771.34 2027 12 31 20  8
 2461872.42 2028  4 10 22  2   2461888.83 2028  4 27  8  0   2461905.25 2028  5 13 17 59
 2462005.93 2028  8 22 10 16   2462022.54 2028  9  8  1  3   2462039.16 2028  9 24 15 49
 2462139.44 2029  1  2 22 31   2462156.25 2029  1 19 18  5   2462173.07 2029  2  5 13 39
 2462272.95 2029  5 16 10 45   2462289.96 2029  6  2 11  7   2462306.98 2029  6 19 11 30
 2462406.46 2029  9 26 22 59   2462423.67 2029 10 14  4 10   2462440.89 2029 10 31  9 20
 2462539.97 2030  2  7 11 14   2462557.38 2030  2 24 21 12   2462574.80 2030  3 14  7 11
 2462673.48 2030  6 20 23 28   2462691.09 2030  7  8 14 15   2462708.71 2030  7 26  5  1
 2462806.99 2030 11  1 11 43   2462824.80 2030 11 19  7 17   2462842.62 2030 12  7  2 51
 2462940.50 2031  3 14 23 57   2462958.51 2031  4  2  0 19   2462976.53 2031  4 20  0 42
 2463074.01 2031  7 26 12 11   2463092.22 2031  8 13 17 22   2463110.44 2031  8 31 22 32
 2463207.52 2031 12  7  0 26   2463225.93 2031 12 25 10 24   2463244.35 2032  1 12 20 23
 2463341.03 2032  4 18 12 40   2463359.64 2032  5  7  3 27   2463378.26 2032  5 25 18 13
 2463474.54 2032  8 30  0 55   2463493.35 2032  9 17 20 29   2463512.17 2032 10  6 16  3
 2463608.05 2033  1 10 13  9   2463627.06 2033  1 29 13 31   2463646.08 2033  2 17 13 54
 2463741.56 2033  5 24  1 23   2463760.77 2033  6 12  6 34   2463779.99 2033  7  1 11 44
 2463875.07 2033 10  4 13 38   2463894.48 2033 10 23 23 36   2463913.90 2033 11 12  9 35
 2464008.58 2034  2 15  1 52   2464028.19 2034  3  6 16 39   2464047.81 2034  3 26  7 25
 2464142.09 2034  6 28 14  7   2464161.90 2034  7 18  9 41   2464181.72 2034  8  7  5 15
 2464275.60 2034 11  9  2 21   2464295.61 2034 11 29  2 43   2464315.63 2034 12 19  3  6
