 Predicted Transit Epochs: HD12661__ b

 Predicted Duration of a Central Transit:    18.   Hours

 Begin Transit Window           PREDICTED CENTRAL TRANSIT     End Transit Window
                                     All Times UT

                               HJD        Year M  D  H  M
 2455045.40 2009  8  1 21 37   2455047.81 2009  8  4  7 29   2455050.22 2009  8  6 17 21
 2455308.30 2010  4 21 19 13   2455310.81 2010  4 24  7 29   2455313.32 2010  4 26 19 45
 2455571.20 2011  1  9 16 49   2455573.81 2011  1 12  7 29   2455576.42 2011  1 14 22  9
 2455834.10 2011  9 29 14 25   2455836.81 2011 10  2  7 29   2455839.52 2011 10  5  0 33
 2456097.00 2012  6 18 12  1   2456099.81 2012  6 21  7 29   2456102.62 2012  6 24  2 57
 2456359.90 2013  3  8  9 37   2456362.81 2013  3 11  7 29   2456365.72 2013  3 14  5 21
 2456622.80 2013 11 26  7 13   2456625.81 2013 11 29  7 29   2456628.82 2013 12  2  7 45
 2456885.70 2014  8 16  4 49   2456888.81 2014  8 19  7 29   2456891.92 2014  8 22 10  9
 2457148.60 2015  5  6  2 25   2457151.81 2015  5  9  7 29   2457155.02 2015  5 12 12 33
 2457411.50 2016  1 24  0  1   2457414.81 2016  1 27  7 29   2457418.12 2016  1 30 14 57
 2457674.40 2016 10 12 21 37   2457677.81 2016 10 16  7 29   2457681.22 2016 10 19 17 21
 2457937.30 2017  7  2 19 13   2457940.81 2017  7  6  7 29   2457944.32 2017  7  9 19 45
 2458200.20 2018  3 22 16 49   2458203.81 2018  3 26  7 29   2458207.42 2018  3 29 22  9
 2458463.10 2018 12 10 14 25   2458466.81 2018 12 14  7 29   2458470.52 2018 12 18  0 33
 2458726.00 2019  8 30 12  1   2458729.81 2019  9  3  7 29   2458733.62 2019  9  7  2 57
 2458988.90 2020  5 19  9 37   2458992.81 2020  5 23  7 29   2458996.72 2020  5 27  5 21
 2459251.80 2021  2  6  7 13   2459255.81 2021  2 10  7 29   2459259.82 2021  2 14  7 45
 2459514.70 2021 10 27  4 49   2459518.81 2021 10 31  7 29   2459522.92 2021 11  4 10  9
 2459777.60 2022  7 17  2 25   2459781.81 2022  7 21  7 29   2459786.02 2022  7 25 12 33
 2460040.50 2023  4  6  0  1   2460044.81 2023  4 10  7 29   2460049.12 2023  4 14 14 57
 2460303.40 2023 12 24 21 37   2460307.81 2023 12 29  7 29   2460312.22 2024  1  2 17 21
 2460566.30 2024  9 12 19 13   2460570.81 2024  9 17  7 29   2460575.32 2024  9 21 19 45
 2460829.20 2025  6  2 16 49   2460833.81 2025  6  7  7 29   2460838.42 2025  6 11 22  9
 2461092.10 2026  2 20 14 25   2461096.81 2026  2 25  7 29   2461101.52 2026  3  2  0 33
 2461355.00 2026 11 10 12  1   2461359.81 2026 11 15  7 29   2461364.62 2026 11 20  2 57
 2461617.90 2027  7 31  9 37   2461622.81 2027  8  5  7 29   2461627.72 2027  8 10  5 21
 2461880.80 2028  4 19  7 13   2461885.81 2028  4 24  7 29   2461890.82 2028  4 29  7 45
 2462143.70 2029  1  7  4 49   2462148.81 2029  1 12  7 29   2462153.92 2029  1 17 10  9
 2462406.60 2029  9 27  2 25   2462411.81 2029 10  2  7 29   2462417.02 2029 10  7 12 33
