 Predicted Transit Epochs: HD128311_ c

 Predicted Duration of a Central Transit:    18.   Hours

 Begin Transit Window           PREDICTED CENTRAL TRANSIT     End Transit Window
                                     All Times UT

                               HJD        Year M  D  H  M
 2457348.91 2015 11 22  9 55   2457545.70 2016  6  6  4 42   2457742.48 2016 12 19 23 29
 2458209.41 2018  3 31 21 55   2458426.20 2018 11  3 16 42   2458642.98 2019  6  8 11 29
 2459069.91 2020  8  8  9 55   2459306.70 2021  4  2  4 42   2459543.48 2021 11 24 23 29
 2459930.41 2022 12 16 21 55   2460187.20 2023  8 30 16 42   2460443.98 2024  5 13 11 29
 2460790.91 2025  4 25  9 55   2461067.70 2026  1 27  4 42   2461344.48 2026 10 30 23 29
 2461651.41 2027  9  2 21 55   2461948.20 2028  6 25 16 42   2462244.98 2029  4 18 11 29
 2462511.91 2030  1 10  9 55   2462828.70 2030 11 23  4 42   2463145.48 2031 10  5 23 29
 2463372.41 2032  5 19 21 55   2463709.20 2033  4 21 16 42   2464045.98 2034  3 24 11 29
 2464232.91 2034  9 27  9 55   2464589.70 2035  9 19  4 42   2464946.48 2036  9  9 23 29
