 Predicted Transit Epochs: HD137759_ b

 Predicted Duration of a Central Transit:   234.   Hours

 Begin Transit Window           PREDICTED CENTRAL TRANSIT     End Transit Window
                                     All Times UT

                               HJD        Year M  D  H  M
 2457073.80 2015  2 20  7  8   2457170.79 2015  5 28  6 55   2457267.78 2015  9  2  6 42
 2457595.90 2016  7 26  9 32   2457699.19 2016 11  6 16 31   2457802.48 2017  2 17 23 30
 2458118.00 2017 12 30 11 56   2458227.59 2018  4 19  2  7   2458337.18 2018  8  6 16 18
 2458640.10 2019  6  5 14 20   2458755.99 2019  9 29 11 43   2458871.88 2020  1 23  9  6
 2459162.20 2020 11  8 16 44   2459284.39 2021  3 10 21 19   2459406.58 2021  7 11  1 54
 2459684.30 2022  4 14 19  8   2459812.79 2022  8 21  6 55   2459941.28 2022 12 27 18 42
 2460206.40 2023  9 18 21 32   2460341.19 2024  1 31 16 31   2460475.98 2024  6 14 11 30
 2460728.50 2025  2 21 23 56   2460869.59 2025  7 13  2  7   2461010.68 2025 12  1  4 18
 2461250.60 2026  7 29  2 20   2461397.99 2026 12 23 11 43   2461545.38 2027  5 19 21  6
 2461772.70 2028  1  2  4 44   2461926.39 2028  6  3 21 19   2462080.08 2028 11  4 13 54
 2462294.80 2029  6  7  7  8   2462454.79 2029 11 14  6 55   2462614.78 2030  4 23  6 42
 2462816.90 2030 11 11  9 32   2462983.19 2031  4 26 16 31   2463149.48 2031 10  9 23 30
 2463339.00 2032  4 16 11 56   2463511.59 2032 10  6  2  7   2463684.18 2033  3 27 16 18
 2463861.10 2033  9 20 14 20   2464039.99 2034  3 18 11 43   2464218.88 2034  9 13  9  6
 2464383.20 2035  2 24 16 44   2464568.39 2035  8 28 21 19   2464753.58 2036  3  1  1 54
