 Predicted Transit Epochs: HD13445__ b

 Predicted Duration of a Central Transit:   273. Minutes

 Begin Transit Window           PREDICTED CENTRAL TRANSIT     End Transit Window
                                     All Times UT

                               HJD        Year M  D  H  M
 2456757.06 2014  4  9 13 33   2456759.16 2014  4 11 15 57   2456761.26 2014  4 13 18 20
 2456772.82 2014  4 25  7 40   2456774.93 2014  4 27 10 18   2456777.04 2014  4 29 12 56
 2456788.57 2014  5 11  1 47   2456790.69 2014  5 13  4 40   2456792.81 2014  5 15  7 32
 2456804.33 2014  5 26 19 54   2456806.46 2014  5 28 23  1   2456808.59 2014  5 31  2  8
 2456820.08 2014  6 11 14  1   2456822.22 2014  6 13 17 22   2456824.36 2014  6 15 20 44
 2456835.84 2014  6 27  8  8   2456837.99 2014  6 29 11 44   2456840.14 2014  7  1 15 20
 2456851.59 2014  7 13  2 15   2456853.75 2014  7 15  6  5   2456855.91 2014  7 17  9 55
 2456867.35 2014  7 28 20 22   2456869.52 2014  7 31  0 27   2456871.69 2014  8  2  4 31
 2456883.10 2014  8 13 14 29   2456885.28 2014  8 15 18 48   2456887.46 2014  8 17 23  7
 2456898.86 2014  8 29  8 36   2456901.05 2014  8 31 13 10   2456903.24 2014  9  2 17 43
 2456914.61 2014  9 14  2 43   2456916.81 2014  9 16  7 31   2456919.01 2014  9 18 12 19
 2456930.37 2014  9 29 20 51   2456932.58 2014 10  2  1 53   2456934.79 2014 10  4  6 55
 2456946.12 2014 10 15 14 58   2456948.34 2014 10 17 20 14   2456950.56 2014 10 20  1 31
 2456961.88 2014 10 31  9  5   2456964.11 2014 11  2 14 36   2456966.34 2014 11  4 20  6
 2456977.63 2014 11 16  3 12   2456979.87 2014 11 18  8 57   2456982.11 2014 11 20 14 42
 2456993.39 2014 12  1 21 19   2456995.64 2014 12  4  3 18   2456997.89 2014 12  6  9 18
 2457009.14 2014 12 17 15 26   2457011.40 2014 12 19 21 40   2457013.66 2014 12 22  3 54
 2457024.90 2015  1  2  9 33   2457027.17 2015  1  4 16  1   2457029.44 2015  1  6 22 30
 2457040.65 2015  1 18  3 40   2457042.93 2015  1 20 10 23   2457045.21 2015  1 22 17  6
 2457056.41 2015  2  2 21 47   2457058.70 2015  2  5  4 44   2457060.99 2015  2  7 11 42
 2457072.16 2015  2 18 15 54   2457074.46 2015  2 20 23  6   2457076.76 2015  2 23  6 17
 2457087.92 2015  3  6 10  1   2457090.23 2015  3  8 17 27   2457092.54 2015  3 11  0 53
 2457103.67 2015  3 22  4  8   2457105.99 2015  3 24 11 49   2457108.31 2015  3 26 19 29
 2457119.43 2015  4  6 22 15   2457121.76 2015  4  9  6 10   2457124.09 2015  4 11 14  5
 2457135.18 2015  4 22 16 22   2457137.52 2015  4 25  0 32   2457139.86 2015  4 27  8 41
 2457150.94 2015  5  8 10 29   2457153.29 2015  5 10 18 53   2457155.64 2015  5 13  3 17
 2457166.69 2015  5 24  4 36   2457169.05 2015  5 26 13 14   2457171.41 2015  5 28 21 53
 2457182.45 2015  6  8 22 43   2457184.82 2015  6 11  7 36   2457187.19 2015  6 13 16 28
 2457198.20 2015  6 24 16 50   2457200.58 2015  6 27  1 57   2457202.96 2015  6 29 11  4
 2457213.96 2015  7 10 10 58   2457216.35 2015  7 12 20 19   2457218.74 2015  7 15  5 40
 2457229.71 2015  7 26  5  5   2457232.11 2015  7 28 14 40   2457234.51 2015  7 31  0 16
 2457245.47 2015  8 10 23 12   2457247.88 2015  8 13  9  2   2457250.29 2015  8 15 18 52
 2457261.22 2015  8 26 17 19   2457263.64 2015  8 29  3 23   2457266.06 2015  8 31 13 28
 2457276.98 2015  9 11 11 26   2457279.41 2015  9 13 21 45   2457281.84 2015  9 16  8  4
 2457292.73 2015  9 27  5 33   2457295.17 2015  9 29 16  6   2457297.61 2015 10  2  2 39
 2457308.49 2015 10 12 23 40   2457310.94 2015 10 15 10 28   2457313.39 2015 10 17 21 15
 2457324.24 2015 10 28 17 47   2457326.70 2015 10 31  4 49   2457329.16 2015 11  2 15 51
 2457340.00 2015 11 13 11 54   2457342.47 2015 11 15 23 10   2457344.94 2015 11 18 10 27
 2457355.75 2015 11 29  6  1   2457358.23 2015 12  1 17 32   2457360.71 2015 12  4  5  3
 2457371.51 2015 12 15  0  8   2457374.00 2015 12 17 11 53   2457376.49 2015 12 19 23 39
 2457387.26 2015 12 30 18 15   2457389.76 2016  1  2  6 15   2457392.26 2016  1  4 18 14
 2457403.02 2016  1 15 12 22   2457405.53 2016  1 18  0 36   2457408.04 2016  1 20 12 50
 2457418.77 2016  1 31  6 29   2457421.29 2016  2  2 18 58   2457423.81 2016  2  5  7 26
 2457434.53 2016  2 16  0 36   2457437.06 2016  2 18 13 19   2457439.59 2016  2 21  2  2
 2457450.28 2016  3  2 18 43   2457452.82 2016  3  5  7 41   2457455.36 2016  3  7 20 38
 2457466.04 2016  3 18 12 50   2457468.59 2016  3 21  2  2   2457471.13 2016  3 23 15 14
 2457481.79 2016  4  3  6 57   2457484.35 2016  4  5 20 24   2457486.91 2016  4  8  9 50
 2457497.55 2016  4 19  1  5   2457500.11 2016  4 21 14 45   2457502.68 2016  4 24  4 25
 2457513.30 2016  5  4 19 12   2457515.88 2016  5  7  9  6   2457518.46 2016  5  9 23  1
 2457529.05 2016  5 20 13 19   2457531.64 2016  5 23  3 28   2457534.23 2016  5 25 17 37
 2457544.81 2016  6  5  7 26   2457547.41 2016  6  7 21 49   2457550.01 2016  6 10 12 13
 2457560.56 2016  6 21  1 33   2457563.17 2016  6 23 16 11   2457565.78 2016  6 26  6 49
 2457576.32 2016  7  6 19 40   2457578.94 2016  7  9 10 32   2457581.56 2016  7 12  1 25
 2457592.07 2016  7 22 13 47   2457594.70 2016  7 25  4 54   2457597.33 2016  7 27 20  1
 2457607.83 2016  8  7  7 54   2457610.47 2016  8  9 23 15   2457613.11 2016  8 12 14 36
