 Predicted Transit Epochs: HD136118_ b

 Predicted Duration of a Central Transit:    31.   Hours

 Begin Transit Window           PREDICTED CENTRAL TRANSIT     End Transit Window
                                     All Times UT

                               HJD        Year M  D  H  M
 2456911.67 2014  9 11  4  2   2456913.93 2014  9 13 10 12   2456916.18 2014  9 15 16 22
 2458104.15 2017 12 16 15 36   2458106.51 2017 12 19  0 10   2458108.86 2017 12 21  8 44
 2459296.63 2021  3 23  3 10   2459299.09 2021  3 25 14  8   2459301.55 2021  3 28  1  6
 2460489.11 2024  6 27 14 44   2460491.67 2024  6 30  4  6   2460494.23 2024  7  2 17 29
 2461681.60 2027 10  3  2 18   2461684.25 2027 10  5 18  4   2461686.91 2027 10  8  9 51
 2462874.08 2031  1  7 13 52   2462876.84 2031  1 10  8  2   2462879.59 2031  1 13  2 13
 2464066.56 2034  4 14  1 26   2464069.42 2034  4 16 22  1   2464072.27 2034  4 19 18 35
 2465259.04 2037  7 19 13  0   2465262.00 2037  7 22 11 59   2465264.96 2037  7 25 10 57
