 Predicted Transit Epochs: HD130322_ b

 Predicted Duration of a Central Transit:   233. Minutes

 Begin Transit Window           PREDICTED CENTRAL TRANSIT     End Transit Window
                                     All Times UT

                               HJD        Year M  D  H  M
 2454925.80 2009  4  4  7  7   2454928.94 2009  4  7 10 27   2454932.07 2009  4 10 13 47
 2454936.51 2009  4 15  0 14   2454939.66 2009  4 18  3 44   2454942.80 2009  4 21  7 14
 2454947.22 2009  4 25 17 21   2454950.38 2009  4 28 21  1   2454953.53 2009  5  2  0 40
 2454957.94 2009  5  6 10 27   2454961.10 2009  5  9 14 17   2454964.26 2009  5 12 18  7
 2454968.65 2009  5 17  3 34   2454971.82 2009  5 20  7 34   2454974.98 2009  5 23 11 34
 2454979.36 2009  5 27 20 41   2454982.54 2009  5 31  0 51   2454985.71 2009  6  3  5  1
 2454990.07 2009  6  7 13 47   2454993.26 2009  6 10 18  8   2454996.44 2009  6 13 22 28
 2455000.79 2009  6 18  6 54   2455003.98 2009  6 21 11 25   2455007.16 2009  6 24 15 55
 2455011.50 2009  6 29  0  1   2455014.70 2009  7  2  4 41   2455017.89 2009  7  5  9 22
 2455022.21 2009  7  9 17  8   2455025.42 2009  7 12 21 58   2455028.62 2009  7 16  2 49
 2455032.93 2009  7 20 10 14   2455036.14 2009  7 23 15 15   2455039.34 2009  7 26 20 16
 2455043.64 2009  7 31  3 21   2455046.86 2009  8  3  8 32   2455050.07 2009  8  6 13 42
 2455054.35 2009  8 10 20 28   2455057.58 2009  8 14  1 49   2455060.80 2009  8 17  7  9
 2455065.07 2009  8 21 13 34   2455068.30 2009  8 24 19  5   2455071.53 2009  8 28  0 36
 2455075.78 2009  9  1  6 41   2455079.02 2009  9  4 12 22   2455082.25 2009  9  7 18  3
 2455086.49 2009  9 11 23 48   2455089.74 2009  9 15  5 39   2455092.98 2009  9 18 11 30
 2455097.20 2009  9 22 16 55   2455100.46 2009  9 25 22 56   2455103.71 2009  9 29  4 57
 2455107.92 2009 10  3 10  1   2455111.18 2009 10  6 16 13   2455114.43 2009 10  9 22 24
 2455118.63 2009 10 14  3  8   2455121.90 2009 10 17  9 29   2455125.16 2009 10 20 15 51
 2455129.34 2009 10 24 20 15   2455132.62 2009 10 28  2 46   2455135.89 2009 10 31  9 17
 2455140.06 2009 11  4 13 22   2455143.34 2009 11  7 20  3   2455146.61 2009 11 11  2 44
 2455150.77 2009 11 15  6 28   2455154.06 2009 11 18 13 20   2455157.34 2009 11 21 20 11
 2455161.48 2009 11 25 23 35   2455164.78 2009 11 29  6 37   2455168.07 2009 12  2 13 38
 2455172.20 2009 12  6 16 42   2455175.50 2009 12  9 23 53   2455178.80 2009 12 13  7  5
 2455182.91 2009 12 17  9 48   2455186.22 2009 12 20 17 10   2455189.52 2009 12 24  0 32
 2455193.62 2009 12 28  2 55   2455196.94 2009 12 31 10 27   2455200.25 2010  1  3 17 59
 2455204.33 2010  1  7 20  2   2455207.66 2010  1 11  3 44   2455210.98 2010  1 14 11 26
 2455215.05 2010  1 18 13  9   2455218.38 2010  1 21 21  1   2455221.70 2010  1 25  4 52
 2455225.76 2010  1 29  6 15   2455229.10 2010  2  1 14 17   2455232.43 2010  2  4 22 19
 2455236.47 2010  2  8 23 22   2455239.82 2010  2 12  7 34   2455243.16 2010  2 15 15 46
 2455247.19 2010  2 19 16 29   2455250.54 2010  2 23  0 51   2455253.88 2010  2 26  9 13
 2455257.90 2010  3  2  9 35   2455261.26 2010  3  5 18  8   2455264.61 2010  3  9  2 40
 2455268.61 2010  3 13  2 42   2455271.98 2010  3 16 11 25   2455275.34 2010  3 19 20  7
 2455279.33 2010  3 23 19 49   2455282.70 2010  3 27  4 41   2455286.07 2010  3 30 13 34
 2455290.04 2010  4  3 12 56   2455293.42 2010  4  6 21 58   2455296.79 2010  4 10  7  1
 2455300.75 2010  4 14  6  2   2455304.14 2010  4 17 15 15   2455307.52 2010  4 21  0 28
 2455311.46 2010  4 24 23  9   2455314.86 2010  4 28  8 32   2455318.25 2010  5  1 17 54
 2455322.18 2010  5  5 16 16   2455325.58 2010  5  9  1 49   2455328.97 2010  5 12 11 21
 2455332.89 2010  5 16  9 22   2455336.30 2010  5 19 19  5   2455339.70 2010  5 23  4 48
 2455343.60 2010  5 27  2 29   2455347.02 2010  5 30 12 22   2455350.43 2010  6  2 22 15
 2455354.32 2010  6  6 19 36   2455357.74 2010  6 10  5 39   2455361.15 2010  6 13 15 42
 2455365.03 2010  6 17 12 43   2455368.46 2010  6 20 22 56   2455371.88 2010  6 24  9  9
 2455375.74 2010  6 28  5 49   2455379.18 2010  7  1 16 13   2455382.61 2010  7  5  2 36
 2455386.46 2010  7  8 22 56   2455389.90 2010  7 12  9 29   2455393.34 2010  7 15 20  3
 2455397.17 2010  7 19 16  3   2455400.62 2010  7 23  2 46   2455404.06 2010  7 26 13 29
 2455407.88 2010  7 30  9 10   2455411.34 2010  8  2 20  3   2455414.79 2010  8  6  6 56
 2455418.59 2010  8 10  2 16   2455422.06 2010  8 13 13 20   2455425.52 2010  8 17  0 23
 2455429.31 2010  8 20 19 23   2455432.78 2010  8 24  6 37   2455436.24 2010  8 27 17 50
 2455440.02 2010  8 31 12 30   2455443.50 2010  9  3 23 53   2455446.97 2010  9  7 11 17
 2455450.73 2010  9 11  5 36   2455454.22 2010  9 14 17 10   2455457.70 2010  9 18  4 44
 2455461.45 2010  9 21 22 43   2455464.94 2010  9 25 10 27   2455468.42 2010  9 28 22 11
 2455472.16 2010 10  2 15 50   2455475.66 2010 10  6  3 44   2455479.15 2010 10  9 15 38
 2455482.87 2010 10 13  8 57   2455486.38 2010 10 16 21  1   2455489.88 2010 10 20  9  4
 2455493.59 2010 10 24  2  3   2455497.10 2010 10 27 14 17   2455500.61 2010 10 31  2 31
 2455504.30 2010 11  3 19 10   2455507.82 2010 11  7  7 34   2455511.33 2010 11 10 19 58
 2455515.01 2010 11 14 12 17   2455518.54 2010 11 18  0 51   2455522.06 2010 11 21 13 25
 2455525.72 2010 11 25  5 23   2455529.26 2010 11 28 18  8   2455532.79 2010 12  2  6 52
 2455536.44 2010 12  5 22 30   2455539.98 2010 12  9 11 25   2455543.51 2010 12 13  0 19
 2455547.15 2010 12 16 15 37   2455550.70 2010 12 20  4 41   2455554.24 2010 12 23 17 46
 2455557.86 2010 12 27  8 44   2455561.42 2010 12 30 21 58   2455564.97 2011  1  3 11 13
 2455568.58 2011  1  7  1 50   2455572.14 2011  1 10 15 15   2455575.69 2011  1 14  4 40
 2455579.29 2011  1 17 18 57   2455582.86 2011  1 21  8 32   2455586.42 2011  1 24 22  6
 2455590.00 2011  1 28 12  4   2455593.58 2011  2  1  1 49   2455597.15 2011  2  4 15 33
 2455600.72 2011  2  8  5 10   2455604.30 2011  2 11 19  5   2455607.88 2011  2 15  9  0
 2455611.43 2011  2 18 22 17   2455615.02 2011  2 22 12 22   2455618.60 2011  2 26  2 27
 2455622.14 2011  3  1 15 24   2455625.74 2011  3  5  5 39   2455629.33 2011  3  8 19 54
 2455632.85 2011  3 12  8 31   2455636.46 2011  3 15 22 56   2455640.06 2011  3 19 13 21
 2455643.57 2011  3 23  1 37   2455647.18 2011  3 26 16 13   2455650.78 2011  3 30  6 48
 2455654.28 2011  4  2 18 44   2455657.90 2011  4  6  9 29   2455661.51 2011  4 10  0 15
 2455664.99 2011  4 13 11 51   2455668.62 2011  4 17  2 46   2455672.24 2011  4 20 17 41
 2455675.71 2011  4 24  4 58   2455679.34 2011  4 27 20  3   2455682.96 2011  5  1 11  8
 2455686.42 2011  5  4 22  4   2455690.06 2011  5  8 13 20   2455693.69 2011  5 12  4 35
 2455697.13 2011  5 15 15 11   2455700.78 2011  5 19  6 37   2455704.42 2011  5 22 22  2
 2455707.85 2011  5 26  8 18   2455711.50 2011  5 29 23 53   2455715.15 2011  6  2 15 29
 2455718.56 2011  6  6  1 24   2455722.22 2011  6  9 17 10   2455725.87 2011  6 13  8 56
 2455729.27 2011  6 16 18 31   2455732.94 2011  6 20 10 27   2455736.60 2011  6 24  2 23
 2455739.98 2011  6 27 11 38   2455743.66 2011  7  1  3 44   2455747.33 2011  7  4 19 50
 2455750.70 2011  7  8  4 45   2455754.38 2011  7 11 21  1   2455758.05 2011  7 15 13 16
 2455761.41 2011  7 18 21 51   2455765.10 2011  7 22 14 17   2455768.78 2011  7 26  6 43
 2455772.12 2011  7 29 14 58   2455775.82 2011  8  2  7 34   2455779.51 2011  8  6  0 10
