 Predicted Transit Epochs: HD134987_ b

 Predicted Duration of a Central Transit:    12.   Hours

 Begin Transit Window           PREDICTED CENTRAL TRANSIT     End Transit Window
                                     All Times UT

                               HJD        Year M  D  H  M
 2456746.57 2014  3 30  1 43   2456800.15 2014  5 22 15 36   2456853.73 2014  7 15  5 29
 2457001.13 2014 12  9 15  2   2457056.71 2015  2  3  4 55   2457112.28 2015  3 30 18 48
 2457255.68 2015  8 21  4 22   2457313.26 2015 10 17 18 14   2457370.84 2015 12 14  8  7
 2457510.24 2016  5  1 17 41   2457569.82 2016  6 30  7 34   2457629.39 2016  8 28 21 26
 2457764.79 2017  1 11  7  0   2457826.37 2017  3 13 20 53   2457887.95 2017  5 14 10 46
 2458019.35 2017  9 22 20 19   2458082.93 2017 11 25 10 12   2458146.50 2018  1 28  0  5
 2458273.90 2018  6  4  9 38   2458339.48 2018  8  8 23 31   2458405.06 2018 10 13 13 24
 2458528.46 2019  2 13 22 58   2458596.04 2019  4 22 12 50   2458663.61 2019  6 29  2 43
 2458783.01 2019 10 26 12 17   2458852.59 2020  1  4  2 10   2458922.17 2020  3 13 16  2
 2459037.57 2020  7  7  1 36   2459109.15 2020  9 16 15 29   2459180.72 2020 11 27  5 22
 2459292.12 2021  3 18 14 55   2459365.70 2021  5 31  4 48   2459439.28 2021  8 12 18 41
 2459546.68 2021 11 28  4 14   2459622.26 2022  2 11 18  7   2459697.83 2022  4 28  8  0
 2459801.23 2022  8  9 17 34   2459878.81 2022 10 26  7 26   2459956.39 2023  1 11 21 19
 2460055.79 2023  4 21  6 53   2460135.37 2023  7  9 20 46   2460214.94 2023  9 27 10 38
 2460310.34 2023 12 31 20 12   2460391.92 2024  3 22 10  5   2460473.50 2024  6 11 23 58
 2460564.90 2024  9 11  9 31   2460648.48 2024 12  3 23 24   2460732.05 2025  2 25 13 17
 2460819.45 2025  5 23 22 50   2460905.03 2025  8 17 12 43   2460990.61 2025 11 11  2 36
 2461074.01 2026  2  2 12 10   2461161.59 2026  5  1  2  2   2461249.16 2026  7 27 15 55
 2461328.56 2026 10 15  1 29   2461418.14 2027  1 12 15 22   2461507.72 2027  4 12  5 14
 2461583.12 2027  6 26 14 48   2461674.70 2027  9 26  4 41   2461766.27 2027 12 26 18 34
 2461837.67 2028  3  7  4  7   2461931.25 2028  6  8 18  0   2462024.83 2028  9 10  7 53
 2462092.23 2028 11 16 17 26   2462187.81 2029  2 20  7 19   2462283.38 2029  5 26 21 12
 2462346.78 2029  7 29  6 46   2462444.36 2029 11  3 20 38   2462541.94 2030  2  9 10 31
 2462601.34 2030  4  9 20  5   2462700.92 2030  7 18  9 58   2462800.49 2030 10 25 23 50
 2462855.89 2030 12 20  9 24   2462957.47 2031  3 31 23 17   2463059.05 2031  7 11 13 10
 2463110.45 2031  8 31 22 43   2463214.03 2031 12 13 12 36   2463317.60 2032  3 26  2 29
 2463365.00 2032  5 12 12  2   2463470.58 2032  8 26  1 55   2463576.16 2032 12  9 15 48
 2463619.56 2033  1 22  1 22   2463727.14 2033  5  9 15 14   2463834.71 2033  8 25  5  7
 2463874.11 2033 10  3 14 41   2463983.69 2034  1 21  4 34   2464093.27 2034  5 10 18 26
 2464128.67 2034  6 15  4  0   2464240.25 2034 10  4 17 53   2464351.82 2035  1 24  7 46
