 Predicted Transit Epochs: HD142415_ b

 Predicted Duration of a Central Transit:    25.   Hours

 Begin Transit Window           PREDICTED CENTRAL TRANSIT     End Transit Window
                                     All Times UT

                               HJD        Year M  D  H  M
 2456748.66 2014  4  1  3 55   2456774.94 2014  4 27 10 39   2456801.23 2014  5 23 17 24
 2457133.36 2015  4 20 20 43   2457161.24 2015  5 18 17 51   2457189.13 2015  6 15 15  0
 2457518.06 2016  5  9 13 31   2457547.54 2016  6  8  1  3   2457577.03 2016  7  7 12 36
 2457902.76 2017  5 29  6 19   2457933.84 2017  6 29  8 15   2457964.93 2017  7 30 10 12
 2458287.46 2018  6 17 23  7   2458320.14 2018  7 20 15 27   2458352.83 2018  8 22  7 48
 2458672.16 2019  7  7 15 55   2458706.44 2019  8 10 22 39   2458740.73 2019  9 14  5 24
 2459056.86 2020  7 26  8 43   2459092.74 2020  8 31  5 51   2459128.63 2020 10  6  3  0
 2459441.56 2021  8 15  1 31   2459479.04 2021  9 21 13  3   2459516.53 2021 10 29  0 36
 2459826.26 2022  9  3 18 19   2459865.34 2022 10 12 20 15   2459904.43 2022 11 20 22 12
 2460210.96 2023  9 23 11  7   2460251.64 2023 11  3  3 27   2460292.33 2023 12 13 19 48
 2460595.66 2024 10 12  3 55   2460637.94 2024 11 23 10 39   2460680.23 2025  1  4 17 24
 2460980.36 2025 10 31 20 43   2461024.24 2025 12 14 17 51   2461068.13 2026  1 27 15  0
 2461365.06 2026 11 20 13 31   2461410.54 2027  1  5  1  3   2461456.03 2027  2 19 12 36
 2461749.76 2027 12 10  6 19   2461796.84 2028  1 26  8 15   2461843.93 2028  3 13 10 12
 2462134.46 2028 12 28 23  7   2462183.14 2029  2 15 15 27   2462231.83 2029  4  5  7 48
 2462519.16 2030  1 17 15 55   2462569.44 2030  3  8 22 39   2462619.73 2030  4 28  5 24
 2462903.86 2031  2  6  8 43   2462955.74 2031  3 30  5 51   2463007.63 2031  5 21  3  0
 2463288.56 2032  2 26  1 31   2463342.04 2032  4 19 13  3   2463395.53 2032  6 12  0 36
 2463673.26 2033  3 16 18 19   2463728.34 2033  5 10 20 15   2463783.43 2033  7  4 22 12
 2464057.96 2034  4  5 11  7   2464114.64 2034  6  1  3 27   2464171.33 2034  7 27 19 48
 2464442.66 2035  4 25  3 55   2464500.94 2035  6 22 10 39   2464559.23 2035  8 19 17 24
