 Predicted Transit Epochs: HD141937_ b

 Predicted Duration of a Central Transit:    17.   Hours

 Begin Transit Window           PREDICTED CENTRAL TRANSIT     End Transit Window
                                     All Times UT

                               HJD        Year M  D  H  M
 2455013.52 2009  7  1  0 22   2455021.72 2009  7  9  5 21   2455029.93 2009  7 17 10 19
 2455665.53 2011  4 14  0 36   2455674.94 2011  4 23 10 37   2455684.36 2011  5  2 20 39
 2456317.54 2013  1 25  0 51   2456328.16 2013  2  4 15 54   2456338.79 2013  2 15  6 58
 2456969.55 2014 11  8  1  5   2456981.38 2014 11 19 21 11   2456993.22 2014 12  1 17 17
 2457621.56 2016  8 21  1 20   2457634.60 2016  9  3  2 28   2457647.65 2016  9 16  3 36
 2458273.57 2018  6  4  1 34   2458287.82 2018  6 18  7 45   2458302.08 2018  7  2 13 55
 2458925.58 2020  3 17  1 48   2458941.04 2020  4  1 13  1   2458956.51 2020  4 17  0 15
 2459577.59 2021 12 29  2  3   2459594.26 2022  1 14 18 18   2459610.94 2022  1 31 10 34
 2460229.60 2023 10 12  2 17   2460247.48 2023 10 29 23 35   2460265.37 2023 11 16 20 53
 2460881.61 2025  7 25  2 32   2460900.70 2025  8 13  4 52   2460919.80 2025  9  1  7 12
 2461533.62 2027  5  8  2 46   2461553.92 2027  5 28 10  9   2461574.23 2027  6 17 17 31
 2462185.63 2029  2 18  3  0   2462207.14 2029  3 11 15 25   2462228.66 2029  4  2  3 51
 2462837.64 2030 12  2  3 15   2462860.36 2030 12 24 20 42   2462883.09 2031  1 16 14 10
