 Predicted Transit Epochs: HD149143_ b

 Predicted Duration of a Central Transit:   254. Minutes

 Begin Transit Window           PREDICTED CENTRAL TRANSIT     End Transit Window
                                     All Times UT

                               HJD        Year M  D  H  M
 2454922.47 2009  3 31 23 21   2454925.53 2009  4  4  0 36   2454928.58 2009  4  7  1 50
 2454926.56 2009  4  5  1 21   2454929.61 2009  4  8  2 44   2454932.67 2009  4 11  4  7
 2454930.64 2009  4  9  3 20   2454933.70 2009  4 12  4 52   2454936.77 2009  4 15  6 24
 2454934.72 2009  4 13  5 20   2454937.79 2009  4 16  7  0   2454940.86 2009  4 19  8 41
 2454938.81 2009  4 17  7 20   2454941.88 2009  4 20  9  8   2454944.96 2009  4 23 10 57
 2454942.89 2009  4 21  9 19   2454945.97 2009  4 24 11 17   2454949.05 2009  4 27 13 14
 2454946.97 2009  4 25 11 19   2454950.06 2009  4 28 13 25   2454953.15 2009  5  1 15 31
 2454951.05 2009  4 29 13 18   2454954.15 2009  5  2 15 33   2454957.24 2009  5  5 17 48
 2454955.14 2009  5  3 15 18   2454958.24 2009  5  6 17 41   2454961.34 2009  5  9 20  5
 2454959.22 2009  5  7 17 17   2454962.33 2009  5 10 19 49   2454965.43 2009  5 13 22 21
 2454963.30 2009  5 11 19 17   2454966.42 2009  5 14 21 57   2454969.53 2009  5 18  0 38
 2454967.39 2009  5 15 21 16   2454970.50 2009  5 19  0  6   2454973.62 2009  5 22  2 55
 2454971.47 2009  5 19 23 16   2454974.59 2009  5 23  2 14   2454977.72 2009  5 26  5 12
 2454975.55 2009  5 24  1 15   2454978.68 2009  5 27  4 22   2454981.81 2009  5 30  7 29
 2454979.64 2009  5 28  3 15   2454982.77 2009  5 31  6 30   2454985.91 2009  6  3  9 45
 2454983.72 2009  6  1  5 14   2454986.86 2009  6  4  8 38   2454990.00 2009  6  7 12  2
 2454987.80 2009  6  5  7 14   2454990.95 2009  6  8 10 46   2454994.10 2009  6 11 14 19
 2454991.88 2009  6  9  9 13   2454995.04 2009  6 12 12 55   2454998.19 2009  6 15 16 36
 2454995.97 2009  6 13 11 13   2454999.13 2009  6 16 15  3   2455002.29 2009  6 19 18 53
 2455000.05 2009  6 17 13 12   2455003.22 2009  6 20 17 11   2455006.38 2009  6 23 21  9
 2455004.13 2009  6 21 15 12   2455007.31 2009  6 24 19 19   2455010.48 2009  6 27 23 26
 2455008.22 2009  6 25 17 11   2455011.39 2009  6 28 21 27   2455014.57 2009  7  2  1 43
 2455012.30 2009  6 29 19 11   2455015.48 2009  7  2 23 35   2455018.67 2009  7  6  4  0
 2455016.38 2009  7  3 21 10   2455019.57 2009  7  7  1 44   2455022.76 2009  7 10  6 17
 2455020.47 2009  7  7 23 10   2455023.66 2009  7 11  3 52   2455026.86 2009  7 14  8 33
 2455024.55 2009  7 12  1  9   2455027.75 2009  7 15  6  0   2455030.95 2009  7 18 10 50
 2455028.63 2009  7 16  3  9   2455031.84 2009  7 19  8  8   2455035.05 2009  7 22 13  7
 2455032.71 2009  7 20  5  8   2455035.93 2009  7 23 10 16   2455039.14 2009  7 26 15 24
 2455036.80 2009  7 24  7  8   2455040.02 2009  7 27 12 24   2455043.24 2009  7 30 17 41
 2455040.88 2009  7 28  9  8   2455044.11 2009  7 31 14 32   2455047.33 2009  8  3 19 57
 2455044.96 2009  8  1 11  7   2455048.20 2009  8  4 16 41   2455051.43 2009  8  7 22 14
 2455049.05 2009  8  5 13  7   2455052.28 2009  8  8 18 49   2455055.52 2009  8 12  0 31
 2455053.13 2009  8  9 15  6   2455056.37 2009  8 12 20 57   2455059.62 2009  8 16  2 48
 2455057.21 2009  8 13 17  6   2455060.46 2009  8 16 23  5   2455063.71 2009  8 20  5  5
 2455061.30 2009  8 17 19  5   2455064.55 2009  8 21  1 13   2455067.81 2009  8 24  7 21
 2455065.38 2009  8 21 21  5   2455068.64 2009  8 25  3 21   2455071.90 2009  8 28  9 38
 2455069.46 2009  8 25 23  4   2455072.73 2009  8 29  5 30   2455076.00 2009  9  1 11 55
 2455073.54 2009  8 30  1  4   2455076.82 2009  9  2  7 38   2455080.09 2009  9  5 14 12
 2455077.63 2009  9  3  3  3   2455080.91 2009  9  6  9 46   2455084.19 2009  9  9 16 29
 2455081.71 2009  9  7  5  3   2455085.00 2009  9 10 11 54   2455088.28 2009  9 13 18 45
 2455085.79 2009  9 11  7  2   2455089.09 2009  9 14 14  2   2455092.38 2009  9 17 21  2
 2455089.88 2009  9 15  9  2   2455093.17 2009  9 18 16 10   2455096.47 2009  9 21 23 19
 2455093.96 2009  9 19 11  1   2455097.26 2009  9 22 18 19   2455100.57 2009  9 26  1 36
 2455098.04 2009  9 23 13  1   2455101.35 2009  9 26 20 27   2455104.66 2009  9 30  3 53
 2455102.13 2009  9 27 15  0   2455105.44 2009  9 30 22 35   2455108.76 2009 10  4  6  9
 2455106.21 2009 10  1 17  0   2455109.53 2009 10  5  0 43   2455112.85 2009 10  8  8 26
 2455110.29 2009 10  5 18 59   2455113.62 2009 10  9  2 51   2455116.95 2009 10 12 10 43
 2455114.37 2009 10  9 20 59   2455117.71 2009 10 13  4 59   2455121.04 2009 10 16 13  0
 2455118.46 2009 10 13 22 58   2455121.80 2009 10 17  7  8   2455125.14 2009 10 20 15 17
 2455122.54 2009 10 18  0 58   2455125.89 2009 10 21  9 16   2455129.23 2009 10 24 17 33
 2455126.62 2009 10 22  2 57   2455129.98 2009 10 25 11 24   2455133.33 2009 10 28 19 50
 2455130.71 2009 10 26  4 57   2455134.06 2009 10 29 13 32   2455137.42 2009 11  1 22  7
 2455134.79 2009 10 30  6 56   2455138.15 2009 11  2 15 40   2455141.52 2009 11  6  0 24
 2455138.87 2009 11  3  8 56   2455142.24 2009 11  6 17 48   2455145.61 2009 11 10  2 41
 2455142.96 2009 11  7 10 56   2455146.33 2009 11 10 19 56   2455149.71 2009 11 14  4 57
 2455147.04 2009 11 11 12 55   2455150.42 2009 11 14 22  5   2455153.80 2009 11 18  7 14
 2455151.12 2009 11 15 14 55   2455154.51 2009 11 19  0 13   2455157.90 2009 11 22  9 31
 2455155.20 2009 11 19 16 54   2455158.60 2009 11 23  2 21   2455161.99 2009 11 26 11 48
 2455159.29 2009 11 23 18 54   2455162.69 2009 11 27  4 29   2455166.09 2009 11 30 14  5
 2455163.37 2009 11 27 20 53   2455166.78 2009 12  1  6 37   2455170.18 2009 12  4 16 21
 2455167.45 2009 12  1 22 53   2455170.87 2009 12  5  8 45   2455174.28 2009 12  8 18 38
 2455171.54 2009 12  6  0 52   2455174.95 2009 12  9 10 54   2455178.37 2009 12 12 20 55
 2455175.62 2009 12 10  2 52   2455179.04 2009 12 13 13  2   2455182.47 2009 12 16 23 12
 2455179.70 2009 12 14  4 51   2455183.13 2009 12 17 15 10   2455186.56 2009 12 21  1 29
 2455183.79 2009 12 18  6 51   2455187.22 2009 12 21 17 18   2455190.66 2009 12 25  3 45
 2455187.87 2009 12 22  8 50   2455191.31 2009 12 25 19 26   2455194.75 2009 12 29  6  2
 2455191.95 2009 12 26 10 50   2455195.40 2009 12 29 21 34   2455198.85 2010  1  2  8 19
 2455196.03 2009 12 30 12 49   2455199.49 2010  1  2 23 43   2455202.94 2010  1  6 10 36
 2455200.12 2010  1  3 14 49   2455203.58 2010  1  7  1 51   2455207.04 2010  1 10 12 53
 2455204.20 2010  1  7 16 48   2455207.67 2010  1 11  3 59   2455211.13 2010  1 14 15  9
 2455208.28 2010  1 11 18 48   2455211.76 2010  1 15  6  7   2455215.23 2010  1 18 17 26
 2455212.37 2010  1 15 20 47   2455215.84 2010  1 19  8 15   2455219.32 2010  1 22 19 43
 2455216.45 2010  1 19 22 47   2455219.93 2010  1 23 10 23   2455223.42 2010  1 26 22  0
 2455220.53 2010  1 24  0 46   2455224.02 2010  1 27 12 32   2455227.51 2010  1 31  0 17
 2455224.62 2010  1 28  2 46   2455228.11 2010  1 31 14 40   2455231.61 2010  2  4  2 33
 2455228.70 2010  2  1  4 45   2455232.20 2010  2  4 16 48   2455235.70 2010  2  8  4 50
 2455232.78 2010  2  5  6 45   2455236.29 2010  2  8 18 56   2455239.80 2010  2 12  7  7
 2455236.86 2010  2  9  8 44   2455240.38 2010  2 12 21  4   2455243.89 2010  2 16  9 24
 2455240.95 2010  2 13 10 44   2455244.47 2010  2 16 23 12   2455247.99 2010  2 20 11 41
 2455245.03 2010  2 17 12 44   2455248.56 2010  2 21  1 20   2455252.08 2010  2 24 13 57
 2455249.11 2010  2 21 14 43   2455252.65 2010  2 25  3 29   2455256.18 2010  2 28 16 14
 2455253.20 2010  2 25 16 43   2455256.73 2010  3  1  5 37   2455260.27 2010  3  4 18 31
 2455257.28 2010  3  1 18 42   2455260.82 2010  3  5  7 45   2455264.37 2010  3  8 20 48
 2455261.36 2010  3  5 20 42   2455264.91 2010  3  9  9 53   2455268.46 2010  3 12 23  5
 2455265.45 2010  3  9 22 41   2455269.00 2010  3 13 12  1   2455272.56 2010  3 17  1 21
 2455269.53 2010  3 14  0 41   2455273.09 2010  3 17 14  9   2455276.65 2010  3 21  3 38
 2455273.61 2010  3 18  2 40   2455277.18 2010  3 21 16 18   2455280.75 2010  3 25  5 55
 2455277.69 2010  3 22  4 40   2455281.27 2010  3 25 18 26   2455284.84 2010  3 29  8 12
 2455281.78 2010  3 26  6 39   2455285.36 2010  3 29 20 34   2455288.94 2010  4  2 10 29
 2455285.86 2010  3 30  8 39   2455289.45 2010  4  2 22 42   2455293.03 2010  4  6 12 45
 2455289.94 2010  4  3 10 38   2455293.54 2010  4  7  0 50   2455297.13 2010  4 10 15  2
 2455294.03 2010  4  7 12 38   2455297.62 2010  4 11  2 58   2455301.22 2010  4 14 17 19
 2455298.11 2010  4 11 14 37   2455301.71 2010  4 15  5  7   2455305.32 2010  4 18 19 36
 2455302.19 2010  4 15 16 37   2455305.80 2010  4 19  7 15   2455309.41 2010  4 22 21 53
 2455306.28 2010  4 19 18 36   2455309.89 2010  4 23  9 23   2455313.51 2010  4 27  0  9
 2455310.36 2010  4 23 20 36   2455313.98 2010  4 27 11 31   2455317.60 2010  5  1  2 26
 2455314.44 2010  4 27 22 35   2455318.07 2010  5  1 13 39   2455321.70 2010  5  5  4 43
 2455318.52 2010  5  2  0 35   2455322.16 2010  5  5 15 47   2455325.79 2010  5  9  7  0
 2455322.61 2010  5  6  2 34   2455326.25 2010  5  9 17 56   2455329.89 2010  5 13  9 17
 2455326.69 2010  5 10  4 34   2455330.34 2010  5 13 20  4   2455333.98 2010  5 17 11 33
 2455330.77 2010  5 14  6 33   2455334.43 2010  5 17 22 12   2455338.08 2010  5 21 13 50
 2455334.86 2010  5 18  8 33   2455338.51 2010  5 22  0 20   2455342.17 2010  5 25 16  7
 2455338.94 2010  5 22 10 32   2455342.60 2010  5 26  2 28   2455346.27 2010  5 29 18 24
 2455343.02 2010  5 26 12 32   2455346.69 2010  5 30  4 36   2455350.36 2010  6  2 20 41
 2455347.11 2010  5 30 14 32   2455350.78 2010  6  3  6 45   2455354.46 2010  6  6 22 57
 2455351.19 2010  6  3 16 31   2455354.87 2010  6  7  8 53   2455358.55 2010  6 11  1 14
 2455355.27 2010  6  7 18 31   2455358.96 2010  6 11 11  1   2455362.65 2010  6 15  3 31
 2455359.35 2010  6 11 20 30   2455363.05 2010  6 15 13  9   2455366.74 2010  6 19  5 48
 2455363.44 2010  6 15 22 30   2455367.14 2010  6 19 15 17   2455370.84 2010  6 23  8  5
 2455367.52 2010  6 20  0 29   2455371.23 2010  6 23 17 25   2455374.93 2010  6 27 10 21
 2455371.60 2010  6 24  2 29   2455375.32 2010  6 27 19 33   2455379.03 2010  7  1 12 38
 2455375.69 2010  6 28  4 28   2455379.40 2010  7  1 21 42   2455383.12 2010  7  5 14 55
 2455379.77 2010  7  2  6 28   2455383.49 2010  7  5 23 50   2455387.22 2010  7  9 17 12
 2455383.85 2010  7  6  8 27   2455387.58 2010  7 10  1 58   2455391.31 2010  7 13 19 29
 2455387.94 2010  7 10 10 27   2455391.67 2010  7 14  4  6   2455395.41 2010  7 17 21 45
 2455392.02 2010  7 14 12 26   2455395.76 2010  7 18  6 14   2455399.50 2010  7 22  0  2
 2455396.10 2010  7 18 14 26   2455399.85 2010  7 22  8 22   2455403.60 2010  7 26  2 19
 2455400.18 2010  7 22 16 25   2455403.94 2010  7 26 10 31   2455407.69 2010  7 30  4 36
 2455404.27 2010  7 26 18 25   2455408.03 2010  7 30 12 39   2455411.79 2010  8  3  6 53
 2455408.35 2010  7 30 20 24   2455412.12 2010  8  3 14 47   2455415.88 2010  8  7  9  9
 2455412.43 2010  8  3 22 24   2455416.21 2010  8  7 16 55   2455419.98 2010  8 11 11 26
 2455416.52 2010  8  8  0 23   2455420.29 2010  8 11 19  3   2455424.07 2010  8 15 13 43
 2455420.60 2010  8 12  2 23   2455424.38 2010  8 15 21 11   2455428.17 2010  8 19 16  0
 2455424.68 2010  8 16  4 22   2455428.47 2010  8 19 23 20   2455432.26 2010  8 23 18 17
 2455428.77 2010  8 20  6 22   2455432.56 2010  8 24  1 28   2455436.36 2010  8 27 20 33
 2455432.85 2010  8 24  8 21   2455436.65 2010  8 28  3 36   2455440.45 2010  8 31 22 50
 2455436.93 2010  8 28 10 21   2455440.74 2010  9  1  5 44   2455444.55 2010  9  5  1  7
 2455441.01 2010  9  1 12 20   2455444.83 2010  9  5  7 52   2455448.64 2010  9  9  3 24
 2455445.10 2010  9  5 14 20   2455448.92 2010  9  9 10  0   2455452.74 2010  9 13  5 41
 2455449.18 2010  9  9 16 20   2455453.01 2010  9 13 12  8   2455456.83 2010  9 17  7 57
 2455453.26 2010  9 13 18 19   2455457.10 2010  9 17 14 17   2455460.93 2010  9 21 10 14
 2455457.35 2010  9 17 20 19   2455461.18 2010  9 21 16 25   2455465.02 2010  9 25 12 31
 2455461.43 2010  9 21 22 18   2455465.27 2010  9 25 18 33   2455469.12 2010  9 29 14 48
 2455465.51 2010  9 26  0 18   2455469.36 2010  9 29 20 41   2455473.21 2010 10  3 17  5
 2455469.60 2010  9 30  2 17   2455473.45 2010 10  3 22 49   2455477.31 2010 10  7 19 21
 2455473.68 2010 10  4  4 17   2455477.54 2010 10  8  0 57   2455481.40 2010 10 11 21 38
 2455477.76 2010 10  8  6 16   2455481.63 2010 10 12  3  6   2455485.50 2010 10 15 23 55
 2455481.84 2010 10 12  8 16   2455485.72 2010 10 16  5 14   2455489.59 2010 10 20  2 12
 2455485.93 2010 10 16 10 15   2455489.81 2010 10 20  7 22   2455493.69 2010 10 24  4 29
 2455490.01 2010 10 20 12 15   2455493.90 2010 10 24  9 30   2455497.78 2010 10 28  6 45
 2455494.09 2010 10 24 14 14   2455497.99 2010 10 28 11 38   2455501.88 2010 11  1  9  2
 2455498.18 2010 10 28 16 14   2455502.07 2010 11  1 13 46   2455505.97 2010 11  5 11 19
 2455502.26 2010 11  1 18 13   2455506.16 2010 11  5 15 55   2455510.07 2010 11  9 13 36
 2455506.34 2010 11  5 20 13   2455510.25 2010 11  9 18  3   2455514.16 2010 11 13 15 53
 2455510.43 2010 11  9 22 12   2455514.34 2010 11 13 20 11   2455518.26 2010 11 17 18  9
 2455514.51 2010 11 14  0 12   2455518.43 2010 11 17 22 19   2455522.35 2010 11 21 20 26
 2455518.59 2010 11 18  2 11   2455522.52 2010 11 22  0 27   2455526.45 2010 11 25 22 43
 2455522.67 2010 11 22  4 11   2455526.61 2010 11 26  2 35   2455530.54 2010 11 30  1  0
 2455526.76 2010 11 26  6 10   2455530.70 2010 11 30  4 44   2455534.64 2010 12  4  3 17
 2455530.84 2010 11 30  8 10   2455534.79 2010 12  4  6 52   2455538.73 2010 12  8  5 33
 2455534.92 2010 12  4 10  9   2455538.88 2010 12  8  9  0   2455542.83 2010 12 12  7 50
 2455539.01 2010 12  8 12  9   2455542.96 2010 12 12 11  8   2455546.92 2010 12 16 10  7
 2455543.09 2010 12 12 14  8   2455547.05 2010 12 16 13 16   2455551.02 2010 12 20 12 24
 2455547.17 2010 12 16 16  8   2455551.14 2010 12 20 15 24   2455555.11 2010 12 24 14 41
 2455551.26 2010 12 20 18  8   2455555.23 2010 12 24 17 32   2455559.21 2010 12 28 16 57
 2455555.34 2010 12 24 20  7   2455559.32 2010 12 28 19 41   2455563.30 2011  1  1 19 14
 2455559.42 2010 12 28 22  7   2455563.41 2011  1  1 21 49   2455567.40 2011  1  5 21 31
 2455563.50 2011  1  2  0  6   2455567.50 2011  1  5 23 57   2455571.49 2011  1  9 23 48
 2455567.59 2011  1  6  2  6   2455571.59 2011  1 10  2  5   2455575.59 2011  1 14  2  5
 2455571.67 2011  1 10  4  5   2455575.68 2011  1 14  4 13   2455579.68 2011  1 18  4 21
 2455575.75 2011  1 14  6  5   2455579.77 2011  1 18  6 21   2455583.78 2011  1 22  6 38
 2455579.84 2011  1 18  8  4   2455583.85 2011  1 22  8 30   2455587.87 2011  1 26  8 55
 2455583.92 2011  1 22 10  4   2455587.94 2011  1 26 10 38   2455591.97 2011  1 30 11 12
 2455588.00 2011  1 26 12  3   2455592.03 2011  1 30 12 46   2455596.06 2011  2  3 13 29
 2455592.09 2011  1 30 14  3   2455596.12 2011  2  3 14 54   2455600.16 2011  2  7 15 45
 2455596.17 2011  2  3 16  2   2455600.21 2011  2  7 17  2   2455604.25 2011  2 11 18  2
 2455600.25 2011  2  7 18  2   2455604.30 2011  2 11 19 10   2455608.35 2011  2 15 20 19
 2455604.33 2011  2 11 20  1   2455608.39 2011  2 15 21 19   2455612.44 2011  2 19 22 36
 2455608.42 2011  2 15 22  1   2455612.48 2011  2 19 23 27   2455616.54 2011  2 24  0 53
 2455612.50 2011  2 20  0  0   2455616.57 2011  2 24  1 35   2455620.63 2011  2 28  3  9
 2455616.58 2011  2 24  2  0   2455620.66 2011  2 28  3 43   2455624.73 2011  3  4  5 26
 2455620.67 2011  2 28  3 59   2455624.74 2011  3  4  5 51   2455628.82 2011  3  8  7 43
 2455624.75 2011  3  4  5 59   2455628.83 2011  3  8  7 59   2455632.92 2011  3 12 10  0
 2455628.83 2011  3  8  7 58   2455632.92 2011  3 12 10  8   2455637.01 2011  3 16 12 17
 2455632.92 2011  3 12  9 58   2455637.01 2011  3 16 12 16   2455641.11 2011  3 20 14 33
 2455637.00 2011  3 16 11 57   2455641.10 2011  3 20 14 24   2455645.20 2011  3 24 16 50
 2455641.08 2011  3 20 13 57   2455645.19 2011  3 24 16 32   2455649.30 2011  3 28 19  7
 2455645.16 2011  3 24 15 56   2455649.28 2011  3 28 18 40   2455653.39 2011  4  1 21 24
 2455649.25 2011  3 28 17 56   2455653.37 2011  4  1 20 48   2455657.49 2011  4  5 23 41
 2455653.33 2011  4  1 19 56   2455657.46 2011  4  5 22 56   2455661.58 2011  4 10  1 57
 2455657.41 2011  4  5 21 55   2455661.55 2011  4 10  1  5   2455665.68 2011  4 14  4 14
 2455661.50 2011  4  9 23 55   2455665.63 2011  4 14  3 13   2455669.77 2011  4 18  6 31
 2455665.58 2011  4 14  1 54   2455669.72 2011  4 18  5 21   2455673.87 2011  4 22  8 48
 2455669.66 2011  4 18  3 54   2455673.81 2011  4 22  7 29   2455677.96 2011  4 26 11  5
 2455673.75 2011  4 22  5 53   2455677.90 2011  4 26  9 37   2455682.06 2011  4 30 13 21
 2455677.83 2011  4 26  7 53   2455681.99 2011  4 30 11 45   2455686.15 2011  5  4 15 38
 2455681.91 2011  4 30  9 52   2455686.08 2011  5  4 13 54   2455690.25 2011  5  8 17 55
 2455685.99 2011  5  4 11 52   2455690.17 2011  5  8 16  2   2455694.34 2011  5 12 20 12
 2455690.08 2011  5  8 13 51   2455694.26 2011  5 12 18 10   2455698.44 2011  5 16 22 29
 2455694.16 2011  5 12 15 51   2455698.35 2011  5 16 20 18   2455702.53 2011  5 21  0 45
 2455698.24 2011  5 16 17 50   2455702.44 2011  5 20 22 26   2455706.63 2011  5 25  3  2
 2455702.33 2011  5 20 19 50   2455706.52 2011  5 25  0 34   2455710.72 2011  5 29  5 19
 2455706.41 2011  5 24 21 49   2455710.61 2011  5 29  2 43   2455714.82 2011  6  2  7 36
 2455710.49 2011  5 28 23 49   2455714.70 2011  6  2  4 51   2455718.91 2011  6  6  9 53
 2455714.58 2011  6  2  1 48   2455718.79 2011  6  6  6 59   2455723.01 2011  6 10 12  9
 2455718.66 2011  6  6  3 48   2455722.88 2011  6 10  9  7   2455727.10 2011  6 14 14 26
 2455722.74 2011  6 10  5 47   2455726.97 2011  6 14 11 15   2455731.20 2011  6 18 16 43
 2455726.82 2011  6 14  7 47   2455731.06 2011  6 18 13 23   2455735.29 2011  6 22 19  0
 2455730.91 2011  6 18  9 46   2455735.15 2011  6 22 15 32   2455739.39 2011  6 26 21 17
 2455734.99 2011  6 22 11 46   2455739.24 2011  6 26 17 40   2455743.48 2011  6 30 23 33
 2455739.07 2011  6 26 13 45   2455743.33 2011  6 30 19 48   2455747.58 2011  7  5  1 50
 2455743.16 2011  6 30 15 45   2455747.41 2011  7  4 21 56   2455751.67 2011  7  9  4  7
 2455747.24 2011  7  4 17 44   2455751.50 2011  7  9  0  4   2455755.77 2011  7 13  6 24
 2455751.32 2011  7  8 19 44   2455755.59 2011  7 13  2 12   2455759.86 2011  7 17  8 41
 2455755.41 2011  7 12 21 44   2455759.68 2011  7 17  4 20   2455763.96 2011  7 21 10 57
 2455759.49 2011  7 16 23 43   2455763.77 2011  7 21  6 29   2455768.05 2011  7 25 13 14
 2455763.57 2011  7 21  1 43   2455767.86 2011  7 25  8 37   2455772.15 2011  7 29 15 31
 2455767.65 2011  7 25  3 42   2455771.95 2011  7 29 10 45   2455776.24 2011  8  2 17 48
 2455771.74 2011  7 29  5 42   2455776.04 2011  8  2 12 53   2455780.34 2011  8  6 20  5
