 Predicted Transit Epochs: HD1461___ c

 Predicted Duration of a Central Transit:    10.   Hours

 Begin Transit Window           PREDICTED CENTRAL TRANSIT     End Transit Window
                                     All Times UT

                               HJD        Year M  D  H  M
 2455283.05 2010  3 27 13  5   2455287.54 2010  4  1  0 57   2455292.03 2010  4  5 12 50
 2455508.45 2010 11  7 22 41   2455513.16 2010 11 12 15 50   2455517.87 2010 11 17  8 59
 2455733.85 2011  6 21  8 17   2455738.78 2011  6 26  6 43   2455743.71 2011  7  1  5  9
 2455959.25 2012  2  1 17 53   2455964.40 2012  2  6 21 36   2455969.55 2012  2 12  1 18
 2456184.65 2012  9 14  3 29   2456190.02 2012  9 19 12 29   2456195.39 2012  9 24 21 28
 2456410.05 2013  4 27 13  5   2456415.64 2013  5  3  3 21   2456421.23 2013  5  8 17 38
 2456635.45 2013 12  8 22 41   2456641.26 2013 12 14 18 14   2456647.07 2013 12 20 13 47
 2456860.85 2014  7 22  8 17   2456866.88 2014  7 28  9  7   2456872.91 2014  8  3  9 57
 2457086.25 2015  3  4 17 53   2457092.50 2015  3 11  0  0   2457098.75 2015  3 17  6  6
 2457311.65 2015 10 16  3 29   2457318.12 2015 10 22 14 53   2457324.59 2015 10 29  2 16
 2457537.05 2016  5 28 13  5   2457543.74 2016  6  4  5 45   2457550.43 2016  6 10 22 26
 2457762.45 2017  1  8 22 41   2457769.36 2017  1 15 20 38   2457776.27 2017  1 22 18 35
 2457987.85 2017  8 22  8 17   2457994.98 2017  8 29 11 31   2458002.11 2017  9  5 14 45
 2458213.25 2018  4  4 17 53   2458220.60 2018  4 12  2 24   2458227.95 2018  4 19 10 54
 2458438.65 2018 11 16  3 29   2458446.22 2018 11 23 17 17   2458453.79 2018 12  1  7  4
 2458664.05 2019  6 29 13  5   2458671.84 2019  7  7  8  9   2458679.63 2019  7 15  3 14
 2458889.45 2020  2  9 22 41   2458897.46 2020  2 17 23  2   2458905.47 2020  2 25 23 23
 2459114.85 2020  9 22  8 17   2459123.08 2020  9 30 13 55   2459131.31 2020 10  8 19 33
 2459340.25 2021  5  5 17 53   2459348.70 2021  5 14  4 48   2459357.15 2021  5 22 15 42
 2459565.65 2021 12 17  3 29   2459574.32 2021 12 25 19 41   2459582.99 2022  1  3 11 52
 2459791.05 2022  7 30 13  5   2459799.94 2022  8  8 10 33   2459808.83 2022  8 17  8  2
 2460016.45 2023  3 12 22 41   2460025.56 2023  3 22  1 26   2460034.67 2023  3 31  4 11
 2460241.85 2023 10 24  8 17   2460251.18 2023 11  2 16 19   2460260.51 2023 11 12  0 21
 2460467.25 2024  6  5 17 53   2460476.80 2024  6 15  7 12   2460486.35 2024  6 24 20 30
 2460692.65 2025  1 17  3 29   2460702.42 2025  1 26 22  5   2460712.19 2025  2  5 16 40
 2460918.05 2025  8 30 13  5   2460928.04 2025  9  9 12 57   2460938.03 2025  9 19 12 50
 2461143.45 2026  4 12 22 41   2461153.66 2026  4 23  3 50   2461163.87 2026  5  3  8 59
 2461368.85 2026 11 24  8 17   2461379.28 2026 12  4 18 43   2461389.71 2026 12 15  5  9
 2461594.25 2027  7  7 17 53   2461604.90 2027  7 18  9 36   2461615.55 2027  7 29  1 18
 2461819.65 2028  2 18  3 29   2461830.52 2028  2 29  0 29   2461841.39 2028  3 10 21 28
 2462045.05 2028  9 30 13  5   2462056.14 2028 10 11 15 21   2462067.23 2028 10 22 17 38
 2462270.45 2029  5 13 22 41   2462281.76 2029  5 25  6 14   2462293.07 2029  6  5 13 47
 2462495.85 2029 12 25  8 17   2462507.38 2030  1  5 21  7   2462518.91 2030  1 17  9 57
 2462721.25 2030  8  7 17 53   2462733.00 2030  8 19 12  0   2462744.75 2030  8 31  6  6
