 Predicted Transit Epochs: HD147513_ b

 Predicted Duration of a Central Transit:    21.   Hours

 Begin Transit Window           PREDICTED CENTRAL TRANSIT     End Transit Window
                                     All Times UT

                               HJD        Year M  D  H  M
 2454989.84 2009  6  7  8  2   2455057.19 2009  8 13 16 31   2455124.54 2009 10 20  1  0
 2455511.94 2010 11 11 10 26   2455585.59 2011  1 24  2  7   2455659.24 2011  4  7 17 48
 2456034.04 2012  4 16 12 50   2456113.99 2012  7  5 11 43   2456193.94 2012  9 23 10 36
 2456556.14 2013  9 20 15 14   2456642.39 2013 12 15 21 19   2456728.64 2014  3 12  3 24
 2457078.24 2015  2 24 17 38   2457170.79 2015  5 28  6 55   2457263.34 2015  8 28 20 12
 2457600.34 2016  7 30 20  2   2457699.19 2016 11  6 16 31   2457798.04 2017  2 13 13  0
 2458122.44 2018  1  3 22 26   2458227.59 2018  4 19  2  7   2458332.74 2018  8  2  5 48
 2458644.54 2019  6 10  0 50   2458755.99 2019  9 29 11 43   2458867.44 2020  1 18 22 36
 2459166.64 2020 11 13  3 14   2459284.39 2021  3 10 21 19   2459402.14 2021  7  6 15 24
 2459688.74 2022  4 19  5 38   2459812.79 2022  8 21  6 55   2459936.84 2022 12 23  8 12
 2460210.84 2023  9 23  8  2   2460341.19 2024  1 31 16 31   2460471.54 2024  6 10  1  0
 2460732.94 2025  2 26 10 26   2460869.59 2025  7 13  2  7   2461006.24 2025 11 26 17 48
 2461255.04 2026  8  2 12 50   2461397.99 2026 12 23 11 43   2461540.94 2027  5 15 10 36
 2461777.14 2028  1  6 15 14   2461926.39 2028  6  3 21 19   2462075.64 2028 10 31  3 24
 2462299.24 2029  6 11 17 38   2462454.79 2029 11 14  6 55   2462610.34 2030  4 18 20 12
