 Predicted Transit Epochs: HD149026_ b

Observed Transit Duration:  196.8 Minutes

 Begin Transit Window           PREDICTED CENTRAL TRANSIT     End Transit Window
                                     All Times UT

                               HJD        Year M  D  H  M
 2454925.46 2009  4  3 23  0   2454925.60 2009  4  4  2 25   2454925.74 2009  4  4  5 49
 2454928.33 2009  4  6 20  1   2454928.48 2009  4  6 23 26   2454928.62 2009  4  7  2 51
 2454931.21 2009  4  9 17  2   2454931.35 2009  4  9 20 28   2454931.50 2009  4  9 23 53
 2454934.09 2009  4 12 14  4   2454934.23 2009  4 12 17 29   2454934.37 2009  4 12 20 54
 2454936.96 2009  4 15 11  5   2454937.10 2009  4 15 14 30   2454937.25 2009  4 15 17 56
 2454939.84 2009  4 18  8  6   2454939.98 2009  4 18 11 32   2454940.12 2009  4 18 14 58
 2454942.71 2009  4 21  5  7   2454942.86 2009  4 21  8 33   2454943.00 2009  4 21 11 59
 2454945.59 2009  4 24  2  8   2454945.73 2009  4 24  5 35   2454945.88 2009  4 24  9  1
 2454948.47 2009  4 26 23 10   2454948.61 2009  4 27  2 36   2454948.75 2009  4 27  6  2
 2454951.34 2009  4 29 20 11   2454951.48 2009  4 29 23 37   2454951.63 2009  4 30  3  4
 2454954.22 2009  5  2 17 12   2454954.36 2009  5  2 20 39   2454954.50 2009  5  3  0  6
 2454957.09 2009  5  5 14 13   2454957.24 2009  5  5 17 40   2454957.38 2009  5  5 21  7
 2454959.97 2009  5  8 11 14   2454960.11 2009  5  8 14 42   2454960.26 2009  5  8 18  9
 2454962.84 2009  5 11  8 16   2454962.99 2009  5 11 11 43   2454963.13 2009  5 11 15 11
 2454965.72 2009  5 14  5 17   2454965.86 2009  5 14  8 44   2454966.01 2009  5 14 12 12
 2454968.60 2009  5 17  2 18   2454968.74 2009  5 17  5 46   2454968.88 2009  5 17  9 14
 2454971.47 2009  5 19 23 19   2454971.62 2009  5 20  2 47   2454971.76 2009  5 20  6 15
 2454974.35 2009  5 22 20 20   2454974.49 2009  5 22 23 49   2454974.64 2009  5 23  3 17
 2454977.22 2009  5 25 17 22   2454977.37 2009  5 25 20 50   2454977.51 2009  5 26  0 19
 2454980.10 2009  5 28 14 23   2454980.24 2009  5 28 17 52   2454980.39 2009  5 28 21 20
 2454982.98 2009  5 31 11 24   2454983.12 2009  5 31 14 53   2454983.27 2009  5 31 18 22
 2454985.85 2009  6  3  8 25   2454986.00 2009  6  3 11 54   2454986.14 2009  6  3 15 24
 2454988.73 2009  6  6  5 26   2454988.87 2009  6  6  8 56   2454989.02 2009  6  6 12 25
 2454991.60 2009  6  9  2 28   2454991.75 2009  6  9  5 57   2454991.89 2009  6  9  9 27
 2454994.48 2009  6 11 23 29   2454994.62 2009  6 12  2 59   2454994.77 2009  6 12  6 28
 2454997.35 2009  6 14 20 30   2454997.50 2009  6 15  0  0   2454997.65 2009  6 15  3 30
 2455000.23 2009  6 17 17 31   2455000.38 2009  6 17 21  1   2455000.52 2009  6 18  0 32
 2455003.11 2009  6 20 14 32   2455003.25 2009  6 20 18  3   2455003.40 2009  6 20 21 33
 2455005.98 2009  6 23 11 33   2455006.13 2009  6 23 15  4   2455006.27 2009  6 23 18 35
 2455008.86 2009  6 26  8 35   2455009.00 2009  6 26 12  6   2455009.15 2009  6 26 15 37
 2455011.73 2009  6 29  5 36   2455011.88 2009  6 29  9  7   2455012.03 2009  6 29 12 38
 2455014.61 2009  7  2  2 37   2455014.76 2009  7  2  6  8   2455014.90 2009  7  2  9 40
 2455017.49 2009  7  4 23 38   2455017.63 2009  7  5  3 10   2455017.78 2009  7  5  6 41
 2455020.36 2009  7  7 20 39   2455020.51 2009  7  8  0 11   2455020.66 2009  7  8  3 43
 2455023.24 2009  7 10 17 41   2455023.38 2009  7 10 21 13   2455023.53 2009  7 11  0 45
 2455026.11 2009  7 13 14 42   2455026.26 2009  7 13 18 14   2455026.41 2009  7 13 21 46
 2455028.99 2009  7 16 11 43   2455029.14 2009  7 16 15 15   2455029.28 2009  7 16 18 48
 2455031.86 2009  7 19  8 44   2455032.01 2009  7 19 12 17   2455032.16 2009  7 19 15 50
 2455034.74 2009  7 22  5 45   2455034.89 2009  7 22  9 18   2455035.04 2009  7 22 12 51
 2455037.62 2009  7 25  2 47   2455037.76 2009  7 25  6 20   2455037.91 2009  7 25  9 53
 2455040.49 2009  7 27 23 48   2455040.64 2009  7 28  3 21   2455040.79 2009  7 28  6 54
 2455043.37 2009  7 30 20 49   2455043.52 2009  7 31  0 23   2455043.66 2009  7 31  3 56
 2455046.24 2009  8  2 17 50   2455046.39 2009  8  2 21 24   2455046.54 2009  8  3  0 58
 2455049.12 2009  8  5 14 51   2455049.27 2009  8  5 18 25   2455049.42 2009  8  5 21 59
 2455052.00 2009  8  8 11 53   2455052.14 2009  8  8 15 27   2455052.29 2009  8  8 19  1
 2455054.87 2009  8 11  8 54   2455055.02 2009  8 11 12 28   2455055.17 2009  8 11 16  3
 2455057.75 2009  8 14  5 55   2455057.90 2009  8 14  9 30   2455058.04 2009  8 14 13  4
 2455060.62 2009  8 17  2 56   2455060.77 2009  8 17  6 31   2455060.92 2009  8 17 10  6
 2455063.50 2009  8 19 23 57   2455063.65 2009  8 20  3 32   2455063.80 2009  8 20  7  7
 2455066.37 2009  8 22 20 59   2455066.52 2009  8 23  0 34   2455066.67 2009  8 23  4  9
 2455069.25 2009  8 25 18  0   2455069.40 2009  8 25 21 35   2455069.55 2009  8 26  1 11
 2455072.13 2009  8 28 15  1   2455072.28 2009  8 28 18 37   2455072.43 2009  8 28 22 12
 2455075.00 2009  8 31 12  2   2455075.15 2009  8 31 15 38   2455075.30 2009  8 31 19 14
 2455077.88 2009  9  3  9  3   2455078.03 2009  9  3 12 39   2455078.18 2009  9  3 16 16
 2455080.75 2009  9  6  6  5   2455080.90 2009  9  6  9 41   2455081.05 2009  9  6 13 17
 2455083.63 2009  9  9  3  6   2455083.78 2009  9  9  6 42   2455083.93 2009  9  9 10 19
 2455086.51 2009  9 12  0  7   2455086.66 2009  9 12  3 44   2455086.81 2009  9 12  7 20
 2455089.38 2009  9 14 21  8   2455089.53 2009  9 15  0 45   2455089.68 2009  9 15  4 22
 2455092.26 2009  9 17 18  9   2455092.41 2009  9 17 21 47   2455092.56 2009  9 18  1 24
 2455095.13 2009  9 20 15 11   2455095.28 2009  9 20 18 48   2455095.43 2009  9 20 22 25
 2455098.01 2009  9 23 12 12   2455098.16 2009  9 23 15 49   2455098.31 2009  9 23 19 27
 2455100.88 2009  9 26  9 13   2455101.04 2009  9 26 12 51   2455101.19 2009  9 26 16 29
 2455103.76 2009  9 29  6 14   2455103.91 2009  9 29  9 52   2455104.06 2009  9 29 13 30
 2455106.64 2009 10  2  3 15   2455106.79 2009 10  2  6 54   2455106.94 2009 10  2 10 32
 2455109.51 2009 10  5  0 17   2455109.66 2009 10  5  3 55   2455109.82 2009 10  5  7 34
 2455112.39 2009 10  7 21 18   2455112.54 2009 10  8  0 56   2455112.69 2009 10  8  4 35
 2455115.26 2009 10 10 18 19   2455115.42 2009 10 10 21 58   2455115.57 2009 10 11  1 37
 2455118.14 2009 10 13 15 20   2455118.29 2009 10 13 18 59   2455118.44 2009 10 13 22 38
 2455121.02 2009 10 16 12 21   2455121.17 2009 10 16 16  1   2455121.32 2009 10 16 19 40
 2455123.89 2009 10 19  9 22   2455124.04 2009 10 19 13  2   2455124.20 2009 10 19 16 42
 2455126.77 2009 10 22  6 24   2455126.92 2009 10 22 10  3   2455127.07 2009 10 22 13 43
 2455129.64 2009 10 25  3 25   2455129.80 2009 10 25  7  5   2455129.95 2009 10 25 10 45
 2455132.52 2009 10 28  0 26   2455132.67 2009 10 28  4  6   2455132.82 2009 10 28  7 47
 2455135.39 2009 10 30 21 27   2455135.55 2009 10 31  1  8   2455135.70 2009 10 31  4 48
 2455138.27 2009 11  2 18 28   2455138.42 2009 11  2 22  9   2455138.58 2009 11  3  1 50
 2455141.15 2009 11  5 15 30   2455141.30 2009 11  5 19 11   2455141.45 2009 11  5 22 51
 2455144.02 2009 11  8 12 31   2455144.18 2009 11  8 16 12   2455144.33 2009 11  8 19 53
 2455146.90 2009 11 11  9 32   2455147.05 2009 11 11 13 13   2455147.20 2009 11 11 16 55
 2455149.77 2009 11 14  6 33   2455149.93 2009 11 14 10 15   2455150.08 2009 11 14 13 56
 2455152.65 2009 11 17  3 34   2455152.80 2009 11 17  7 16   2455152.96 2009 11 17 10 58
 2455155.53 2009 11 20  0 36   2455155.68 2009 11 20  4 18   2455155.83 2009 11 20  8  0
 2455158.40 2009 11 22 21 37   2455158.56 2009 11 23  1 19   2455158.71 2009 11 23  5  1
 2455161.28 2009 11 25 18 38   2455161.43 2009 11 25 22 20   2455161.59 2009 11 26  2  3
 2455164.15 2009 11 28 15 39   2455164.31 2009 11 28 19 22   2455164.46 2009 11 28 23  4
 2455167.03 2009 12  1 12 40   2455167.18 2009 12  1 16 23   2455167.34 2009 12  1 20  6
 2455169.90 2009 12  4  9 42   2455170.06 2009 12  4 13 25   2455170.21 2009 12  4 17  8
 2455172.78 2009 12  7  6 43   2455172.94 2009 12  7 10 26   2455173.09 2009 12  7 14  9
 2455175.66 2009 12 10  3 44   2455175.81 2009 12 10  7 27   2455175.97 2009 12 10 11 11
 2455178.53 2009 12 13  0 45   2455178.69 2009 12 13  4 29   2455178.84 2009 12 13  8 13
 2455181.41 2009 12 15 21 46   2455181.56 2009 12 16  1 30   2455181.72 2009 12 16  5 14
 2455184.28 2009 12 18 18 48   2455184.44 2009 12 18 22 32   2455184.59 2009 12 19  2 16
 2455187.16 2009 12 21 15 49   2455187.32 2009 12 21 19 33   2455187.47 2009 12 21 23 17
 2455190.04 2009 12 24 12 50   2455190.19 2009 12 24 16 35   2455190.35 2009 12 24 20 19
 2455192.91 2009 12 27  9 51   2455193.07 2009 12 27 13 36   2455193.22 2009 12 27 17 21
 2455195.79 2009 12 30  6 52   2455195.94 2009 12 30 10 37   2455196.10 2009 12 30 14 22
 2455198.66 2010  1  2  3 54   2455198.82 2010  1  2  7 39   2455198.98 2010  1  2 11 24
 2455201.54 2010  1  5  0 55   2455201.69 2010  1  5  4 40   2455201.85 2010  1  5  8 26
 2455204.41 2010  1  7 21 56   2455204.57 2010  1  8  1 42   2455204.73 2010  1  8  5 27
 2455207.29 2010  1 10 18 57   2455207.45 2010  1 10 22 43   2455207.60 2010  1 11  2 29
 2455210.17 2010  1 13 15 58   2455210.32 2010  1 13 19 44   2455210.48 2010  1 13 23 30
 2455213.04 2010  1 16 13  0   2455213.20 2010  1 16 16 46   2455213.36 2010  1 16 20 32
 2455215.92 2010  1 19 10  1   2455216.07 2010  1 19 13 47   2455216.23 2010  1 19 17 34
 2455218.79 2010  1 22  7  2   2455218.95 2010  1 22 10 49   2455219.11 2010  1 22 14 35
 2455221.67 2010  1 25  4  3   2455221.83 2010  1 25  7 50   2455221.98 2010  1 25 11 37
 2455224.55 2010  1 28  1  4   2455224.70 2010  1 28  4 51   2455224.86 2010  1 28  8 39
 2455227.42 2010  1 30 22  6   2455227.58 2010  1 31  1 53   2455227.74 2010  1 31  5 40
 2455230.30 2010  2  2 19  7   2455230.45 2010  2  2 22 54   2455230.61 2010  2  3  2 42
 2455233.17 2010  2  5 16  8   2455233.33 2010  2  5 19 56   2455233.49 2010  2  5 23 43
 2455236.05 2010  2  8 13  9   2455236.21 2010  2  8 16 57   2455236.37 2010  2  8 20 45
 2455238.92 2010  2 11 10 10   2455239.08 2010  2 11 13 59   2455239.24 2010  2 11 17 47
 2455241.80 2010  2 14  7 11   2455241.96 2010  2 14 11  0   2455242.12 2010  2 14 14 48
 2455244.68 2010  2 17  4 13   2455244.83 2010  2 17  8  1   2455244.99 2010  2 17 11 50
 2455247.55 2010  2 20  1 14   2455247.71 2010  2 20  5  3   2455247.87 2010  2 20  8 52
 2455250.43 2010  2 22 22 15   2455250.59 2010  2 23  2  4   2455250.75 2010  2 23  5 53
 2455253.30 2010  2 25 19 16   2455253.46 2010  2 25 23  6   2455253.62 2010  2 26  2 55
 2455256.18 2010  2 28 16 17   2455256.34 2010  2 28 20  7   2455256.50 2010  2 28 23 56
 2455259.05 2010  3  3 13 19   2455259.21 2010  3  3 17  8   2455259.37 2010  3  3 20 58
 2455261.93 2010  3  6 10 20   2455262.09 2010  3  6 14 10   2455262.25 2010  3  6 18  0
 2455264.81 2010  3  9  7 21   2455264.97 2010  3  9 11 11   2455265.13 2010  3  9 15  1
 2455267.68 2010  3 12  4 22   2455267.84 2010  3 12  8 13   2455268.00 2010  3 12 12  3
 2455270.56 2010  3 15  1 23   2455270.72 2010  3 15  5 14   2455270.88 2010  3 15  9  5
 2455273.43 2010  3 17 22 25   2455273.59 2010  3 18  2 15   2455273.75 2010  3 18  6  6
 2455276.31 2010  3 20 19 26   2455276.47 2010  3 20 23 17   2455276.63 2010  3 21  3  8
 2455279.19 2010  3 23 16 27   2455279.35 2010  3 23 20 18   2455279.51 2010  3 24  0 10
 2455282.06 2010  3 26 13 28   2455282.22 2010  3 26 17 20   2455282.38 2010  3 26 21 11
 2455284.94 2010  3 29 10 29   2455285.10 2010  3 29 14 21   2455285.26 2010  3 29 18 13
 2455287.81 2010  4  1  7 31   2455287.97 2010  4  1 11 23   2455288.14 2010  4  1 15 14
 2455290.69 2010  4  4  4 32   2455290.85 2010  4  4  8 24   2455291.01 2010  4  4 12 16
 2455293.56 2010  4  7  1 33   2455293.73 2010  4  7  5 25   2455293.89 2010  4  7  9 18
 2455296.44 2010  4  9 22 34   2455296.60 2010  4 10  2 27   2455296.76 2010  4 10  6 19
 2455299.32 2010  4 12 19 35   2455299.48 2010  4 12 23 28   2455299.64 2010  4 13  3 21
 2455302.19 2010  4 15 16 37   2455302.35 2010  4 15 20 30   2455302.52 2010  4 16  0 23
 2455305.07 2010  4 18 13 38   2455305.23 2010  4 18 17 31   2455305.39 2010  4 18 21 24
 2455307.94 2010  4 21 10 39   2455308.11 2010  4 21 14 32   2455308.27 2010  4 21 18 26
 2455310.82 2010  4 24  7 40   2455310.98 2010  4 24 11 34   2455311.14 2010  4 24 15 27
 2455313.70 2010  4 27  4 41   2455313.86 2010  4 27  8 35   2455314.02 2010  4 27 12 29
 2455316.57 2010  4 30  1 43   2455316.73 2010  4 30  5 37   2455316.90 2010  4 30  9 31
 2455319.45 2010  5  2 22 44   2455319.61 2010  5  3  2 38   2455319.77 2010  5  3  6 32
 2455322.32 2010  5  5 19 45   2455322.49 2010  5  5 23 39   2455322.65 2010  5  6  3 34
 2455325.20 2010  5  8 16 46   2455325.36 2010  5  8 20 41   2455325.53 2010  5  9  0 36
 2455328.07 2010  5 11 13 47   2455328.24 2010  5 11 17 42   2455328.40 2010  5 11 21 37
 2455330.95 2010  5 14 10 49   2455331.11 2010  5 14 14 44   2455331.28 2010  5 14 18 39
 2455333.83 2010  5 17  7 50   2455333.99 2010  5 17 11 45   2455334.15 2010  5 17 15 40
 2455336.70 2010  5 20  4 51   2455336.87 2010  5 20  8 46   2455337.03 2010  5 20 12 42
 2455339.58 2010  5 23  1 52   2455339.74 2010  5 23  5 48   2455339.91 2010  5 23  9 44
 2455342.45 2010  5 25 22 53   2455342.62 2010  5 26  2 49   2455342.78 2010  5 26  6 45
 2455345.33 2010  5 28 19 55   2455345.49 2010  5 28 23 51   2455345.66 2010  5 29  3 47
 2455348.21 2010  5 31 16 56   2455348.37 2010  5 31 20 52   2455348.53 2010  6  1  0 49
 2455351.08 2010  6  3 13 57   2455351.25 2010  6  3 17 54   2455351.41 2010  6  3 21 50
 2455353.96 2010  6  6 10 58   2455354.12 2010  6  6 14 55   2455354.29 2010  6  6 18 52
 2455356.83 2010  6  9  7 59   2455357.00 2010  6  9 11 56   2455357.16 2010  6  9 15 53
 2455359.71 2010  6 12  5  0   2455359.87 2010  6 12  8 58   2455360.04 2010  6 12 12 55
 2455362.58 2010  6 15  2  2   2455362.75 2010  6 15  5 59   2455362.91 2010  6 15  9 57
 2455365.46 2010  6 17 23  3   2455365.63 2010  6 18  3  1   2455365.79 2010  6 18  6 58
 2455368.34 2010  6 20 20  4   2455368.50 2010  6 21  0  2   2455368.67 2010  6 21  4  0
 2455371.21 2010  6 23 17  5   2455371.38 2010  6 23 21  3   2455371.54 2010  6 24  1  2
 2455374.09 2010  6 26 14  6   2455374.25 2010  6 26 18  5   2455374.42 2010  6 26 22  3
 2455376.96 2010  6 29 11  8   2455377.13 2010  6 29 15  6   2455377.30 2010  6 29 19  5
 2455379.84 2010  7  2  8  9   2455380.01 2010  7  2 12  8   2455380.17 2010  7  2 16  6
 2455382.72 2010  7  5  5 10   2455382.88 2010  7  5  9  9   2455383.05 2010  7  5 13  8
 2455385.59 2010  7  8  2 11   2455385.76 2010  7  8  6 10   2455385.92 2010  7  8 10 10
 2455388.47 2010  7 10 23 12   2455388.63 2010  7 11  3 12   2455388.80 2010  7 11  7 11
 2455391.34 2010  7 13 20 14   2455391.51 2010  7 14  0 13   2455391.68 2010  7 14  4 13
 2455394.22 2010  7 16 17 15   2455394.39 2010  7 16 21 15   2455394.55 2010  7 17  1 15
 2455397.09 2010  7 19 14 16   2455397.26 2010  7 19 18 16   2455397.43 2010  7 19 22 16
 2455399.97 2010  7 22 11 17   2455400.14 2010  7 22 15 18   2455400.30 2010  7 22 19 18
 2455402.85 2010  7 25  8 18   2455403.01 2010  7 25 12 19   2455403.18 2010  7 25 16 19
 2455405.72 2010  7 28  5 20   2455405.89 2010  7 28  9 20   2455406.06 2010  7 28 13 21
 2455408.60 2010  7 31  2 21   2455408.77 2010  7 31  6 22   2455408.93 2010  7 31 10 23
 2455411.47 2010  8  2 23 22   2455411.64 2010  8  3  3 23   2455411.81 2010  8  3  7 24
 2455414.35 2010  8  5 20 23   2455414.52 2010  8  6  0 25   2455414.69 2010  8  6  4 26
 2455417.23 2010  8  8 17 24   2455417.39 2010  8  8 21 26   2455417.56 2010  8  9  1 28
 2455420.10 2010  8 11 14 26   2455420.27 2010  8 11 18 27   2455420.44 2010  8 11 22 29
 2455422.98 2010  8 14 11 27   2455423.15 2010  8 14 15 29   2455423.31 2010  8 14 19 31
 2455425.85 2010  8 17  8 28   2455426.02 2010  8 17 12 30   2455426.19 2010  8 17 16 32
 2455428.73 2010  8 20  5 29   2455428.90 2010  8 20  9 32   2455429.07 2010  8 20 13 34
 2455431.60 2010  8 23  2 30   2455431.77 2010  8 23  6 33   2455431.94 2010  8 23 10 36
 2455434.48 2010  8 25 23 32   2455434.65 2010  8 26  3 34   2455434.82 2010  8 26  7 37
 2455437.36 2010  8 28 20 33   2455437.53 2010  8 29  0 36   2455437.69 2010  8 29  4 39
 2455440.23 2010  8 31 17 34   2455440.40 2010  8 31 21 37   2455440.57 2010  9  1  1 41
 2455443.11 2010  9  3 14 35   2455443.28 2010  9  3 18 39   2455443.45 2010  9  3 22 42
 2455445.98 2010  9  6 11 36   2455446.15 2010  9  6 15 40   2455446.32 2010  9  6 19 44
 2455448.86 2010  9  9  8 38   2455449.03 2010  9  9 12 42   2455449.20 2010  9  9 16 46
 2455451.74 2010  9 12  5 39   2455451.91 2010  9 12  9 43   2455452.07 2010  9 12 13 47
 2455454.61 2010  9 15  2 40   2455454.78 2010  9 15  6 44   2455454.95 2010  9 15 10 49
 2455457.49 2010  9 17 23 41   2455457.66 2010  9 18  3 46   2455457.83 2010  9 18  7 50
 2455460.36 2010  9 20 20 42   2455460.53 2010  9 21  0 47   2455460.70 2010  9 21  4 52
 2455463.24 2010  9 23 17 44   2455463.41 2010  9 23 21 49   2455463.58 2010  9 24  1 54
 2455466.11 2010  9 26 14 45   2455466.29 2010  9 26 18 50   2455466.46 2010  9 26 22 55
 2455468.99 2010  9 29 11 46   2455469.16 2010  9 29 15 51   2455469.33 2010  9 29 19 57
 2455471.87 2010 10  2  8 47   2455472.04 2010 10  2 12 53   2455472.21 2010 10  2 16 59
 2455474.74 2010 10  5  5 48   2455474.91 2010 10  5  9 54   2455475.08 2010 10  5 14  0
 2455477.62 2010 10  8  2 50   2455477.79 2010 10  8  6 56   2455477.96 2010 10  8 11  2
 2455480.49 2010 10 10 23 51   2455480.66 2010 10 11  3 57   2455480.84 2010 10 11  8  3
 2455483.37 2010 10 13 20 52   2455483.54 2010 10 14  0 58   2455483.71 2010 10 14  5  5
 2455486.25 2010 10 16 17 53   2455486.42 2010 10 16 22  0   2455486.59 2010 10 17  2  7
 2455489.12 2010 10 19 14 54   2455489.29 2010 10 19 19  1   2455489.46 2010 10 19 23  8
 2455492.00 2010 10 22 11 55   2455492.17 2010 10 22 16  3   2455492.34 2010 10 22 20 10
 2455494.87 2010 10 25  8 57   2455495.04 2010 10 25 13  4   2455495.22 2010 10 25 17 12
 2455497.75 2010 10 28  5 58   2455497.92 2010 10 28 10  6   2455498.09 2010 10 28 14 13
 2455500.62 2010 10 31  2 59   2455500.80 2010 10 31  7  7   2455500.97 2010 10 31 11 15
 2455503.50 2010 11  3  0  0   2455503.67 2010 11  3  4  8   2455503.85 2010 11  3  8 16
 2455506.38 2010 11  5 21  1   2455506.55 2010 11  6  1 10   2455506.72 2010 11  6  5 18
 2455509.25 2010 11  8 18  3   2455509.42 2010 11  8 22 11   2455509.60 2010 11  9  2 20
 2455512.13 2010 11 11 15  4   2455512.30 2010 11 11 19 13   2455512.47 2010 11 11 23 21
 2455515.00 2010 11 14 12  5   2455515.18 2010 11 14 16 14   2455515.35 2010 11 14 20 23
 2455517.88 2010 11 17  9  6   2455518.05 2010 11 17 13 15   2455518.23 2010 11 17 17 25
 2455520.76 2010 11 20  6  7   2455520.93 2010 11 20 10 17   2455521.10 2010 11 20 14 26
 2455523.63 2010 11 23  3  9   2455523.80 2010 11 23  7 18   2455523.98 2010 11 23 11 28
 2455526.51 2010 11 26  0 10   2455526.68 2010 11 26  4 20   2455526.85 2010 11 26  8 29
 2455529.38 2010 11 28 21 11   2455529.56 2010 11 29  1 21   2455529.73 2010 11 29  5 31
 2455532.26 2010 12  1 18 12   2455532.43 2010 12  1 22 22   2455532.61 2010 12  2  2 33
 2455535.13 2010 12  4 15 13   2455535.31 2010 12  4 19 24   2455535.48 2010 12  4 23 34
 2455538.01 2010 12  7 12 15   2455538.18 2010 12  7 16 25   2455538.36 2010 12  7 20 36
 2455540.89 2010 12 10  9 16   2455541.06 2010 12 10 13 27   2455541.23 2010 12 10 17 38
 2455543.76 2010 12 13  6 17   2455543.94 2010 12 13 10 28   2455544.11 2010 12 13 14 39
 2455546.64 2010 12 16  3 18   2455546.81 2010 12 16  7 30   2455546.99 2010 12 16 11 41
 2455549.51 2010 12 19  0 19   2455549.69 2010 12 19  4 31   2455549.86 2010 12 19  8 42
 2455552.39 2010 12 21 21 21   2455552.56 2010 12 22  1 32   2455552.74 2010 12 22  5 44
 2455555.27 2010 12 24 18 22   2455555.44 2010 12 24 22 34   2455555.62 2010 12 25  2 46
 2455558.14 2010 12 27 15 23   2455558.32 2010 12 27 19 35   2455558.49 2010 12 27 23 47
 2455561.02 2010 12 30 12 24   2455561.19 2010 12 30 16 37   2455561.37 2010 12 30 20 49
 2455563.89 2011  1  2  9 25   2455564.07 2011  1  2 13 38   2455564.24 2011  1  2 17 51
 2455566.77 2011  1  5  6 27   2455566.94 2011  1  5 10 39   2455567.12 2011  1  5 14 52
 2455569.64 2011  1  8  3 28   2455569.82 2011  1  8  7 41   2455570.00 2011  1  8 11 54
 2455572.52 2011  1 11  0 29   2455572.70 2011  1 11  4 42   2455572.87 2011  1 11  8 55
 2455575.40 2011  1 13 21 30   2455575.57 2011  1 14  1 44   2455575.75 2011  1 14  5 57
 2455578.27 2011  1 16 18 31   2455578.45 2011  1 16 22 45   2455578.62 2011  1 17  2 59
 2455581.15 2011  1 19 15 33   2455581.32 2011  1 19 19 46   2455581.50 2011  1 20  0  0
 2455584.02 2011  1 22 12 34   2455584.20 2011  1 22 16 48   2455584.38 2011  1 22 21  2
 2455586.90 2011  1 25  9 35   2455587.08 2011  1 25 13 49   2455587.25 2011  1 25 18  4
 2455589.78 2011  1 28  6 36   2455589.95 2011  1 28 10 51   2455590.13 2011  1 28 15  5
 2455592.65 2011  1 31  3 37   2455592.83 2011  1 31  7 52   2455593.01 2011  1 31 12  7
 2455595.53 2011  2  3  0 39   2455595.70 2011  2  3  4 54   2455595.88 2011  2  3  9  9
 2455598.40 2011  2  5 21 40   2455598.58 2011  2  6  1 55   2455598.76 2011  2  6  6 10
 2455601.28 2011  2  8 18 41   2455601.46 2011  2  8 22 56   2455601.63 2011  2  9  3 12
 2455604.15 2011  2 11 15 42   2455604.33 2011  2 11 19 58   2455604.51 2011  2 12  0 13
 2455607.03 2011  2 14 12 43   2455607.21 2011  2 14 16 59   2455607.39 2011  2 14 21 15
 2455609.91 2011  2 17  9 44   2455610.08 2011  2 17 14  1   2455610.26 2011  2 17 18 17
 2455612.78 2011  2 20  6 46   2455612.96 2011  2 20 11  2   2455613.14 2011  2 20 15 18
 2455615.66 2011  2 23  3 47   2455615.84 2011  2 23  8  3   2455616.01 2011  2 23 12 20
 2455618.53 2011  2 26  0 48   2455618.71 2011  2 26  5  5   2455618.89 2011  2 26  9 22
 2455621.41 2011  2 28 21 49   2455621.59 2011  3  1  2  6   2455621.77 2011  3  1  6 23
 2455624.29 2011  3  3 18 50   2455624.46 2011  3  3 23  8   2455624.64 2011  3  4  3 25
 2455627.16 2011  3  6 15 52   2455627.34 2011  3  6 20  9   2455627.52 2011  3  7  0 26
 2455630.04 2011  3  9 12 53   2455630.22 2011  3  9 17 10   2455630.39 2011  3  9 21 28
 2455632.91 2011  3 12  9 54   2455633.09 2011  3 12 14 12   2455633.27 2011  3 12 18 30
 2455635.79 2011  3 15  6 55   2455635.97 2011  3 15 11 13   2455636.15 2011  3 15 15 31
 2455638.66 2011  3 18  3 56   2455638.84 2011  3 18  8 15   2455639.02 2011  3 18 12 33
 2455641.54 2011  3 21  0 58   2455641.72 2011  3 21  5 16   2455641.90 2011  3 21  9 35
 2455644.42 2011  3 23 21 59   2455644.60 2011  3 24  2 17   2455644.78 2011  3 24  6 36
 2455647.29 2011  3 26 19  0   2455647.47 2011  3 26 23 19   2455647.65 2011  3 27  3 38
 2455650.17 2011  3 29 16  1   2455650.35 2011  3 29 20 20   2455650.53 2011  3 30  0 39
 2455653.04 2011  4  1 13  2   2455653.22 2011  4  1 17 22   2455653.40 2011  4  1 21 41
 2455655.92 2011  4  4 10  4   2455656.10 2011  4  4 14 23   2455656.28 2011  4  4 18 43
 2455658.80 2011  4  7  7  5   2455658.98 2011  4  7 11 25   2455659.16 2011  4  7 15 44
 2455661.67 2011  4 10  4  6   2455661.85 2011  4 10  8 26   2455662.03 2011  4 10 12 46
 2455664.55 2011  4 13  1  7   2455664.73 2011  4 13  5 27   2455664.91 2011  4 13  9 48
 2455667.42 2011  4 15 22  8   2455667.60 2011  4 16  2 29   2455667.78 2011  4 16  6 49
 2455670.30 2011  4 18 19 10   2455670.48 2011  4 18 23 30   2455670.66 2011  4 19  3 51
 2455673.17 2011  4 21 16 11   2455673.36 2011  4 21 20 32   2455673.54 2011  4 22  0 52
 2455676.05 2011  4 24 13 12   2455676.23 2011  4 24 17 33   2455676.41 2011  4 24 21 54
 2455678.93 2011  4 27 10 13   2455679.11 2011  4 27 14 34   2455679.29 2011  4 27 18 56
 2455681.80 2011  4 30  7 14   2455681.98 2011  4 30 11 36   2455682.17 2011  4 30 15 57
 2455684.68 2011  5  3  4 16   2455684.86 2011  5  3  8 37   2455685.04 2011  5  3 12 59
 2455687.55 2011  5  6  1 17   2455687.74 2011  5  6  5 39   2455687.92 2011  5  6 10  1
 2455690.43 2011  5  8 22 18   2455690.61 2011  5  9  2 40   2455690.79 2011  5  9  7  2
 2455693.31 2011  5 11 19 19   2455693.49 2011  5 11 23 41   2455693.67 2011  5 12  4  4
 2455696.18 2011  5 14 16 20   2455696.36 2011  5 14 20 43   2455696.55 2011  5 15  1  5
 2455699.06 2011  5 17 13 22   2455699.24 2011  5 17 17 44   2455699.42 2011  5 17 22  7
 2455701.93 2011  5 20 10 23   2455702.12 2011  5 20 14 46   2455702.30 2011  5 20 19  9
 2455704.81 2011  5 23  7 24   2455704.99 2011  5 23 11 47   2455705.17 2011  5 23 16 10
 2455707.68 2011  5 26  4 25   2455707.87 2011  5 26  8 49   2455708.05 2011  5 26 13 12
 2455710.56 2011  5 29  1 26   2455710.74 2011  5 29  5 50   2455710.93 2011  5 29 10 14
 2455713.44 2011  5 31 22 28   2455713.62 2011  6  1  2 51   2455713.80 2011  6  1  7 15
 2455716.31 2011  6  3 19 29   2455716.50 2011  6  3 23 53   2455716.68 2011  6  4  4 17
 2455719.19 2011  6  6 16 30   2455719.37 2011  6  6 20 54   2455719.55 2011  6  7  1 18
 2455722.06 2011  6  9 13 31   2455722.25 2011  6  9 17 56   2455722.43 2011  6  9 22 20
 2455724.94 2011  6 12 10 32   2455725.12 2011  6 12 14 57   2455725.31 2011  6 12 19 22
 2455727.82 2011  6 15  7 33   2455728.00 2011  6 15 11 58   2455728.18 2011  6 15 16 23
 2455730.69 2011  6 18  4 35   2455730.88 2011  6 18  9  0   2455731.06 2011  6 18 13 25
 2455733.57 2011  6 21  1 36   2455733.75 2011  6 21  6  1   2455733.94 2011  6 21 10 27
 2455736.44 2011  6 23 22 37   2455736.63 2011  6 24  3  3   2455736.81 2011  6 24  7 28
 2455739.32 2011  6 26 19 38   2455739.50 2011  6 27  0  4   2455739.69 2011  6 27  4 30
 2455742.19 2011  6 29 16 39   2455742.38 2011  6 29 21  5   2455742.56 2011  6 30  1 31
 2455745.07 2011  7  2 13 41   2455745.26 2011  7  2 18  7   2455745.44 2011  7  2 22 33
 2455747.95 2011  7  5 10 42   2455748.13 2011  7  5 15  8   2455748.32 2011  7  5 19 35
 2455750.82 2011  7  8  7 43   2455751.01 2011  7  8 12 10   2455751.19 2011  7  8 16 36
 2455753.70 2011  7 11  4 44   2455753.88 2011  7 11  9 11   2455754.07 2011  7 11 13 38
 2455756.57 2011  7 14  1 45   2455756.76 2011  7 14  6 13   2455756.94 2011  7 14 10 40
 2455759.45 2011  7 16 22 47   2455759.64 2011  7 17  3 14   2455759.82 2011  7 17  7 41
 2455762.33 2011  7 19 19 48   2455762.51 2011  7 20  0 15   2455762.70 2011  7 20  4 43
 2455765.20 2011  7 22 16 49   2455765.39 2011  7 22 21 17   2455765.57 2011  7 23  1 45
 2455768.08 2011  7 25 13 50   2455768.26 2011  7 25 18 18   2455768.45 2011  7 25 22 46
 2455770.95 2011  7 28 10 51   2455771.14 2011  7 28 15 20   2455771.33 2011  7 28 19 48
 2455773.83 2011  7 31  7 53   2455774.01 2011  7 31 12 21   2455774.20 2011  7 31 16 49
 2455776.70 2011  8  3  4 54   2455776.89 2011  8  3  9 22   2455777.08 2011  8  3 13 51
