 Predicted Transit Epochs: HD142____ b

 Predicted Duration of a Central Transit:    12.   Hours

 Begin Transit Window           PREDICTED CENTRAL TRANSIT     End Transit Window
                                     All Times UT

                               HJD        Year M  D  H  M
 2457069.35 2015  2 15 20 19   2457071.60 2015  2 18  2 29   2457073.86 2015  2 20  8 38
 2457401.12 2016  1 13 14 51   2457403.48 2016  1 15 23 24   2457405.83 2016  1 18  7 58
 2457732.89 2016 12 10  9 23   2457735.35 2016 12 12 20 20   2457737.80 2016 12 15  7 17
 2458064.66 2017 11  7  3 54   2458067.22 2017 11  9 17 16   2458069.78 2017 11 12  6 37
 2458396.44 2018 10  4 22 26   2458399.09 2018 10  7 14 11   2458401.75 2018 10 10  5 57
 2458728.21 2019  9  1 16 58   2458730.96 2019  9  4 11  7   2458733.72 2019  9  7  5 16
 2459059.98 2020  7 29 11 29   2459062.84 2020  8  1  8  3   2459065.69 2020  8  4  4 36
 2459391.75 2021  6 26  6  1   2459394.71 2021  6 29  4 59   2459397.66 2021  7  2  3 56
 2459723.52 2022  5 24  0 33   2459726.58 2022  5 27  1 54   2459729.64 2022  5 30  3 16
 2460055.30 2023  4 20 19  5   2460058.45 2023  4 23 22 50   2460061.61 2023  4 27  2 35
 2460387.07 2024  3 17 13 36   2460390.32 2024  3 20 19 46   2460393.58 2024  3 24  1 55
 2460718.84 2025  2 12  8  8   2460722.20 2025  2 15 16 41   2460725.55 2025  2 19  1 15
 2461050.61 2026  1 10  2 40   2461054.07 2026  1 13 13 37   2461057.52 2026  1 17  0 34
 2461382.38 2026 12  7 21 11   2461385.94 2026 12 11 10 33   2461389.50 2026 12 14 23 54
 2461714.16 2027 11  4 15 43   2461717.81 2027 11  8  7 28   2461721.47 2027 11 11 23 14
 2462045.93 2028 10  1 10 15   2462049.68 2028 10  5  4 24   2462053.44 2028 10  8 22 33
 2462377.70 2029  8 29  4 46   2462381.56 2029  9  2  1 20   2462385.41 2029  9  5 21 53
 2462709.47 2030  7 26 23 18   2462713.43 2030  7 30 22 15   2462717.38 2030  8  3 21 13
 2463041.24 2031  6 23 17 50   2463045.30 2031  6 27 19 11   2463049.36 2031  7  1 20 32
 2463373.02 2032  5 20 12 21   2463377.17 2032  5 24 16  7   2463381.33 2032  5 28 19 52
 2463704.79 2033  4 17  6 53   2463709.04 2033  4 21 13  2   2463713.30 2033  4 25 19 12
 2464036.56 2034  3 15  1 25   2464040.92 2034  3 19  9 58   2464045.27 2034  3 23 18 31
 2464368.33 2035  2  9 19 56   2464372.79 2035  2 14  6 54   2464377.24 2035  2 18 17 51
