 Predicted Transit Epochs: HD1461___ b

 Predicted Duration of a Central Transit:   206. Minutes

 Begin Transit Window           PREDICTED CENTRAL TRANSIT     End Transit Window
                                     All Times UT

                               HJD        Year M  D  H  M
 2456756.07 2014  4  8 13 43   2456757.04 2014  4  9 12 58   2456758.01 2014  4 10 12 13
 2456761.84 2014  4 14  8 13   2456762.81 2014  4 15  7 29   2456763.78 2014  4 16  6 46
 2456767.61 2014  4 20  2 43   2456768.58 2014  4 21  2  1   2456769.55 2014  4 22  1 18
 2456773.38 2014  4 25 21 13   2456774.36 2014  4 26 20 32   2456775.33 2014  4 27 19 51
 2456779.15 2014  5  1 15 43   2456780.13 2014  5  2 15  3   2456781.10 2014  5  3 14 24
 2456784.93 2014  5  7 10 13   2456785.90 2014  5  8  9 35   2456786.87 2014  5  9  8 57
 2456790.70 2014  5 13  4 43   2456791.67 2014  5 14  4  6   2456792.65 2014  5 15  3 30
 2456796.47 2014  5 18 23 13   2456797.44 2014  5 19 22 38   2456798.42 2014  5 20 22  3
 2456802.24 2014  5 24 17 43   2456803.21 2014  5 25 17  9   2456804.19 2014  5 26 16 35
 2456808.01 2014  5 30 12 12   2456808.99 2014  5 31 11 40   2456809.96 2014  6  1 11  8
 2456813.78 2014  6  5  6 42   2456814.76 2014  6  6  6 12   2456815.74 2014  6  7  5 41
 2456819.55 2014  6 11  1 12   2456820.53 2014  6 12  0 43   2456821.51 2014  6 13  0 14
 2456825.32 2014  6 16 19 42   2456826.30 2014  6 17 19 15   2456827.28 2014  6 18 18 47
 2456831.09 2014  6 22 14 12   2456832.07 2014  6 23 13 46   2456833.06 2014  6 24 13 20
 2456836.86 2014  6 28  8 42   2456837.85 2014  6 29  8 17   2456838.83 2014  6 30  7 52
 2456842.63 2014  7  4  3 12   2456843.62 2014  7  5  2 49   2456844.60 2014  7  6  2 25
 2456848.40 2014  7  9 21 42   2456849.39 2014  7 10 21 20   2456850.37 2014  7 11 20 58
 2456854.18 2014  7 15 16 12   2456855.16 2014  7 16 15 51   2456856.15 2014  7 17 15 31
 2456859.95 2014  7 21 10 42   2456860.93 2014  7 22 10 23   2456861.92 2014  7 23 10  4
 2456865.72 2014  7 27  5 12   2456866.70 2014  7 28  4 54   2456867.69 2014  7 29  4 37
 2456871.49 2014  8  1 23 42   2456872.48 2014  8  2 23 26   2456873.47 2014  8  3 23  9
 2456877.26 2014  8  7 18 12   2456878.25 2014  8  8 17 57   2456879.24 2014  8  9 17 42
 2456883.03 2014  8 13 12 42   2456884.02 2014  8 14 12 28   2456885.01 2014  8 15 12 15
 2456888.80 2014  8 19  7 12   2456889.79 2014  8 20  7  0   2456890.78 2014  8 21  6 48
 2456894.57 2014  8 25  1 42   2456895.56 2014  8 26  1 31   2456896.56 2014  8 27  1 21
 2456900.34 2014  8 30 20 12   2456901.34 2014  8 31 20  3   2456902.33 2014  9  1 19 54
 2456906.11 2014  9  5 14 42   2456907.11 2014  9  6 14 34   2456908.10 2014  9  7 14 26
 2456911.88 2014  9 11  9 12   2456912.88 2014  9 12  9  5   2456913.87 2014  9 13  8 59
 2456917.65 2014  9 17  3 42   2456918.65 2014  9 18  3 37   2456919.65 2014  9 19  3 32
 2456923.42 2014  9 22 22 11   2456924.42 2014  9 23 22  8   2456925.42 2014  9 24 22  5
 2456929.20 2014  9 28 16 41   2456930.19 2014  9 29 16 40   2456931.19 2014  9 30 16 38
 2456934.97 2014 10  4 11 11   2456935.97 2014 10  5 11 11   2456936.97 2014 10  6 11 10
 2456940.74 2014 10 10  5 41   2456941.74 2014 10 11  5 42   2456942.74 2014 10 12  5 43
 2456946.51 2014 10 16  0 11   2456947.51 2014 10 17  0 14   2456948.51 2014 10 18  0 16
 2456952.28 2014 10 21 18 41   2456953.28 2014 10 22 18 45   2456954.28 2014 10 23 18 49
 2456958.05 2014 10 27 13 11   2456959.05 2014 10 28 13 17   2456960.06 2014 10 29 13 22
 2456963.82 2014 11  2  7 41   2456964.83 2014 11  3  7 48   2456965.83 2014 11  4  7 55
 2456969.59 2014 11  8  2 11   2456970.60 2014 11  9  2 19   2456971.60 2014 11 10  2 27
 2456975.36 2014 11 13 20 41   2456976.37 2014 11 14 20 51   2456977.38 2014 11 15 21  0
 2456981.13 2014 11 19 15 11   2456982.14 2014 11 20 15 22   2456983.15 2014 11 21 15 33
 2456986.90 2014 11 25  9 41   2456987.91 2014 11 26  9 53   2456988.92 2014 11 27 10  6
 2456992.67 2014 12  1  4 11   2456993.68 2014 12  2  4 25   2456994.69 2014 12  3  4 39
 2456998.45 2014 12  6 22 41   2456999.46 2014 12  7 22 56   2457000.47 2014 12  8 23 12
 2457004.22 2014 12 12 17 11   2457005.23 2014 12 13 17 28   2457006.24 2014 12 14 17 44
 2457009.99 2014 12 18 11 41   2457011.00 2014 12 19 11 59   2457012.01 2014 12 20 12 17
 2457015.76 2014 12 24  6 11   2457016.77 2014 12 25  6 30   2457017.79 2014 12 26  6 50
 2457021.53 2014 12 30  0 41   2457022.54 2014 12 31  1  2   2457023.56 2015  1  1  1 23
 2457027.30 2015  1  4 19 11   2457028.32 2015  1  5 19 33   2457029.33 2015  1  6 19 56
 2457033.07 2015  1 10 13 41   2457034.09 2015  1 11 14  5   2457035.10 2015  1 12 14 29
 2457038.84 2015  1 16  8 11   2457039.86 2015  1 17  8 36   2457040.88 2015  1 18  9  1
 2457044.61 2015  1 22  2 40   2457045.63 2015  1 23  3  7   2457046.65 2015  1 24  3 34
 2457050.38 2015  1 27 21 10   2457051.40 2015  1 28 21 39   2457052.42 2015  1 29 22  7
 2457056.15 2015  2  2 15 40   2457057.17 2015  2  3 16 10   2457058.19 2015  2  4 16 40
 2457061.92 2015  2  8 10 10   2457062.95 2015  2  9 10 42   2457063.97 2015  2 10 11 13
 2457067.69 2015  2 14  4 40   2457068.72 2015  2 15  5 13   2457069.74 2015  2 16  5 46
 2457073.47 2015  2 19 23 10   2457074.49 2015  2 20 23 44   2457075.51 2015  2 22  0 18
 2457079.24 2015  2 25 17 40   2457080.26 2015  2 26 18 16   2457081.29 2015  2 27 18 51
 2457085.01 2015  3  3 12 10   2457086.03 2015  3  4 12 47   2457087.06 2015  3  5 13 24
 2457090.78 2015  3  9  6 40   2457091.80 2015  3 10  7 19   2457092.83 2015  3 11  7 57
 2457096.55 2015  3 15  1 10   2457097.58 2015  3 16  1 50   2457098.60 2015  3 17  2 30
 2457102.32 2015  3 20 19 40   2457103.35 2015  3 21 20 21   2457104.38 2015  3 22 21  3
 2457108.09 2015  3 26 14 10   2457109.12 2015  3 27 14 53   2457110.15 2015  3 28 15 35
 2457113.86 2015  4  1  8 40   2457114.89 2015  4  2  9 24   2457115.92 2015  4  3 10  8
 2457119.63 2015  4  7  3 10   2457120.66 2015  4  8  3 55   2457121.70 2015  4  9  4 41
 2457125.40 2015  4 12 21 40   2457126.44 2015  4 13 22 27   2457127.47 2015  4 14 23 14
 2457131.17 2015  4 18 16 10   2457132.21 2015  4 19 16 58   2457133.24 2015  4 20 17 47
 2457136.94 2015  4 24 10 40   2457137.98 2015  4 25 11 30   2457139.01 2015  4 26 12 20
 2457142.72 2015  4 30  5 10   2457143.75 2015  5  1  6  1   2457144.79 2015  5  2  6 52
 2457148.49 2015  5  5 23 40   2457149.52 2015  5  7  0 32   2457150.56 2015  5  8  1 25
 2457154.26 2015  5 11 18 10   2457155.29 2015  5 12 19  4   2457156.33 2015  5 13 19 58
 2457160.03 2015  5 17 12 40   2457161.07 2015  5 18 13 35   2457162.11 2015  5 19 14 31
 2457165.80 2015  5 23  7  9   2457166.84 2015  5 24  8  7   2457167.88 2015  5 25  9  4
 2457171.57 2015  5 29  1 39   2457172.61 2015  5 30  2 38   2457173.65 2015  5 31  3 37
 2457177.34 2015  6  3 20  9   2457178.38 2015  6  4 21  9   2457179.42 2015  6  5 22  9
 2457183.11 2015  6  9 14 39   2457184.15 2015  6 10 15 41   2457185.20 2015  6 11 16 42
 2457188.88 2015  6 15  9  9   2457189.93 2015  6 16 10 12   2457190.97 2015  6 17 11 15
 2457194.65 2015  6 21  3 39   2457195.70 2015  6 22  4 44   2457196.74 2015  6 23  5 48
 2457200.42 2015  6 26 22  9   2457201.47 2015  6 27 23 15   2457202.51 2015  6 29  0 21
 2457206.19 2015  7  2 16 39   2457207.24 2015  7  3 17 46   2457208.29 2015  7  4 18 54
 2457211.96 2015  7  8 11  9   2457213.01 2015  7  9 12 18   2457214.06 2015  7 10 13 26
 2457217.74 2015  7 14  5 39   2457218.78 2015  7 15  6 49   2457219.83 2015  7 16  7 59
 2457223.51 2015  7 20  0  9   2457224.56 2015  7 21  1 21   2457225.61 2015  7 22  2 32
 2457229.28 2015  7 25 18 39   2457230.33 2015  7 26 19 52   2457231.38 2015  7 27 21  5
 2457235.05 2015  7 31 13  9   2457236.10 2015  8  1 14 23   2457237.15 2015  8  2 15 38
 2457240.82 2015  8  6  7 39   2457241.87 2015  8  7  8 55   2457242.92 2015  8  8 10 11
 2457246.59 2015  8 12  2  9   2457247.64 2015  8 13  3 26   2457248.70 2015  8 14  4 43
 2457252.36 2015  8 17 20 39   2457253.42 2015  8 18 21 58   2457254.47 2015  8 19 23 16
 2457258.13 2015  8 23 15  9   2457259.19 2015  8 24 16 29   2457260.24 2015  8 25 17 49
 2457263.90 2015  8 29  9 39   2457264.96 2015  8 30 11  0   2457266.02 2015  8 31 12 22
 2457269.67 2015  9  4  4  9   2457270.73 2015  9  5  5 32   2457271.79 2015  9  6  6 55
 2457275.44 2015  9  9 22 39   2457276.50 2015  9 11  0  3   2457277.56 2015  9 12  1 28
 2457281.21 2015  9 15 17  9   2457282.27 2015  9 16 18 34   2457283.33 2015  9 17 20  0
 2457286.99 2015  9 21 11 38   2457288.05 2015  9 22 13  6   2457289.11 2015  9 23 14 33
 2457292.76 2015  9 27  6  8   2457293.82 2015  9 28  7 37   2457294.88 2015  9 29  9  6
 2457298.53 2015 10  3  0 38   2457299.59 2015 10  4  2  9   2457300.65 2015 10  5  3 39
 2457304.30 2015 10  8 19  8   2457305.36 2015 10  9 20 40   2457306.43 2015 10 10 22 12
 2457310.07 2015 10 14 13 38   2457311.13 2015 10 15 15 11   2457312.20 2015 10 16 16 45
 2457315.84 2015 10 20  8  8   2457316.91 2015 10 21  9 43   2457317.97 2015 10 22 11 17
 2457321.61 2015 10 26  2 38   2457322.68 2015 10 27  4 14   2457323.74 2015 10 28  5 50
 2457327.38 2015 10 31 21  8   2457328.45 2015 11  1 22 46   2457329.52 2015 11  3  0 23
 2457333.15 2015 11  6 15 38   2457334.22 2015 11  7 17 17   2457335.29 2015 11  8 18 56
 2457338.92 2015 11 12 10  8   2457339.99 2015 11 13 11 48   2457341.06 2015 11 14 13 29
 2457344.69 2015 11 18  4 38   2457345.76 2015 11 19  6 20   2457346.83 2015 11 20  8  2
 2457350.46 2015 11 23 23  8   2457351.54 2015 11 25  0 51   2457352.61 2015 11 26  2 34
 2457356.23 2015 11 29 17 38   2457357.31 2015 11 30 19 23   2457358.38 2015 12  1 21  7
 2457362.01 2015 12  5 12  8   2457363.08 2015 12  6 13 54   2457364.15 2015 12  7 15 40
 2457367.78 2015 12 11  6 38   2457368.85 2015 12 12  8 25   2457369.93 2015 12 13 10 13
 2457373.55 2015 12 17  1  8   2457374.62 2015 12 18  2 57   2457375.70 2015 12 19  4 46
 2457379.32 2015 12 22 19 38   2457380.39 2015 12 23 21 28   2457381.47 2015 12 24 23 19
 2457385.09 2015 12 28 14  8   2457386.17 2015 12 29 16  0   2457387.24 2015 12 30 17 51
 2457390.86 2016  1  3  8 38   2457391.94 2016  1  4 10 31   2457393.02 2016  1  5 12 24
 2457396.63 2016  1  9  3  8   2457397.71 2016  1 10  5  2   2457398.79 2016  1 11  6 57
 2457402.40 2016  1 14 21 38   2457403.48 2016  1 15 23 34   2457404.56 2016  1 17  1 30
 2457408.17 2016  1 20 16  7   2457409.25 2016  1 21 18  5   2457410.34 2016  1 22 20  3
 2457413.94 2016  1 26 10 37   2457415.03 2016  1 27 12 36   2457416.11 2016  1 28 14 36
 2457419.71 2016  2  1  5  7   2457420.80 2016  2  2  7  8   2457421.88 2016  2  3  9  8
 2457425.48 2016  2  6 23 37   2457426.57 2016  2  8  1 39   2457427.65 2016  2  9  3 41
 2457431.26 2016  2 12 18  7   2457432.34 2016  2 13 20 11   2457433.43 2016  2 14 22 14
 2457437.03 2016  2 18 12 37   2457438.11 2016  2 19 14 42   2457439.20 2016  2 20 16 47
 2457442.80 2016  2 24  7  7   2457443.88 2016  2 25  9 13   2457444.97 2016  2 26 11 20
 2457448.57 2016  3  1  1 37   2457449.66 2016  3  2  3 45   2457450.75 2016  3  3  5 53
 2457454.34 2016  3  6 20  7   2457455.43 2016  3  7 22 16   2457456.52 2016  3  9  0 25
 2457460.11 2016  3 12 14 37   2457461.20 2016  3 13 16 48   2457462.29 2016  3 14 18 58
 2457465.88 2016  3 18  9  7   2457466.97 2016  3 19 11 19   2457468.06 2016  3 20 13 31
 2457471.65 2016  3 24  3 37   2457472.74 2016  3 25  5 50   2457473.84 2016  3 26  8  4
 2457477.42 2016  3 29 22  7   2457478.52 2016  3 31  0 22   2457479.61 2016  4  1  2 37
 2457483.19 2016  4  4 16 37   2457484.29 2016  4  5 18 53   2457485.38 2016  4  6 21 10
 2457488.96 2016  4 10 11  7   2457490.06 2016  4 11 13 25   2457491.15 2016  4 12 15 42
 2457494.73 2016  4 16  5 37   2457495.83 2016  4 17  7 56   2457496.93 2016  4 18 10 15
 2457500.50 2016  4 22  0  7   2457501.60 2016  4 23  2 27   2457502.70 2016  4 24  4 48
 2457506.28 2016  4 27 18 37   2457507.37 2016  4 28 20 59   2457508.47 2016  4 29 23 21
 2457512.05 2016  5  3 13  7   2457513.15 2016  5  4 15 30   2457514.25 2016  5  5 17 54
 2457517.82 2016  5  9  7 37   2457518.92 2016  5 10 10  2   2457520.02 2016  5 11 12 27
 2457523.59 2016  5 15  2  7   2457524.69 2016  5 16  4 33   2457525.79 2016  5 17  6 59
 2457529.36 2016  5 20 20 36   2457530.46 2016  5 21 23  4   2457531.56 2016  5 23  1 32
 2457535.13 2016  5 26 15  6   2457536.23 2016  5 27 17 36   2457537.34 2016  5 28 20  5
 2457540.90 2016  6  1  9 36   2457542.01 2016  6  2 12  7   2457543.11 2016  6  3 14 38
 2457546.67 2016  6  7  4  6   2457547.78 2016  6  8  6 39   2457548.88 2016  6  9  9 11
 2457552.44 2016  6 12 22 36   2457553.55 2016  6 14  1 10   2457554.66 2016  6 15  3 44
 2457558.21 2016  6 18 17  6   2457559.32 2016  6 19 19 41   2457560.43 2016  6 20 22 16
 2457563.98 2016  6 24 11 36   2457565.09 2016  6 25 14 13   2457566.20 2016  6 26 16 49
 2457569.75 2016  6 30  6  6   2457570.86 2016  7  1  8 44   2457571.97 2016  7  2 11 22
 2457575.53 2016  7  6  0 36   2457576.64 2016  7  7  3 15   2457577.75 2016  7  8  5 55
 2457581.30 2016  7 11 19  6   2457582.41 2016  7 12 21 47   2457583.52 2016  7 14  0 28
 2457587.07 2016  7 17 13 36   2457588.18 2016  7 18 16 18   2457589.29 2016  7 19 19  1
 2457592.84 2016  7 23  8  6   2457593.95 2016  7 24 10 50   2457595.07 2016  7 25 13 33
 2457598.61 2016  7 29  2 36   2457599.72 2016  7 30  5 21   2457600.84 2016  7 31  8  6
 2457604.38 2016  8  3 21  6   2457605.50 2016  8  4 23 52   2457606.61 2016  8  6  2 39
 2457610.15 2016  8  9 15 36   2457611.27 2016  8 10 18 24   2457612.38 2016  8 11 21 12
