 Predicted Transit Epochs: HD145377_ b

 Predicted Duration of a Central Transit:   469. Minutes

 Begin Transit Window           PREDICTED CENTRAL TRANSIT     End Transit Window
                                     All Times UT

                               HJD        Year M  D  H  M
 2454938.70 2009  4 17  4 41   2454939.84 2009  4 18  8  8   2454940.98 2009  4 19 11 35
 2455042.52 2009  7 30  0 22   2455043.79 2009  7 31  6 56   2455045.06 2009  8  1 13 30
 2455146.34 2009 11 10 20  3   2455147.74 2009 11 12  5 44   2455149.14 2009 11 13 15 26
 2455250.16 2010  2 22 15 44   2455251.69 2010  2 24  4 32   2455253.22 2010  2 25 17 21
 2455353.98 2010  6  6 11 25   2455355.64 2010  6  8  3 20   2455357.30 2010  6  9 19 16
 2455457.80 2010  9 18  7  5   2455459.59 2010  9 20  2  8   2455461.38 2010  9 21 21 11
 2455561.62 2010 12 31  2 46   2455563.54 2011  1  2  0 56   2455565.46 2011  1  3 23  6
 2455665.44 2011  4 13 22 27   2455667.49 2011  4 15 23 44   2455669.54 2011  4 18  1  2
 2455769.26 2011  7 26 18  8   2455771.44 2011  7 28 22 32   2455773.62 2011  7 31  2 57
 2455873.08 2011 11  7 13 49   2455875.39 2011 11  9 21 20   2455877.70 2011 11 12  4 52
 2455976.90 2012  2 19  9 29   2455979.34 2012  2 21 20  8   2455981.78 2012  2 24  6 47
 2456080.72 2012  6  2  5 10   2456083.29 2012  6  4 18 56   2456085.86 2012  6  7  8 42
 2456184.54 2012  9 14  0 51   2456187.24 2012  9 16 17 44   2456189.94 2012  9 19 10 38
 2456288.36 2012 12 26 20 32   2456291.19 2012 12 29 16 32   2456294.02 2013  1  1 12 33
 2456392.18 2013  4  9 16 13   2456395.14 2013  4 12 15 20   2456398.10 2013  4 15 14 28
 2456496.00 2013  7 22 11 53   2456499.09 2013  7 25 14  8   2456502.18 2013  7 28 16 23
 2456599.82 2013 11  3  7 34   2456603.04 2013 11  6 12 56   2456606.26 2013 11  9 18 18
 2456703.64 2014  2 15  3 15   2456706.99 2014  2 18 11 44   2456710.34 2014  2 21 20 14
 2456807.46 2014  5 29 22 56   2456810.94 2014  6  2 10 32   2456814.42 2014  6  5 22  9
 2456911.28 2014  9 10 18 37   2456914.89 2014  9 14  9 20   2456918.50 2014  9 18  0  4
 2457015.10 2014 12 23 14 17   2457018.84 2014 12 27  8  8   2457022.58 2014 12 31  1 59
 2457118.92 2015  4  6  9 58   2457122.79 2015  4 10  6 56   2457126.66 2015  4 14  3 54
 2457222.74 2015  7 19  5 39   2457226.74 2015  7 23  5 44   2457230.74 2015  7 27  5 50
 2457326.56 2015 10 31  1 20   2457330.69 2015 11  4  4 32   2457334.82 2015 11  8  7 45
 2457430.38 2016  2 11 21  1   2457434.64 2016  2 16  3 20   2457438.90 2016  2 20  9 40
 2457534.20 2016  5 25 16 41   2457538.59 2016  5 30  2  8   2457542.98 2016  6  3 11 35
 2457638.02 2016  9  6 12 22   2457642.54 2016  9 11  0 56   2457647.06 2016  9 15 13 30
 2457741.84 2016 12 19  8  3   2457746.49 2016 12 23 23 44   2457751.14 2016 12 28 15 26
 2457845.66 2017  4  2  3 44   2457850.44 2017  4  6 22 32   2457855.22 2017  4 11 17 21
 2457949.48 2017  7 14 23 25   2457954.39 2017  7 19 21 20   2457959.30 2017  7 24 19 16
 2458053.30 2017 10 26 19  5   2458058.34 2017 10 31 20  8   2458063.38 2017 11  5 21 11
 2458157.12 2018  2  7 14 46   2458162.29 2018  2 12 18 56   2458167.46 2018  2 17 23  6
 2458260.94 2018  5 22 10 27   2458266.24 2018  5 27 17 44   2458271.54 2018  6  2  1  2
 2458364.76 2018  9  3  6  8   2458370.19 2018  9  8 16 32   2458375.62 2018  9 14  2 57
 2458468.58 2018 12 16  1 49   2458474.14 2018 12 21 15 20   2458479.70 2018 12 27  4 52
 2458572.40 2019  3 29 21 29   2458578.09 2019  4  4 14  8   2458583.78 2019  4 10  6 47
 2458676.22 2019  7 11 17 10   2458682.04 2019  7 17 12 56   2458687.86 2019  7 23  8 42
 2458780.04 2019 10 23 12 51   2458785.99 2019 10 29 11 44   2458791.94 2019 11  4 10 38
 2458883.86 2020  2  4  8 32   2458889.94 2020  2 10 10 32   2458896.02 2020  2 16 12 33
 2458987.68 2020  5 18  4 13   2458993.89 2020  5 24  9 20   2459000.10 2020  5 30 14 28
 2459091.50 2020  8 29 23 53   2459097.84 2020  9  5  8  8   2459104.18 2020  9 11 16 23
 2459195.32 2020 12 11 19 34   2459201.79 2020 12 18  6 56   2459208.26 2020 12 24 18 18
 2459299.14 2021  3 25 15 15   2459305.74 2021  4  1  5 44   2459312.34 2021  4  7 20 14
 2459402.96 2021  7  7 10 56   2459409.69 2021  7 14  4 32   2459416.42 2021  7 20 22  9
 2459506.78 2021 10 19  6 37   2459513.64 2021 10 26  3 20   2459520.50 2021 11  2  0  4
 2459610.60 2022  1 31  2 17   2459617.59 2022  2  7  2  8   2459624.58 2022  2 14  1 59
 2459714.42 2022  5 14 21 58   2459721.54 2022  5 22  0 56   2459728.66 2022  5 29  3 54
 2459818.24 2022  8 26 17 39   2459825.49 2022  9  2 23 44   2459832.74 2022  9 10  5 50
 2459922.06 2022 12  8 13 20   2459929.44 2022 12 15 22 32   2459936.82 2022 12 23  7 45
 2460025.88 2023  3 22  9  1   2460033.39 2023  3 29 21 20   2460040.90 2023  4  6  9 40
 2460129.70 2023  7  4  4 41   2460137.34 2023  7 11 20  8   2460144.98 2023  7 19 11 35
 2460233.52 2023 10 16  0 22   2460241.29 2023 10 23 18 56   2460249.06 2023 10 31 13 30
 2460337.34 2024  1 27 20  3   2460345.24 2024  2  4 17 44   2460353.14 2024  2 12 15 26
 2460441.16 2024  5 10 15 44   2460449.19 2024  5 18 16 32   2460457.22 2024  5 26 17 21
 2460544.98 2024  8 22 11 25   2460553.14 2024  8 30 15 20   2460561.30 2024  9  7 19 16
 2460648.80 2024 12  4  7  5   2460657.09 2024 12 12 14  8   2460665.38 2024 12 20 21 11
 2460752.62 2025  3 18  2 46   2460761.04 2025  3 26 12 56   2460769.46 2025  4  3 23  6
 2460856.44 2025  6 29 22 27   2460864.99 2025  7  8 11 44   2460873.54 2025  7 17  1  2
 2460960.26 2025 10 11 18  8   2460968.94 2025 10 20 10 32   2460977.62 2025 10 29  2 57
 2461064.08 2026  1 23 13 49   2461072.89 2026  2  1  9 20   2461081.70 2026  2 10  4 52
 2461167.90 2026  5  7  9 29   2461176.84 2026  5 16  8  8   2461185.78 2026  5 25  6 47
 2461271.72 2026  8 19  5 10   2461280.79 2026  8 28  6 56   2461289.86 2026  9  6  8 42
 2461375.54 2026 12  1  0 51   2461384.74 2026 12 10  5 44   2461393.94 2026 12 19 10 38
 2461479.36 2027  3 14 20 32   2461488.69 2027  3 24  4 32   2461498.02 2027  4  2 12 33
 2461583.18 2027  6 26 16 13   2461592.64 2027  7  6  3 20   2461602.10 2027  7 15 14 28
 2461687.00 2027 10  8 11 53   2461696.59 2027 10 18  2  8   2461706.18 2027 10 27 16 23
 2461790.82 2028  1 20  7 34   2461800.54 2028  1 30  0 56   2461810.26 2028  2  8 18 18
 2461894.64 2028  5  3  3 15   2461904.49 2028  5 12 23 44   2461914.34 2028  5 22 20 14
 2461998.46 2028  8 14 22 56   2462008.44 2028  8 24 22 32   2462018.42 2028  9  3 22  9
 2462102.28 2028 11 26 18 37   2462112.39 2028 12  6 21 20   2462122.50 2028 12 17  0  4
 2462206.10 2029  3 10 14 17   2462216.34 2029  3 20 20  8   2462226.58 2029  3 31  1 59
 2462309.92 2029  6 22  9 58   2462320.29 2029  7  2 18 56   2462330.66 2029  7 13  3 54
 2462413.74 2029 10  4  5 39   2462424.24 2029 10 14 17 44   2462434.74 2029 10 25  5 50
