 Predicted Transit Epochs: HD143361_ b

 Predicted Duration of a Central Transit:    22.   Hours

 Begin Transit Window           PREDICTED CENTRAL TRANSIT     End Transit Window
                                     All Times UT

                               HJD        Year M  D  H  M
 2455029.45 2009  7 16 22 41   2455380.84 2010  7  3  8  3   2455732.23 2011  6 19 17 24
 2456025.45 2012  4  7 22 41   2456466.84 2013  6 23  8  3   2456908.23 2014  9  7 17 24
 2457021.45 2014 12 29 22 41   2457552.84 2016  6 13  8  3   2458084.23 2017 11 26 17 24
 2458017.45 2017  9 20 22 41   2458638.84 2019  6  4  8  3   2459260.23 2021  2 14 17 24
 2459013.45 2020  6 12 22 41   2459724.84 2022  5 25  8  3   2460436.23 2024  5  5 17 24
 2460009.45 2023  3  5 22 41   2460810.84 2025  5 15  8  3   2461612.23 2027  7 25 17 24
 2461005.45 2025 11 25 22 41   2461896.84 2028  5  5  8  3   2462788.23 2030 10 13 17 24
 2462001.45 2028  8 17 22 41   2462982.84 2031  4 26  8  3   2463964.23 2034  1  1 17 24
