 Predicted Transit Epochs: HD156846_ b

 Predicted Duration of a Central Transit:   323. Minutes

 Begin Transit Window           PREDICTED CENTRAL TRANSIT     End Transit Window
                                     All Times UT

                               HJD        Year M  D  H  M
 2456875.07 2014  8  5 13 36   2456875.95 2014  8  6 10 46   2456876.83 2014  8  7  7 57
 2457234.49 2015  7 30 23 41   2457235.46 2015  7 31 23  1   2457236.43 2015  8  1 22 21
 2457593.91 2016  7 24  9 45   2457594.97 2016  7 25 11 15   2457596.03 2016  7 26 12 45
 2457953.33 2017  7 18 19 50   2457954.48 2017  7 19 23 30   2457955.63 2017  7 21  3  9
 2458312.75 2018  7 13  5 55   2458313.99 2018  7 14 11 44   2458315.23 2018  7 15 17 33
 2458672.17 2019  7  7 16  0   2458673.50 2019  7  8 23 58   2458674.83 2019  7 10  7 57
 2459031.59 2020  7  1  2  5   2459033.01 2020  7  2 12 13   2459034.43 2020  7  3 22 21
 2459391.01 2021  6 25 12  9   2459392.52 2021  6 27  0 27   2459394.03 2021  6 28 12 45
 2459750.43 2022  6 19 22 14   2459752.03 2022  6 21 12 42   2459753.63 2022  6 23  3  9
 2460109.85 2023  6 14  8 19   2460111.54 2023  6 16  0 56   2460113.23 2023  6 17 17 33
 2460469.27 2024  6  7 18 24   2460471.05 2024  6  9 13 10   2460472.83 2024  6 11  7 57
 2460828.69 2025  6  2  4 29   2460830.56 2025  6  4  1 25   2460832.43 2025  6  5 22 21
 2461188.11 2026  5 27 14 33   2461190.07 2026  5 29 13 39   2461192.03 2026  5 31 12 45
 2461547.53 2027  5 22  0 38   2461549.58 2027  5 24  1 54   2461551.63 2027  5 26  3  9
 2461906.95 2028  5 15 10 43   2461909.09 2028  5 17 14  8   2461911.23 2028  5 19 17 33
 2462266.37 2029  5  9 20 48   2462268.60 2029  5 12  2 22   2462270.83 2029  5 14  7 57
 2462625.79 2030  5  4  6 53   2462628.11 2030  5  6 14 37   2462630.43 2030  5  8 22 21
 2462985.21 2031  4 28 16 57   2462987.62 2031  5  1  2 51   2462990.03 2031  5  3 12 45
 2463344.63 2032  4 22  3  2   2463347.13 2032  4 24 15  6   2463349.63 2032  4 27  3  9
 2463704.05 2033  4 16 13  7   2463706.64 2033  4 19  3 20   2463709.23 2033  4 21 17 33
 2464063.47 2034  4 10 23 12   2464066.15 2034  4 13 15 34   2464068.83 2034  4 16  7 57
 2464422.89 2035  4  5  9 17   2464425.66 2035  4  8  3 49   2464428.43 2035  4 10 22 21
