 Predicted Transit Epochs: HD155358_ b

 Predicted Duration of a Central Transit:    10.   Hours

 Begin Transit Window           PREDICTED CENTRAL TRANSIT     End Transit Window
                                     All Times UT

                               HJD        Year M  D  H  M
 2456815.50 2014  6  7  0  0   2456842.43 2014  7  3 22 21   2456869.36 2014  7 30 20 43
 2457009.40 2014 12 17 21 36   2457037.43 2015  1 14 22 21   2457065.46 2015  2 11 23  7
 2457203.30 2015  6 29 19 12   2457232.43 2015  7 28 22 21   2457261.56 2015  8 27  1 31
 2457397.20 2016  1  9 16 48   2457427.43 2016  2  8 22 21   2457457.66 2016  3 10  3 55
 2457591.10 2016  7 21 14 24   2457622.43 2016  8 21 22 21   2457653.76 2016  9 22  6 19
 2457785.00 2017  1 31 12  0   2457817.43 2017  3  4 22 21   2457849.86 2017  4  6  8 43
 2457978.90 2017  8 13  9 36   2458012.43 2017  9 15 22 21   2458045.96 2017 10 19 11  7
 2458172.80 2018  2 23  7 12   2458207.43 2018  3 29 22 21   2458242.06 2018  5  3 13 31
 2458366.70 2018  9  5  4 48   2458402.43 2018 10 10 22 21   2458438.16 2018 11 15 15 55
 2458560.60 2019  3 18  2 24   2458597.43 2019  4 23 22 21   2458634.26 2019  5 30 18 19
 2458754.50 2019  9 28  0  0   2458792.43 2019 11  4 22 21   2458830.36 2019 12 12 20 43
 2458948.40 2020  4  8 21 36   2458987.43 2020  5 17 22 21   2459026.46 2020  6 25 23  7
 2459142.30 2020 10 19 19 12   2459182.43 2020 11 28 22 21   2459222.56 2021  1  8  1 31
 2459336.20 2021  5  1 16 48   2459377.43 2021  6 11 22 21   2459418.66 2021  7 23  3 55
 2459530.10 2021 11 11 14 24   2459572.43 2021 12 23 22 21   2459614.76 2022  2  4  6 19
 2459724.00 2022  5 24 12  0   2459767.43 2022  7  6 22 21   2459810.86 2022  8 19  8 43
 2459917.90 2022 12  4  9 36   2459962.43 2023  1 17 22 21   2460006.96 2023  3  3 11  7
 2460111.80 2023  6 16  7 12   2460157.43 2023  7 31 22 21   2460203.06 2023  9 15 13 31
 2460305.70 2023 12 27  4 48   2460352.43 2024  2 11 22 21   2460399.16 2024  3 29 15 55
 2460499.60 2024  7  8  2 24   2460547.43 2024  8 24 22 21   2460595.26 2024 10 11 18 19
 2460693.50 2025  1 18  0  0   2460742.43 2025  3  7 22 21   2460791.36 2025  4 25 20 43
 2460887.40 2025  7 30 21 36   2460937.43 2025  9 18 22 21   2460987.46 2025 11  7 23  7
 2461081.30 2026  2  9 19 12   2461132.43 2026  4  1 22 21   2461183.56 2026  5 23  1 31
 2461275.20 2026  8 22 16 48   2461327.43 2026 10 13 22 21   2461379.66 2026 12  5  3 55
 2461469.10 2027  3  4 14 24   2461522.43 2027  4 26 22 21   2461575.76 2027  6 19  6 19
 2461663.00 2027  9 14 12  0   2461717.43 2027 11  7 22 21   2461771.86 2028  1  1  8 43
 2461856.90 2028  3 26  9 36   2461912.43 2028  5 20 22 21   2461967.96 2028  7 15 11  7
 2462050.80 2028 10  6  7 12   2462107.43 2028 12  1 22 21   2462164.06 2029  1 27 13 31
 2462244.70 2029  4 18  4 48   2462302.43 2029  6 14 22 21   2462360.16 2029  8 11 15 55
 2462438.60 2029 10 29  2 24   2462497.43 2029 12 26 22 21   2462556.26 2030  2 23 18 19
 2462632.50 2030  5 11  0  0   2462692.43 2030  7  9 22 21   2462752.36 2030  9  7 20 43
 2462826.40 2030 11 20 21 36   2462887.43 2031  1 20 22 21   2462948.46 2031  3 22 23  7
 2463020.30 2031  6  2 19 12   2463082.43 2031  8  3 22 21   2463144.56 2031 10  5  1 31
 2463214.20 2031 12 13 16 48   2463277.43 2032  2 14 22 21   2463340.66 2032  4 18  3 55
 2463408.10 2032  6 24 14 24   2463472.43 2032  8 27 22 21   2463536.76 2032 10 31  6 19
 2463602.00 2033  1  4 12  0   2463667.43 2033  3 10 22 21   2463732.86 2033  5 15  8 43
 2463795.90 2033  7 17  9 36   2463862.43 2033  9 21 22 21   2463928.96 2033 11 27 11  7
 2463989.80 2034  1 27  7 12   2464057.43 2034  4  4 22 21   2464125.06 2034  6 11 13 31
 2464183.70 2034  8  9  4 48   2464252.43 2034 10 16 22 21   2464321.16 2034 12 24 15 55
