 Predicted Transit Epochs: HD154857_ b

 Predicted Duration of a Central Transit:    10.   Hours

 Begin Transit Window           PREDICTED CENTRAL TRANSIT     End Transit Window
                                     All Times UT

                               HJD        Year M  D  H  M
 2454692.06 2008  8 13 13 29   2454765.57 2008 10 26  1 44   2454839.08 2009  1  7 13 59
 2455081.56 2009  9  7  1 29   2455164.07 2009 11 28 13 44   2455246.58 2010  2 19  1 59
 2455471.06 2010 10  1 13 29   2455562.57 2011  1  1  1 44   2455654.08 2011  4  2 13 59
 2455860.56 2011 10 26  1 29   2455961.07 2012  2  3 13 44   2456061.58 2012  5 14  1 59
 2456250.06 2012 11 18 13 29   2456359.57 2013  3  8  1 44   2456469.08 2013  6 25 13 59
 2456639.56 2013 12 13  1 29   2456758.07 2014  4 10 13 44   2456876.58 2014  8  7  1 59
 2457029.06 2015  1  6 13 29   2457156.57 2015  5 14  1 44   2457284.08 2015  9 18 13 59
 2457418.56 2016  1 31  1 29   2457555.07 2016  6 15 13 44   2457691.58 2016 10 30  1 59
 2457808.06 2017  2 23 13 29   2457953.57 2017  7 19  1 44   2458099.08 2017 12 11 13 59
 2458197.56 2018  3 20  1 29   2458352.07 2018  8 21 13 44   2458506.58 2019  1 23  1 59
 2458587.06 2019  4 13 13 29   2458750.57 2019  9 24  1 44   2458914.08 2020  3  5 13 59
 2458976.56 2020  5  7  1 29   2459149.07 2020 10 26 13 44   2459321.58 2021  4 17  1 59
 2459366.06 2021  5 31 13 29   2459547.57 2021 11 29  1 44   2459729.08 2022  5 29 13 59
 2459755.56 2022  6 25  1 29   2459946.07 2023  1  1 13 44   2460136.58 2023  7 11  1 59
 2460145.06 2023  7 19 13 29   2460344.57 2024  2  4  1 44   2460544.08 2024  8 21 13 59
 2460534.56 2024  8 12  1 29   2460743.07 2025  3  8 13 44   2460951.58 2025 10  3  1 59
 2460924.06 2025  9  5 13 29   2461141.57 2026  4 11  1 44   2461359.08 2026 11 14 13 59
 2461313.56 2026  9 30  1 29   2461540.07 2027  5 14 13 44   2461766.58 2027 12 27  1 59
 2461703.06 2027 10 24 13 29   2461938.57 2028  6 16  1 44   2462174.08 2029  2  6 13 59
