 Predicted Transit Epochs: HD154672_ b

 Predicted Duration of a Central Transit:    26.   Hours

 Begin Transit Window           PREDICTED CENTRAL TRANSIT     End Transit Window
                                     All Times UT

                               HJD        Year M  D  H  M
 2454936.23 2009  4 14 17 28   2454938.03 2009  4 16 12 41   2454939.83 2009  4 18  7 54
 2455100.07 2009  9 25 13 38   2455101.97 2009  9 27 11 15   2455103.87 2009  9 29  8 52
 2455263.91 2010  3  8  9 47   2455265.91 2010  3 10  9 48   2455267.91 2010  3 12  9 49
 2455427.75 2010  8 19  5 57   2455429.85 2010  8 21  8 22   2455431.95 2010  8 23 10 47
 2455591.59 2011  1 30  2  7   2455593.79 2011  2  1  6 56   2455595.99 2011  2  3 11 45
 2455755.43 2011  7 12 22 16   2455757.73 2011  7 15  5 29   2455760.03 2011  7 17 12 42
 2455919.27 2011 12 23 18 26   2455921.67 2011 12 26  4  3   2455924.07 2011 12 28 13 40
 2456083.11 2012  6  4 14 35   2456085.61 2012  6  7  2 36   2456088.11 2012  6  9 14 37
 2456246.95 2012 11 15 10 45   2456249.55 2012 11 18  1 10   2456252.15 2012 11 20 15 35
 2456410.79 2013  4 28  6 55   2456413.49 2013  4 30 23 44   2456416.19 2013  5  3 16 33
 2456574.63 2013 10  9  3  4   2456577.43 2013 10 11 22 17   2456580.23 2013 10 14 17 30
 2456738.47 2014  3 21 23 14   2456741.37 2014  3 24 20 51   2456744.27 2014  3 27 18 28
 2456902.31 2014  9  1 19 23   2456905.31 2014  9  4 19 24   2456908.31 2014  9  7 19 25
 2457066.15 2015  2 12 15 33   2457069.25 2015  2 15 17 58   2457072.35 2015  2 18 20 23
 2457229.99 2015  7 26 11 43   2457233.19 2015  7 29 16 32   2457236.39 2015  8  1 21 21
 2457393.83 2016  1  6  7 52   2457397.13 2016  1  9 15  5   2457400.43 2016  1 12 22 18
 2457557.67 2016  6 18  4  2   2457561.07 2016  6 21 13 39   2457564.47 2016  6 24 23 16
 2457721.51 2016 11 29  0 11   2457725.01 2016 12  2 12 12   2457728.51 2016 12  6  0 13
 2457885.35 2017  5 11 20 21   2457888.95 2017  5 15 10 46   2457892.55 2017  5 19  1 11
 2458049.19 2017 10 22 16 31   2458052.89 2017 10 26  9 20   2458056.59 2017 10 30  2  9
 2458213.03 2018  4  4 12 40   2458216.83 2018  4  8  7 53   2458220.63 2018  4 12  3  6
 2458376.87 2018  9 15  8 50   2458380.77 2018  9 19  6 27   2458384.67 2018  9 23  4  4
 2458540.71 2019  2 26  4 59   2458544.71 2019  3  2  5  0   2458548.71 2019  3  6  5  1
 2458704.55 2019  8  9  1  9   2458708.65 2019  8 13  3 34   2458712.75 2019  8 17  5 59
 2458868.39 2020  1 19 21 19   2458872.59 2020  1 24  2  8   2458876.79 2020  1 28  6 57
 2459032.23 2020  7  1 17 28   2459036.53 2020  7  6  0 41   2459040.83 2020  7 10  7 54
 2459196.07 2020 12 12 13 38   2459200.47 2020 12 16 23 15   2459204.87 2020 12 21  8 52
 2459359.91 2021  5 25  9 47   2459364.41 2021  5 29 21 48   2459368.91 2021  6  3  9 49
 2459523.75 2021 11  5  5 57   2459528.35 2021 11  9 20 22   2459532.95 2021 11 14 10 47
 2459687.59 2022  4 18  2  7   2459692.29 2022  4 22 18 56   2459696.99 2022  4 27 11 45
 2459851.43 2022  9 28 22 16   2459856.23 2022 10  3 17 29   2459861.03 2022 10  8 12 42
 2460015.27 2023  3 11 18 26   2460020.17 2023  3 16 16  3   2460025.07 2023  3 21 13 40
 2460179.11 2023  8 22 14 35   2460184.11 2023  8 27 14 36   2460189.11 2023  9  1 14 37
 2460342.95 2024  2  2 10 45   2460348.05 2024  2  7 13 10   2460353.15 2024  2 12 15 35
 2460506.79 2024  7 15  6 55   2460511.99 2024  7 20 11 44   2460517.19 2024  7 25 16 33
 2460670.63 2024 12 26  3  4   2460675.93 2024 12 31 10 17   2460681.23 2025  1  5 17 30
 2460834.47 2025  6  7 23 14   2460839.87 2025  6 13  8 51   2460845.27 2025  6 18 18 28
 2460998.31 2025 11 18 19 23   2461003.81 2025 11 24  7 24   2461009.31 2025 11 29 19 25
 2461162.15 2026  5  1 15 33   2461167.75 2026  5  7  5 58   2461173.35 2026  5 12 20 23
 2461325.99 2026 10 12 11 43   2461331.69 2026 10 18  4 32   2461337.39 2026 10 23 21 21
 2461489.83 2027  3 25  7 52   2461495.63 2027  3 31  3  5   2461501.43 2027  4  5 22 18
 2461653.67 2027  9  5  4  2   2461659.57 2027  9 11  1 39   2461665.47 2027  9 16 23 16
 2461817.51 2028  2 16  0 11   2461823.51 2028  2 22  0 12   2461829.51 2028  2 28  0 13
 2461981.35 2028  7 28 20 21   2461987.45 2028  8  3 22 46   2461993.55 2028  8 10  1 11
 2462145.19 2029  1  8 16 31   2462151.39 2029  1 14 21 20   2462157.59 2029  1 21  2  9
 2462309.03 2029  6 21 12 40   2462315.33 2029  6 27 19 53   2462321.63 2029  7  4  3  6
 2462472.87 2029 12  2  8 50   2462479.27 2029 12  8 18 27   2462485.67 2029 12 15  4  4
