 Predicted Transit Epochs: HD150706_ b

 Predicted Duration of a Central Transit:    11.   Hours

 Begin Transit Window           PREDICTED CENTRAL TRANSIT     End Transit Window
                                     All Times UT

                               HJD        Year M  D  H  M
 2456726.08 2014  3  9 14  0   2456844.18 2014  7  5 16 15   2456962.27 2014 10 31 18 30
 2456985.18 2014 11 23 16 24   2457109.08 2015  3 27 13 51   2457232.97 2015  7 29 11 18
 2457244.28 2015  8  9 18 48   2457373.98 2015 12 17 11 27   2457503.67 2016  4 25  4  6
 2457503.38 2016  4 24 21 12   2457638.88 2016  9  7  9  3   2457774.37 2017  1 20 20 54
 2457762.48 2017  1  8 23 36   2457903.78 2017  5 30  6 39   2458045.07 2017 10 18 13 42
 2458021.58 2017  9 25  2  0   2458168.68 2018  2 19  4 15   2458315.77 2018  7 16  6 30
 2458280.68 2018  6 11  4 24   2458433.58 2018 11 11  1 51   2458586.47 2019  4 12 23 18
 2458539.78 2019  2 25  6 48   2458698.48 2019  8  2 23 27   2458857.17 2020  1  8 16  6
 2458798.88 2019 11 11  9 12   2458963.38 2020  4 23 21  3   2459127.87 2020 10  5  8 54
 2459057.98 2020  7 27 11 36   2459228.28 2021  1 13 18 39   2459398.57 2021  7  3  1 42
 2459317.08 2021  4 12 14  0   2459493.18 2021 10  5 16 15   2459669.27 2022  3 30 18 30
 2459576.18 2021 12 27 16 24   2459758.08 2022  6 27 13 51   2459939.97 2022 12 26 11 18
 2459835.28 2022  9 12 18 48   2460022.98 2023  3 19 11 27   2460210.67 2023  9 23  4  6
 2460094.38 2023  5 29 21 12   2460287.88 2023 12  9  9  3   2460481.37 2024  6 19 20 54
 2460353.48 2024  2 12 23 36   2460552.78 2024  8 30  6 39   2460752.07 2025  3 17 13 42
 2460612.58 2024 10 29  2  0   2460817.68 2025  5 22  4 15   2461022.77 2025 12 13  6 30
 2460871.68 2025  7 15  4 24   2461082.58 2026  2 11  1 51   2461293.47 2026  9  9 23 18
 2461130.78 2026  3 31  6 48   2461347.48 2026 11  2 23 27   2461564.17 2027  6  7 16  6
 2461389.88 2026 12 15  9 12   2461612.38 2027  7 25 21  3   2461834.87 2028  3  4  8 54
 2461648.98 2027  8 31 11 36   2461877.28 2028  4 15 18 39   2462105.57 2028 11 30  1 42
 2461908.08 2028  5 16 14  0   2462142.18 2029  1  5 16 15   2462376.27 2029  8 27 18 30
 2462167.18 2029  1 30 16 24   2462407.08 2029  9 27 13 51   2462646.97 2030  5 25 11 18
 2462426.28 2029 10 16 18 48   2462671.98 2030  6 19 11 27   2462917.67 2031  2 20  4  6
 2462685.38 2030  7  2 21 12   2462936.88 2031  3 11  9  3   2463188.37 2031 11 17 20 54
 2462944.48 2031  3 18 23 36   2463201.78 2031 12  1  6 39   2463459.07 2032  8 14 13 42
 2463203.58 2031 12  3  2  0   2463466.68 2032  8 22  4 15   2463729.77 2033  5 12  6 30
 2463462.68 2032  8 18  4 24   2463731.58 2033  5 14  1 51   2464000.47 2034  2  6 23 18
 2463721.78 2033  5  4  6 48   2463996.48 2034  2  2 23 27   2464271.17 2034 11  4 16  6
 2463980.88 2034  1 18  9 12   2464261.38 2034 10 25 21  3   2464541.87 2035  8  2  8 54
