 Predicted Transit Epochs: HD155358_ c

 Predicted Duration of a Central Transit:    18.   Hours

 Begin Transit Window           PREDICTED CENTRAL TRANSIT     End Transit Window
                                     All Times UT

                               HJD        Year M  D  H  M
 2455077.64 2009  9  3  3 21   2455197.16 2009 12 31 15 46   2455316.67 2010  4 30  4 11
 2455580.74 2011  1 19  5 45   2455727.46 2011  6 14 22 58   2455874.17 2011 11  8 16 11
 2456083.84 2012  6  5  8  9   2456257.76 2012 11 26  6 10   2456431.67 2013  5 19  4 11
 2456586.94 2013 10 21 10 33   2456788.06 2014  5 10 13 22   2456989.17 2014 11 27 16 11
 2457090.04 2015  3  8 12 57   2457318.36 2015 10 22 20 34   2457546.67 2016  6  7  4 11
 2457593.14 2016  7 23 15 21   2457848.66 2017  4  5  3 46   2458104.17 2017 12 16 16 11
 2458096.24 2017 12  8 17 45   2458378.96 2018  9 17 10 58   2458661.67 2019  6 27  4 11
 2458599.34 2019  4 25 20  9   2458909.26 2020  2 29 18 10   2459219.17 2021  1  4 16 11
 2459102.44 2020  9  9 22 33   2459439.56 2021  8 13  1 22   2459776.67 2022  7 16  4 11
 2459605.54 2022  1 26  0 57   2459969.86 2023  1 25  8 34   2460334.17 2024  1 24 16 11
 2460108.64 2023  6 13  3 21   2460500.16 2024  7  8 15 46   2460891.67 2025  8  4  4 11
 2460611.74 2024 10 28  5 45   2461030.46 2025 12 20 22 58   2461449.17 2027  2 12 16 11
 2461114.84 2026  3 15  8  9   2461560.76 2027  6  4  6 10   2462006.67 2028  8 23  4 11
 2461617.94 2027  7 31 10 33   2462091.06 2028 11 15 13 22   2462564.17 2030  3  3 16 11
