 Predicted Transit Epochs: HD153950_ b

 Predicted Duration of a Central Transit:    25.   Hours

 Begin Transit Window           PREDICTED CENTRAL TRANSIT     End Transit Window
                                     All Times UT

                               HJD        Year M  D  H  M
 2455147.25 2009 11 11 18  0   2455156.79 2009 11 21  6 58   2455166.33 2009 11 30 19 55
 2455643.05 2011  3 22 13 12   2455656.19 2011  4  4 16 34   2455669.33 2011  4 17 19 55
 2456138.85 2012  7 30  8 24   2456155.59 2012  8 16  2 10   2456172.33 2012  9  1 19 55
 2456634.65 2013 12  8  3 36   2456654.99 2013 12 28 11 46   2456675.33 2014  1 17 19 55
 2457130.45 2015  4 17 22 48   2457154.39 2015  5 11 21 22   2457178.33 2015  6  4 19 55
 2457626.25 2016  8 25 18  0   2457653.79 2016  9 22  6 58   2457681.33 2016 10 19 19 55
 2458122.05 2018  1  3 13 12   2458153.19 2018  2  3 16 34   2458184.33 2018  3  6 19 55
 2458617.85 2019  5 14  8 24   2458652.59 2019  6 18  2 10   2458687.33 2019  7 22 19 55
 2459113.65 2020  9 21  3 36   2459151.99 2020 10 29 11 46   2459190.33 2020 12  6 19 55
 2459609.45 2022  1 29 22 48   2459651.39 2022  3 12 21 22   2459693.33 2022  4 23 19 55
 2460105.25 2023  6  9 18  0   2460150.79 2023  7 25  6 58   2460196.33 2023  9  8 19 55
 2460601.05 2024 10 17 13 12   2460650.19 2024 12  5 16 34   2460699.33 2025  1 23 19 55
 2461096.85 2026  2 25  8 24   2461149.59 2026  4 19  2 10   2461202.33 2026  6 10 19 55
 2461592.65 2027  7  6  3 36   2461648.99 2027  8 31 11 46   2461705.33 2027 10 26 19 55
 2462088.45 2028 11 12 22 48   2462148.39 2029  1 11 21 22   2462208.33 2029  3 12 19 55
 2462584.25 2030  3 23 18  0   2462647.79 2030  5 26  6 58   2462711.33 2030  7 28 19 55
