 Predicted Transit Epochs: HD168746_ b

 Predicted Duration of a Central Transit:   241. Minutes

 Begin Transit Window           PREDICTED CENTRAL TRANSIT     End Transit Window
                                     All Times UT

                               HJD        Year M  D  H  M
 2456758.86 2014  4 11  8 45   2456759.90 2014  4 12  9 38   2456760.94 2014  4 13 10 31
 2456765.27 2014  4 17 18 24   2456766.30 2014  4 18 19 18   2456767.34 2014  4 19 20 13
 2456771.67 2014  4 24  4  3   2456772.71 2014  4 25  4 59   2456773.75 2014  4 26  5 55
 2456778.07 2014  4 30 13 42   2456779.11 2014  5  1 14 39   2456780.15 2014  5  2 15 36
 2456784.47 2014  5  6 23 20   2456785.51 2014  5  8  0 19   2456786.55 2014  5  9  1 18
 2456790.87 2014  5 13  8 59   2456791.92 2014  5 14 10  0   2456792.96 2014  5 15 11  0
 2456797.28 2014  5 19 18 38   2456798.32 2014  5 20 19 40   2456799.36 2014  5 21 20 42
 2456803.68 2014  5 26  4 17   2456804.72 2014  5 27  5 20   2456805.77 2014  5 28  6 24
 2456810.08 2014  6  1 13 56   2456811.13 2014  6  2 15  1   2456812.17 2014  6  3 16  5
 2456816.48 2014  6  7 23 35   2456817.53 2014  6  9  0 41   2456818.57 2014  6 10  1 47
 2456822.89 2014  6 14  9 14   2456823.93 2014  6 15 10 22   2456824.98 2014  6 16 11 29
 2456829.29 2014  6 20 18 53   2456830.33 2014  6 21 20  2   2456831.38 2014  6 22 21 11
 2456835.69 2014  6 27  4 32   2456836.74 2014  6 28  5 42   2456837.79 2014  6 29  6 53
 2456842.09 2014  7  3 14 11   2456843.14 2014  7  4 15 23   2456844.19 2014  7  5 16 34
 2456848.49 2014  7  9 23 50   2456849.54 2014  7 11  1  3   2456850.59 2014  7 12  2 16
 2456854.90 2014  7 16  9 29   2456855.95 2014  7 17 10 43   2456857.00 2014  7 18 11 58
 2456861.30 2014  7 22 19  7   2456862.35 2014  7 23 20 24   2456863.40 2014  7 24 21 40
 2456867.70 2014  7 29  4 46   2456868.75 2014  7 30  6  4   2456869.81 2014  7 31  7 22
 2456874.10 2014  8  4 14 25   2456875.16 2014  8  5 15 44   2456876.21 2014  8  6 17  3
 2456880.50 2014  8 11  0  4   2456881.56 2014  8 12  1 25   2456882.62 2014  8 13  2 45
 2456886.91 2014  8 17  9 43   2456887.96 2014  8 18 11  5   2456889.02 2014  8 19 12 27
 2456893.31 2014  8 23 19 22   2456894.37 2014  8 24 20 45   2456895.42 2014  8 25 22  9
 2456899.71 2014  8 30  5  1   2456900.77 2014  8 31  6 26   2456901.83 2014  9  1  7 51
 2456906.11 2014  9  5 14 40   2456907.17 2014  9  6 16  6   2456908.23 2014  9  7 17 32
 2456912.51 2014  9 12  0 19   2456913.57 2014  9 13  1 47   2456914.64 2014  9 14  3 14
 2456918.92 2014  9 18  9 58   2456919.98 2014  9 19 11 27   2456921.04 2014  9 20 12 56
 2456925.32 2014  9 24 19 37   2456926.38 2014  9 25 21  7   2456927.44 2014  9 26 22 38
 2456931.72 2014 10  1  5 16   2456932.78 2014 10  2  6 48   2456933.85 2014 10  3  8 20
 2456938.12 2014 10  7 14 54   2456939.19 2014 10  8 16 28   2456940.25 2014 10  9 18  1
 2456944.52 2014 10 14  0 33   2456945.59 2014 10 15  2  8   2456946.66 2014 10 16  3 43
 2456950.93 2014 10 20 10 12   2456951.99 2014 10 21 11 49   2456953.06 2014 10 22 13 25
 2456957.33 2014 10 26 19 51   2456958.40 2014 10 27 21 29   2456959.46 2014 10 28 23  7
 2456963.73 2014 11  2  5 30   2456964.80 2014 11  3  7  9   2456965.87 2014 11  4  8 49
 2456970.13 2014 11  8 15  9   2456971.20 2014 11  9 16 50   2456972.27 2014 11 10 18 30
 2456976.53 2014 11 15  0 48   2456977.60 2014 11 16  2 30   2456978.68 2014 11 17  4 12
 2456982.94 2014 11 21 10 27   2456984.01 2014 11 22 12 10   2456985.08 2014 11 23 13 54
 2456989.34 2014 11 27 20  6   2456990.41 2014 11 28 21 51   2456991.48 2014 11 29 23 36
 2456995.74 2014 12  4  5 45   2456996.81 2014 12  5  7 31   2456997.89 2014 12  6  9 18
 2457002.14 2014 12 10 15 24   2457003.22 2014 12 11 17 11   2457004.29 2014 12 12 18 59
 2457008.54 2014 12 17  1  3   2457009.62 2014 12 18  2 52   2457010.70 2014 12 19  4 41
 2457014.95 2014 12 23 10 41   2457016.02 2014 12 24 12 32   2457017.10 2014 12 25 14 23
 2457021.35 2014 12 29 20 20   2457022.43 2014 12 30 22 13   2457023.50 2015  1  1  0  5
 2457027.75 2015  1  5  5 59   2457028.83 2015  1  6  7 53   2457029.91 2015  1  7  9 47
 2457034.15 2015  1 11 15 38   2457035.23 2015  1 12 17 33   2457036.31 2015  1 13 19 28
 2457040.55 2015  1 18  1 17   2457041.63 2015  1 19  3 14   2457042.72 2015  1 20  5 10
 2457046.96 2015  1 24 10 56   2457048.04 2015  1 25 12 54   2457049.12 2015  1 26 14 52
 2457053.36 2015  1 30 20 35   2457054.44 2015  1 31 22 34   2457055.52 2015  2  2  0 34
 2457059.76 2015  2  6  6 14   2457060.84 2015  2  7  8 15   2457061.93 2015  2  8 10 16
 2457066.16 2015  2 12 15 53   2457067.25 2015  2 13 17 55   2457068.33 2015  2 14 19 57
 2457072.56 2015  2 19  1 32   2457073.65 2015  2 20  3 35   2457074.74 2015  2 21  5 39
 2457078.97 2015  2 25 11 11   2457080.05 2015  2 26 13 16   2457081.14 2015  2 27 15 21
 2457085.37 2015  3  3 20 50   2457086.46 2015  3  4 22 56   2457087.54 2015  3  6  1  3
 2457091.77 2015  3 10  6 28   2457092.86 2015  3 11  8 36   2457093.95 2015  3 12 10 45
 2457098.17 2015  3 16 16  7   2457099.26 2015  3 17 18 17   2457100.35 2015  3 18 20 26
 2457104.57 2015  3 23  1 46   2457105.67 2015  3 24  3 57   2457106.76 2015  3 25  6  8
 2457110.98 2015  3 29 11 25   2457112.07 2015  3 30 13 38   2457113.16 2015  3 31 15 50
 2457117.38 2015  4  4 21  4   2457118.47 2015  4  5 23 18   2457119.56 2015  4  7  1 32
 2457123.78 2015  4 11  6 43   2457124.87 2015  4 12  8 58   2457125.97 2015  4 13 11 14
 2457130.18 2015  4 17 16 22   2457131.28 2015  4 18 18 39   2457132.37 2015  4 19 20 55
 2457136.58 2015  4 24  2  1   2457137.68 2015  4 25  4 19   2457138.78 2015  4 26  6 37
 2457142.99 2015  4 30 11 40   2457144.08 2015  5  1 13 59   2457145.18 2015  5  2 16 19
 2457149.39 2015  5  6 21 19   2457150.49 2015  5  7 23 40   2457151.58 2015  5  9  2  1
 2457155.79 2015  5 13  6 58   2457156.89 2015  5 14  9 20   2457157.99 2015  5 15 11 42
 2457162.19 2015  5 19 16 37   2457163.29 2015  5 20 19  0   2457164.39 2015  5 21 21 24
 2457168.59 2015  5 26  2 15   2457169.70 2015  5 27  4 41   2457170.80 2015  5 28  7  6
 2457175.00 2015  6  1 11 54   2457176.10 2015  6  2 14 21   2457177.20 2015  6  3 16 48
 2457181.40 2015  6  7 21 33   2457182.50 2015  6  9  0  1   2457183.60 2015  6 10  2 30
 2457187.80 2015  6 14  7 12   2457188.90 2015  6 15  9 42   2457190.01 2015  6 16 12 11
 2457194.20 2015  6 20 16 51   2457195.31 2015  6 21 19 22   2457196.41 2015  6 22 21 53
 2457200.60 2015  6 27  2 30   2457201.71 2015  6 28  5  3   2457202.82 2015  6 29  7 35
 2457207.01 2015  7  3 12  9   2457208.11 2015  7  4 14 43   2457209.22 2015  7  5 17 17
 2457213.41 2015  7  9 21 48   2457214.52 2015  7 11  0 23   2457215.62 2015  7 12  2 59
 2457219.81 2015  7 16  7 27   2457220.92 2015  7 17 10  4   2457222.03 2015  7 18 12 40
 2457226.21 2015  7 22 17  6   2457227.32 2015  7 23 19 44   2457228.43 2015  7 24 22 22
 2457232.61 2015  7 29  2 45   2457233.73 2015  7 30  5 24   2457234.84 2015  7 31  8  4
 2457239.02 2015  8  4 12 24   2457240.13 2015  8  5 15  5   2457241.24 2015  8  6 17 46
 2457245.42 2015  8 10 22  2   2457246.53 2015  8 12  0 45   2457247.64 2015  8 13  3 28
 2457251.82 2015  8 17  7 41   2457252.93 2015  8 18 10 25   2457254.05 2015  8 19 13  9
 2457258.22 2015  8 23 17 20   2457259.34 2015  8 24 20  6   2457260.45 2015  8 25 22 51
 2457264.62 2015  8 30  2 59   2457265.74 2015  8 31  5 46   2457266.86 2015  9  1  8 33
 2457271.03 2015  9  5 12 38   2457272.14 2015  9  6 15 26   2457273.26 2015  9  7 18 15
 2457277.43 2015  9 11 22 17   2457278.55 2015  9 13  1  7   2457279.66 2015  9 14  3 57
 2457283.83 2015  9 18  7 56   2457284.95 2015  9 19 10 47   2457286.07 2015  9 20 13 38
 2457290.23 2015  9 24 17 35   2457291.35 2015  9 25 20 28   2457292.47 2015  9 26 23 20
 2457296.63 2015 10  1  3 14   2457297.76 2015 10  2  6  8   2457298.88 2015 10  3  9  2
 2457303.04 2015 10  7 12 53   2457304.16 2015 10  8 15 48   2457305.28 2015 10  9 18 44
 2457309.44 2015 10 13 22 32   2457310.56 2015 10 15  1 29   2457311.68 2015 10 16  4 26
 2457315.84 2015 10 20  8 11   2457316.96 2015 10 21 11  9   2457318.09 2015 10 22 14  7
 2457322.24 2015 10 26 17 49   2457323.37 2015 10 27 20 49   2457324.49 2015 10 28 23 49
 2457328.65 2015 11  2  3 28   2457329.77 2015 11  3  6 30   2457330.90 2015 11  4  9 31
 2457335.05 2015 11  8 13  7   2457336.17 2015 11  9 16 10   2457337.30 2015 11 10 19 13
 2457341.45 2015 11 14 22 46   2457342.58 2015 11 16  1 50   2457343.70 2015 11 17  4 55
 2457347.85 2015 11 21  8 25   2457348.98 2015 11 22 11 31   2457350.11 2015 11 23 14 36
 2457354.25 2015 11 27 18  4   2457355.38 2015 11 28 21 11   2457356.51 2015 11 30  0 18
 2457360.66 2015 12  4  3 43   2457361.79 2015 12  5  6 51   2457362.92 2015 12  6 10  0
 2457367.06 2015 12 10 13 22   2457368.19 2015 12 11 16 32   2457369.32 2015 12 12 19 42
 2457373.46 2015 12 16 23  1   2457374.59 2015 12 18  2 12   2457375.73 2015 12 19  5 24
 2457379.86 2015 12 23  8 40   2457381.00 2015 12 24 11 53   2457382.13 2015 12 25 15  5
 2457386.26 2015 12 29 18 19   2457387.40 2015 12 30 21 33   2457388.53 2016  1  1  0 47
 2457392.67 2016  1  5  3 58   2457393.80 2016  1  6  7 13   2457394.94 2016  1  7 10 29
 2457399.07 2016  1 11 13 36   2457400.20 2016  1 12 16 54   2457401.34 2016  1 13 20 11
 2457405.47 2016  1 17 23 15   2457406.61 2016  1 19  2 34   2457407.75 2016  1 20  5 53
 2457411.87 2016  1 24  8 54   2457413.01 2016  1 25 12 14   2457414.15 2016  1 26 15 34
 2457418.27 2016  1 30 18 33   2457419.41 2016  1 31 21 55   2457420.55 2016  2  2  1 16
 2457424.68 2016  2  6  4 12   2457425.82 2016  2  7  7 35   2457426.96 2016  2  8 10 58
 2457431.08 2016  2 12 13 51   2457432.22 2016  2 13 17 15   2457433.36 2016  2 14 20 40
 2457437.48 2016  2 18 23 30   2457438.62 2016  2 20  2 56   2457439.77 2016  2 21  6 22
 2457443.88 2016  2 25  9  9   2457445.03 2016  2 26 12 36   2457446.17 2016  2 27 16  3
 2457450.28 2016  3  2 18 48   2457451.43 2016  3  3 22 16   2457452.57 2016  3  5  1 45
 2457456.69 2016  3  9  4 27   2457457.83 2016  3 10  7 57   2457458.98 2016  3 11 11 27
 2457463.09 2016  3 15 14  6   2457464.23 2016  3 16 17 37   2457465.38 2016  3 17 21  9
 2457469.49 2016  3 21 23 45   2457470.64 2016  3 23  3 18   2457471.79 2016  3 24  6 51
 2457475.89 2016  3 28  9 23   2457477.04 2016  3 29 12 58   2457478.19 2016  3 30 16 32
 2457482.29 2016  4  3 19  2   2457483.44 2016  4  4 22 38   2457484.59 2016  4  6  2 14
 2457488.70 2016  4 10  4 41   2457489.85 2016  4 11  8 19   2457491.00 2016  4 12 11 56
 2457495.10 2016  4 16 14 20   2457496.25 2016  4 17 17 59   2457497.40 2016  4 18 21 38
 2457501.50 2016  4 22 23 59   2457502.65 2016  4 24  3 39   2457503.81 2016  4 25  7 20
 2457507.90 2016  4 29  9 38   2457509.06 2016  4 30 13 20   2457510.21 2016  5  1 17  1
 2457514.30 2016  5  5 19 17   2457515.46 2016  5  6 23  0   2457516.61 2016  5  8  2 43
 2457520.71 2016  5 12  4 56   2457521.86 2016  5 13  8 40   2457523.02 2016  5 14 12 25
 2457527.11 2016  5 18 14 35   2457528.26 2016  5 19 18 21   2457529.42 2016  5 20 22  7
 2457533.51 2016  5 25  0 14   2457534.67 2016  5 26  4  1   2457535.83 2016  5 27  7 49
 2457539.91 2016  5 31  9 53   2457541.07 2016  6  1 13 41   2457542.23 2016  6  2 17 30
 2457546.31 2016  6  6 19 32   2457547.47 2016  6  7 23 22   2457548.63 2016  6  9  3 12
 2457552.72 2016  6 13  5 10   2457553.88 2016  6 14  9  2   2457555.04 2016  6 15 12 54
 2457559.12 2016  6 19 14 49   2457560.28 2016  6 20 18 43   2457561.44 2016  6 21 22 36
 2457565.52 2016  6 26  0 28   2457566.68 2016  6 27  4 23   2457567.85 2016  6 28  8 17
 2457571.92 2016  7  2 10  7   2457573.09 2016  7  3 14  3   2457574.25 2016  7  4 17 59
 2457578.32 2016  7  8 19 46   2457579.49 2016  7  9 23 44   2457580.65 2016  7 11  3 41
 2457584.73 2016  7 15  5 25   2457585.89 2016  7 16  9 24   2457587.06 2016  7 17 13 23
 2457591.13 2016  7 21 15  4   2457592.30 2016  7 22 19  4   2457593.46 2016  7 23 23  5
 2457597.53 2016  7 28  0 43   2457598.70 2016  7 29  4 45   2457599.87 2016  7 30  8 46
 2457603.93 2016  8  3 10 22   2457605.10 2016  8  4 14 25   2457606.27 2016  8  5 18 28
 2457610.33 2016  8  9 20  1   2457611.50 2016  8 11  0  5   2457612.67 2016  8 12  4 10
