 Predicted Transit Epochs: HD168443_ b

 Predicted Duration of a Central Transit:     9.   Hours

 Begin Transit Window           PREDICTED CENTRAL TRANSIT     End Transit Window
                                     All Times UT

                               HJD        Year M  D  H  M
 2456783.91 2014  5  6  9 52   2456784.23 2014  5  6 17 33   2456784.55 2014  5  7  1 13
 2456842.03 2014  7  3 12 38   2456842.35 2014  7  3 20 20   2456842.67 2014  7  4  4  2
 2456900.14 2014  8 30 15 23   2456900.46 2014  8 30 23  7   2456900.79 2014  8 31  6 50
 2456958.26 2014 10 27 18  9   2456958.58 2014 10 28  1 54   2456958.90 2014 10 28  9 39
 2457016.37 2014 12 24 20 55   2457016.70 2014 12 25  4 41   2457017.02 2014 12 25 12 27
 2457074.49 2015  2 20 23 40   2457074.81 2015  2 21  7 28   2457075.14 2015  2 21 15 16
 2457132.60 2015  4 20  2 26   2457132.93 2015  4 20 10 15   2457133.25 2015  4 20 18  4
 2457190.72 2015  6 17  5 11   2457191.04 2015  6 17 13  2   2457191.37 2015  6 17 20 53
 2457248.83 2015  8 14  7 57   2457249.16 2015  8 14 15 49   2457249.49 2015  8 14 23 41
 2457306.95 2015 10 11 10 43   2457307.28 2015 10 11 18 36   2457307.60 2015 10 12  2 30
 2457365.06 2015 12  8 13 28   2457365.39 2015 12  8 21 23   2457365.72 2015 12  9  5 18
 2457423.18 2016  2  4 16 14   2457423.51 2016  2  5  0 10   2457423.84 2016  2  5  8  7
 2457481.29 2016  4  2 18 59   2457481.62 2016  4  3  2 57   2457481.96 2016  4  3 10 55
 2457539.41 2016  5 30 21 45   2457539.74 2016  5 31  5 44   2457540.07 2016  5 31 13 44
 2457597.52 2016  7 28  0 31   2457597.86 2016  7 28  8 31   2457598.19 2016  7 28 16 32
 2457655.64 2016  9 24  3 16   2457655.97 2016  9 24 11 18   2457656.31 2016  9 24 19 21
 2457713.75 2016 11 21  6  2   2457714.09 2016 11 21 14  5   2457714.42 2016 11 21 22  9
 2457771.87 2017  1 18  8 47   2457772.20 2017  1 18 16 52   2457772.54 2017  1 19  0 58
 2457829.98 2017  3 17 11 33   2457830.32 2017  3 17 19 40   2457830.66 2017  3 18  3 46
 2457888.10 2017  5 14 14 19   2457888.44 2017  5 14 22 27   2457888.77 2017  5 15  6 35
 2457946.21 2017  7 11 17  4   2457946.55 2017  7 12  1 14   2457946.89 2017  7 12  9 23
 2458004.33 2017  9  7 19 50   2458004.67 2017  9  8  4  1   2458005.01 2017  9  8 12 12
 2458062.44 2017 11  4 22 35   2458062.78 2017 11  5  6 48   2458063.13 2017 11  5 15  0
 2458120.56 2018  1  2  1 21   2458120.90 2018  1  2  9 35   2458121.24 2018  1  2 17 48
 2458178.67 2018  3  1  4  7   2458179.02 2018  3  1 12 22   2458179.36 2018  3  1 20 37
 2458236.79 2018  4 28  6 52   2458237.13 2018  4 28 15  9   2458237.48 2018  4 28 23 25
 2458294.90 2018  6 25  9 38   2458295.25 2018  6 25 17 56   2458295.59 2018  6 26  2 14
 2458353.02 2018  8 22 12 23   2458353.36 2018  8 22 20 43   2458353.71 2018  8 23  5  2
 2458411.13 2018 10 19 15  9   2458411.48 2018 10 19 23 30   2458411.83 2018 10 20  7 51
 2458469.25 2018 12 16 17 55   2458469.60 2018 12 17  2 17   2458469.94 2018 12 17 10 39
 2458527.36 2019  2 12 20 40   2458527.71 2019  2 13  5  4   2458528.06 2019  2 13 13 28
 2458585.48 2019  4 11 23 26   2458585.83 2019  4 12  7 51   2458586.18 2019  4 12 16 16
 2458643.59 2019  6  9  2 11   2458643.94 2019  6  9 10 38   2458644.30 2019  6  9 19  5
 2458701.71 2019  8  6  4 57   2458702.06 2019  8  6 13 25   2458702.41 2019  8  6 21 53
 2458759.82 2019 10  3  7 43   2458760.18 2019 10  3 16 12   2458760.53 2019 10  4  0 42
 2458817.94 2019 11 30 10 28   2458818.29 2019 11 30 18 59   2458818.65 2019 12  1  3 30
 2458876.05 2020  1 27 13 14   2458876.41 2020  1 27 21 46   2458876.76 2020  1 28  6 19
 2458934.17 2020  3 25 15 59   2458934.52 2020  3 26  0 33   2458934.88 2020  3 26  9  7
 2458992.28 2020  5 22 18 45   2458992.64 2020  5 23  3 20   2458993.00 2020  5 23 11 56
 2459050.40 2020  7 19 21 31   2459050.76 2020  7 20  6  7   2459051.11 2020  7 20 14 44
 2459108.51 2020  9 16  0 16   2459108.87 2020  9 16  8 54   2459109.23 2020  9 16 17 33
 2459166.63 2020 11 13  3  2   2459166.99 2020 11 13 11 41   2459167.35 2020 11 13 20 21
 2459224.74 2021  1 10  5 47   2459225.10 2021  1 10 14 28   2459225.47 2021  1 10 23 10
 2459282.86 2021  3  9  8 33   2459283.22 2021  3  9 17 16   2459283.58 2021  3 10  1 58
 2459340.97 2021  5  6 11 19   2459341.34 2021  5  6 20  3   2459341.70 2021  5  7  4 47
 2459399.09 2021  7  3 14  4   2459399.45 2021  7  3 22 50   2459399.82 2021  7  4  7 35
 2459457.20 2021  8 30 16 50   2459457.57 2021  8 31  1 37   2459457.93 2021  8 31 10 24
 2459515.32 2021 10 27 19 35   2459515.68 2021 10 28  4 24   2459516.05 2021 10 28 13 12
 2459573.43 2021 12 24 22 21   2459573.80 2021 12 25  7 11   2459574.17 2021 12 25 16  0
 2459631.55 2022  2 21  1  7   2459631.92 2022  2 21  9 58   2459632.28 2022  2 21 18 49
 2459689.66 2022  4 20  3 52   2459690.03 2022  4 20 12 45   2459690.40 2022  4 20 21 37
 2459747.78 2022  6 17  6 38   2459748.15 2022  6 17 15 32   2459748.52 2022  6 18  0 26
 2459805.89 2022  8 14  9 23   2459806.26 2022  8 14 18 19   2459806.64 2022  8 15  3 14
 2459864.01 2022 10 11 12  9   2459864.38 2022 10 11 21  6   2459864.75 2022 10 12  6  3
 2459922.12 2022 12  8 14 55   2459922.50 2022 12  8 23 53   2459922.87 2022 12  9  8 51
 2459980.24 2023  2  4 17 40   2459980.61 2023  2  5  2 40   2459980.99 2023  2  5 11 40
 2460038.35 2023  4  3 20 26   2460038.73 2023  4  4  5 27   2460039.10 2023  4  4 14 28
 2460096.47 2023  5 31 23 11   2460096.84 2023  6  1  8 14   2460097.22 2023  6  1 17 17
 2460154.58 2023  7 29  1 57   2460154.96 2023  7 29 11  1   2460155.34 2023  7 29 20  5
 2460212.70 2023  9 25  4 43   2460213.08 2023  9 25 13 48   2460213.45 2023  9 25 22 54
 2460270.81 2023 11 22  7 28   2460271.19 2023 11 22 16 35   2460271.57 2023 11 23  1 42
 2460328.93 2024  1 19 10 14   2460329.31 2024  1 19 19 22   2460329.69 2024  1 20  4 31
 2460387.04 2024  3 17 12 59   2460387.42 2024  3 17 22  9   2460387.81 2024  3 18  7 19
 2460445.16 2024  5 14 15 45   2460445.54 2024  5 15  0 56   2460445.92 2024  5 15 10  8
 2460503.27 2024  7 11 18 31   2460503.66 2024  7 12  3 43   2460504.04 2024  7 12 12 56
 2460561.39 2024  9  7 21 16   2460561.77 2024  9  8  6 30   2460562.16 2024  9  8 15 45
 2460619.50 2024 11  5  0  2   2460619.89 2024 11  5  9 17   2460620.27 2024 11  5 18 33
 2460677.62 2025  1  2  2 47   2460678.00 2025  1  2 12  4   2460678.39 2025  1  2 21 22
 2460735.73 2025  3  1  5 33   2460736.12 2025  3  1 14 52   2460736.51 2025  3  2  0 10
 2460793.85 2025  4 28  8 19   2460794.24 2025  4 28 17 39   2460794.62 2025  4 29  2 59
 2460851.96 2025  6 25 11  4   2460852.35 2025  6 25 20 26   2460852.74 2025  6 26  5 47
 2460910.08 2025  8 22 13 50   2460910.47 2025  8 22 23 13   2460910.86 2025  8 23  8 36
 2460968.19 2025 10 19 16 35   2460968.58 2025 10 20  2  0   2460968.98 2025 10 20 11 24
 2461026.31 2025 12 16 19 21   2461026.70 2025 12 17  4 47   2461027.09 2025 12 17 14 12
 2461084.42 2026  2 12 22  7   2461084.82 2026  2 13  7 34   2461085.21 2026  2 13 17  1
 2461142.54 2026  4 12  0 52   2461142.93 2026  4 12 10 21   2461143.33 2026  4 12 19 49
 2461200.65 2026  6  9  3 38   2461201.05 2026  6  9 13  8   2461201.44 2026  6  9 22 38
 2461258.77 2026  8  6  6 23   2461259.16 2026  8  6 15 55   2461259.56 2026  8  7  1 26
 2461316.88 2026 10  3  9  9   2461317.28 2026 10  3 18 42   2461317.68 2026 10  4  4 15
 2461375.00 2026 11 30 11 55   2461375.40 2026 11 30 21 29   2461375.79 2026 12  1  7  3
 2461433.11 2027  1 27 14 40   2461433.51 2027  1 28  0 16   2461433.91 2027  1 28  9 52
 2461491.23 2027  3 26 17 26   2461491.63 2027  3 27  3  3   2461492.03 2027  3 27 12 40
 2461549.34 2027  5 23 20 11   2461549.74 2027  5 24  5 50   2461550.15 2027  5 24 15 29
 2461607.46 2027  7 20 22 57   2461607.86 2027  7 21  8 37   2461608.26 2027  7 21 18 17
 2461665.57 2027  9 17  1 43   2461665.98 2027  9 17 11 24   2461666.38 2027  9 17 21  6
 2461723.69 2027 11 14  4 28   2461724.09 2027 11 14 14 11   2461724.50 2027 11 14 23 54
 2461781.80 2028  1 11  7 14   2461782.21 2028  1 11 16 58   2461782.61 2028  1 12  2 43
 2461839.92 2028  3  9  9 59   2461840.32 2028  3  9 19 45   2461840.73 2028  3 10  5 31
 2461898.03 2028  5  6 12 45   2461898.44 2028  5  6 22 32   2461898.85 2028  5  7  8 20
 2461956.15 2028  7  3 15 31   2461956.56 2028  7  4  1 19   2461956.96 2028  7  4 11  8
 2462014.26 2028  8 30 18 16   2462014.67 2028  8 31  4  6   2462015.08 2028  8 31 13 57
 2462072.38 2028 10 27 21  2   2462072.79 2028 10 28  6 53   2462073.20 2028 10 28 16 45
 2462130.49 2028 12 24 23 47   2462130.90 2028 12 25  9 40   2462131.32 2028 12 25 19 34
 2462188.61 2029  2 21  2 33   2462189.02 2029  2 21 12 28   2462189.43 2029  2 21 22 22
 2462246.72 2029  4 20  5 19   2462247.14 2029  4 20 15 15   2462247.55 2029  4 21  1 11
 2462304.84 2029  6 17  8  4   2462305.25 2029  6 17 18  2   2462305.67 2029  6 18  3 59
 2462362.95 2029  8 14 10 50   2462363.37 2029  8 14 20 49   2462363.78 2029  8 15  6 48
 2462421.07 2029 10 11 13 35   2462421.48 2029 10 11 23 36   2462421.90 2029 10 12  9 36
 2462479.18 2029 12  8 16 21   2462479.60 2029 12  9  2 23   2462480.02 2029 12  9 12 24
 2462537.30 2030  2  4 19  7   2462537.72 2030  2  5  5 10   2462538.13 2030  2  5 15 13
 2462595.41 2030  4  3 21 52   2462595.83 2030  4  4  7 57   2462596.25 2030  4  4 18  1
 2462653.53 2030  6  1  0 38   2462653.95 2030  6  1 10 44   2462654.37 2030  6  1 20 50
 2462711.64 2030  7 29  3 23   2462712.06 2030  7 29 13 31   2462712.49 2030  7 29 23 38
 2462769.76 2030  9 25  6  9   2462770.18 2030  9 25 16 18   2462770.60 2030  9 26  2 27
 2462827.87 2030 11 22  8 55   2462828.30 2030 11 22 19  5   2462828.72 2030 11 23  5 15
 2462885.99 2031  1 19 11 40   2462886.41 2031  1 19 21 52   2462886.84 2031  1 20  8  4
 2462944.10 2031  3 18 14 26   2462944.53 2031  3 19  0 39   2462944.95 2031  3 19 10 52
 2463002.22 2031  5 15 17 11   2463002.64 2031  5 16  3 26   2463003.07 2031  5 16 13 41
 2463060.33 2031  7 12 19 57   2463060.76 2031  7 13  6 13   2463061.19 2031  7 13 16 29
 2463118.45 2031  9  8 22 43   2463118.88 2031  9  9  9  0   2463119.30 2031  9  9 19 18
 2463176.56 2031 11  6  1 28   2463176.99 2031 11  6 11 47   2463177.42 2031 11  6 22  6
 2463234.68 2032  1  3  4 14   2463235.11 2032  1  3 14 34   2463235.54 2032  1  4  0 55
 2463292.79 2032  3  1  6 59   2463293.22 2032  3  1 17 21   2463293.66 2032  3  2  3 43
 2463350.91 2032  4 28  9 45   2463351.34 2032  4 28 20  8   2463351.77 2032  4 29  6 32
 2463409.02 2032  6 25 12 31   2463409.46 2032  6 25 22 55   2463409.89 2032  6 26  9 20
 2463467.14 2032  8 22 15 16   2463467.57 2032  8 23  1 42   2463468.01 2032  8 23 12  9
 2463525.25 2032 10 19 18  2   2463525.69 2032 10 20  4 29   2463526.12 2032 10 20 14 57
 2463583.37 2032 12 16 20 47   2463583.80 2032 12 17  7 16   2463584.24 2032 12 17 17 46
 2463641.48 2033  2 12 23 33   2463641.92 2033  2 13 10  4   2463642.36 2033  2 13 20 34
 2463699.60 2033  4 12  2 19   2463700.04 2033  4 12 12 51   2463700.47 2033  4 12 23 23
 2463757.71 2033  6  9  5  4   2463758.15 2033  6  9 15 38   2463758.59 2033  6 10  2 11
 2463815.83 2033  8  6  7 50   2463816.27 2033  8  6 18 25   2463816.71 2033  8  7  5  0
 2463873.94 2033 10  3 10 35   2463874.38 2033 10  3 21 12   2463874.83 2033 10  4  7 48
 2463932.06 2033 11 30 13 21   2463932.50 2033 11 30 23 59   2463932.94 2033 12  1 10 36
 2463990.17 2034  1 27 16  7   2463990.62 2034  1 28  2 46   2463991.06 2034  1 28 13 25
 2464048.29 2034  3 26 18 52   2464048.73 2034  3 27  5 33   2464049.18 2034  3 27 16 13
 2464106.40 2034  5 23 21 38   2464106.85 2034  5 24  8 20   2464107.29 2034  5 24 19  2
 2464164.52 2034  7 21  0 23   2464164.96 2034  7 21 11  7   2464165.41 2034  7 21 21 50
 2464222.63 2034  9 17  3  9   2464223.08 2034  9 17 13 54   2464223.53 2034  9 18  0 39
