 Predicted Transit Epochs: HD160691_ b

 Predicted Duration of a Central Transit:    18.   Hours

 Begin Transit Window           PREDICTED CENTRAL TRANSIT     End Transit Window
                                     All Times UT

                               HJD        Year M  D  H  M
 2456675.79 2014  1 18  6 59   2456790.77 2014  5 13  6 31   2456905.75 2014  9  5  6  3
 2457277.49 2015  9 11 23 47   2457403.87 2016  1 16  8 55   2457530.25 2016  5 21 18  3
 2457879.19 2017  5  5 16 35   2458016.97 2017  9 20 11 19   2458154.75 2018  2  5  6  3
 2458480.89 2018 12 28  9 23   2458630.07 2019  5 26 13 43   2458779.25 2019 10 22 18  3
 2459082.59 2020  8 21  2 11   2459243.17 2021  1 28 16  7   2459403.75 2021  7  8  6  3
 2459684.29 2022  4 14 18 59   2459856.27 2022 10  3 18 31   2460028.25 2023  3 24 18  3
 2460285.99 2023 12  7 11 47   2460469.37 2024  6  7 20 55   2460652.75 2024 12  8  6  3
 2460887.69 2025  7 31  4 35   2461082.47 2026  2 10 23 19   2461277.25 2026  8 24 18  3
 2461489.39 2027  3 24 21 23   2461695.57 2027 10 17  1 43   2461901.75 2028  5 10  6  3
 2462091.09 2028 11 15 14 11   2462308.67 2029  6 21  4  7   2462526.25 2030  1 24 18  3
 2462692.79 2030  7 10  6 59   2462921.77 2031  2 24  6 31   2463150.75 2031 10 11  6  3
 2463294.49 2032  3  2 23 47   2463534.87 2032 10 29  8 55   2463775.25 2033  6 26 18  3
 2463896.19 2033 10 25 16 35   2464147.97 2034  7  4 11 19   2464399.75 2035  3 13  6  3
 2464497.89 2035  6 19  9 23   2464761.07 2036  3  8 13 43   2465024.25 2036 11 26 18  3
