 Predicted Transit Epochs: HD169830_ b

 Predicted Duration of a Central Transit:    13.   Hours

 Begin Transit Window           PREDICTED CENTRAL TRANSIT     End Transit Window
                                     All Times UT

                               HJD        Year M  D  H  M
 2456860.80 2014  7 22  7 10   2456866.88 2014  7 28  9  7   2456872.96 2014  8  3 11  4
 2457086.20 2015  3  4 16 46   2457092.50 2015  3 11  0  0   2457098.80 2015  3 17  7 14
 2457311.60 2015 10 16  2 22   2457318.12 2015 10 22 14 53   2457324.64 2015 10 29  3 23
 2457537.00 2016  5 28 11 58   2457543.74 2016  6  4  5 45   2457550.48 2016  6 10 23 33
 2457762.40 2017  1  8 21 34   2457769.36 2017  1 15 20 38   2457776.32 2017  1 22 19 43
 2457987.80 2017  8 22  7 10   2457994.98 2017  8 29 11 31   2458002.16 2017  9  5 15 52
 2458213.20 2018  4  4 16 46   2458220.60 2018  4 12  2 24   2458228.00 2018  4 19 12  2
 2458438.60 2018 11 16  2 22   2458446.22 2018 11 23 17 17   2458453.84 2018 12  1  8 11
 2458664.00 2019  6 29 11 58   2458671.84 2019  7  7  8  9   2458679.68 2019  7 15  4 21
 2458889.40 2020  2  9 21 34   2458897.46 2020  2 17 23  2   2458905.52 2020  2 26  0 31
 2459114.80 2020  9 22  7 10   2459123.08 2020  9 30 13 55   2459131.36 2020 10  8 20 40
 2459340.20 2021  5  5 16 46   2459348.70 2021  5 14  4 48   2459357.20 2021  5 22 16 50
 2459565.60 2021 12 17  2 22   2459574.32 2021 12 25 19 41   2459583.04 2022  1  3 12 59
 2459791.00 2022  7 30 11 58   2459799.94 2022  8  8 10 33   2459808.88 2022  8 17  9  9
 2460016.40 2023  3 12 21 34   2460025.56 2023  3 22  1 26   2460034.72 2023  3 31  5 19
 2460241.80 2023 10 24  7 10   2460251.18 2023 11  2 16 19   2460260.56 2023 11 12  1 28
 2460467.20 2024  6  5 16 46   2460476.80 2024  6 15  7 12   2460486.40 2024  6 24 21 38
 2460692.60 2025  1 17  2 22   2460702.42 2025  1 26 22  5   2460712.24 2025  2  5 17 47
 2460918.00 2025  8 30 11 58   2460928.04 2025  9  9 12 57   2460938.08 2025  9 19 13 57
 2461143.40 2026  4 12 21 34   2461153.66 2026  4 23  3 50   2461163.92 2026  5  3 10  7
 2461368.80 2026 11 24  7 10   2461379.28 2026 12  4 18 43   2461389.76 2026 12 15  6 16
 2461594.20 2027  7  7 16 46   2461604.90 2027  7 18  9 36   2461615.60 2027  7 29  2 26
 2461819.60 2028  2 18  2 22   2461830.52 2028  2 29  0 29   2461841.44 2028  3 10 22 35
 2462045.00 2028  9 30 11 58   2462056.14 2028 10 11 15 21   2462067.28 2028 10 22 18 45
 2462270.40 2029  5 13 21 34   2462281.76 2029  5 25  6 14   2462293.12 2029  6  5 14 55
 2462495.80 2029 12 25  7 10   2462507.38 2030  1  5 21  7   2462518.96 2030  1 17 11  4
 2462721.20 2030  8  7 16 46   2462733.00 2030  8 19 12  0   2462744.80 2030  8 31  7 14
 2462946.60 2031  3 21  2 22   2462958.62 2031  4  2  2 53   2462970.64 2031  4 14  3 23
 2463172.00 2031 11  1 11 58   2463184.24 2031 11 13 17 45   2463196.48 2031 11 25 23 33
 2463397.40 2032  6 13 21 34   2463409.86 2032  6 26  8 38   2463422.32 2032  7  8 19 43
 2463622.80 2033  1 25  7 10   2463635.48 2033  2  6 23 31   2463648.16 2033  2 19 15 52
 2463848.20 2033  9  7 16 46   2463861.10 2033  9 20 14 24   2463874.00 2033 10  3 12  2
 2464073.60 2034  4 21  2 22   2464086.72 2034  5  4  5 17   2464099.84 2034  5 17  8 11
 2464299.00 2034 12  2 11 58   2464312.34 2034 12 15 20  9   2464325.68 2034 12 29  4 21
