 Predicted Transit Epochs: HD160691_ d

 Predicted Duration of a Central Transit:   244. Minutes

 Begin Transit Window           PREDICTED CENTRAL TRANSIT     End Transit Window
                                     All Times UT

                               HJD        Year M  D  H  M
 2456750.55 2014  4  3  1  5   2456762.00 2014  4 14 11 56   2456773.45 2014  4 25 22 47
 2456760.07 2014  4 12 13 33   2456771.55 2014  4 24  1  8   2456783.03 2014  5  5 12 42
 2456769.59 2014  4 22  2  2   2456781.10 2014  5  3 14 20   2456792.61 2014  5 15  2 38
 2456779.11 2014  5  1 14 31   2456790.65 2014  5 13  3 32   2456802.19 2014  5 24 16 33
 2456788.63 2014  5 11  3  0   2456800.20 2014  5 22 16 44   2456811.77 2014  6  3  6 28
 2456798.15 2014  5 20 15 29   2456809.75 2014  6  1  5 56   2456821.35 2014  6 12 20 23
 2456807.67 2014  5 30  3 57   2456819.30 2014  6 10 19  8   2456830.93 2014  6 22 10 18
 2456817.19 2014  6  8 16 26   2456828.85 2014  6 20  8 20   2456840.51 2014  7  2  0 14
 2456826.71 2014  6 18  4 55   2456838.40 2014  6 29 21 32   2456850.09 2014  7 11 14  9
 2456836.23 2014  6 27 17 24   2456847.95 2014  7  9 10 44   2456859.67 2014  7 21  4  4
 2456845.75 2014  7  7  5 53   2456857.50 2014  7 18 23 56   2456869.25 2014  7 30 17 59
 2456855.27 2014  7 16 18 21   2456867.05 2014  7 28 13  8   2456878.83 2014  8  9  7 54
 2456864.79 2014  7 26  6 50   2456876.60 2014  8  7  2 20   2456888.41 2014  8 18 21 50
 2456874.31 2014  8  4 19 19   2456886.15 2014  8 16 15 32   2456897.99 2014  8 28 11 45
 2456883.83 2014  8 14  7 48   2456895.70 2014  8 26  4 44   2456907.57 2014  9  7  1 40
 2456893.35 2014  8 23 20 17   2456905.25 2014  9  4 17 56   2456917.15 2014  9 16 15 35
 2456902.87 2014  9  2  8 45   2456914.80 2014  9 14  7  8   2456926.73 2014  9 26  5 30
 2456912.39 2014  9 11 21 14   2456924.35 2014  9 23 20 20   2456936.31 2014 10  5 19 26
 2456921.91 2014  9 21  9 43   2456933.90 2014 10  3  9 32   2456945.89 2014 10 15  9 21
 2456931.43 2014  9 30 22 12   2456943.45 2014 10 12 22 44   2456955.47 2014 10 24 23 16
 2456940.95 2014 10 10 10 41   2456953.00 2014 10 22 11 56   2456965.05 2014 11  3 13 11
 2456950.47 2014 10 19 23  9   2456962.55 2014 11  1  1  8   2456974.63 2014 11 13  3  6
 2456959.99 2014 10 29 11 38   2456972.10 2014 11 10 14 20   2456984.21 2014 11 22 17  2
 2456969.51 2014 11  8  0  7   2456981.65 2014 11 20  3 32   2456993.79 2014 12  2  6 57
 2456979.03 2014 11 17 12 36   2456991.20 2014 11 29 16 44   2457003.37 2014 12 11 20 52
 2456988.55 2014 11 27  1  5   2457000.75 2014 12  9  5 56   2457012.95 2014 12 21 10 47
 2456998.07 2014 12  6 13 33   2457010.30 2014 12 18 19  8   2457022.53 2014 12 31  0 42
 2457007.59 2014 12 16  2  2   2457019.85 2014 12 28  8 20   2457032.11 2015  1  9 14 38
 2457017.11 2014 12 25 14 31   2457029.40 2015  1  6 21 32   2457041.69 2015  1 19  4 33
 2457026.63 2015  1  4  3  0   2457038.95 2015  1 16 10 44   2457051.27 2015  1 28 18 28
 2457036.15 2015  1 13 15 29   2457048.50 2015  1 25 23 56   2457060.85 2015  2  7  8 23
 2457045.67 2015  1 23  3 57   2457058.05 2015  2  4 13  8   2457070.43 2015  2 16 22 18
 2457055.19 2015  2  1 16 26   2457067.60 2015  2 14  2 20   2457080.01 2015  2 26 12 14
 2457064.71 2015  2 11  4 55   2457077.15 2015  2 23 15 32   2457089.59 2015  3  8  2  9
 2457074.23 2015  2 20 17 24   2457086.70 2015  3  5  4 44   2457099.17 2015  3 17 16  4
 2457083.75 2015  3  2  5 53   2457096.25 2015  3 14 17 56   2457108.75 2015  3 27  5 59
 2457093.27 2015  3 11 18 21   2457105.80 2015  3 24  7  8   2457118.33 2015  4  5 19 54
 2457102.79 2015  3 21  6 50   2457115.35 2015  4  2 20 20   2457127.91 2015  4 15  9 50
 2457112.31 2015  3 30 19 19   2457124.90 2015  4 12  9 32   2457137.49 2015  4 24 23 45
 2457121.83 2015  4  9  7 48   2457134.45 2015  4 21 22 44   2457147.07 2015  5  4 13 40
 2457131.35 2015  4 18 20 17   2457144.00 2015  5  1 11 56   2457156.65 2015  5 14  3 35
 2457140.87 2015  4 28  8 45   2457153.55 2015  5 11  1  8   2457166.23 2015  5 23 17 30
 2457150.39 2015  5  7 21 14   2457163.10 2015  5 20 14 20   2457175.81 2015  6  2  7 26
 2457159.91 2015  5 17  9 43   2457172.65 2015  5 30  3 32   2457185.39 2015  6 11 21 21
 2457169.43 2015  5 26 22 12   2457182.20 2015  6  8 16 44   2457194.97 2015  6 21 11 16
 2457178.95 2015  6  5 10 41   2457191.75 2015  6 18  5 56   2457204.55 2015  7  1  1 11
 2457188.47 2015  6 14 23  9   2457201.30 2015  6 27 19  8   2457214.13 2015  7 10 15  6
 2457197.99 2015  6 24 11 38   2457210.85 2015  7  7  8 20   2457223.71 2015  7 20  5  2
 2457207.51 2015  7  4  0  7   2457220.40 2015  7 16 21 32   2457233.29 2015  7 29 18 57
 2457217.03 2015  7 13 12 36   2457229.95 2015  7 26 10 44   2457242.87 2015  8  8  8 52
 2457226.55 2015  7 23  1  5   2457239.50 2015  8  4 23 56   2457252.45 2015  8 17 22 47
 2457236.07 2015  8  1 13 33   2457249.05 2015  8 14 13  8   2457262.03 2015  8 27 12 42
 2457245.59 2015  8 11  2  2   2457258.60 2015  8 24  2 20   2457271.61 2015  9  6  2 38
 2457255.11 2015  8 20 14 31   2457268.15 2015  9  2 15 32   2457281.19 2015  9 15 16 33
 2457264.63 2015  8 30  3  0   2457277.70 2015  9 12  4 44   2457290.77 2015  9 25  6 28
 2457274.15 2015  9  8 15 29   2457287.25 2015  9 21 17 56   2457300.35 2015 10  4 20 23
 2457283.67 2015  9 18  3 57   2457296.80 2015 10  1  7  8   2457309.93 2015 10 14 10 18
 2457293.19 2015  9 27 16 26   2457306.35 2015 10 10 20 20   2457319.51 2015 10 24  0 14
 2457302.71 2015 10  7  4 55   2457315.90 2015 10 20  9 32   2457329.09 2015 11  2 14  9
 2457312.23 2015 10 16 17 24   2457325.45 2015 10 29 22 44   2457338.67 2015 11 12  4  4
 2457321.75 2015 10 26  5 53   2457335.00 2015 11  8 11 56   2457348.25 2015 11 21 17 59
 2457331.27 2015 11  4 18 21   2457344.55 2015 11 18  1  8   2457357.83 2015 12  1  7 54
 2457340.79 2015 11 14  6 50   2457354.10 2015 11 27 14 20   2457367.41 2015 12 10 21 50
 2457350.31 2015 11 23 19 19   2457363.65 2015 12  7  3 32   2457376.99 2015 12 20 11 45
 2457359.83 2015 12  3  7 48   2457373.20 2015 12 16 16 44   2457386.57 2015 12 30  1 40
 2457369.35 2015 12 12 20 17   2457382.75 2015 12 26  5 56   2457396.15 2016  1  8 15 35
 2457378.87 2015 12 22  8 45   2457392.30 2016  1  4 19  8   2457405.73 2016  1 18  5 30
 2457388.39 2015 12 31 21 14   2457401.85 2016  1 14  8 20   2457415.31 2016  1 27 19 26
 2457397.91 2016  1 10  9 43   2457411.40 2016  1 23 21 32   2457424.89 2016  2  6  9 21
 2457407.43 2016  1 19 22 12   2457420.95 2016  2  2 10 44   2457434.47 2016  2 15 23 16
 2457416.95 2016  1 29 10 41   2457430.50 2016  2 11 23 56   2457444.05 2016  2 25 13 11
 2457426.47 2016  2  7 23  9   2457440.05 2016  2 21 13  8   2457453.63 2016  3  6  3  6
 2457435.99 2016  2 17 11 38   2457449.60 2016  3  2  2 20   2457463.21 2016  3 15 17  2
 2457445.51 2016  2 27  0  7   2457459.15 2016  3 11 15 32   2457472.79 2016  3 25  6 57
 2457455.03 2016  3  7 12 36   2457468.70 2016  3 21  4 44   2457482.37 2016  4  3 20 52
 2457464.55 2016  3 17  1  5   2457478.25 2016  3 30 17 56   2457491.95 2016  4 13 10 47
 2457474.07 2016  3 26 13 33   2457487.80 2016  4  9  7  8   2457501.53 2016  4 23  0 42
 2457483.59 2016  4  5  2  2   2457497.35 2016  4 18 20 20   2457511.11 2016  5  2 14 38
 2457493.11 2016  4 14 14 31   2457506.90 2016  4 28  9 32   2457520.69 2016  5 12  4 33
 2457502.63 2016  4 24  3  0   2457516.45 2016  5  7 22 44   2457530.27 2016  5 21 18 28
 2457512.15 2016  5  3 15 29   2457526.00 2016  5 17 11 56   2457539.85 2016  5 31  8 23
 2457521.67 2016  5 13  3 57   2457535.55 2016  5 27  1  8   2457549.43 2016  6  9 22 18
 2457531.19 2016  5 22 16 26   2457545.10 2016  6  5 14 20   2457559.01 2016  6 19 12 14
 2457540.71 2016  6  1  4 55   2457554.65 2016  6 15  3 32   2457568.59 2016  6 29  2  9
 2457550.23 2016  6 10 17 24   2457564.20 2016  6 24 16 44   2457578.17 2016  7  8 16  4
 2457559.75 2016  6 20  5 53   2457573.75 2016  7  4  5 56   2457587.75 2016  7 18  5 59
 2457569.27 2016  6 29 18 21   2457583.30 2016  7 13 19  8   2457597.33 2016  7 27 19 54
 2457578.79 2016  7  9  6 50   2457592.85 2016  7 23  8 20   2457606.91 2016  8  6  9 50
 2457588.31 2016  7 18 19 19   2457602.40 2016  8  1 21 32   2457616.49 2016  8 15 23 45
 2457597.83 2016  7 28  7 48   2457611.95 2016  8 11 10 44   2457626.07 2016  8 25 13 40
