 Predicted Transit Epochs: HD162020_ b

 Predicted Duration of a Central Transit:   175. Minutes

 Begin Transit Window           PREDICTED CENTRAL TRANSIT     End Transit Window
                                     All Times UT

                               HJD        Year M  D  H  M
 2454932.88 2009  4 11  9  2   2454932.96 2009  4 11 11  4   2454933.05 2009  4 11 13  7
 2454941.30 2009  4 19 19 18   2454941.39 2009  4 19 21 21   2454941.48 2009  4 19 23 24
 2454949.73 2009  4 28  5 35   2454949.82 2009  4 28  7 38   2454949.90 2009  4 28  9 41
 2454958.16 2009  5  6 15 51   2454958.25 2009  5  6 17 54   2454958.33 2009  5  6 19 57
 2454966.59 2009  5 15  2  8   2454966.67 2009  5 15  4 11   2454966.76 2009  5 15  6 14
 2454975.02 2009  5 23 12 24   2454975.10 2009  5 23 14 27   2454975.19 2009  5 23 16 31
 2454983.45 2009  5 31 22 41   2454983.53 2009  6  1  0 44   2454983.62 2009  6  1  2 47
 2454991.87 2009  6  9  8 57   2454991.96 2009  6  9 11  1   2454992.04 2009  6  9 13  4
 2455000.30 2009  6 17 19 14   2455000.39 2009  6 17 21 17   2455000.47 2009  6 17 23 21
 2455008.73 2009  6 26  5 31   2455008.82 2009  6 26  7 34   2455008.90 2009  6 26  9 37
 2455017.16 2009  7  4 15 47   2455017.24 2009  7  4 17 51   2455017.33 2009  7  4 19 54
 2455025.59 2009  7 13  2  4   2455025.67 2009  7 13  4  7   2455025.76 2009  7 13  6 11
 2455034.01 2009  7 21 12 20   2455034.10 2009  7 21 14 24   2455034.19 2009  7 21 16 27
 2455042.44 2009  7 29 22 37   2455042.53 2009  7 30  0 40   2455042.61 2009  7 30  2 44
 2455050.87 2009  8  7  8 53   2455050.96 2009  8  7 10 57   2455051.04 2009  8  7 13  1
 2455059.30 2009  8 15 19 10   2455059.38 2009  8 15 21 14   2455059.47 2009  8 15 23 17
 2455067.73 2009  8 24  5 26   2455067.81 2009  8 24  7 30   2455067.90 2009  8 24  9 34
 2455076.16 2009  9  1 15 43   2455076.24 2009  9  1 17 47   2455076.33 2009  9  1 19 51
 2455084.58 2009  9 10  1 59   2455084.67 2009  9 10  4  3   2455084.76 2009  9 10  6  7
 2455093.01 2009  9 18 12 16   2455093.10 2009  9 18 14 20   2455093.18 2009  9 18 16 24
 2455101.44 2009  9 26 22 32   2455101.53 2009  9 27  0 37   2455101.61 2009  9 27  2 41
 2455109.87 2009 10  5  8 49   2455109.95 2009 10  5 10 53   2455110.04 2009 10  5 12 58
 2455118.30 2009 10 13 19  5   2455118.38 2009 10 13 21 10   2455118.47 2009 10 13 23 14
 2455126.72 2009 10 22  5 22   2455126.81 2009 10 22  7 26   2455126.90 2009 10 22  9 31
 2455135.15 2009 10 30 15 38   2455135.24 2009 10 30 17 43   2455135.33 2009 10 30 19 48
 2455143.58 2009 11  8  1 55   2455143.67 2009 11  8  4  0   2455143.75 2009 11  8  6  4
 2455152.01 2009 11 16 12 11   2455152.09 2009 11 16 14 16   2455152.18 2009 11 16 16 21
 2455160.44 2009 11 24 22 28   2455160.52 2009 11 25  0 33   2455160.61 2009 11 25  2 38
 2455168.86 2009 12  3  8 44   2455168.95 2009 12  3 10 49   2455169.04 2009 12  3 12 54
 2455177.29 2009 12 11 19  1   2455177.38 2009 12 11 21  6   2455177.47 2009 12 11 23 11
 2455185.72 2009 12 20  5 18   2455185.81 2009 12 20  7 23   2455185.89 2009 12 20  9 28
 2455194.15 2009 12 28 15 34   2455194.24 2009 12 28 17 39   2455194.32 2009 12 28 19 44
 2455202.58 2010  1  6  1 51   2455202.66 2010  1  6  3 56   2455202.75 2010  1  6  6  1
 2455211.01 2010  1 14 12  7   2455211.09 2010  1 14 14 12   2455211.18 2010  1 14 16 18
 2455219.43 2010  1 22 22 24   2455219.52 2010  1 23  0 29   2455219.61 2010  1 23  2 34
 2455227.86 2010  1 31  8 40   2455227.95 2010  1 31 10 46   2455228.04 2010  1 31 12 51
 2455236.29 2010  2  8 18 57   2455236.38 2010  2  8 21  2   2455236.46 2010  2  8 23  8
 2455244.72 2010  2 17  5 13   2455244.81 2010  2 17  7 19   2455244.89 2010  2 17  9 25
 2455253.15 2010  2 25 15 30   2455253.23 2010  2 25 17 35   2455253.32 2010  2 25 19 41
 2455261.57 2010  3  6  1 46   2455261.66 2010  3  6  3 52   2455261.75 2010  3  6  5 58
 2455270.00 2010  3 14 12  3   2455270.09 2010  3 14 14  9   2455270.18 2010  3 14 16 15
 2455278.43 2010  3 22 22 19   2455278.52 2010  3 23  0 25   2455278.61 2010  3 23  2 31
 2455286.86 2010  3 31  8 36   2455286.95 2010  3 31 10 42   2455287.03 2010  3 31 12 48
 2455295.29 2010  4  8 18 52   2455295.37 2010  4  8 20 58   2455295.46 2010  4  8 23  5
 2455303.71 2010  4 17  5  9   2455303.80 2010  4 17  7 15   2455303.89 2010  4 17  9 21
 2455312.14 2010  4 25 15 25   2455312.23 2010  4 25 17 32   2455312.32 2010  4 25 19 38
 2455320.57 2010  5  4  1 42   2455320.66 2010  5  4  3 48   2455320.75 2010  5  4  5 55
 2455329.00 2010  5 12 11 58   2455329.09 2010  5 12 14  5   2455329.17 2010  5 12 16 11
 2455337.43 2010  5 20 22 15   2455337.52 2010  5 21  0 22   2455337.60 2010  5 21  2 28
 2455345.86 2010  5 29  8 32   2455345.94 2010  5 29 10 38   2455346.03 2010  5 29 12 45
 2455354.28 2010  6  6 18 48   2455354.37 2010  6  6 20 55   2455354.46 2010  6  6 23  1
 2455362.71 2010  6 15  5  5   2455362.80 2010  6 15  7 11   2455362.89 2010  6 15  9 18
 2455371.14 2010  6 23 15 21   2455371.23 2010  6 23 17 28   2455371.32 2010  6 23 19 35
 2455379.57 2010  7  2  1 38   2455379.66 2010  7  2  3 45   2455379.74 2010  7  2  5 51
 2455388.00 2010  7 10 11 54   2455388.08 2010  7 10 14  1   2455388.17 2010  7 10 16  8
 2455396.42 2010  7 18 22 11   2455396.51 2010  7 19  0 18   2455396.60 2010  7 19  2 25
 2455404.85 2010  7 27  8 27   2455404.94 2010  7 27 10 34   2455405.03 2010  7 27 12 42
 2455413.28 2010  8  4 18 44   2455413.37 2010  8  4 20 51   2455413.46 2010  8  4 22 58
 2455421.71 2010  8 13  5  0   2455421.80 2010  8 13  7  8   2455421.89 2010  8 13  9 15
 2455430.14 2010  8 21 15 17   2455430.23 2010  8 21 17 24   2455430.31 2010  8 21 19 32
 2455438.57 2010  8 30  1 33   2455438.65 2010  8 30  3 41   2455438.74 2010  8 30  5 48
 2455446.99 2010  9  7 11 50   2455447.08 2010  9  7 13 57   2455447.17 2010  9  7 16  5
 2455455.42 2010  9 15 22  6   2455455.51 2010  9 16  0 14   2455455.60 2010  9 16  2 22
 2455463.85 2010  9 24  8 23   2455463.94 2010  9 24 10 31   2455464.03 2010  9 24 12 38
 2455472.28 2010 10  2 18 39   2455472.37 2010 10  2 20 47   2455472.46 2010 10  2 22 55
 2455480.71 2010 10 11  4 56   2455480.79 2010 10 11  7  4   2455480.88 2010 10 11  9 12
 2455489.13 2010 10 19 15 12   2455489.22 2010 10 19 17 20   2455489.31 2010 10 19 19 28
 2455497.56 2010 10 28  1 29   2455497.65 2010 10 28  3 37   2455497.74 2010 10 28  5 45
 2455505.99 2010 11  5 11 45   2455506.08 2010 11  5 13 54   2455506.17 2010 11  5 16  2
 2455514.42 2010 11 13 22  2   2455514.51 2010 11 14  0 10   2455514.60 2010 11 14  2 18
 2455522.85 2010 11 22  8 19   2455522.94 2010 11 22 10 27   2455523.02 2010 11 22 12 35
 2455531.27 2010 11 30 18 35   2455531.36 2010 11 30 20 43   2455531.45 2010 11 30 22 52
 2455539.70 2010 12  9  4 52   2455539.79 2010 12  9  7  0   2455539.88 2010 12  9  9  9
 2455548.13 2010 12 17 15  8   2455548.22 2010 12 17 17 17   2455548.31 2010 12 17 19 25
 2455556.56 2010 12 26  1 25   2455556.65 2010 12 26  3 33   2455556.74 2010 12 26  5 42
 2455564.99 2011  1  3 11 41   2455565.08 2011  1  3 13 50   2455565.17 2011  1  3 15 59
 2455573.42 2011  1 11 21 58   2455573.50 2011  1 12  0  6   2455573.59 2011  1 12  2 15
 2455581.84 2011  1 20  8 14   2455581.93 2011  1 20 10 23   2455582.02 2011  1 20 12 32
 2455590.27 2011  1 28 18 31   2455590.36 2011  1 28 20 40   2455590.45 2011  1 28 22 49
 2455598.70 2011  2  6  4 47   2455598.79 2011  2  6  6 56   2455598.88 2011  2  6  9  5
 2455607.13 2011  2 14 15  4   2455607.22 2011  2 14 17 13   2455607.31 2011  2 14 19 22
 2455615.56 2011  2 23  1 20   2455615.65 2011  2 23  3 29   2455615.74 2011  2 23  5 39
 2455623.98 2011  3  3 11 37   2455624.07 2011  3  3 13 46   2455624.16 2011  3  3 15 55
 2455632.41 2011  3 11 21 53   2455632.50 2011  3 12  0  3   2455632.59 2011  3 12  2 12
 2455640.84 2011  3 20  8 10   2455640.93 2011  3 20 10 19   2455641.02 2011  3 20 12 29
 2455649.27 2011  3 28 18 26   2455649.36 2011  3 28 20 36   2455649.45 2011  3 28 22 45
 2455657.70 2011  4  6  4 43   2455657.79 2011  4  6  6 53   2455657.88 2011  4  6  9  2
 2455666.12 2011  4 14 14 59   2455666.22 2011  4 14 17  9   2455666.31 2011  4 14 19 19
 2455674.55 2011  4 23  1 16   2455674.64 2011  4 23  3 26   2455674.73 2011  4 23  5 35
 2455682.98 2011  5  1 11 32   2455683.07 2011  5  1 13 42   2455683.16 2011  5  1 15 52
 2455691.41 2011  5  9 21 49   2455691.50 2011  5  9 23 59   2455691.59 2011  5 10  2  9
 2455699.84 2011  5 18  8  6   2455699.93 2011  5 18 10 16   2455700.02 2011  5 18 12 26
 2455708.27 2011  5 26 18 22   2455708.36 2011  5 26 20 32   2455708.45 2011  5 26 22 42
 2455716.69 2011  6  4  4 39   2455716.78 2011  6  4  6 49   2455716.87 2011  6  4  8 59
 2455725.12 2011  6 12 14 55   2455725.21 2011  6 12 17  5   2455725.30 2011  6 12 19 16
 2455733.55 2011  6 21  1 12   2455733.64 2011  6 21  3 22   2455733.73 2011  6 21  5 32
 2455741.98 2011  6 29 11 28   2455742.07 2011  6 29 13 39   2455742.16 2011  6 29 15 49
 2455750.41 2011  7  7 21 45   2455750.50 2011  7  7 23 55   2455750.59 2011  7  8  2  6
 2455758.83 2011  7 16  8  1   2455758.93 2011  7 16 10 12   2455759.02 2011  7 16 12 22
 2455767.26 2011  7 24 18 18   2455767.35 2011  7 24 20 28   2455767.44 2011  7 24 22 39
 2455775.69 2011  8  2  4 34   2455775.78 2011  8  2  6 45   2455775.87 2011  8  2  8 56
