 Predicted Transit Epochs: HD16141__ b

 Predicted Duration of a Central Transit:   432. Minutes

 Begin Transit Window           PREDICTED CENTRAL TRANSIT     End Transit Window
                                     All Times UT

                               HJD        Year M  D  H  M
 2456765.18 2014  4 17 16 25   2456766.20 2014  4 18 16 41   2456767.21 2014  4 19 16 57
 2456840.73 2014  7  2  5 37   2456841.76 2014  7  3  6  7   2456842.78 2014  7  4  6 38
 2456916.28 2014  9 15 18 49   2456917.32 2014  9 16 19 34   2456918.35 2014  9 17 20 18
 2456991.83 2014 11 30  8  1   2456992.88 2014 12  1  9  0   2456993.92 2014 12  2  9 59
 2457067.38 2015  2 13 21 13   2457068.44 2015  2 14 22 27   2457069.49 2015  2 15 23 40
 2457142.93 2015  4 30 10 25   2457144.00 2015  5  1 11 53   2457145.06 2015  5  2 13 21
 2457218.48 2015  7 14 23 37   2457219.56 2015  7 16  1 19   2457220.63 2015  7 17  3  2
 2457294.03 2015  9 28 12 49   2457295.12 2015  9 29 14 46   2457296.20 2015  9 30 16 42
 2457369.58 2015 12 13  2  1   2457370.68 2015 12 14  4 12   2457371.77 2015 12 15  6 23
 2457445.13 2016  2 26 15 13   2457446.24 2016  2 27 17 39   2457447.34 2016  2 28 20  4
 2457520.68 2016  5 12  4 25   2457521.80 2016  5 13  7  5   2457522.91 2016  5 14  9 45
 2457596.23 2016  7 26 17 37   2457597.36 2016  7 27 20 31   2457598.48 2016  7 28 23 26
 2457671.78 2016 10 10  6 49   2457672.92 2016 10 11  9 58   2457674.05 2016 10 12 13  6
 2457747.33 2016 12 24 20  1   2457748.48 2016 12 25 23 24   2457749.62 2016 12 27  2 47
 2457822.88 2017  3 10  9 13   2457824.04 2017  3 11 12 51   2457825.19 2017  3 12 16 28
 2457898.43 2017  5 24 22 25   2457899.60 2017  5 26  2 17   2457900.76 2017  5 27  6  9
 2457973.98 2017  8  8 11 37   2457975.16 2017  8  9 15 43   2457976.33 2017  8 10 19 50
 2458049.53 2017 10 23  0 49   2458050.72 2017 10 24  5 10   2458051.90 2017 10 25  9 30
 2458125.08 2018  1  6 14  1   2458126.28 2018  1  7 18 36   2458127.47 2018  1  8 23 11
 2458200.63 2018  3 23  3 13   2458201.84 2018  3 24  8  3   2458203.04 2018  3 25 12 52
 2458276.18 2018  6  6 16 25   2458277.40 2018  6  7 21 29   2458278.61 2018  6  9  2 33
 2458351.73 2018  8 21  5 37   2458352.96 2018  8 22 10 55   2458354.18 2018  8 23 16 14
 2458427.28 2018 11  4 18 49   2458428.52 2018 11  6  0 22   2458429.75 2018 11  7  5 54
 2458502.83 2019  1 19  8  1   2458504.08 2019  1 20 13 48   2458505.32 2019  1 21 19 35
 2458578.38 2019  4  4 21 13   2458579.64 2019  4  6  3 15   2458580.89 2019  4  7  9 16
 2458653.93 2019  6 19 10 25   2458655.20 2019  6 20 16 41   2458656.46 2019  6 21 22 57
 2458729.48 2019  9  2 23 37   2458730.76 2019  9  4  6  7   2458732.03 2019  9  5 12 38
 2458805.03 2019 11 17 12 49   2458806.32 2019 11 18 19 34   2458807.60 2019 11 20  2 18
 2458880.58 2020  2  1  2  1   2458881.88 2020  2  2  9  0   2458883.17 2020  2  3 15 59
 2458956.13 2020  4 16 15 13   2458957.44 2020  4 17 22 27   2458958.74 2020  4 19  5 40
 2459031.68 2020  7  1  4 25   2459033.00 2020  7  2 11 53   2459034.31 2020  7  3 19 21
 2459107.23 2020  9 14 17 37   2459108.56 2020  9 16  1 19   2459109.88 2020  9 17  9  2
 2459182.78 2020 11 29  6 49   2459184.12 2020 11 30 14 46   2459185.45 2020 12  1 22 42
 2459258.33 2021  2 12 20  1   2459259.68 2021  2 14  4 12   2459261.02 2021  2 15 12 23
 2459333.88 2021  4 29  9 13   2459335.24 2021  4 30 17 39   2459336.59 2021  5  2  2  4
 2459409.43 2021  7 13 22 25   2459410.80 2021  7 15  7  5   2459412.16 2021  7 16 15 45
 2459484.98 2021  9 27 11 37   2459486.36 2021  9 28 20 31   2459487.73 2021  9 30  5 26
 2459560.53 2021 12 12  0 49   2459561.92 2021 12 13  9 58   2459563.30 2021 12 14 19  6
 2459636.08 2022  2 25 14  1   2459637.48 2022  2 26 23 24   2459638.87 2022  2 28  8 47
 2459711.63 2022  5 12  3 13   2459713.04 2022  5 13 12 51   2459714.44 2022  5 14 22 28
 2459787.18 2022  7 26 16 25   2459788.60 2022  7 28  2 17   2459790.01 2022  7 29 12  9
 2459862.73 2022 10 10  5 37   2459864.16 2022 10 11 15 43   2459865.58 2022 10 13  1 50
 2459938.28 2022 12 24 18 49   2459939.72 2022 12 26  5 10   2459941.15 2022 12 27 15 30
 2460013.83 2023  3 10  8  1   2460015.28 2023  3 11 18 36   2460016.72 2023  3 13  5 11
 2460089.38 2023  5 24 21 13   2460090.84 2023  5 26  8  3   2460092.29 2023  5 27 18 52
 2460164.93 2023  8  8 10 25   2460166.40 2023  8  9 21 29   2460167.86 2023  8 11  8 33
 2460240.48 2023 10 22 23 37   2460241.96 2023 10 24 10 55   2460243.43 2023 10 25 22 14
 2460316.03 2024  1  6 12 49   2460317.52 2024  1  8  0 22   2460319.00 2024  1  9 11 54
 2460391.58 2024  3 22  2  1   2460393.08 2024  3 23 13 48   2460394.57 2024  3 25  1 35
 2460467.13 2024  6  5 15 13   2460468.64 2024  6  7  3 15   2460470.14 2024  6  8 15 16
 2460542.68 2024  8 20  4 25   2460544.20 2024  8 21 16 41   2460545.71 2024  8 23  4 57
 2460618.23 2024 11  3 17 37   2460619.76 2024 11  5  6  7   2460621.28 2024 11  6 18 38
 2460693.78 2025  1 18  6 49   2460695.32 2025  1 19 19 34   2460696.85 2025  1 21  8 18
 2460769.33 2025  4  3 20  1   2460770.88 2025  4  5  9  0   2460772.42 2025  4  6 21 59
 2460844.88 2025  6 18  9 13   2460846.44 2025  6 19 22 27   2460847.99 2025  6 21 11 40
 2460920.43 2025  9  1 22 25   2460922.00 2025  9  3 11 53   2460923.56 2025  9  5  1 21
 2460995.98 2025 11 16 11 37   2460997.56 2025 11 18  1 19   2460999.13 2025 11 19 15  2
 2461071.53 2026  1 31  0 49   2461073.12 2026  2  1 14 46   2461074.70 2026  2  3  4 42
 2461147.08 2026  4 16 14  1   2461148.68 2026  4 18  4 12   2461150.27 2026  4 19 18 23
 2461222.63 2026  7  1  3 13   2461224.24 2026  7  2 17 39   2461225.84 2026  7  4  8  4
 2461298.18 2026  9 14 16 25   2461299.80 2026  9 16  7  5   2461301.41 2026  9 17 21 45
 2461373.73 2026 11 29  5 37   2461375.36 2026 11 30 20 31   2461376.98 2026 12  2 11 26
 2461449.28 2027  2 12 18 49   2461450.92 2027  2 14  9 58   2461452.55 2027  2 16  1  6
 2461524.83 2027  4 29  8  1   2461526.48 2027  4 30 23 24   2461528.12 2027  5  2 14 47
 2461600.38 2027  7 13 21 13   2461602.04 2027  7 15 12 51   2461603.69 2027  7 17  4 28
 2461675.93 2027  9 27 10 25   2461677.60 2027  9 29  2 17   2461679.26 2027  9 30 18  9
 2461751.48 2027 12 11 23 37   2461753.16 2027 12 13 15 43   2461754.83 2027 12 15  7 50
 2461827.03 2028  2 25 12 49   2461828.72 2028  2 27  5 10   2461830.40 2028  2 28 21 30
 2461902.58 2028  5 11  2  1   2461904.28 2028  5 12 18 36   2461905.97 2028  5 14 11 11
 2461978.13 2028  7 25 15 13   2461979.84 2028  7 27  8  3   2461981.54 2028  7 29  0 52
 2462053.68 2028 10  9  4 25   2462055.40 2028 10 10 21 29   2462057.11 2028 10 12 14 33
 2462129.23 2028 12 23 17 37   2462130.96 2028 12 25 10 55   2462132.68 2028 12 27  4 14
 2462204.78 2029  3  9  6 49   2462206.52 2029  3 11  0 22   2462208.25 2029  3 12 17 54
 2462280.33 2029  5 23 20  1   2462282.08 2029  5 25 13 48   2462283.82 2029  5 27  7 35
 2462355.88 2029  8  7  9 13   2462357.64 2029  8  9  3 15   2462359.39 2029  8 10 21 16
 2462431.43 2029 10 21 22 25   2462433.20 2029 10 23 16 41   2462434.96 2029 10 25 10 57
 2462506.98 2030  1  5 11 37   2462508.76 2030  1  7  6  7   2462510.53 2030  1  9  0 38
 2462582.53 2030  3 22  0 49   2462584.32 2030  3 23 19 34   2462586.10 2030  3 25 14 18
 2462658.08 2030  6  5 14  1   2462659.88 2030  6  7  9  0   2462661.67 2030  6  9  3 59
 2462733.63 2030  8 20  3 13   2462735.44 2030  8 21 22 27   2462737.24 2030  8 23 17 40
 2462809.18 2030 11  3 16 25   2462811.00 2030 11  5 11 53   2462812.81 2030 11  7  7 21
 2462884.73 2031  1 18  5 37   2462886.56 2031  1 20  1 19   2462888.38 2031  1 21 21  2
 2462960.28 2031  4  3 18 49   2462962.12 2031  4  5 14 46   2462963.95 2031  4  7 10 42
 2463035.83 2031  6 18  8  1   2463037.68 2031  6 20  4 12   2463039.52 2031  6 22  0 23
 2463111.38 2031  9  1 21 13   2463113.24 2031  9  3 17 39   2463115.09 2031  9  5 14  4
 2463186.93 2031 11 16 10 25   2463188.80 2031 11 18  7  5   2463190.66 2031 11 20  3 45
 2463262.48 2032  1 30 23 37   2463264.36 2032  2  1 20 31   2463266.23 2032  2  3 17 26
 2463338.03 2032  4 15 12 49   2463339.92 2032  4 17  9 58   2463341.80 2032  4 19  7  6
 2463413.58 2032  6 30  2  1   2463415.48 2032  7  1 23 24   2463417.37 2032  7  3 20 47
 2463489.13 2032  9 13 15 13   2463491.04 2032  9 15 12 51   2463492.94 2032  9 17 10 28
 2463564.68 2032 11 28  4 25   2463566.60 2032 11 30  2 17   2463568.51 2032 12  2  0  9
 2463640.23 2033  2 11 17 37   2463642.16 2033  2 13 15 43   2463644.08 2033  2 15 13 50
 2463715.78 2033  4 28  6 49   2463717.72 2033  4 30  5 10   2463719.65 2033  5  2  3 30
 2463791.33 2033  7 12 20  1   2463793.28 2033  7 14 18 36   2463795.22 2033  7 16 17 11
 2463866.88 2033  9 26  9 13   2463868.84 2033  9 28  8  3   2463870.79 2033  9 30  6 52
 2463942.43 2033 12 10 22 25   2463944.40 2033 12 12 21 29   2463946.36 2033 12 14 20 33
 2464017.98 2034  2 24 11 37   2464019.96 2034  2 26 10 55   2464021.93 2034  2 28 10 14
 2464093.53 2034  5 11  0 49   2464095.52 2034  5 13  0 22   2464097.50 2034  5 14 23 54
 2464169.08 2034  7 25 14  1   2464171.08 2034  7 27 13 48   2464173.07 2034  7 29 13 35
 2464244.63 2034 10  9  3 13   2464246.64 2034 10 11  3 15   2464248.64 2034 10 13  3 16
