 Predicted Transit Epochs: HD16417__ b

 Predicted Duration of a Central Transit:   310. Minutes

 Begin Transit Window           PREDICTED CENTRAL TRANSIT     End Transit Window
                                     All Times UT

                               HJD        Year M  D  H  M
 2456771.32 2014  4 23 19 37   2456772.42 2014  4 24 22  0   2456773.52 2014  4 26  0 23
 2456788.56 2014  5 11  1 26   2456789.66 2014  5 12  3 57   2456790.77 2014  5 13  6 28
 2456805.80 2014  5 28  7 14   2456806.91 2014  5 29  9 54   2456808.02 2014  5 30 12 34
 2456823.04 2014  6 14 13  3   2456824.16 2014  6 15 15 51   2456825.28 2014  6 16 18 39
 2456840.29 2014  7  1 18 51   2456841.41 2014  7  2 21 47   2456842.53 2014  7  4  0 44
 2456857.53 2014  7 19  0 40   2456858.66 2014  7 20  3 44   2456859.78 2014  7 21  6 49
 2456874.77 2014  8  5  6 28   2456875.90 2014  8  6  9 41   2456877.04 2014  8  7 12 54
 2456892.01 2014  8 22 12 17   2456893.15 2014  8 23 15 38   2456894.29 2014  8 24 19  0
 2456909.25 2014  9  8 18  5   2456910.40 2014  9  9 21 35   2456911.55 2014  9 11  1  5
 2456926.50 2014  9 25 23 54   2456927.65 2014  9 27  3 32   2456928.80 2014  9 28  7 10
 2456943.74 2014 10 13  5 42   2456944.90 2014 10 14  9 29   2456946.05 2014 10 15 13 15
 2456960.98 2014 10 30 11 31   2456962.14 2014 10 31 15 25   2456963.31 2014 11  1 19 20
 2456978.22 2014 11 16 17 19   2456979.39 2014 11 17 21 22   2456980.56 2014 11 19  1 26
 2456995.46 2014 12  3 23  8   2456996.64 2014 12  5  3 19   2456997.81 2014 12  6  7 31
 2457012.71 2014 12 21  4 56   2457013.89 2014 12 22  9 16   2457015.07 2014 12 23 13 36
 2457029.95 2015  1  7 10 45   2457031.13 2015  1  8 15 13   2457032.32 2015  1  9 19 41
 2457047.19 2015  1 24 16 33   2457048.38 2015  1 25 21 10   2457049.57 2015  1 27  1 46
 2457064.43 2015  2 10 22 22   2457065.63 2015  2 12  3  7   2457066.83 2015  2 13  7 52
 2457081.67 2015  2 28  4 10   2457082.88 2015  3  1  9  3   2457084.08 2015  3  2 13 57
 2457098.92 2015  3 17  9 59   2457100.13 2015  3 18 15  0   2457101.34 2015  3 19 20  2
 2457116.16 2015  4  3 15 47   2457117.37 2015  4  4 20 57   2457118.59 2015  4  6  2  7
 2457133.40 2015  4 20 21 36   2457134.62 2015  4 22  2 54   2457135.84 2015  4 23  8 12
 2457150.64 2015  5  8  3 24   2457151.87 2015  5  9  8 51   2457153.10 2015  5 10 14 18
 2457167.88 2015  5 25  9 13   2457169.12 2015  5 26 14 48   2457170.35 2015  5 27 20 23
 2457185.13 2015  6 11 15  1   2457186.36 2015  6 12 20 45   2457187.60 2015  6 14  2 28
 2457202.37 2015  6 28 20 50   2457203.61 2015  6 30  2 41   2457204.86 2015  7  1  8 33
 2457219.61 2015  7 16  2 38   2457220.86 2015  7 17  8 38   2457222.11 2015  7 18 14 38
 2457236.85 2015  8  2  8 27   2457238.11 2015  8  3 14 35   2457239.36 2015  8  4 20 44
 2457254.09 2015  8 19 14 15   2457255.36 2015  8 20 20 32   2457256.62 2015  8 22  2 49
 2457271.34 2015  9  5 20  4   2457272.60 2015  9  7  2 29   2457273.87 2015  9  8  8 54
 2457288.58 2015  9 23  1 52   2457289.85 2015  9 24  8 26   2457291.12 2015  9 25 14 59
 2457305.82 2015 10 10  7 41   2457307.10 2015 10 11 14 23   2457308.38 2015 10 12 21  4
 2457323.06 2015 10 27 13 29   2457324.35 2015 10 28 20 19   2457325.63 2015 10 30  3 10
 2457340.30 2015 11 13 19 18   2457341.59 2015 11 15  2 16   2457342.89 2015 11 16  9 15
 2457357.55 2015 12  1  1  6   2457358.84 2015 12  2  8 13   2457360.14 2015 12  3 15 20
 2457374.79 2015 12 18  6 55   2457376.09 2015 12 19 14 10   2457377.39 2015 12 20 21 25
 2457392.03 2016  1  4 12 43   2457393.34 2016  1  5 20  7   2457394.65 2016  1  7  3 30
 2457409.27 2016  1 21 18 32   2457410.59 2016  1 23  2  4   2457411.90 2016  1 24  9 36
 2457426.51 2016  2  8  0 20   2457427.83 2016  2  9  8  0   2457429.15 2016  2 10 15 41
 2457443.76 2016  2 25  6  9   2457445.08 2016  2 26 13 57   2457446.41 2016  2 27 21 46
 2457461.00 2016  3 13 11 57   2457462.33 2016  3 14 19 54   2457463.66 2016  3 16  3 51
 2457478.24 2016  3 30 17 46   2457479.58 2016  4  1  1 51   2457480.91 2016  4  2  9 56
 2457495.48 2016  4 16 23 34   2457496.83 2016  4 18  7 48   2457498.17 2016  4 19 16  2
 2457512.72 2016  5  4  5 23   2457514.07 2016  5  5 13 45   2457515.42 2016  5  6 22  7
 2457529.97 2016  5 21 11 11   2457531.32 2016  5 22 19 42   2457532.68 2016  5 24  4 12
 2457547.21 2016  6  7 17  0   2457548.57 2016  6  9  1 38   2457549.93 2016  6 10 10 17
 2457564.45 2016  6 24 22 48   2457565.82 2016  6 26  7 35   2457567.18 2016  6 27 16 23
 2457581.69 2016  7 12  4 37   2457583.06 2016  7 13 13 32   2457584.44 2016  7 14 22 28
 2457598.93 2016  7 29 10 25   2457600.31 2016  7 30 19 29   2457601.69 2016  8  1  4 33
 2457616.18 2016  8 15 16 14   2457617.56 2016  8 17  1 26   2457618.94 2016  8 18 10 38
