 Predicted Transit Epochs: HD178911B b

 Predicted Duration of a Central Transit:    10.   Hours

 Begin Transit Window           PREDICTED CENTRAL TRANSIT     End Transit Window
                                     All Times UT

                               HJD        Year M  D  H  M
 2454937.23 2009  4 15 17 31   2454939.23 2009  4 17 17 36   2454941.24 2009  4 19 17 42
 2455008.70 2009  6 26  4 46   2455010.72 2009  6 28  5 18   2455012.74 2009  6 30  5 49
 2455080.17 2009  9  5 16  2   2455082.21 2009  9  7 16 59   2455084.25 2009  9  9 17 56
 2455151.64 2009 11 16  3 17   2455153.69 2009 11 18  4 40   2455155.75 2009 11 20  6  3
 2455223.11 2010  1 26 14 33   2455225.18 2010  1 28 16 21   2455227.26 2010  1 30 18 10
 2455294.58 2010  4  8  1 48   2455296.67 2010  4 10  4  3   2455298.76 2010  4 12  6 18
 2455366.04 2010  6 18 13  3   2455368.16 2010  6 20 15 44   2455370.27 2010  6 22 18 25
 2455437.51 2010  8 29  0 19   2455439.64 2010  8 31  3 25   2455441.77 2010  9  2  6 32
 2455508.98 2010 11  8 11 34   2455511.13 2010 11 10 15  7   2455513.28 2010 11 12 18 39
 2455580.45 2011  1 18 22 49   2455582.62 2011  1 21  2 48   2455584.78 2011  1 23  6 46
 2455651.92 2011  3 31 10  5   2455654.10 2011  4  2 14 29   2455656.29 2011  4  4 18 54
 2455723.39 2011  6 10 21 20   2455725.59 2011  6 13  2 10   2455727.79 2011  6 15  7  1
 2455794.86 2011  8 21  8 35   2455797.08 2011  8 23 13 52   2455799.30 2011  8 25 19  8
 2455866.33 2011 10 31 19 51   2455868.56 2011 11  3  1 33   2455870.80 2011 11  5  7 15
 2455937.80 2012  1 11  7  6   2455940.05 2012  1 13 13 14   2455942.31 2012  1 15 19 22
 2456009.27 2012  3 22 18 22   2456011.54 2012  3 25  0 56   2456013.81 2012  3 27  7 30
 2456080.73 2012  6  2  5 37   2456083.03 2012  6  4 12 37   2456085.32 2012  6  6 19 37
 2456152.20 2012  8 12 16 52   2456154.51 2012  8 15  0 18   2456156.82 2012  8 17  7 44
 2456223.67 2012 10 23  4  8   2456226.00 2012 10 25 11 59   2456228.33 2012 10 27 19 51
 2456295.14 2013  1  2 15 23   2456297.49 2013  1  4 23 41   2456299.83 2013  1  7  7 58
 2456366.61 2013  3 15  2 38   2456368.97 2013  3 17 11 22   2456371.34 2013  3 19 20  6
 2456438.08 2013  5 25 13 54   2456440.46 2013  5 27 23  3   2456442.84 2013  5 30  8 13
 2456509.55 2013  8  5  1  9   2456511.95 2013  8  7 10 45   2456514.35 2013  8  9 20 20
 2456581.02 2013 10 15 12 24   2456583.43 2013 10 17 22 26   2456585.85 2013 10 20  8 27
 2456652.49 2013 12 25 23 40   2456654.92 2013 12 28 10  7   2456657.36 2013 12 30 20 34
 2456723.96 2014  3  7 10 55   2456726.41 2014  3  9 21 48   2456728.86 2014  3 12  8 42
 2456795.42 2014  5 17 22 10   2456797.90 2014  5 20  9 30   2456800.37 2014  5 22 20 49
 2456866.89 2014  7 28  9 26   2456869.38 2014  7 30 21 11   2456871.87 2014  8  2  8 56
 2456938.36 2014 10  7 20 41   2456940.87 2014 10 10  8 52   2456943.38 2014 10 12 21  3
 2457009.83 2014 12 18  7 57   2457012.36 2014 12 20 20 33   2457014.88 2014 12 23  9 10
 2457081.30 2015  2 27 19 12   2457083.84 2015  3  2  8 15   2457086.39 2015  3  4 21 18
 2457152.77 2015  5 10  6 27   2457155.33 2015  5 12 19 56   2457157.89 2015  5 15  9 25
 2457224.24 2015  7 20 17 43   2457226.82 2015  7 23  7 37   2457229.40 2015  7 25 21 32
 2457295.71 2015  9 30  4 58   2457298.30 2015 10  2 19 19   2457300.90 2015 10  5  9 39
 2457367.18 2015 12 10 16 13   2457369.79 2015 12 13  7  0   2457372.41 2015 12 15 21 46
 2457438.65 2016  2 20  3 29   2457441.28 2016  2 22 18 41   2457443.91 2016  2 25  9 54
 2457510.11 2016  5  1 14 44   2457512.77 2016  5  4  6 22   2457515.42 2016  5  6 22  1
 2457581.58 2016  7 12  1 59   2457584.25 2016  7 14 18  4   2457586.92 2016  7 17 10  8
 2457653.05 2016  9 21 13 15   2457655.74 2016  9 24  5 45   2457658.43 2016  9 26 22 15
 2457724.52 2016 12  2  0 30   2457727.23 2016 12  4 17 26   2457729.93 2016 12  7 10 22
 2457795.99 2017  2 11 11 46   2457798.71 2017  2 14  5  8   2457801.44 2017  2 16 22 30
 2457867.46 2017  4 23 23  1   2457870.20 2017  4 26 16 49   2457872.94 2017  4 29 10 37
 2457938.93 2017  7  4 10 16   2457941.69 2017  7  7  4 30   2457944.45 2017  7  9 22 44
 2458010.40 2017  9 13 21 32   2458013.17 2017  9 16 16 11   2458015.95 2017  9 19 10 51
 2458081.87 2017 11 24  8 47   2458084.66 2017 11 27  3 53   2458087.46 2017 11 29 22 58
 2458153.34 2018  2  3 20  2   2458156.15 2018  2  6 15 34   2458158.96 2018  2  9 11  6
 2458224.80 2018  4 16  7 18   2458227.64 2018  4 19  3 15   2458230.47 2018  4 21 23 13
 2458296.27 2018  6 26 18 33   2458299.12 2018  6 29 14 57   2458301.97 2018  7  2 11 20
 2458367.74 2018  9  6  5 48   2458370.61 2018  9  9  2 38   2458373.48 2018  9 11 23 27
 2458439.21 2018 11 16 17  4   2458442.10 2018 11 19 14 19   2458444.98 2018 11 22 11 34
 2458510.68 2019  1 27  4 19   2458513.58 2019  1 30  2  0   2458516.49 2019  2  1 23 42
 2458582.15 2019  4  8 15 34   2458585.07 2019  4 11 13 42   2458587.99 2019  4 14 11 49
 2458653.62 2019  6 19  2 50   2458656.56 2019  6 22  1 23   2458659.50 2019  6 24 23 56
 2458725.09 2019  8 29 14  5   2458728.04 2019  9  1 13  4   2458731.00 2019  9  4 12  3
 2458796.56 2019 11  9  1 21   2458799.53 2019 11 12  0 45   2458802.51 2019 11 15  0 10
 2458868.03 2020  1 19 12 36   2458871.02 2020  1 22 12 27   2458874.01 2020  1 25 12 18
 2458939.49 2020  3 30 23 51   2458942.51 2020  4  3  0  8   2458945.52 2020  4  6  0 25
 2459010.96 2020  6 10 11  7   2459013.99 2020  6 13 11 49   2459017.02 2020  6 16 12 32
 2459082.43 2020  8 20 22 22   2459085.48 2020  8 23 23 31   2459088.53 2020  8 27  0 39
 2459153.90 2020 10 31  9 37   2459156.97 2020 11  3 11 12   2459160.03 2020 11  6 12 46
 2459225.37 2021  1 10 20 53   2459228.45 2021  1 13 22 53   2459231.54 2021  1 17  0 54
 2459296.84 2021  3 23  8  8   2459299.94 2021  3 26 10 34   2459303.04 2021  3 29 13  1
 2459368.31 2021  6  2 19 23   2459371.43 2021  6  5 22 16   2459374.55 2021  6  9  1  8
 2459439.78 2021  8 13  6 39   2459442.91 2021  8 16  9 57   2459446.05 2021  8 19 13 15
 2459511.25 2021 10 23 17 54   2459514.40 2021 10 26 21 38   2459517.56 2021 10 30  1 22
 2459582.72 2022  1  3  5 10   2459585.89 2022  1  6  9 20   2459589.06 2022  1  9 13 30
 2459654.18 2022  3 15 16 25   2459657.38 2022  3 18 21  1   2459660.57 2022  3 22  1 37
 2459725.65 2022  5 26  3 40   2459728.86 2022  5 29  8 42   2459732.07 2022  6  1 13 44
 2459797.12 2022  8  5 14 56   2459800.35 2022  8  8 20 23   2459803.58 2022  8 12  1 51
 2459868.59 2022 10 16  2 11   2459871.84 2022 10 19  8  5   2459875.08 2022 10 22 13 58
 2459940.06 2022 12 26 13 26   2459943.32 2022 12 29 19 46   2459946.59 2023  1  2  2  6
 2460011.53 2023  3  8  0 42   2460014.81 2023  3 11  7 27   2460018.09 2023  3 14 14 13
 2460083.00 2023  5 18 11 57   2460086.30 2023  5 21 19  9   2460089.60 2023  5 25  2 20
 2460154.47 2023  7 28 23 12   2460157.78 2023  8  1  6 50   2460161.10 2023  8  4 14 27
 2460225.94 2023 10  8 10 28   2460229.27 2023 10 11 18 31   2460232.61 2023 10 15  2 34
 2460297.41 2023 12 18 21 43   2460300.76 2023 12 22  6 12   2460304.11 2023 12 25 14 42
 2460368.87 2024  2 28  8 58   2460372.25 2024  3  2 17 54   2460375.62 2024  3  6  2 49
 2460440.34 2024  5  9 20 14   2460443.73 2024  5 13  5 35   2460447.12 2024  5 16 14 56
 2460511.81 2024  7 20  7 29   2460515.22 2024  7 23 17 16   2460518.63 2024  7 27  3  3
 2460583.28 2024  9 29 18 45   2460586.71 2024 10  3  4 57   2460590.13 2024 10  6 15 10
 2460654.75 2024 12 10  6  0   2460658.19 2024 12 13 16 39   2460661.64 2024 12 17  3 18
 2460726.22 2025  2 19 17 15   2460729.68 2025  2 23  4 20   2460733.14 2025  2 26 15 25
 2460797.69 2025  5  2  4 31   2460801.17 2025  5  5 16  1   2460804.65 2025  5  9  3 32
 2460869.16 2025  7 12 15 46   2460872.65 2025  7 16  3 43   2460876.15 2025  7 19 15 39
 2460940.63 2025  9 22  3  1   2460944.14 2025  9 25 15 24   2460947.66 2025  9 29  3 46
 2461012.10 2025 12  2 14 17   2461015.63 2025 12  6  3  5   2461019.16 2025 12  9 15 54
 2461083.56 2026  2 12  1 32   2461087.12 2026  2 15 14 46   2461090.67 2026  2 19  4  1
 2461155.03 2026  4 24 12 47   2461158.60 2026  4 28  2 28   2461162.17 2026  5  1 16  8
 2461226.50 2026  7  5  0  3   2461230.09 2026  7  8 14  9   2461233.68 2026  7 12  4 15
 2461297.97 2026  9 14 11 18   2461301.58 2026  9 18  1 50   2461305.18 2026  9 21 16 22
 2461369.44 2026 11 24 22 34   2461373.06 2026 11 28 13 32   2461376.69 2026 12  2  4 30
 2461440.91 2027  2  4  9 49   2461444.55 2027  2  8  1 13   2461448.19 2027  2 11 16 37
 2461512.38 2027  4 16 21  4   2461516.04 2027  4 20 12 54   2461519.70 2027  4 24  4 44
 2461583.85 2027  6 27  8 20   2461587.52 2027  7  1  0 35   2461591.20 2027  7  4 16 51
 2461655.32 2027  9  6 19 35   2461659.01 2027  9 10 12 17   2461662.71 2027  9 14  4 58
 2461726.79 2027 11 17  6 50   2461730.50 2027 11 20 23 58   2461734.21 2027 11 24 17  6
 2461798.25 2028  1 27 18  6   2461801.99 2028  1 31 11 39   2461805.72 2028  2  4  5 13
 2461869.72 2028  4  8  5 21   2461873.47 2028  4 11 23 21   2461877.22 2028  4 15 17 20
 2461941.19 2028  6 18 16 36   2461944.96 2028  6 22 11  2   2461948.73 2028  6 26  5 27
 2462012.66 2028  8 29  3 52   2462016.45 2028  9  1 22 43   2462020.23 2028  9  5 17 34
 2462084.13 2028 11  8 15  7   2462087.93 2028 11 12 10 24   2462091.74 2028 11 16  5 42
 2462155.60 2029  1 19  2 22   2462159.42 2029  1 22 22  6   2462163.24 2029  1 26 17 49
 2462227.07 2029  3 31 13 38   2462230.91 2029  4  4  9 47   2462234.75 2029  4  8  5 56
 2462298.54 2029  6 11  0 53   2462302.39 2029  6 14 21 28   2462306.25 2029  6 18 18  3
 2462370.01 2029  8 21 12  9   2462373.88 2029  8 25  9  9   2462377.76 2029  8 29  6 10
