 Predicted Transit Epochs: HD17156__ b

Observed Transit Duration:  186.0 Minutes

 Begin Transit Window           PREDICTED CENTRAL TRANSIT     End Transit Window
                                     All Times UT

                               HJD        Year M  D  H  M
 2454926.14 2009  4  4 15 23   2454926.61 2009  4  5  2 35   2454927.07 2009  4  5 13 47
 2454947.36 2009  4 25 20 38   2454947.83 2009  4 26  7 52   2454948.30 2009  4 26 19  7
 2454968.58 2009  5 17  1 52   2454969.05 2009  5 17 13 10   2454969.52 2009  5 18  0 28
 2454989.80 2009  6  7  7  7   2454990.27 2009  6  7 18 28   2454990.74 2009  6  8  5 48
 2455011.02 2009  6 28 12 22   2455011.49 2009  6 28 23 45   2455011.96 2009  6 29 11  9
 2455032.23 2009  7 19 17 36   2455032.71 2009  7 20  5  3   2455033.19 2009  7 20 16 29
 2455053.45 2009  8  9 22 51   2455053.93 2009  8 10 10 20   2455054.41 2009  8 10 21 49
 2455074.67 2009  8 31  4  6   2455075.15 2009  8 31 15 38   2455075.63 2009  9  1  3 10
 2455095.89 2009  9 21  9 21   2455096.37 2009  9 21 20 56   2455096.85 2009  9 22  8 30
 2455117.11 2009 10 12 14 35   2455117.59 2009 10 13  2 13   2455118.08 2009 10 13 13 51
 2455138.33 2009 11  2 19 50   2455138.81 2009 11  3  7 31   2455139.30 2009 11  3 19 11
 2455159.55 2009 11 24  1  5   2455160.03 2009 11 24 12 48   2455160.52 2009 11 25  0 32
 2455180.76 2009 12 15  6 20   2455181.25 2009 12 15 18  6   2455181.75 2009 12 16  5 52
 2455201.98 2010  1  5 11 34   2455202.48 2010  1  5 23 24   2455202.97 2010  1  6 11 13
 2455223.20 2010  1 26 16 49   2455223.70 2010  1 27  4 41   2455224.19 2010  1 27 16 33
 2455244.42 2010  2 16 22  4   2455244.92 2010  2 17  9 59   2455245.41 2010  2 17 21 54
 2455265.64 2010  3 10  3 18   2455266.14 2010  3 10 15 16   2455266.64 2010  3 11  3 14
 2455286.86 2010  3 31  8 33   2455287.36 2010  3 31 20 34   2455287.86 2010  4  1  8 35
 2455308.08 2010  4 21 13 48   2455308.58 2010  4 22  1 52   2455309.08 2010  4 22 13 55
 2455329.29 2010  5 12 19  3   2455329.80 2010  5 13  7  9   2455330.30 2010  5 13 19 16
 2455350.51 2010  6  3  0 17   2455351.02 2010  6  3 12 27   2455351.53 2010  6  4  0 36
 2455371.73 2010  6 24  5 32   2455372.24 2010  6 24 17 44   2455372.75 2010  6 25  5 57
 2455392.95 2010  7 15 10 47   2455393.46 2010  7 15 23  2   2455393.97 2010  7 16 11 17
 2455414.17 2010  8  5 16  2   2455414.68 2010  8  6  4 20   2455415.19 2010  8  6 16 38
 2455435.39 2010  8 26 21 16   2455435.90 2010  8 27  9 37   2455436.42 2010  8 27 21 58
 2455456.61 2010  9 17  2 31   2455457.12 2010  9 17 14 55   2455457.64 2010  9 18  3 19
 2455477.82 2010 10  8  7 46   2455478.34 2010 10  8 20 12   2455478.86 2010 10  9  8 39
 2455499.04 2010 10 29 13  0   2455499.56 2010 10 30  1 30   2455500.08 2010 10 30 14  0
 2455520.26 2010 11 19 18 15   2455520.78 2010 11 20  6 48   2455521.31 2010 11 20 19 20
 2455541.48 2010 12 10 23 30   2455542.00 2010 12 11 12  5   2455542.53 2010 12 12  0 41
 2455562.70 2011  1  1  4 45   2455563.22 2011  1  1 17 23   2455563.75 2011  1  2  6  1
 2455583.92 2011  1 22  9 59   2455584.45 2011  1 22 22 40   2455584.97 2011  1 23 11 22
 2455605.14 2011  2 12 15 14   2455605.67 2011  2 13  3 58   2455606.20 2011  2 13 16 42
 2455626.35 2011  3  5 20 29   2455626.89 2011  3  6  9 16   2455627.42 2011  3  6 22  3
 2455647.57 2011  3 27  1 44   2455648.11 2011  3 27 14 33   2455648.64 2011  3 28  3 23
 2455668.79 2011  4 17  6 58   2455669.33 2011  4 17 19 51   2455669.86 2011  4 18  8 44
 2455690.01 2011  5  8 12 13   2455690.55 2011  5  9  1  8   2455691.09 2011  5  9 14  4
 2455711.23 2011  5 29 17 28   2455711.77 2011  5 30  6 26   2455712.31 2011  5 30 19 25
 2455732.45 2011  6 19 22 42   2455732.99 2011  6 20 11 44   2455733.53 2011  6 21  0 45
 2455753.67 2011  7 11  3 57   2455754.21 2011  7 11 17  1   2455754.75 2011  7 12  6  5
 2455774.88 2011  8  1  9 12   2455775.43 2011  8  1 22 19   2455775.98 2011  8  2 11 26
 2455796.10 2011  8 22 14 27   2455796.65 2011  8 23  3 37   2455797.20 2011  8 23 16 46
 2455817.32 2011  9 12 19 41   2455817.87 2011  9 13  8 54   2455818.42 2011  9 13 22  7
 2455838.54 2011 10  4  0 56   2455839.09 2011 10  4 14 12   2455839.64 2011 10  5  3 27
 2455859.76 2011 10 25  6 11   2455860.31 2011 10 25 19 29   2455860.87 2011 10 26  8 48
 2455880.98 2011 11 15 11 25   2455881.53 2011 11 16  0 47   2455882.09 2011 11 16 14  8
 2455902.19 2011 12  6 16 40   2455902.75 2011 12  7  6  5   2455903.31 2011 12  7 19 29
 2455923.41 2011 12 27 21 55   2455923.97 2011 12 28 11 22   2455924.53 2011 12 29  0 49
 2455944.63 2012  1 18  3 10   2455945.19 2012  1 18 16 40   2455945.76 2012  1 19  6 10
 2455965.85 2012  2  8  8 24   2455966.42 2012  2  8 21 57   2455966.98 2012  2  9 11 30
 2455987.07 2012  2 29 13 39   2455987.64 2012  3  1  3 15   2455988.20 2012  3  1 16 51
 2456008.29 2012  3 21 18 54   2456008.86 2012  3 22  8 33   2456009.42 2012  3 22 22 11
 2456029.51 2012  4 12  0  9   2456030.08 2012  4 12 13 50   2456030.65 2012  4 13  3 32
 2456050.72 2012  5  3  5 23   2456051.30 2012  5  3 19  8   2456051.87 2012  5  4  8 52
 2456071.94 2012  5 24 10 38   2456072.52 2012  5 25  0 25   2456073.09 2012  5 25 14 13
 2456093.16 2012  6 14 15 53   2456093.74 2012  6 15  5 43   2456094.32 2012  6 15 19 33
 2456114.38 2012  7  5 21  7   2456114.96 2012  7  6 11  1   2456115.54 2012  7  7  0 54
 2456135.60 2012  7 27  2 22   2456136.18 2012  7 27 16 18   2456136.76 2012  7 28  6 14
 2456156.82 2012  8 17  7 37   2456157.40 2012  8 17 21 36   2456157.98 2012  8 18 11 35
 2456178.04 2012  9  7 12 52   2456178.62 2012  9  8  2 53   2456179.21 2012  9  8 16 55
 2456199.25 2012  9 28 18  6   2456199.84 2012  9 29  8 11   2456200.43 2012  9 29 22 16
 2456220.47 2012 10 19 23 21   2456221.06 2012 10 20 13 29   2456221.65 2012 10 21  3 36
 2456241.69 2012 11 10  4 36   2456242.28 2012 11 10 18 46   2456242.87 2012 11 11  8 57
 2456262.91 2012 12  1  9 51   2456263.50 2012 12  2  0  4   2456264.10 2012 12  2 14 17
 2456284.13 2012 12 22 15  5   2456284.72 2012 12 23  5 21   2456285.32 2012 12 23 19 38
 2456305.35 2013  1 12 20 20   2456305.94 2013  1 13 10 39   2456306.54 2013  1 14  0 58
 2456326.57 2013  2  3  1 35   2456327.16 2013  2  3 15 57   2456327.76 2013  2  4  6 19
 2456347.78 2013  2 24  6 49   2456348.39 2013  2 24 21 14   2456348.99 2013  2 25 11 39
 2456369.00 2013  3 17 12  4   2456369.61 2013  3 18  2 32   2456370.21 2013  3 18 17  0
 2456390.22 2013  4  7 17 19   2456390.83 2013  4  8  7 49   2456391.43 2013  4  8 22 20
 2456411.44 2013  4 28 22 34   2456412.05 2013  4 29 13  7   2456412.65 2013  4 30  3 41
 2456432.66 2013  5 20  3 48   2456433.27 2013  5 20 18 25   2456433.88 2013  5 21  9  1
 2456453.88 2013  6 10  9  3   2456454.49 2013  6 10 23 42   2456455.10 2013  6 11 14 21
 2456475.10 2013  7  1 14 18   2456475.71 2013  7  2  5  0   2456476.32 2013  7  2 19 42
 2456496.31 2013  7 22 19 33   2456496.93 2013  7 23 10 17   2456497.54 2013  7 24  1  2
 2456517.53 2013  8 13  0 47   2456518.15 2013  8 13 15 35   2456518.77 2013  8 14  6 23
 2456538.75 2013  9  3  6  2   2456539.37 2013  9  3 20 53   2456539.99 2013  9  4 11 43
 2456559.97 2013  9 24 11 17   2456560.59 2013  9 25  2 10   2456561.21 2013  9 25 17  4
 2456581.19 2013 10 15 16 31   2456581.81 2013 10 16  7 28   2456582.43 2013 10 16 22 24
 2456602.41 2013 11  5 21 46   2456603.03 2013 11  6 12 46   2456603.66 2013 11  7  3 45
 2456623.63 2013 11 27  3  1   2456624.25 2013 11 27 18  3   2456624.88 2013 11 28  9  5
 2456644.84 2013 12 18  8 16   2456645.47 2013 12 18 23 21   2456646.10 2013 12 19 14 26
 2456666.06 2014  1  8 13 30   2456666.69 2014  1  9  4 38   2456667.32 2014  1  9 19 46
 2456687.28 2014  1 29 18 45   2456687.91 2014  1 30  9 56   2456688.55 2014  1 31  1  7
 2456708.50 2014  2 20  0  0   2456709.13 2014  2 20 15 14   2456709.77 2014  2 21  6 27
 2456729.72 2014  3 13  5 14   2456730.36 2014  3 13 20 31   2456730.99 2014  3 14 11 48
 2456750.94 2014  4  3 10 29   2456751.58 2014  4  4  1 49   2456752.21 2014  4  4 17  8
 2456772.16 2014  4 24 15 44   2456772.80 2014  4 25  7  6   2456773.44 2014  4 25 22 29
 2456793.37 2014  5 15 20 59   2456794.02 2014  5 16 12 24   2456794.66 2014  5 17  3 49
 2456814.59 2014  6  6  2 13   2456815.24 2014  6  6 17 42   2456815.88 2014  6  7  9 10
 2456835.81 2014  6 27  7 28   2456836.46 2014  6 27 22 59   2456837.10 2014  6 28 14 30
 2456857.03 2014  7 18 12 43   2456857.68 2014  7 19  4 17   2456858.33 2014  7 19 19 51
 2456878.25 2014  8  8 17 58   2456878.90 2014  8  9  9 34   2456879.55 2014  8 10  1 11
 2456899.47 2014  8 29 23 12   2456900.12 2014  8 30 14 52   2456900.77 2014  8 31  6 32
 2456920.69 2014  9 20  4 27   2456921.34 2014  9 20 20 10   2456921.99 2014  9 21 11 52
 2456941.90 2014 10 11  9 42   2456942.56 2014 10 12  1 27   2456943.22 2014 10 12 17 13
 2456963.12 2014 11  1 14 56   2456963.78 2014 11  2  6 45   2456964.44 2014 11  2 22 33
 2456984.34 2014 11 22 20 11   2456985.00 2014 11 23 12  2   2456985.66 2014 11 24  3 54
 2457005.56 2014 12 14  1 26   2457006.22 2014 12 14 17 20   2457006.89 2014 12 15  9 14
 2457026.78 2015  1  4  6 41   2457027.44 2015  1  4 22 38   2457028.11 2015  1  5 14 35
 2457048.00 2015  1 25 11 55   2457048.66 2015  1 26  3 55   2457049.33 2015  1 26 19 55
 2457069.22 2015  2 15 17 10   2457069.88 2015  2 16  9 13   2457070.55 2015  2 17  1 16
 2457090.43 2015  3  8 22 25   2457091.10 2015  3  9 14 30   2457091.78 2015  3 10  6 36
 2457111.65 2015  3 30  3 40   2457112.33 2015  3 30 19 48   2457113.00 2015  3 31 11 57
 2457132.87 2015  4 20  8 54   2457133.55 2015  4 21  1  6   2457134.22 2015  4 21 17 17
 2457154.09 2015  5 11 14  9   2457154.77 2015  5 12  6 23   2457155.44 2015  5 12 22 37
 2457175.31 2015  6  1 19 24   2457175.99 2015  6  2 11 41   2457176.67 2015  6  3  3 58
 2457196.53 2015  6 23  0 38   2457197.21 2015  6 23 16 58   2457197.89 2015  6 24  9 18
 2457217.75 2015  7 14  5 53   2457218.43 2015  7 14 22 16   2457219.11 2015  7 15 14 39
 2457238.96 2015  8  4 11  8   2457239.65 2015  8  5  3 34   2457240.33 2015  8  5 19 59
 2457260.18 2015  8 25 16 23   2457260.87 2015  8 26  8 51   2457261.56 2015  8 27  1 20
 2457281.40 2015  9 15 21 37   2457282.09 2015  9 16 14  9   2457282.78 2015  9 17  6 40
 2457302.62 2015 10  7  2 52   2457303.31 2015 10  7 19 26   2457304.00 2015 10  8 12  1
 2457323.84 2015 10 28  8  7   2457324.53 2015 10 29  0 44   2457325.22 2015 10 29 17 21
 2457345.06 2015 11 18 13 22   2457345.75 2015 11 19  6  2   2457346.45 2015 11 19 22 42
 2457366.28 2015 12  9 18 36   2457366.97 2015 12 10 11 19   2457367.67 2015 12 11  4  2
 2457387.49 2015 12 30 23 51   2457388.19 2015 12 31 16 37   2457388.89 2016  1  1  9 23
 2457408.71 2016  1 21  5  6   2457409.41 2016  1 21 21 54   2457410.11 2016  1 22 14 43
 2457429.93 2016  2 11 10 20   2457430.63 2016  2 12  3 12   2457431.34 2016  2 12 20  4
 2457451.15 2016  3  3 15 35   2457451.85 2016  3  4  8 30   2457452.56 2016  3  5  1 24
 2457472.37 2016  3 24 20 50   2457473.07 2016  3 25 13 47   2457473.78 2016  3 26  6 45
 2457493.59 2016  4 15  2  5   2457494.30 2016  4 15 19  5   2457495.00 2016  4 16 12  5
 2457514.81 2016  5  6  7 19   2457515.52 2016  5  7  0 23   2457516.23 2016  5  7 17 26
 2457536.02 2016  5 27 12 34   2457536.74 2016  5 28  5 40   2457537.45 2016  5 28 22 46
 2457557.24 2016  6 17 17 49   2457557.96 2016  6 18 10 58   2457558.67 2016  6 19  4  7
 2457578.46 2016  7  8 23  3   2457579.18 2016  7  9 16 15   2457579.89 2016  7 10  9 27
 2457599.68 2016  7 30  4 18   2457600.40 2016  7 30 21 33   2457601.12 2016  7 31 14 48
 2457620.90 2016  8 20  9 33   2457621.62 2016  8 21  2 51   2457622.34 2016  8 21 20  8
 2457642.12 2016  9 10 14 48   2457642.84 2016  9 11  8  8   2457643.56 2016  9 12  1 29
 2457663.34 2016 10  1 20  2   2457664.06 2016 10  2 13 26   2457664.78 2016 10  3  6 49
 2457684.55 2016 10 23  1 17   2457685.28 2016 10 23 18 43   2457686.01 2016 10 24 12 10
 2457705.77 2016 11 13  6 32   2457706.50 2016 11 14  0  1   2457707.23 2016 11 14 17 30
 2457726.99 2016 12  4 11 47   2457727.72 2016 12  5  5 19   2457728.45 2016 12  5 22 51
 2457748.21 2016 12 25 17  1   2457748.94 2016 12 26 10 36   2457749.67 2016 12 27  4 11
 2457769.43 2017  1 15 22 16   2457770.16 2017  1 16 15 54   2457770.90 2017  1 17  9 32
 2457790.65 2017  2  6  3 31   2457791.38 2017  2  6 21 11   2457792.12 2017  2  7 14 52
 2457811.87 2017  2 27  8 45   2457812.60 2017  2 28  2 29   2457813.34 2017  2 28 20 13
 2457833.08 2017  3 20 14  0   2457833.82 2017  3 21  7 47   2457834.56 2017  3 22  1 33
 2457854.30 2017  4 10 19 15   2457855.04 2017  4 11 13  4   2457855.79 2017  4 12  6 53
 2457875.52 2017  5  2  0 30   2457876.27 2017  5  2 18 22   2457877.01 2017  5  3 12 14
 2457896.74 2017  5 23  5 44   2457897.49 2017  5 23 23 39   2457898.23 2017  5 24 17 34
 2457917.96 2017  6 13 10 59   2457918.71 2017  6 14  4 57   2457919.46 2017  6 14 22 55
 2457939.18 2017  7  4 16 14   2457939.93 2017  7  5 10 15   2457940.68 2017  7  6  4 15
 2457960.40 2017  7 25 21 29   2457961.15 2017  7 26 15 32   2457961.90 2017  7 27  9 36
 2457981.61 2017  8 16  2 43   2457982.37 2017  8 16 20 50   2457983.12 2017  8 17 14 56
 2458002.83 2017  9  6  7 58   2458003.59 2017  9  7  2  7   2458004.35 2017  9  7 20 17
 2458024.05 2017  9 27 13 13   2458024.81 2017  9 28  7 25   2458025.57 2017  9 29  1 37
 2458045.27 2017 10 18 18 27   2458046.03 2017 10 19 12 43   2458046.79 2017 10 20  6 58
 2458066.49 2017 11  8 23 42   2458067.25 2017 11  9 18  0   2458068.01 2017 11 10 12 18
 2458087.71 2017 11 30  4 57   2458088.47 2017 11 30 23 18   2458089.24 2017 12  1 17 39
 2458108.93 2017 12 21 10 12   2458109.69 2017 12 22  4 35   2458110.46 2017 12 22 22 59
 2458130.14 2018  1 11 15 26   2458130.91 2018  1 12  9 53   2458131.68 2018  1 13  4 20
 2458151.36 2018  2  1 20 41   2458152.13 2018  2  2 15 11   2458152.90 2018  2  3  9 40
 2458172.58 2018  2 23  1 56   2458173.35 2018  2 23 20 28   2458174.13 2018  2 24 15  1
 2458193.80 2018  3 16  7 11   2458194.57 2018  3 17  1 46   2458195.35 2018  3 17 20 21
 2458215.02 2018  4  6 12 25   2458215.79 2018  4  7  7  3   2458216.57 2018  4  8  1 42
 2458236.24 2018  4 27 17 40   2458237.01 2018  4 28 12 21   2458237.79 2018  4 29  7  2
 2458257.45 2018  5 18 22 55   2458258.24 2018  5 19 17 39   2458259.02 2018  5 20 12 23
 2458278.67 2018  6  9  4  9   2458279.46 2018  6  9 22 56   2458280.24 2018  6 10 17 43
 2458299.89 2018  6 30  9 24   2458300.68 2018  7  1  4 14   2458301.46 2018  7  1 23  4
 2458321.11 2018  7 21 14 39   2458321.90 2018  7 22  9 32   2458322.68 2018  7 23  4 24
 2458342.33 2018  8 11 19 54   2458343.12 2018  8 12 14 49   2458343.91 2018  8 13  9 45
 2458363.55 2018  9  2  1  8   2458364.34 2018  9  2 20  7   2458365.13 2018  9  3 15  5
 2458384.77 2018  9 23  6 23   2458385.56 2018  9 24  1 24   2458386.35 2018  9 24 20 26
 2458405.98 2018 10 14 11 38   2458406.78 2018 10 15  6 42   2458407.57 2018 10 16  1 46
 2458427.20 2018 11  4 16 52   2458428.00 2018 11  5 12  0   2458428.80 2018 11  6  7  7
 2458448.42 2018 11 25 22  7   2458449.22 2018 11 26 17 17   2458450.02 2018 11 27 12 27
 2458469.64 2018 12 17  3 22   2458470.44 2018 12 17 22 35   2458471.24 2018 12 18 17 48
 2458490.86 2019  1  7  8 37   2458491.66 2019  1  8  3 52   2458492.46 2019  1  8 23  8
 2458512.08 2019  1 28 13 51   2458512.88 2019  1 29  9 10   2458513.69 2019  1 30  4 29
 2458533.30 2019  2 18 19  6   2458534.10 2019  2 19 14 28   2458534.91 2019  2 20  9 49
 2458554.51 2019  3 12  0 21   2458555.32 2019  3 12 19 45   2458556.13 2019  3 13 15  9
 2458575.73 2019  4  2  5 36   2458576.54 2019  4  3  1  3   2458577.35 2019  4  3 20 30
 2458596.95 2019  4 23 10 50   2458597.76 2019  4 24  6 20   2458598.58 2019  4 25  1 50
 2458618.17 2019  5 14 16  5   2458618.99 2019  5 15 11 38   2458619.80 2019  5 16  7 11
 2458639.39 2019  6  4 21 20   2458640.21 2019  6  5 16 56   2458641.02 2019  6  6 12 31
 2458660.61 2019  6 26  2 34   2458661.43 2019  6 26 22 13   2458662.24 2019  6 27 17 52
 2458681.83 2019  7 17  7 49   2458682.65 2019  7 18  3 31   2458683.47 2019  7 18 23 12
 2458703.04 2019  8  7 13  4   2458703.87 2019  8  8  8 48   2458704.69 2019  8  9  4 33
 2458724.26 2019  8 28 18 19   2458725.09 2019  8 29 14  6   2458725.91 2019  8 30  9 53
 2458745.48 2019  9 18 23 33   2458746.31 2019  9 19 19 24   2458747.13 2019  9 20 15 14
 2458766.70 2019 10 10  4 48   2458767.53 2019 10 11  0 41   2458768.36 2019 10 11 20 34
 2458787.92 2019 10 31 10  3   2458788.75 2019 11  1  5 59   2458789.58 2019 11  2  1 55
 2458809.14 2019 11 21 15 18   2458809.97 2019 11 22 11 16   2458810.80 2019 11 23  7 15
 2458830.36 2019 12 12 20 32   2458831.19 2019 12 13 16 34   2458832.03 2019 12 14 12 36
 2458851.57 2020  1  3  1 47   2458852.41 2020  1  3 21 52   2458853.25 2020  1  4 17 56
 2458872.79 2020  1 24  7  2   2458873.63 2020  1 25  3  9   2458874.47 2020  1 25 23 17
 2458894.01 2020  2 14 12 16   2458894.85 2020  2 15  8 27   2458895.69 2020  2 16  4 37
 2458915.23 2020  3  6 17 31   2458916.07 2020  3  7 13 44   2458916.92 2020  3  8  9 58
 2458936.45 2020  3 27 22 46   2458937.29 2020  3 28 19  2   2458938.14 2020  3 29 15 18
 2458957.67 2020  4 18  4  1   2458958.51 2020  4 19  0 20   2458959.36 2020  4 19 20 39
 2458978.89 2020  5  9  9 15   2458979.73 2020  5 10  5 37   2458980.58 2020  5 11  1 59
 2459000.10 2020  5 30 14 30   2459000.96 2020  5 31 10 55   2459001.81 2020  6  1  7 20
 2459021.32 2020  6 20 19 45   2459022.18 2020  6 21 16 12   2459023.03 2020  6 22 12 40
 2459042.54 2020  7 12  1  0   2459043.40 2020  7 12 21 30   2459044.25 2020  7 13 18  1
 2459063.76 2020  8  2  6 14   2459064.62 2020  8  3  2 48   2459065.47 2020  8  3 23 21
 2459084.98 2020  8 23 11 29   2459085.84 2020  8 24  8  5   2459086.70 2020  8 25  4 42
 2459106.20 2020  9 13 16 44   2459107.06 2020  9 14 13 23   2459107.92 2020  9 15 10  2
 2459127.42 2020 10  4 21 58   2459128.28 2020 10  5 18 40   2459129.14 2020 10  6 15 23
 2459148.63 2020 10 26  3 13   2459149.50 2020 10 26 23 58   2459150.36 2020 10 27 20 43
 2459169.85 2020 11 16  8 28   2459170.72 2020 11 17  5 16   2459171.59 2020 11 18  2  4
 2459191.07 2020 12  7 13 43   2459191.94 2020 12  8 10 33   2459192.81 2020 12  9  7 24
 2459212.29 2020 12 28 18 57   2459213.16 2020 12 29 15 51   2459214.03 2020 12 30 12 45
 2459233.51 2021  1 19  0 12   2459234.38 2021  1 19 21  9   2459235.25 2021  1 20 18  5
 2459254.73 2021  2  9  5 27   2459255.60 2021  2 10  2 26   2459256.48 2021  2 10 23 25
 2459275.95 2021  3  2 10 41   2459276.82 2021  3  3  7 44   2459277.70 2021  3  4  4 46
 2459297.16 2021  3 23 15 56   2459298.04 2021  3 24 13  1   2459298.92 2021  3 25 10  6
 2459318.38 2021  4 13 21 11   2459319.26 2021  4 14 18 19   2459320.14 2021  4 15 15 27
 2459339.60 2021  5  5  2 26   2459340.48 2021  5  5 23 37   2459341.37 2021  5  6 20 47
 2459360.82 2021  5 26  7 40   2459361.70 2021  5 27  4 54   2459362.59 2021  5 28  2  8
 2459382.04 2021  6 16 12 55   2459382.93 2021  6 17 10 12   2459383.81 2021  6 18  7 28
 2459403.26 2021  7  7 18 10   2459404.15 2021  7  8 15 29   2459405.03 2021  7  9 12 49
 2459424.48 2021  7 28 23 25   2459425.37 2021  7 29 20 47   2459426.26 2021  7 30 18  9
 2459445.69 2021  8 19  4 39   2459446.59 2021  8 20  2  5   2459447.48 2021  8 20 23 30
 2459466.91 2021  9  9  9 54   2459467.81 2021  9 10  7 22   2459468.70 2021  9 11  4 50
 2459488.13 2021  9 30 15  9   2459489.03 2021 10  1 12 40   2459489.92 2021 10  2 10 11
 2459509.35 2021 10 21 20 23   2459510.25 2021 10 22 17 57   2459511.15 2021 10 23 15 31
 2459530.57 2021 11 12  1 38   2459531.47 2021 11 12 23 15   2459532.37 2021 11 13 20 52
 2459551.79 2021 12  3  6 53   2459552.69 2021 12  4  4 33   2459553.59 2021 12  5  2 12
 2459573.01 2021 12 24 12  8   2459573.91 2021 12 25  9 50   2459574.81 2021 12 26  7 33
 2459594.22 2022  1 14 17 22   2459595.13 2022  1 15 15  8   2459596.04 2022  1 16 12 53
 2459615.44 2022  2  4 22 37   2459616.35 2022  2  5 20 25   2459617.26 2022  2  6 18 14
 2459636.66 2022  2 26  3 52   2459637.57 2022  2 27  1 43   2459638.48 2022  2 27 23 34
 2459657.88 2022  3 19  9  7   2459658.79 2022  3 20  7  1   2459659.71 2022  3 21  4 55
 2459679.10 2022  4  9 14 21   2459680.01 2022  4 10 12 18   2459680.93 2022  4 11 10 15
 2459700.32 2022  4 30 19 36   2459701.23 2022  5  1 17 36   2459702.15 2022  5  2 15 36
 2459721.54 2022  5 22  0 51   2459722.45 2022  5 22 22 53   2459723.37 2022  5 23 20 56
 2459742.75 2022  6 12  6  5   2459743.67 2022  6 13  4 11   2459744.60 2022  6 14  2 17
 2459763.97 2022  7  3 11 20   2459764.90 2022  7  4  9 29   2459765.82 2022  7  5  7 37
 2459785.19 2022  7 24 16 35   2459786.12 2022  7 25 14 46   2459787.04 2022  7 26 12 58
 2459806.41 2022  8 14 21 50   2459807.34 2022  8 15 20  4   2459808.26 2022  8 16 18 18
 2459827.63 2022  9  5  3  4   2459828.56 2022  9  6  1 21   2459829.49 2022  9  6 23 39
 2459848.85 2022  9 26  8 19   2459849.78 2022  9 27  6 39   2459850.71 2022  9 28  4 59
 2459870.07 2022 10 17 13 34   2459871.00 2022 10 18 11 57   2459871.93 2022 10 19 10 20
 2459891.28 2022 11  7 18 49   2459892.22 2022 11  8 17 14   2459893.15 2022 11  9 15 40
 2459912.50 2022 11 29  0  3   2459913.44 2022 11 29 22 32   2459914.38 2022 11 30 21  1
 2459933.72 2022 12 20  5 18   2459934.66 2022 12 21  3 49   2459935.60 2022 12 22  2 21
 2459954.94 2023  1 10 10 33   2459955.88 2023  1 11  9  7   2459956.82 2023  1 12  7 41
 2459976.16 2023  1 31 15 47   2459977.10 2023  2  1 14 25   2459978.04 2023  2  2 13  2
 2459997.38 2023  2 21 21  2   2459998.32 2023  2 22 19 42   2459999.27 2023  2 23 18 22
 2460018.60 2023  3 15  2 17   2460019.54 2023  3 16  1  0   2460020.49 2023  3 16 23 43
 2460039.81 2023  4  5  7 32   2460040.76 2023  4  6  6 18   2460041.71 2023  4  7  5  3
 2460061.03 2023  4 26 12 46   2460061.98 2023  4 27 11 35   2460062.93 2023  4 28 10 24
 2460082.25 2023  5 17 18  1   2460083.20 2023  5 18 16 53   2460084.16 2023  5 19 15 44
 2460103.47 2023  6  7 23 16   2460104.42 2023  6  8 22 10   2460105.38 2023  6  9 21  5
 2460124.69 2023  6 29  4 30   2460125.64 2023  6 30  3 28   2460126.60 2023  7  1  2 25
 2460145.91 2023  7 20  9 45   2460146.87 2023  7 21  8 46   2460147.82 2023  7 22  7 46
 2460167.13 2023  8 10 15  0   2460168.09 2023  8 11 14  3   2460169.05 2023  8 12 13  6
 2460188.34 2023  8 31 20 15   2460189.31 2023  9  1 19 21   2460190.27 2023  9  2 18 27
 2460209.56 2023  9 22  1 29   2460210.53 2023  9 23  0 38   2460211.49 2023  9 23 23 47
 2460230.78 2023 10 13  6 44   2460231.75 2023 10 14  5 56   2460232.71 2023 10 15  5  8
 2460252.00 2023 11  3 11 59   2460252.97 2023 11  4 11 14   2460253.94 2023 11  5 10 28
 2460273.22 2023 11 24 17 14   2460274.19 2023 11 25 16 31   2460275.16 2023 11 26 15 49
 2460294.44 2023 12 15 22 28   2460295.41 2023 12 16 21 49   2460296.38 2023 12 17 21  9
 2460315.66 2024  1  6  3 43   2460316.63 2024  1  7  3  6   2460317.60 2024  1  8  2 30
 2460336.87 2024  1 27  8 58   2460337.85 2024  1 28  8 24   2460338.83 2024  1 29  7 50
 2460358.09 2024  2 17 14 12   2460359.07 2024  2 18 13 42   2460360.05 2024  2 19 13 11
 2460379.31 2024  3  9 19 27   2460380.29 2024  3 10 18 59   2460381.27 2024  3 11 18 31
 2460400.53 2024  3 31  0 42   2460401.51 2024  4  1  0 17   2460402.49 2024  4  1 23 52
 2460421.75 2024  4 21  5 57   2460422.73 2024  4 22  5 34   2460423.72 2024  4 23  5 12
 2460442.97 2024  5 12 11 11   2460443.95 2024  5 13 10 52   2460444.94 2024  5 14 10 33
 2460464.19 2024  6  2 16 26   2460465.17 2024  6  3 16 10   2460466.16 2024  6  4 15 53
 2460485.40 2024  6 23 21 41   2460486.39 2024  6 24 21 27   2460487.38 2024  6 25 21 14
 2460506.62 2024  7 15  2 56   2460507.61 2024  7 16  2 45   2460508.61 2024  7 17  2 34
 2460527.84 2024  8  5  8 10   2460528.84 2024  8  6  8  2   2460529.83 2024  8  7  7 55
 2460549.06 2024  8 26 13 25   2460550.06 2024  8 27 13 20   2460551.05 2024  8 28 13 15
 2460570.28 2024  9 16 18 40   2460571.28 2024  9 17 18 38   2460572.28 2024  9 18 18 36
 2460591.50 2024 10  7 23 54   2460592.50 2024 10  8 23 55   2460593.50 2024 10  9 23 56
 2460612.72 2024 10 29  5  9   2460613.72 2024 10 30  5 13   2460614.72 2024 10 31  5 17
 2460633.93 2024 11 19 10 24   2460634.94 2024 11 20 10 30   2460635.94 2024 11 21 10 37
 2460655.15 2024 12 10 15 39   2460656.16 2024 12 11 15 48   2460657.17 2024 12 12 15 57
 2460676.37 2024 12 31 20 53   2460677.38 2025  1  1 21  6   2460678.39 2025  1  2 21 18
 2460697.59 2025  1 22  2  8   2460698.60 2025  1 23  2 23   2460699.61 2025  1 24  2 38
 2460718.81 2025  2 12  7 23   2460719.82 2025  2 13  7 41   2460720.83 2025  2 14  7 59
 2460740.03 2025  3  5 12 38   2460741.04 2025  3  6 12 58   2460742.06 2025  3  7 13 19
 2460761.24 2025  3 26 17 52   2460762.26 2025  3 27 18 16   2460763.28 2025  3 28 18 40
 2460782.46 2025  4 16 23  7   2460783.48 2025  4 17 23 34   2460784.50 2025  4 19  0  0
 2460803.68 2025  5  8  4 22   2460804.70 2025  5  9  4 51   2460805.72 2025  5 10  5 21
 2460824.90 2025  5 29  9 36   2460825.92 2025  5 30 10  9   2460826.95 2025  5 31 10 41
 2460846.12 2025  6 19 14 51   2460847.14 2025  6 20 15 27   2460848.17 2025  6 21 16  2
 2460867.34 2025  7 10 20  6   2460868.36 2025  7 11 20 44   2460869.39 2025  7 12 21 22
 2460888.56 2025  8  1  1 21   2460889.58 2025  8  2  2  2   2460890.61 2025  8  3  2 43
 2460909.77 2025  8 22  6 35   2460910.81 2025  8 23  7 19   2460911.84 2025  8 24  8  3
 2460930.99 2025  9 12 11 50   2460932.03 2025  9 13 12 37   2460933.06 2025  9 14 13 24
 2460952.21 2025 10  3 17  5   2460953.25 2025 10  4 17 55   2460954.28 2025 10  5 18 44
 2460973.43 2025 10 24 22 19   2460974.47 2025 10 25 23 12   2460975.50 2025 10 27  0  5
 2460994.65 2025 11 15  3 34   2460995.69 2025 11 16  4 30   2460996.73 2025 11 17  5 25
 2461015.87 2025 12  6  8 49   2461016.91 2025 12  7  9 47   2461017.95 2025 12  8 10 46
 2461037.09 2025 12 27 14  4   2461038.13 2025 12 28 15  5   2461039.17 2025 12 29 16  6
 2461058.30 2026  1 17 19 18   2461059.35 2026  1 18 20 23   2461060.39 2026  1 19 21 27
 2461079.52 2026  2  8  0 33   2461080.57 2026  2  9  1 40   2461081.62 2026  2 10  2 47
 2461100.74 2026  3  1  5 48   2461101.79 2026  3  2  6 58   2461102.84 2026  3  3  8  8
 2461121.96 2026  3 22 11  3   2461123.01 2026  3 23 12 15   2461124.06 2026  3 24 13 28
 2461143.18 2026  4 12 16 17   2461144.23 2026  4 13 17 33   2461145.28 2026  4 14 18 49
 2461164.40 2026  5  3 21 32   2461165.45 2026  5  4 22 51   2461166.51 2026  5  6  0  9
 2461185.62 2026  5 25  2 47   2461186.67 2026  5 26  4  8   2461187.73 2026  5 27  5 30
 2461206.83 2026  6 15  8  1   2461207.89 2026  6 16  9 26   2461208.95 2026  6 17 10 50
 2461228.05 2026  7  6 13 16   2461229.11 2026  7  7 14 43   2461230.17 2026  7  8 16 11
 2461249.27 2026  7 27 18 31   2461250.33 2026  7 28 20  1   2461251.40 2026  7 29 21 31
 2461270.49 2026  8 17 23 46   2461271.55 2026  8 19  1 19   2461272.62 2026  8 20  2 52
 2461291.71 2026  9  8  5  0   2461292.78 2026  9  9  6 36   2461293.84 2026  9 10  8 12
 2461312.93 2026  9 29 10 15   2461314.00 2026  9 30 11 54   2461315.06 2026 10  1 13 33
 2461334.15 2026 10 20 15 30   2461335.22 2026 10 21 17 11   2461336.29 2026 10 22 18 53
 2461355.36 2026 11 10 20 45   2461356.44 2026 11 11 22 29   2461357.51 2026 11 13  0 14
 2461376.58 2026 12  2  1 59   2461377.66 2026 12  3  3 47   2461378.73 2026 12  4  5 34
 2461397.80 2026 12 23  7 14   2461398.88 2026 12 24  9  4   2461399.95 2026 12 25 10 54
 2461419.02 2027  1 13 12 29   2461420.10 2027  1 14 14 22   2461421.18 2027  1 15 16 15
 2461440.24 2027  2  3 17 43   2461441.32 2027  2  4 19 39   2461442.40 2027  2  5 21 35
 2461461.46 2027  2 24 22 58   2461462.54 2027  2 26  0 57   2461463.62 2027  2 27  2 56
 2461482.68 2027  3 18  4 13   2461483.76 2027  3 19  6 15   2461484.85 2027  3 20  8 16
 2461503.89 2027  4  8  9 28   2461504.98 2027  4  9 11 32   2461506.07 2027  4 10 13 37
 2461525.11 2027  4 29 14 42   2461526.20 2027  4 30 16 50   2461527.29 2027  5  1 18 57
 2461546.33 2027  5 20 19 57   2461547.42 2027  5 21 22  7   2461548.51 2027  5 23  0 18
 2461567.55 2027  6 11  1 12   2461568.64 2027  6 12  3 25   2461569.74 2027  6 13  5 38
 2461588.77 2027  7  2  6 27   2461589.86 2027  7  3  8 43   2461590.96 2027  7  4 10 59
 2461609.99 2027  7 23 11 41   2461611.08 2027  7 24 14  0   2461612.18 2027  7 25 16 19
 2461631.21 2027  8 13 16 56   2461632.30 2027  8 14 19 18   2461633.40 2027  8 15 21 40
 2461652.42 2027  9  3 22 11   2461653.52 2027  9  5  0 35   2461654.63 2027  9  6  3  0
 2461673.64 2027  9 25  3 25   2461674.75 2027  9 26  5 53   2461675.85 2027  9 27  8 21
 2461694.86 2027 10 16  8 40   2461695.97 2027 10 17 11 11   2461697.07 2027 10 18 13 41
 2461716.08 2027 11  6 13 55   2461717.19 2027 11  7 16 28   2461718.29 2027 11  8 19  2
 2461737.30 2027 11 27 19 10   2461738.41 2027 11 28 21 46   2461739.52 2027 11 30  0 22
 2461758.52 2027 12 19  0 24   2461759.63 2027 12 20  3  4   2461760.74 2027 12 21  5 43
 2461779.74 2028  1  9  5 39   2461780.85 2028  1 10  8 21   2461781.96 2028  1 11 11  3
 2461800.95 2028  1 30 10 54   2461802.07 2028  1 31 13 39   2461803.18 2028  2  1 16 24
 2461822.17 2028  2 20 16  8   2461823.29 2028  2 21 18 56   2461824.41 2028  2 22 21 44
 2461843.39 2028  3 12 21 23   2461844.51 2028  3 14  0 14   2461845.63 2028  3 15  3  5
 2461864.61 2028  4  3  2 38   2461865.73 2028  4  4  5 32   2461866.85 2028  4  5  8 25
 2461885.83 2028  4 24  7 53   2461886.95 2028  4 25 10 49   2461888.07 2028  4 26 13 46
 2461907.05 2028  5 15 13  7   2461908.17 2028  5 16 16  7   2461909.30 2028  5 17 19  6
 2461928.27 2028  6  5 18 22   2461929.39 2028  6  6 21 24   2461930.52 2028  6  8  0 27
 2461949.48 2028  6 26 23 37   2461950.61 2028  6 28  2 42   2461951.74 2028  6 29  5 47
 2461970.70 2028  7 18  4 52   2461971.83 2028  7 19  8  0   2461972.96 2028  7 20 11  8
 2461991.92 2028  8  8 10  6   2461993.05 2028  8  9 13 17   2461994.19 2028  8 10 16 28
 2462013.14 2028  8 29 15 21   2462014.27 2028  8 30 18 35   2462015.41 2028  8 31 21 49
 2462034.36 2028  9 19 20 36   2462035.50 2028  9 20 23 52   2462036.63 2028  9 22  3  9
 2462055.58 2028 10 11  1 50   2462056.72 2028 10 12  5 10   2462057.85 2028 10 13  8 30
 2462076.80 2028 11  1  7  5   2462077.94 2028 11  2 10 28   2462079.08 2028 11  3 13 50
 2462098.01 2028 11 22 12 20   2462099.16 2028 11 23 15 45   2462100.30 2028 11 24 19 10
 2462119.23 2028 12 13 17 35   2462120.38 2028 12 14 21  3   2462121.52 2028 12 16  0 31
 2462140.45 2029  1  3 22 49   2462141.60 2029  1  5  2 20   2462142.74 2029  1  6  5 51
 2462161.67 2029  1 25  4  4   2462162.82 2029  1 26  7 38   2462163.97 2029  1 27 11 12
 2462182.89 2029  2 15  9 19   2462184.04 2029  2 16 12 56   2462185.19 2029  2 17 16 32
 2462204.11 2029  3  8 14 34   2462205.26 2029  3  9 18 13   2462206.41 2029  3 10 21 53
 2462225.33 2029  3 29 19 48   2462226.48 2029  3 30 23 31   2462227.63 2029  4  1  3 13
 2462246.54 2029  4 20  1  3   2462247.70 2029  4 21  4 48   2462248.86 2029  4 22  8 34
 2462267.76 2029  5 11  6 18   2462268.92 2029  5 12 10  6   2462270.08 2029  5 13 13 54
 2462288.98 2029  6  1 11 32   2462290.14 2029  6  2 15 24   2462291.30 2029  6  3 19 15
 2462310.20 2029  6 22 16 47   2462311.36 2029  6 23 20 41   2462312.52 2029  6 25  0 35
 2462331.42 2029  7 13 22  2   2462332.58 2029  7 15  1 59   2462333.75 2029  7 16  5 56
 2462352.64 2029  8  4  3 17   2462353.80 2029  8  5  7 16   2462354.97 2029  8  6 11 16
