 Predicted Transit Epochs: HD173416_ b

 Predicted Duration of a Central Transit:   158.   Hours

 Begin Transit Window           PREDICTED CENTRAL TRANSIT     End Transit Window
                                     All Times UT

                               HJD        Year M  D  H  M
 2454921.75 2009  3 31  5 56   2454943.39 2009  4 21 21 22   2454965.03 2009  5 13 12 48
 2455243.15 2010  2 15 15 32   2455266.99 2010  3 11 11 46   2455290.83 2010  4  4  8  0
 2455564.55 2011  1  3  1  8   2455590.59 2011  1 29  2 10   2455616.63 2011  2 24  3 12
 2455885.95 2011 11 20 10 44   2455914.19 2011 12 18 16 34   2455942.43 2012  1 15 22 24
 2456207.35 2012 10  6 20 20   2456237.79 2012 11  6  6 58   2456268.23 2012 12  6 17 36
 2456528.75 2013  8 24  5 56   2456561.39 2013  9 25 21 22   2456594.03 2013 10 28 12 48
 2456850.15 2014  7 11 15 32   2456884.99 2014  8 15 11 46   2456919.83 2014  9 19  8  0
 2457171.55 2015  5 29  1  8   2457208.59 2015  7  5  2 10   2457245.63 2015  8 11  3 12
 2457492.95 2016  4 14 10 44   2457532.19 2016  5 23 16 34   2457571.43 2016  7  1 22 24
 2457814.35 2017  3  1 20 20   2457855.79 2017  4 12  6 58   2457897.23 2017  5 23 17 36
 2458135.75 2018  1 17  5 56   2458179.39 2018  3  1 21 22   2458223.03 2018  4 14 12 48
 2458457.15 2018 12  4 15 32   2458502.99 2019  1 19 11 46   2458548.83 2019  3  6  8  0
 2458778.55 2019 10 22  1  8   2458826.59 2019 12  9  2 10   2458874.63 2020  1 26  3 12
 2459099.95 2020  9  7 10 44   2459150.19 2020 10 27 16 34   2459200.43 2020 12 16 22 24
 2459421.35 2021  7 25 20 20   2459473.79 2021  9 16  6 58   2459526.23 2021 11  7 17 36
 2459742.75 2022  6 12  5 56   2459797.39 2022  8  5 21 22   2459852.03 2022  9 29 12 48
 2460064.15 2023  4 29 15 32   2460120.99 2023  6 25 11 46   2460177.83 2023  8 21  8  0
 2460385.55 2024  3 16  1  8   2460444.59 2024  5 14  2 10   2460503.63 2024  7 12  3 12
 2460706.95 2025  1 31 10 44   2460768.19 2025  4  2 16 34   2460829.43 2025  6  2 22 24
 2461028.35 2025 12 18 20 20   2461091.79 2026  2 20  6 58   2461155.23 2026  4 24 17 36
 2461349.75 2026 11  5  5 56   2461415.39 2027  1  9 21 22   2461481.03 2027  3 16 12 48
 2461671.15 2027  9 22 15 32   2461738.99 2027 11 29 11 46   2461806.83 2028  2  5  8  0
 2461992.55 2028  8  9  1  8   2462062.59 2028 10 18  2 10   2462132.63 2028 12 27  3 12
 2462313.95 2029  6 26 10 44   2462386.19 2029  9  6 16 34   2462458.43 2029 11 17 22 24
