 Predicted Transit Epochs: HD17051__ b

 Predicted Duration of a Central Transit:    16.   Hours

 Begin Transit Window           PREDICTED CENTRAL TRANSIT     End Transit Window
                                     All Times UT

                               HJD        Year M  D  H  M
 2456875.47 2014  8  5 23 22   2456878.32 2014  8  8 19 47   2456881.17 2014  8 11 16 11
 2457186.66 2015  6 13  3 53   2457189.61 2015  6 16  2 41   2457192.56 2015  6 19  1 30
 2457497.85 2016  4 19  8 24   2457500.90 2016  4 22  9 36   2457503.95 2016  4 25 10 49
 2457809.04 2017  2 24 12 55   2457812.19 2017  2 27 16 31   2457815.34 2017  3  2 20  7
 2458120.23 2018  1  1 17 25   2458123.48 2018  1  4 23 26   2458126.73 2018  1  8  5 26
 2458431.41 2018 11  8 21 56   2458434.76 2018 11 12  6 20   2458438.11 2018 11 15 14 45
 2458742.60 2019  9 16  2 27   2458746.05 2019  9 19 13 15   2458749.50 2019  9 23  0  3
 2459053.79 2020  7 23  6 57   2459057.34 2020  7 26 20 10   2459060.89 2020  7 30  9 22
 2459364.98 2021  5 30 11 28   2459368.63 2021  6  3  3  5   2459372.28 2021  6  6 18 41
 2459676.17 2022  4  6 15 59   2459679.92 2022  4 10  9 59   2459683.67 2022  4 14  4  0
 2459987.35 2023  2 11 20 30   2459991.20 2023  2 15 16 54   2459995.05 2023  2 19 13 18
 2460298.54 2023 12 20  1  0   2460302.49 2023 12 23 23 49   2460306.44 2023 12 27 22 37
 2460609.73 2024 10 26  5 31   2460613.78 2024 10 30  6 43   2460617.83 2024 11  3  7 56
 2460920.92 2025  9  2 10  2   2460925.07 2025  9  6 13 38   2460929.22 2025  9 10 17 14
 2461232.11 2026  7 10 14 32   2461236.36 2026  7 14 20 33   2461240.61 2026  7 19  2 33
 2461543.29 2027  5 17 19  3   2461547.64 2027  5 22  3 28   2461551.99 2027  5 26 11 52
 2461854.48 2028  3 23 23 34   2461858.93 2028  3 28 10 22   2461863.38 2028  4  1 21 11
 2462165.67 2029  1 29  4  5   2462170.22 2029  2  2 17 17   2462174.77 2029  2  7  6 29
 2462476.86 2029 12  6  8 35   2462481.51 2029 12 11  0 12   2462486.16 2029 12 15 15 48
 2462788.05 2030 10 13 13  6   2462792.80 2030 10 18  7  6   2462797.55 2030 10 23  1  7
 2463099.23 2031  8 20 17 37   2463104.08 2031  8 25 14  1   2463108.93 2031  8 30 10 26
 2463410.42 2032  6 26 22  7   2463415.37 2032  7  1 20 56   2463420.32 2032  7  6 19 44
 2463721.61 2033  5  4  2 38   2463726.66 2033  5  9  3 51   2463731.71 2033  5 14  5  3
 2464032.80 2034  3 11  7  9   2464037.95 2034  3 16 10 45   2464043.10 2034  3 21 14 22
 2464343.99 2035  1 16 11 40   2464349.24 2035  1 21 17 40   2464354.49 2035  1 26 23 40
