 Predicted Transit Epochs: HD179949_ b

 Predicted Duration of a Central Transit:   189. Minutes

 Begin Transit Window           PREDICTED CENTRAL TRANSIT     End Transit Window
                                     All Times UT

                               HJD        Year M  D  H  M
 2454464.60 2007 12 30  2 28   2454465.12 2007 12 30 14 53   2454465.64 2007 12 31  3 19
 2454467.70 2008  1  2  4 41   2454468.21 2008  1  2 17  7   2454468.73 2008  1  3  5 32
 2454470.79 2008  1  5  6 54   2454471.31 2008  1  5 19 20   2454471.82 2008  1  6  7 45
 2454473.88 2008  1  8  9  8   2454474.40 2008  1  8 21 33   2454474.92 2008  1  9  9 58
 2454476.97 2008  1 11 11 21   2454477.49 2008  1 11 23 46   2454478.01 2008  1 12 12 12
 2454480.07 2008  1 14 13 34   2454480.58 2008  1 15  1 59   2454481.10 2008  1 15 14 25
 2454483.16 2008  1 17 15 47   2454483.68 2008  1 18  4 13   2454484.19 2008  1 18 16 38
 2454486.25 2008  1 20 18  0   2454486.77 2008  1 21  6 26   2454487.29 2008  1 21 18 52
 2454489.34 2008  1 23 20 13   2454489.86 2008  1 24  8 39   2454490.38 2008  1 24 21  5
 2454492.44 2008  1 26 22 27   2454492.95 2008  1 27 10 52   2454493.47 2008  1 27 23 18
 2454495.53 2008  1 30  0 40   2454496.05 2008  1 30 13  6   2454496.56 2008  1 31  1 31
 2454498.62 2008  2  2  2 53   2454499.14 2008  2  2 15 19   2454499.66 2008  2  3  3 45
 2454501.71 2008  2  5  5  6   2454502.23 2008  2  5 17 32   2454502.75 2008  2  6  5 58
 2454504.81 2008  2  8  7 19   2454505.32 2008  2  8 19 45   2454505.84 2008  2  9  8 11
 2454507.90 2008  2 11  9 32   2454508.42 2008  2 11 21 58   2454508.93 2008  2 12 10 24
 2454510.99 2008  2 14 11 46   2454511.51 2008  2 15  0 12   2454512.03 2008  2 15 12 38
 2454514.08 2008  2 17 13 59   2454514.60 2008  2 18  2 25   2454515.12 2008  2 18 14 51
 2454517.18 2008  2 20 16 12   2454517.69 2008  2 21  4 38   2454518.21 2008  2 21 17  4
 2454520.27 2008  2 23 18 25   2454520.79 2008  2 24  6 51   2454521.30 2008  2 24 19 17
 2454523.36 2008  2 26 20 38   2454523.88 2008  2 27  9  5   2454524.40 2008  2 27 21 31
 2454526.45 2008  2 29 22 51   2454526.97 2008  3  1 11 18   2454527.49 2008  3  1 23 44
 2454529.55 2008  3  4  1  5   2454530.06 2008  3  4 13 31   2454530.58 2008  3  5  1 57
 2454532.64 2008  3  7  3 18   2454533.16 2008  3  7 15 44   2454533.67 2008  3  8  4 11
 2454535.73 2008  3 10  5 31   2454536.25 2008  3 10 17 57   2454536.77 2008  3 11  6 24
 2454538.82 2008  3 13  7 44   2454539.34 2008  3 13 20 11   2454539.86 2008  3 14  8 37
 2454541.92 2008  3 16  9 57   2454542.43 2008  3 16 22 24   2454542.95 2008  3 17 10 50
 2454545.01 2008  3 19 12 11   2454545.53 2008  3 20  0 37   2454546.04 2008  3 20 13  4
 2454548.10 2008  3 22 14 24   2454548.62 2008  3 23  2 50   2454549.14 2008  3 23 15 17
 2454551.19 2008  3 25 16 37   2454551.71 2008  3 26  5  4   2454552.23 2008  3 26 17 30
 2454554.29 2008  3 28 18 50   2454554.80 2008  3 29  7 17   2454555.32 2008  3 29 19 43
 2454557.38 2008  3 31 21  3   2454557.90 2008  4  1  9 30   2454558.41 2008  4  1 21 57
 2454560.47 2008  4  3 23 16   2454560.99 2008  4  4 11 43   2454561.51 2008  4  5  0 10
 2454563.56 2008  4  7  1 30   2454564.08 2008  4  7 13 56   2454564.60 2008  4  8  2 23
 2454566.66 2008  4 10  3 43   2454567.17 2008  4 10 16 10   2454567.69 2008  4 11  4 36
 2454569.75 2008  4 13  5 56   2454570.27 2008  4 13 18 23   2454570.78 2008  4 14  6 50
 2454572.84 2008  4 16  8  9   2454573.36 2008  4 16 20 36   2454573.88 2008  4 17  9  3
 2454575.93 2008  4 19 10 22   2454576.45 2008  4 19 22 49   2454576.97 2008  4 20 11 16
 2454579.02 2008  4 22 12 35   2454579.54 2008  4 23  1  2   2454580.06 2008  4 23 13 30
 2454582.12 2008  4 25 14 49   2454582.64 2008  4 26  3 16   2454583.16 2008  4 26 15 43
 2454585.21 2008  4 28 17  2   2454585.73 2008  4 29  5 29   2454586.25 2008  4 29 17 56
 2454588.30 2008  5  1 19 15   2454588.82 2008  5  2  7 42   2454589.34 2008  5  2 20  9
 2454591.39 2008  5  4 21 28   2454591.91 2008  5  5  9 55   2454592.43 2008  5  5 22 23
 2454594.49 2008  5  7 23 41   2454595.01 2008  5  8 12  9   2454595.53 2008  5  9  0 36
 2454597.58 2008  5 11  1 54   2454598.10 2008  5 11 14 22   2454598.62 2008  5 12  2 49
 2454600.67 2008  5 14  4  8   2454601.19 2008  5 14 16 35   2454601.71 2008  5 15  5  2
 2454603.76 2008  5 17  6 21   2454604.28 2008  5 17 18 48   2454604.80 2008  5 18  7 16
 2454606.86 2008  5 20  8 34   2454607.38 2008  5 20 21  1   2454607.90 2008  5 21  9 29
 2454609.95 2008  5 23 10 47   2454610.47 2008  5 23 23 15   2454610.99 2008  5 24 11 42
 2454613.04 2008  5 26 13  0   2454613.56 2008  5 27  1 28   2454614.08 2008  5 27 13 55
 2454616.13 2008  5 29 15 14   2454616.65 2008  5 30  3 41   2454617.17 2008  5 30 16  9
 2454619.23 2008  6  1 17 27   2454619.75 2008  6  2  5 54   2454620.27 2008  6  2 18 22
 2454622.32 2008  6  4 19 40   2454622.84 2008  6  5  8  8   2454623.36 2008  6  5 20 35
 2454625.41 2008  6  7 21 53   2454625.93 2008  6  8 10 21   2454626.45 2008  6  8 22 49
 2454628.50 2008  6 11  0  6   2454629.02 2008  6 11 12 34   2454629.54 2008  6 12  1  2
 2454631.60 2008  6 14  2 19   2454632.12 2008  6 14 14 47   2454632.64 2008  6 15  3 15
 2454634.69 2008  6 17  4 33   2454635.21 2008  6 17 17  0   2454635.73 2008  6 18  5 28
 2454637.78 2008  6 20  6 46   2454638.30 2008  6 20 19 14   2454638.82 2008  6 21  7 42
 2454640.87 2008  6 23  8 59   2454641.39 2008  6 23 21 27   2454641.91 2008  6 24  9 55
 2454643.97 2008  6 26 11 12   2454644.49 2008  6 26 23 40   2454645.01 2008  6 27 12  8
 2454647.06 2008  6 29 13 25   2454647.58 2008  6 30  1 53   2454648.10 2008  6 30 14 21
 2454650.15 2008  7  2 15 38   2454650.67 2008  7  3  4  7   2454651.19 2008  7  3 16 35
 2454653.24 2008  7  5 17 52   2454653.76 2008  7  6  6 20   2454654.28 2008  7  6 18 48
 2454656.34 2008  7  8 20  5   2454656.86 2008  7  9  8 33   2454657.38 2008  7  9 21  1
 2454659.43 2008  7 11 22 18   2454659.95 2008  7 12 10 46   2454660.47 2008  7 12 23 14
 2454662.52 2008  7 15  0 31   2454663.04 2008  7 15 12 59   2454663.56 2008  7 16  1 28
 2454665.61 2008  7 18  2 44   2454666.13 2008  7 18 15 13   2454666.65 2008  7 19  3 41
 2454668.71 2008  7 21  4 57   2454669.23 2008  7 21 17 26   2454669.75 2008  7 22  5 54
 2454671.80 2008  7 24  7 11   2454672.32 2008  7 24 19 39   2454672.84 2008  7 25  8  8
 2454674.89 2008  7 27  9 24   2454675.41 2008  7 27 21 52   2454675.93 2008  7 28 10 21
 2454677.98 2008  7 30 11 37   2454678.50 2008  7 31  0  6   2454679.02 2008  7 31 12 34
 2454681.08 2008  8  2 13 50   2454681.60 2008  8  3  2 19   2454682.12 2008  8  3 14 47
 2454684.17 2008  8  5 16  3   2454684.69 2008  8  6  4 32   2454685.21 2008  8  6 17  1
 2454687.26 2008  8  8 18 17   2454687.78 2008  8  9  6 45   2454688.30 2008  8  9 19 14
 2454690.35 2008  8 11 20 30   2454690.87 2008  8 12  8 58   2454691.39 2008  8 12 21 27
 2454693.45 2008  8 14 22 43   2454693.97 2008  8 15 11 12   2454694.49 2008  8 15 23 40
 2454696.54 2008  8 18  0 56   2454697.06 2008  8 18 13 25   2454697.58 2008  8 19  1 54
 2454699.63 2008  8 21  3  9   2454700.15 2008  8 21 15 38   2454700.67 2008  8 22  4  7
 2454702.72 2008  8 24  5 22   2454703.24 2008  8 24 17 51   2454703.76 2008  8 25  6 20
 2454705.82 2008  8 27  7 36   2454706.34 2008  8 27 20  5   2454706.86 2008  8 28  8 33
 2454708.91 2008  8 30  9 49   2454709.43 2008  8 30 22 18   2454709.95 2008  8 31 10 47
 2454712.00 2008  9  2 12  2   2454712.52 2008  9  3  0 31   2454713.04 2008  9  3 13  0
 2454715.09 2008  9  5 14 15   2454715.61 2008  9  6  2 44   2454716.13 2008  9  6 15 13
 2454718.19 2008  9  8 16 28   2454718.71 2008  9  9  4 57   2454719.23 2008  9  9 17 27
 2454721.28 2008  9 11 18 41   2454721.80 2008  9 12  7 11   2454722.32 2008  9 12 19 40
 2454724.37 2008  9 14 20 55   2454724.89 2008  9 15  9 24   2454725.41 2008  9 15 21 53
 2454727.46 2008  9 17 23  8   2454727.98 2008  9 18 11 37   2454728.50 2008  9 19  0  6
 2454730.56 2008  9 21  1 21   2454731.08 2008  9 21 13 50   2454731.60 2008  9 22  2 20
 2454733.65 2008  9 24  3 34   2454734.17 2008  9 24 16  3   2454734.69 2008  9 25  4 33
 2454736.74 2008  9 27  5 47   2454737.26 2008  9 27 18 17   2454737.78 2008  9 28  6 46
 2454739.83 2008  9 30  8  0   2454740.35 2008  9 30 20 30   2454740.87 2008 10  1  8 59
 2454742.93 2008 10  3 10 14   2454743.45 2008 10  3 22 43   2454743.97 2008 10  4 11 13
 2454746.02 2008 10  6 12 27   2454746.54 2008 10  7  0 56   2454747.06 2008 10  7 13 26
 2454749.11 2008 10  9 14 40   2454749.63 2008 10 10  3 10   2454750.15 2008 10 10 15 39
 2454752.20 2008 10 12 16 53   2454752.72 2008 10 13  5 23   2454753.25 2008 10 13 17 52
 2454755.30 2008 10 15 19  6   2454755.82 2008 10 16  7 36   2454756.34 2008 10 16 20  6
 2454758.39 2008 10 18 21 20   2454758.91 2008 10 19  9 49   2454759.43 2008 10 19 22 19
 2454761.48 2008 10 21 23 33   2454762.00 2008 10 22 12  2   2454762.52 2008 10 23  0 32
 2454764.57 2008 10 25  1 46   2454765.09 2008 10 25 14 16   2454765.62 2008 10 26  2 46
 2454767.67 2008 10 28  3 59   2454768.19 2008 10 28 16 29   2454768.71 2008 10 29  4 59
 2454770.76 2008 10 31  6 12   2454771.28 2008 10 31 18 42   2454771.80 2008 11  1  7 12
 2454773.85 2008 11  3  8 25   2454774.37 2008 11  3 20 55   2454774.89 2008 11  4  9 25
 2454776.94 2008 11  6 10 39   2454777.46 2008 11  6 23  9   2454777.99 2008 11  7 11 39
 2454780.04 2008 11  9 12 52   2454780.56 2008 11 10  1 22   2454781.08 2008 11 10 13 52
 2454783.13 2008 11 12 15  5   2454783.65 2008 11 13  3 35   2454784.17 2008 11 13 16  5
 2454786.22 2008 11 15 17 18   2454786.74 2008 11 16  5 48   2454787.26 2008 11 16 18 18
 2454789.31 2008 11 18 19 31   2454789.83 2008 11 19  8  1   2454790.36 2008 11 19 20 32
 2454792.41 2008 11 21 21 44   2454792.93 2008 11 22 10 15   2454793.45 2008 11 22 22 45
 2454795.50 2008 11 24 23 58   2454796.02 2008 11 25 12 28   2454796.54 2008 11 26  0 58
 2454798.59 2008 11 28  2 11   2454799.11 2008 11 28 14 41   2454799.63 2008 11 29  3 11
 2454801.68 2008 12  1  4 24   2454802.20 2008 12  1 16 54   2454802.73 2008 12  2  5 25
 2454804.78 2008 12  4  6 37   2454805.30 2008 12  4 19  8   2454805.82 2008 12  5  7 38
 2454807.87 2008 12  7  8 50   2454808.39 2008 12  7 21 21   2454808.91 2008 12  8  9 51
 2454810.96 2008 12 10 11  3   2454811.48 2008 12 10 23 34   2454812.00 2008 12 11 12  5
 2454814.05 2008 12 13 13 17   2454814.57 2008 12 14  1 47   2454815.10 2008 12 14 14 18
 2454817.15 2008 12 16 15 30   2454817.67 2008 12 17  4  0   2454818.19 2008 12 17 16 31
 2454820.24 2008 12 19 17 43   2454820.76 2008 12 20  6 14   2454821.28 2008 12 20 18 44
 2454823.33 2008 12 22 19 56   2454823.85 2008 12 23  8 27   2454824.37 2008 12 23 20 58
 2454826.42 2008 12 25 22  9   2454826.94 2008 12 26 10 40   2454827.47 2008 12 26 23 11
 2454829.52 2008 12 29  0 23   2454830.04 2008 12 29 12 53   2454830.56 2008 12 30  1 24
 2454832.61 2009  1  1  2 36   2454833.13 2009  1  1 15  7   2454833.65 2009  1  2  3 37
 2454835.70 2009  1  4  4 49   2454836.22 2009  1  4 17 20   2454836.74 2009  1  5  5 51
 2454838.79 2009  1  7  7  2   2454839.31 2009  1  7 19 33   2454839.84 2009  1  8  8  4
 2454841.89 2009  1 10  9 15   2454842.41 2009  1 10 21 46   2454842.93 2009  1 11 10 17
 2454844.98 2009  1 13 11 28   2454845.50 2009  1 13 23 59   2454846.02 2009  1 14 12 30
 2454848.07 2009  1 16 13 42   2454848.59 2009  1 17  2 13   2454849.11 2009  1 17 14 44
 2454851.16 2009  1 19 15 55   2454851.68 2009  1 20  4 26   2454852.21 2009  1 20 16 57
 2454854.26 2009  1 22 18  8   2454854.78 2009  1 23  6 39   2454855.30 2009  1 23 19 10
 2454857.35 2009  1 25 20 21   2454857.87 2009  1 26  8 52   2454858.39 2009  1 26 21 23
 2454860.44 2009  1 28 22 34   2454860.96 2009  1 29 11  6   2454861.48 2009  1 29 23 37
 2454863.53 2009  2  1  0 47   2454864.06 2009  2  1 13 19   2454864.58 2009  2  2  1 50
 2454866.63 2009  2  4  3  1   2454867.15 2009  2  4 15 32   2454867.67 2009  2  5  4  3
 2454869.72 2009  2  7  5 14   2454870.24 2009  2  7 17 45   2454870.76 2009  2  8  6 17
 2454872.81 2009  2 10  7 27   2454873.33 2009  2 10 19 58   2454873.85 2009  2 11  8 30
 2454875.90 2009  2 13  9 40   2454876.43 2009  2 13 22 12   2454876.95 2009  2 14 10 43
 2454879.00 2009  2 16 11 53   2454879.52 2009  2 17  0 25   2454880.04 2009  2 17 12 56
 2454882.09 2009  2 19 14  6   2454882.61 2009  2 20  2 38   2454883.13 2009  2 20 15 10
 2454885.18 2009  2 22 16 20   2454885.70 2009  2 23  4 51   2454886.22 2009  2 23 17 23
 2454888.27 2009  2 25 18 33   2454888.80 2009  2 26  7  5   2454889.32 2009  2 26 19 36
 2454891.37 2009  2 28 20 46   2454891.89 2009  3  1  9 18   2454892.41 2009  3  1 21 49
 2454894.46 2009  3  3 22 59   2454894.98 2009  3  4 11 31   2454895.50 2009  3  5  0  3
 2454897.55 2009  3  7  1 12   2454898.07 2009  3  7 13 44   2454898.59 2009  3  8  2 16
 2454900.64 2009  3 10  3 26   2454901.17 2009  3 10 15 57   2454901.69 2009  3 11  4 29
 2454903.74 2009  3 13  5 39   2454904.26 2009  3 13 18 11   2454904.78 2009  3 14  6 42
 2454906.83 2009  3 16  7 52   2454907.35 2009  3 16 20 24   2454907.87 2009  3 17  8 56
 2454909.92 2009  3 19 10  5   2454910.44 2009  3 19 22 37   2454910.96 2009  3 20 11  9
 2454913.01 2009  3 22 12 18   2454913.54 2009  3 23  0 50   2454914.06 2009  3 23 13 22
 2454916.11 2009  3 25 14 31   2454916.63 2009  3 26  3  3   2454917.15 2009  3 26 15 36
 2454919.20 2009  3 28 16 45   2454919.72 2009  3 29  5 17   2454920.24 2009  3 29 17 49
 2454922.29 2009  3 31 18 58   2454922.81 2009  4  1  7 30   2454923.34 2009  4  1 20  2
 2454925.38 2009  4  3 21 11   2454925.91 2009  4  4  9 43   2454926.43 2009  4  4 22 15
 2454928.48 2009  4  6 23 24   2454929.00 2009  4  7 11 56   2454929.52 2009  4  8  0 29
 2454931.57 2009  4 10  1 37   2454932.09 2009  4 10 14 10   2454932.61 2009  4 11  2 42
 2454934.66 2009  4 13  3 50   2454935.18 2009  4 13 16 23   2454935.71 2009  4 14  4 55
 2454937.75 2009  4 16  6  4   2454938.28 2009  4 16 18 36   2454938.80 2009  4 17  7  8
 2454940.85 2009  4 19  8 17   2454941.37 2009  4 19 20 49   2454941.89 2009  4 20  9 22
 2454943.94 2009  4 22 10 30   2454944.46 2009  4 22 23  2   2454944.98 2009  4 23 11 35
 2454947.03 2009  4 25 12 43   2454947.55 2009  4 26  1 16   2454948.08 2009  4 26 13 48
 2454950.12 2009  4 28 14 56   2454950.65 2009  4 29  3 29   2454951.17 2009  4 29 16  1
 2454953.22 2009  5  1 17  9   2454953.74 2009  5  2  5 42   2454954.26 2009  5  2 18 15
 2454956.31 2009  5  4 19 23   2454956.83 2009  5  5  7 55   2454957.35 2009  5  5 20 28
 2454959.40 2009  5  7 21 36   2454959.92 2009  5  8 10  9   2454960.45 2009  5  8 22 41
 2454962.49 2009  5 10 23 49   2454963.02 2009  5 11 12 22   2454963.54 2009  5 12  0 55
 2454965.59 2009  5 14  2  2   2454966.11 2009  5 14 14 35   2454966.63 2009  5 15  3  8
 2454968.68 2009  5 17  4 15   2454969.20 2009  5 17 16 48   2454969.72 2009  5 18  5 21
 2454971.77 2009  5 20  6 29   2454972.29 2009  5 20 19  1   2454972.82 2009  5 21  7 34
 2454974.86 2009  5 23  8 42   2454975.39 2009  5 23 21 15   2454975.91 2009  5 24  9 48
 2454977.96 2009  5 26 10 55   2454978.48 2009  5 26 23 28   2454979.00 2009  5 27 12  1
 2454981.05 2009  5 29 13  8   2454981.57 2009  5 30  1 41   2454982.09 2009  5 30 14 14
 2454984.14 2009  6  1 15 21   2454984.66 2009  6  2  3 54   2454985.19 2009  6  2 16 27
 2454987.23 2009  6  4 17 34   2454987.76 2009  6  5  6  8   2454988.28 2009  6  5 18 41
 2454990.33 2009  6  7 19 48   2454990.85 2009  6  8  8 21   2454991.37 2009  6  8 20 54
 2454993.42 2009  6 10 22  1   2454993.94 2009  6 11 10 34   2454994.46 2009  6 11 23  7
 2454996.51 2009  6 14  0 14   2454997.03 2009  6 14 12 47   2454997.56 2009  6 15  1 20
 2454999.60 2009  6 17  2 27   2455000.13 2009  6 17 15  0   2455000.65 2009  6 18  3 34
 2455002.69 2009  6 20  4 40   2455003.22 2009  6 20 17 14   2455003.74 2009  6 21  5 47
 2455005.79 2009  6 23  6 53   2455006.31 2009  6 23 19 27   2455006.83 2009  6 24  8  0
 2455008.88 2009  6 26  9  7   2455009.40 2009  6 26 21 40   2455009.93 2009  6 27 10 14
 2455011.97 2009  6 29 11 20   2455012.50 2009  6 29 23 53   2455013.02 2009  6 30 12 27
 2455015.06 2009  7  2 13 33   2455015.59 2009  7  3  2  7   2455016.11 2009  7  3 14 40
 2455018.16 2009  7  5 15 46   2455018.68 2009  7  6  4 20   2455019.20 2009  7  6 16 53
 2455021.25 2009  7  8 17 59   2455021.77 2009  7  9  6 33   2455022.30 2009  7  9 19  7
 2455024.34 2009  7 11 20 13   2455024.87 2009  7 12  8 46   2455025.39 2009  7 12 21 20
 2455027.43 2009  7 14 22 26   2455027.96 2009  7 15 10 59   2455028.48 2009  7 15 23 33
 2455030.53 2009  7 18  0 39   2455031.05 2009  7 18 13 13   2455031.57 2009  7 19  1 46
 2455033.62 2009  7 21  2 52   2455034.14 2009  7 21 15 26   2455034.67 2009  7 22  4  0
 2455036.71 2009  7 24  5  5   2455037.24 2009  7 24 17 39   2455037.76 2009  7 25  6 13
 2455039.80 2009  7 27  7 18   2455040.33 2009  7 27 19 52   2455040.85 2009  7 28  8 26
 2455042.90 2009  7 30  9 32   2455043.42 2009  7 30 22  6   2455043.94 2009  7 31 10 39
 2455045.99 2009  8  2 11 45   2455046.51 2009  8  3  0 19   2455047.04 2009  8  3 12 53
 2455049.08 2009  8  5 13 58   2455049.61 2009  8  6  2 32   2455050.13 2009  8  6 15  6
 2455052.17 2009  8  8 16 11   2455052.70 2009  8  9  4 45   2455053.22 2009  8  9 17 19
 2455055.27 2009  8 11 18 24   2455055.79 2009  8 12  6 58   2455056.31 2009  8 12 19 33
 2455058.36 2009  8 14 20 37   2455058.88 2009  8 15  9 12   2455059.41 2009  8 15 21 46
 2455061.45 2009  8 17 22 51   2455061.98 2009  8 18 11 25   2455062.50 2009  8 18 23 59
 2455064.54 2009  8 21  1  4   2455065.07 2009  8 21 13 38   2455065.59 2009  8 22  2 12
 2455067.64 2009  8 24  3 17   2455068.16 2009  8 24 15 51   2455068.68 2009  8 25  4 26
 2455070.73 2009  8 27  5 30   2455071.25 2009  8 27 18  4   2455071.78 2009  8 28  6 39
 2455073.82 2009  8 30  7 43   2455074.35 2009  8 30 20 18   2455074.87 2009  8 31  8 52
 2455076.91 2009  9  2  9 56   2455077.44 2009  9  2 22 31   2455077.96 2009  9  3 11  5
 2455080.01 2009  9  5 12 10   2455080.53 2009  9  6  0 44   2455081.05 2009  9  6 13 19
 2455083.10 2009  9  8 14 23   2455083.62 2009  9  9  2 57   2455084.15 2009  9  9 15 32
 2455086.19 2009  9 11 16 36   2455086.72 2009  9 12  5 11   2455087.24 2009  9 12 17 45
 2455089.28 2009  9 14 18 49   2455089.81 2009  9 15  7 24   2455090.33 2009  9 15 19 58
 2455092.38 2009  9 17 21  2   2455092.90 2009  9 18  9 37   2455093.43 2009  9 18 22 12
 2455095.47 2009  9 20 23 16   2455095.99 2009  9 21 11 50   2455096.52 2009  9 22  0 25
 2455098.56 2009  9 24  1 29   2455099.09 2009  9 24 14  3   2455099.61 2009  9 25  2 38
 2455101.65 2009  9 27  3 42   2455102.18 2009  9 27 16 17   2455102.70 2009  9 28  4 52
 2455104.75 2009  9 30  5 55   2455105.27 2009  9 30 18 30   2455105.80 2009 10  1  7  5
 2455107.84 2009 10  3  8  8   2455108.36 2009 10  3 20 43   2455108.89 2009 10  4  9 18
 2455110.93 2009 10  6 10 21   2455111.46 2009 10  6 22 56   2455111.98 2009 10  7 11 31
 2455114.02 2009 10  9 12 35   2455114.55 2009 10 10  1 10   2455115.07 2009 10 10 13 45
 2455117.12 2009 10 12 14 48   2455117.64 2009 10 13  3 23   2455118.17 2009 10 13 15 58
 2455120.21 2009 10 15 17  1   2455120.73 2009 10 16  5 36   2455121.26 2009 10 16 18 11
 2455123.30 2009 10 18 19 14   2455123.83 2009 10 19  7 49   2455124.35 2009 10 19 20 24
 2455126.39 2009 10 21 21 27   2455126.92 2009 10 22 10  2   2455127.44 2009 10 22 22 38
 2455129.49 2009 10 24 23 40   2455130.01 2009 10 25 12 16   2455130.54 2009 10 26  0 51
 2455132.58 2009 10 28  1 54   2455133.10 2009 10 28 14 29   2455133.63 2009 10 29  3  4
 2455135.67 2009 10 31  4  7   2455136.20 2009 10 31 16 42   2455136.72 2009 11  1  5 17
 2455138.76 2009 11  3  6 20   2455139.29 2009 11  3 18 55   2455139.81 2009 11  4  7 31
 2455141.86 2009 11  6  8 33   2455142.38 2009 11  6 21  9   2455142.91 2009 11  7  9 44
 2455144.95 2009 11  9 10 46   2455145.47 2009 11  9 23 22   2455146.00 2009 11 10 11 57
 2455148.04 2009 11 12 12 59   2455148.57 2009 11 13  1 35   2455149.09 2009 11 13 14 11
 2455151.13 2009 11 15 15 13   2455151.66 2009 11 16  3 48   2455152.18 2009 11 16 16 24
 2455154.23 2009 11 18 17 26   2455154.75 2009 11 19  6  1   2455155.28 2009 11 19 18 37
 2455157.32 2009 11 21 19 39   2455157.84 2009 11 22  8 15   2455158.37 2009 11 22 20 50
 2455160.41 2009 11 24 21 52   2455160.94 2009 11 25 10 28   2455161.46 2009 11 25 23  4
 2455163.50 2009 11 28  0  5   2455164.03 2009 11 28 12 41   2455164.55 2009 11 29  1 17
 2455166.60 2009 12  1  2 19   2455167.12 2009 12  1 14 54   2455167.65 2009 12  2  3 30
 2455169.69 2009 12  4  4 32   2455170.21 2009 12  4 17  8   2455170.74 2009 12  5  5 43
 2455172.78 2009 12  7  6 45   2455173.31 2009 12  7 19 21   2455173.83 2009 12  8  7 57
 2455175.87 2009 12 10  8 58   2455176.40 2009 12 10 21 34   2455176.92 2009 12 11 10 10
 2455178.97 2009 12 13 11 11   2455179.49 2009 12 13 23 47   2455180.02 2009 12 14 12 23
 2455182.06 2009 12 16 13 24   2455182.58 2009 12 17  2  0   2455183.11 2009 12 17 14 36
 2455185.15 2009 12 19 15 38   2455185.68 2009 12 20  4 14   2455186.20 2009 12 20 16 50
 2455188.24 2009 12 22 17 51   2455188.77 2009 12 23  6 27   2455189.29 2009 12 23 19  3
 2455191.34 2009 12 25 20  4   2455191.86 2009 12 26  8 40   2455192.39 2009 12 26 21 16
 2455194.43 2009 12 28 22 17   2455194.95 2009 12 29 10 53   2455195.48 2009 12 29 23 30
 2455197.52 2010  1  1  0 30   2455198.05 2010  1  1 13  7   2455198.57 2010  1  2  1 43
 2455200.61 2010  1  4  2 43   2455201.14 2010  1  4 15 20   2455201.66 2010  1  5  3 56
 2455203.71 2010  1  7  4 57   2455204.23 2010  1  7 17 33   2455204.76 2010  1  8  6  9
 2455206.80 2010  1 10  7 10   2455207.32 2010  1 10 19 46   2455207.85 2010  1 11  8 23
 2455209.89 2010  1 13  9 23   2455210.42 2010  1 13 21 59   2455210.94 2010  1 14 10 36
 2455212.98 2010  1 16 11 36   2455213.51 2010  1 17  0 13   2455214.03 2010  1 17 12 49
 2455216.08 2010  1 19 13 49   2455216.60 2010  1 20  2 26   2455217.13 2010  1 20 15  2
 2455219.17 2010  1 22 16  2   2455219.69 2010  1 23  4 39   2455220.22 2010  1 23 17 16
 2455222.26 2010  1 25 18 16   2455222.79 2010  1 26  6 52   2455223.31 2010  1 26 19 29
 2455225.35 2010  1 28 20 29   2455225.88 2010  1 29  9  5   2455226.40 2010  1 29 21 42
 2455228.45 2010  1 31 22 42   2455228.97 2010  2  1 11 19   2455229.50 2010  2  1 23 55
 2455231.54 2010  2  4  0 55   2455232.06 2010  2  4 13 32   2455232.59 2010  2  5  2  9
 2455234.63 2010  2  7  3  8   2455235.16 2010  2  7 15 45   2455235.68 2010  2  8  4 22
 2455237.72 2010  2 10  5 22   2455238.25 2010  2 10 17 58   2455238.77 2010  2 11  6 35
 2455240.82 2010  2 13  7 35   2455241.34 2010  2 13 20 12   2455241.87 2010  2 14  8 49
 2455243.91 2010  2 16  9 48   2455244.43 2010  2 16 22 25   2455244.96 2010  2 17 11  2
 2455247.00 2010  2 19 12  1   2455247.53 2010  2 20  0 38   2455248.05 2010  2 20 13 15
 2455250.09 2010  2 22 14 14   2455250.62 2010  2 23  2 51   2455251.15 2010  2 23 15 28
 2455253.19 2010  2 25 16 27   2455253.71 2010  2 26  5  4   2455254.24 2010  2 26 17 42
 2455256.28 2010  2 28 18 41   2455256.80 2010  3  1  7 18   2455257.33 2010  3  1 19 55
 2455259.37 2010  3  3 20 54   2455259.90 2010  3  4  9 31   2455260.42 2010  3  4 22  8
 2455262.46 2010  3  6 23  7   2455262.99 2010  3  7 11 44   2455263.52 2010  3  8  0 21
 2455265.56 2010  3 10  1 20   2455266.08 2010  3 10 13 57   2455266.61 2010  3 11  2 35
 2455268.65 2010  3 13  3 33   2455269.17 2010  3 13 16 11   2455269.70 2010  3 14  4 48
 2455271.74 2010  3 16  5 46   2455272.27 2010  3 16 18 24   2455272.79 2010  3 17  7  1
 2455274.83 2010  3 19  8  0   2455275.36 2010  3 19 20 37   2455275.89 2010  3 20  9 14
 2455277.93 2010  3 22 10 13   2455278.45 2010  3 22 22 50   2455278.98 2010  3 23 11 28
 2455281.02 2010  3 25 12 26   2455281.54 2010  3 26  1  3   2455282.07 2010  3 26 13 41
 2455284.11 2010  3 28 14 39   2455284.64 2010  3 29  3 17   2455285.16 2010  3 29 15 54
 2455287.20 2010  3 31 16 52   2455287.73 2010  4  1  5 30   2455288.26 2010  4  1 18  8
 2455290.30 2010  4  3 19  5   2455290.82 2010  4  4  7 43   2455291.35 2010  4  4 20 21
 2455293.39 2010  4  6 21 19   2455293.91 2010  4  7  9 56   2455294.44 2010  4  7 22 34
 2455296.48 2010  4  9 23 32   2455297.01 2010  4 10 12 10   2455297.53 2010  4 11  0 47
 2455299.57 2010  4 13  1 45   2455300.10 2010  4 13 14 23   2455300.63 2010  4 14  3  1
 2455302.67 2010  4 16  3 58   2455303.19 2010  4 16 16 36   2455303.72 2010  4 17  5 14
 2455305.76 2010  4 19  6 11   2455306.28 2010  4 19 18 49   2455306.81 2010  4 20  7 27
 2455308.85 2010  4 22  8 25   2455309.38 2010  4 22 21  2   2455309.90 2010  4 23  9 40
 2455311.94 2010  4 25 10 38   2455312.47 2010  4 25 23 16   2455313.00 2010  4 26 11 54
 2455315.04 2010  4 28 12 51   2455315.56 2010  4 29  1 29   2455316.09 2010  4 29 14  7
