 Predicted Transit Epochs: HD187123_ b

 Predicted Duration of a Central Transit:   192. Minutes

 Begin Transit Window           PREDICTED CENTRAL TRANSIT     End Transit Window
                                     All Times UT

                               HJD        Year M  D  H  M
 2454925.35 2009  4  3 20 17   2454925.82 2009  4  4  7 37   2454926.29 2009  4  4 18 57
 2454928.44 2009  4  6 22 36   2454928.91 2009  4  7  9 56   2454929.39 2009  4  7 21 17
 2454931.54 2009  4 10  0 55   2454932.01 2009  4 10 12 15   2454932.48 2009  4 10 23 36
 2454934.64 2009  4 13  3 14   2454935.11 2009  4 13 14 35   2454935.58 2009  4 14  1 55
 2454937.73 2009  4 16  5 33   2454938.20 2009  4 16 16 54   2454938.68 2009  4 17  4 14
 2454940.83 2009  4 19  7 52   2454941.30 2009  4 19 19 13   2454941.77 2009  4 20  6 33
 2454943.92 2009  4 22 10 11   2454944.40 2009  4 22 21 32   2454944.87 2009  4 23  8 52
 2454947.02 2009  4 25 12 30   2454947.49 2009  4 25 23 51   2454947.97 2009  4 26 11 11
 2454950.12 2009  4 28 14 49   2454950.59 2009  4 29  2 10   2454951.06 2009  4 29 13 30
 2454953.21 2009  5  1 17  9   2454953.69 2009  5  2  4 29   2454954.16 2009  5  2 15 50
 2454956.31 2009  5  4 19 28   2454956.78 2009  5  5  6 48   2454957.26 2009  5  5 18  9
 2454959.41 2009  5  7 21 47   2454959.88 2009  5  8  9  7   2454960.35 2009  5  8 20 28
 2454962.50 2009  5 11  0  6   2454962.98 2009  5 11 11 26   2454963.45 2009  5 11 22 47
 2454965.60 2009  5 14  2 25   2454966.07 2009  5 14 13 45   2454966.55 2009  5 15  1  6
 2454968.70 2009  5 17  4 44   2454969.17 2009  5 17 16  4   2454969.64 2009  5 18  3 25
 2454971.79 2009  5 20  7  3   2454972.27 2009  5 20 18 24   2454972.74 2009  5 21  5 44
 2454974.89 2009  5 23  9 22   2454975.36 2009  5 23 20 43   2454975.84 2009  5 24  8  3
 2454977.99 2009  5 26 11 41   2454978.46 2009  5 26 23  2   2454978.93 2009  5 27 10 23
 2454981.08 2009  5 29 14  0   2454981.56 2009  5 30  1 21   2454982.03 2009  5 30 12 42
 2454984.18 2009  6  1 16 19   2454984.65 2009  6  2  3 40   2454985.13 2009  6  2 15  1
 2454987.28 2009  6  4 18 38   2454987.75 2009  6  5  5 59   2454988.22 2009  6  5 17 20
 2454990.37 2009  6  7 20 57   2454990.85 2009  6  8  8 18   2454991.32 2009  6  8 19 39
 2454993.47 2009  6 10 23 16   2454993.94 2009  6 11 10 37   2454994.42 2009  6 11 21 58
 2454996.57 2009  6 14  1 35   2454997.04 2009  6 14 12 56   2454997.51 2009  6 15  0 17
 2454999.66 2009  6 17  3 54   2455000.14 2009  6 17 15 15   2455000.61 2009  6 18  2 36
 2455002.76 2009  6 20  6 13   2455003.23 2009  6 20 17 34   2455003.71 2009  6 21  4 56
 2455005.86 2009  6 23  8 32   2455006.33 2009  6 23 19 54   2455006.80 2009  6 24  7 15
 2455008.95 2009  6 26 10 51   2455009.43 2009  6 26 22 13   2455009.90 2009  6 27  9 34
 2455012.05 2009  6 29 13 10   2455012.52 2009  6 30  0 32   2455013.00 2009  6 30 11 53
 2455015.15 2009  7  2 15 29   2455015.62 2009  7  3  2 51   2455016.09 2009  7  3 14 12
 2455018.24 2009  7  5 17 49   2455018.72 2009  7  6  5 10   2455019.19 2009  7  6 16 31
 2455021.34 2009  7  8 20  8   2455021.81 2009  7  9  7 29   2455022.29 2009  7  9 18 50
 2455024.44 2009  7 11 22 27   2455024.91 2009  7 12  9 48   2455025.38 2009  7 12 21  9
 2455027.53 2009  7 15  0 46   2455028.01 2009  7 15 12  7   2455028.48 2009  7 15 23 29
 2455030.63 2009  7 18  3  5   2455031.10 2009  7 18 14 26   2455031.58 2009  7 19  1 48
 2455033.73 2009  7 21  5 24   2455034.20 2009  7 21 16 45   2455034.67 2009  7 22  4  7
 2455036.82 2009  7 24  7 43   2455037.30 2009  7 24 19  4   2455037.77 2009  7 25  6 26
 2455039.92 2009  7 27 10  2   2455040.39 2009  7 27 21 23   2455040.86 2009  7 28  8 45
 2455043.01 2009  7 30 12 21   2455043.49 2009  7 30 23 43   2455043.96 2009  7 31 11  4
 2455046.11 2009  8  2 14 40   2455046.58 2009  8  3  2  2   2455047.06 2009  8  3 13 23
 2455049.21 2009  8  5 16 59   2455049.68 2009  8  6  4 21   2455050.15 2009  8  6 15 42
 2455052.30 2009  8  8 19 18   2455052.78 2009  8  9  6 40   2455053.25 2009  8  9 18  2
 2455055.40 2009  8 11 21 37   2455055.87 2009  8 12  8 59   2455056.35 2009  8 12 20 21
 2455058.50 2009  8 14 23 56   2455058.97 2009  8 15 11 18   2455059.44 2009  8 15 22 40
 2455061.59 2009  8 18  2 15   2455062.07 2009  8 18 13 37   2455062.54 2009  8 19  0 59
 2455064.69 2009  8 21  4 34   2455065.16 2009  8 21 15 56   2455065.64 2009  8 22  3 18
 2455067.79 2009  8 24  6 53   2455068.26 2009  8 24 18 15   2455068.73 2009  8 25  5 37
 2455070.88 2009  8 27  9 12   2455071.36 2009  8 27 20 34   2455071.83 2009  8 28  7 56
 2455073.98 2009  8 30 11 31   2455074.45 2009  8 30 22 53   2455074.93 2009  8 31 10 15
 2455077.08 2009  9  2 13 50   2455077.55 2009  9  3  1 13   2455078.02 2009  9  3 12 35
 2455080.17 2009  9  5 16  9   2455080.65 2009  9  6  3 32   2455081.12 2009  9  6 14 54
 2455083.27 2009  9  8 18 29   2455083.74 2009  9  9  5 51   2455084.22 2009  9  9 17 13
 2455086.37 2009  9 11 20 48   2455086.84 2009  9 12  8 10   2455087.31 2009  9 12 19 32
 2455089.46 2009  9 14 23  7   2455089.94 2009  9 15 10 29   2455090.41 2009  9 15 21 51
 2455092.56 2009  9 18  1 26   2455093.03 2009  9 18 12 48   2455093.51 2009  9 19  0 10
 2455095.66 2009  9 21  3 45   2455096.13 2009  9 21 15  7   2455096.60 2009  9 22  2 29
 2455098.75 2009  9 24  6  4   2455099.23 2009  9 24 17 26   2455099.70 2009  9 25  4 48
 2455101.85 2009  9 27  8 23   2455102.32 2009  9 27 19 45   2455102.80 2009  9 28  7  8
 2455104.95 2009  9 30 10 42   2455105.42 2009  9 30 22  4   2455105.89 2009 10  1  9 27
 2455108.04 2009 10  3 13  1   2455108.52 2009 10  4  0 23   2455108.99 2009 10  4 11 46
 2455111.14 2009 10  6 15 20   2455111.61 2009 10  7  2 42   2455112.09 2009 10  7 14  5
 2455114.24 2009 10  9 17 39   2455114.71 2009 10 10  5  2   2455115.18 2009 10 10 16 24
 2455117.33 2009 10 12 19 58   2455117.81 2009 10 13  7 21   2455118.28 2009 10 13 18 43
 2455120.43 2009 10 15 22 17   2455120.90 2009 10 16  9 40   2455121.38 2009 10 16 21  2
 2455123.53 2009 10 19  0 36   2455124.00 2009 10 19 11 59   2455124.47 2009 10 19 23 21
 2455126.62 2009 10 22  2 55   2455127.10 2009 10 22 14 18   2455127.57 2009 10 23  1 41
 2455129.72 2009 10 25  5 14   2455130.19 2009 10 25 16 37   2455130.67 2009 10 26  4  0
 2455132.82 2009 10 28  7 33   2455133.29 2009 10 28 18 56   2455133.76 2009 10 29  6 19
 2455135.91 2009 10 31  9 52   2455136.39 2009 10 31 21 15   2455136.86 2009 11  1  8 38
 2455139.01 2009 11  3 12 11   2455139.48 2009 11  3 23 34   2455139.96 2009 11  4 10 57
 2455142.10 2009 11  6 14 30   2455142.58 2009 11  7  1 53   2455143.05 2009 11  7 13 16
 2455145.20 2009 11  9 16 49   2455145.68 2009 11 10  4 12   2455146.15 2009 11 10 15 35
 2455148.30 2009 11 12 19  9   2455148.77 2009 11 13  6 31   2455149.25 2009 11 13 17 54
 2455151.39 2009 11 15 21 28   2455151.87 2009 11 16  8 51   2455152.34 2009 11 16 20 14
 2455154.49 2009 11 18 23 47   2455154.97 2009 11 19 11 10   2455155.44 2009 11 19 22 33
 2455157.59 2009 11 22  2  6   2455158.06 2009 11 22 13 29   2455158.54 2009 11 23  0 52
 2455160.68 2009 11 25  4 25   2455161.16 2009 11 25 15 48   2455161.63 2009 11 26  3 11
 2455163.78 2009 11 28  6 44   2455164.26 2009 11 28 18  7   2455164.73 2009 11 29  5 30
 2455166.88 2009 12  1  9  3   2455167.35 2009 12  1 20 26   2455167.83 2009 12  2  7 49
 2455169.97 2009 12  4 11 22   2455170.45 2009 12  4 22 45   2455170.92 2009 12  5 10  8
 2455173.07 2009 12  7 13 41   2455173.54 2009 12  8  1  4   2455174.02 2009 12  8 12 27
 2455176.17 2009 12 10 16  0   2455176.64 2009 12 11  3 23   2455177.12 2009 12 11 14 47
 2455179.26 2009 12 13 18 19   2455179.74 2009 12 14  5 42   2455180.21 2009 12 14 17  6
 2455182.36 2009 12 16 20 38   2455182.83 2009 12 17  8  1   2455183.31 2009 12 17 19 25
 2455185.46 2009 12 19 22 57   2455185.93 2009 12 20 10 21   2455186.41 2009 12 20 21 44
 2455188.55 2009 12 23  1 16   2455189.03 2009 12 23 12 40   2455189.50 2009 12 24  0  3
 2455191.65 2009 12 26  3 35   2455192.12 2009 12 26 14 59   2455192.60 2009 12 27  2 22
 2455194.75 2009 12 29  5 54   2455195.22 2009 12 29 17 18   2455195.70 2009 12 30  4 41
 2455197.84 2010  1  1  8 13   2455198.32 2010  1  1 19 37   2455198.79 2010  1  2  7  0
 2455200.94 2010  1  4 10 32   2455201.41 2010  1  4 21 56   2455201.89 2010  1  5  9 20
 2455204.04 2010  1  7 12 51   2455204.51 2010  1  8  0 15   2455204.99 2010  1  8 11 39
 2455207.13 2010  1 10 15 10   2455207.61 2010  1 11  2 34   2455208.08 2010  1 11 13 58
 2455210.23 2010  1 13 17 29   2455210.70 2010  1 14  4 53   2455211.18 2010  1 14 16 17
 2455213.33 2010  1 16 19 49   2455213.80 2010  1 17  7 12   2455214.28 2010  1 17 18 36
 2455216.42 2010  1 19 22  8   2455216.90 2010  1 20  9 31   2455217.37 2010  1 20 20 55
 2455219.52 2010  1 23  0 27   2455219.99 2010  1 23 11 50   2455220.47 2010  1 23 23 14
 2455222.62 2010  1 26  2 46   2455223.09 2010  1 26 14 10   2455223.57 2010  1 27  1 33
 2455225.71 2010  1 29  5  5   2455226.19 2010  1 29 16 29   2455226.66 2010  1 30  3 53
 2455228.81 2010  2  1  7 24   2455229.28 2010  2  1 18 48   2455229.76 2010  2  2  6 12
 2455231.91 2010  2  4  9 43   2455232.38 2010  2  4 21  7   2455232.86 2010  2  5  8 31
 2455235.00 2010  2  7 12  2   2455235.48 2010  2  7 23 26   2455235.95 2010  2  8 10 50
 2455238.10 2010  2 10 14 21   2455238.57 2010  2 11  1 45   2455239.05 2010  2 11 13  9
 2455241.19 2010  2 13 16 40   2455241.67 2010  2 14  4  4   2455242.14 2010  2 14 15 28
 2455244.29 2010  2 16 18 59   2455244.77 2010  2 17  6 23   2455245.24 2010  2 17 17 47
 2455247.39 2010  2 19 21 18   2455247.86 2010  2 20  8 42   2455248.34 2010  2 20 20  6
 2455250.48 2010  2 22 23 37   2455250.96 2010  2 23 11  1   2455251.43 2010  2 23 22 26
 2455253.58 2010  2 26  1 56   2455254.06 2010  2 26 13 20   2455254.53 2010  2 27  0 45
 2455256.68 2010  3  1  4 15   2455257.15 2010  3  1 15 40   2455257.63 2010  3  2  3  4
 2455259.77 2010  3  4  6 34   2455260.25 2010  3  4 17 59   2455260.72 2010  3  5  5 23
 2455262.87 2010  3  7  8 53   2455263.35 2010  3  7 20 18   2455263.82 2010  3  8  7 42
 2455265.97 2010  3 10 11 12   2455266.44 2010  3 10 22 37   2455266.92 2010  3 11 10  1
 2455269.06 2010  3 13 13 31   2455269.54 2010  3 14  0 56   2455270.01 2010  3 14 12 20
 2455272.16 2010  3 16 15 50   2455272.64 2010  3 17  3 15   2455273.11 2010  3 17 14 40
 2455275.26 2010  3 19 18  9   2455275.73 2010  3 20  5 34   2455276.21 2010  3 20 16 59
 2455278.35 2010  3 22 20 29   2455278.83 2010  3 23  7 53   2455279.30 2010  3 23 19 18
 2455281.45 2010  3 25 22 48   2455281.93 2010  3 26 10 12   2455282.40 2010  3 26 21 37
 2455284.55 2010  3 29  1  7   2455285.02 2010  3 29 12 31   2455285.50 2010  3 29 23 56
 2455287.64 2010  4  1  3 26   2455288.12 2010  4  1 14 50   2455288.59 2010  4  2  2 15
 2455290.74 2010  4  4  5 45   2455291.22 2010  4  4 17  9   2455291.69 2010  4  5  4 34
 2455293.84 2010  4  7  8  4   2455294.31 2010  4  7 19 29   2455294.79 2010  4  8  6 53
 2455296.93 2010  4 10 10 23   2455297.41 2010  4 10 21 48   2455297.88 2010  4 11  9 13
 2455300.03 2010  4 13 12 42   2455300.51 2010  4 14  0  7   2455300.98 2010  4 14 11 32
 2455303.13 2010  4 16 15  1   2455303.60 2010  4 17  2 26   2455304.08 2010  4 17 13 51
 2455306.22 2010  4 19 17 20   2455306.70 2010  4 20  4 45   2455307.17 2010  4 20 16 10
 2455309.32 2010  4 22 19 39   2455309.79 2010  4 23  7  4   2455310.27 2010  4 23 18 29
 2455312.42 2010  4 25 21 58   2455312.89 2010  4 26  9 23   2455313.37 2010  4 26 20 48
 2455315.51 2010  4 29  0 17   2455315.99 2010  4 29 11 42   2455316.46 2010  4 29 23  7
 2455318.61 2010  5  2  2 36   2455319.08 2010  5  2 14  1   2455319.56 2010  5  3  1 26
 2455321.71 2010  5  5  4 55   2455322.18 2010  5  5 16 20   2455322.66 2010  5  6  3 46
 2455324.80 2010  5  8  7 14   2455325.28 2010  5  8 18 39   2455325.75 2010  5  9  6  5
 2455327.90 2010  5 11  9 33   2455328.37 2010  5 11 20 59   2455328.85 2010  5 12  8 24
 2455331.00 2010  5 14 11 52   2455331.47 2010  5 14 23 18   2455331.95 2010  5 15 10 43
 2455334.09 2010  5 17 14 11   2455334.57 2010  5 18  1 37   2455335.04 2010  5 18 13  2
 2455337.19 2010  5 20 16 30   2455337.66 2010  5 21  3 56   2455338.14 2010  5 21 15 21
 2455340.28 2010  5 23 18 49   2455340.76 2010  5 24  6 15   2455341.24 2010  5 24 17 40
 2455343.38 2010  5 26 21  9   2455343.86 2010  5 27  8 34   2455344.33 2010  5 27 19 59
 2455346.48 2010  5 29 23 28   2455346.95 2010  5 30 10 53   2455347.43 2010  5 30 22 19
 2455349.57 2010  6  2  1 47   2455350.05 2010  6  2 13 12   2455350.53 2010  6  3  0 38
 2455352.67 2010  6  5  4  6   2455353.15 2010  6  5 15 31   2455353.62 2010  6  6  2 57
 2455355.77 2010  6  8  6 25   2455356.24 2010  6  8 17 50   2455356.72 2010  6  9  5 16
 2455358.86 2010  6 11  8 44   2455359.34 2010  6 11 20  9   2455359.82 2010  6 12  7 35
 2455361.96 2010  6 14 11  3   2455362.44 2010  6 14 22 28   2455362.91 2010  6 15  9 54
 2455365.06 2010  6 17 13 22   2455365.53 2010  6 18  0 48   2455366.01 2010  6 18 12 13
 2455368.15 2010  6 20 15 41   2455368.63 2010  6 21  3  7   2455369.11 2010  6 21 14 32
 2455371.25 2010  6 23 18  0   2455371.73 2010  6 24  5 26   2455372.20 2010  6 24 16 52
 2455374.35 2010  6 26 20 19   2455374.82 2010  6 27  7 45   2455375.30 2010  6 27 19 11
 2455377.44 2010  6 29 22 38   2455377.92 2010  6 30 10  4   2455378.40 2010  6 30 21 30
 2455380.54 2010  7  3  0 57   2455381.02 2010  7  3 12 23   2455381.49 2010  7  3 23 49
 2455383.64 2010  7  6  3 16   2455384.11 2010  7  6 14 42   2455384.59 2010  7  7  2  8
 2455386.73 2010  7  9  5 35   2455387.21 2010  7  9 17  1   2455387.69 2010  7 10  4 27
 2455389.83 2010  7 12  7 54   2455390.31 2010  7 12 19 20   2455390.78 2010  7 13  6 46
 2455392.93 2010  7 15 10 13   2455393.40 2010  7 15 21 39   2455393.88 2010  7 16  9  5
 2455396.02 2010  7 18 12 32   2455396.50 2010  7 18 23 58   2455396.98 2010  7 19 11 25
 2455399.12 2010  7 21 14 51   2455399.60 2010  7 22  2 18   2455400.07 2010  7 22 13 44
 2455402.22 2010  7 24 17 10   2455402.69 2010  7 25  4 37   2455403.17 2010  7 25 16  3
 2455405.31 2010  7 27 19 29   2455405.79 2010  7 28  6 56   2455406.27 2010  7 28 18 22
 2455408.41 2010  7 30 21 49   2455408.89 2010  7 31  9 15   2455409.36 2010  7 31 20 41
 2455411.51 2010  8  3  0  8   2455411.98 2010  8  3 11 34   2455412.46 2010  8  3 23  0
 2455414.60 2010  8  6  2 27   2455415.08 2010  8  6 13 53   2455415.56 2010  8  7  1 19
 2455417.70 2010  8  9  4 46   2455418.18 2010  8  9 16 12   2455418.65 2010  8 10  3 38
 2455420.80 2010  8 12  7  5   2455421.27 2010  8 12 18 31   2455421.75 2010  8 13  5 58
 2455423.89 2010  8 15  9 24   2455424.37 2010  8 15 20 50   2455424.85 2010  8 16  8 17
 2455426.99 2010  8 18 11 43   2455427.47 2010  8 18 23  9   2455427.94 2010  8 19 10 36
 2455430.08 2010  8 21 14  2   2455430.56 2010  8 22  1 28   2455431.04 2010  8 22 12 55
 2455433.18 2010  8 24 16 21   2455433.66 2010  8 25  3 47   2455434.14 2010  8 25 15 14
 2455436.28 2010  8 27 18 40   2455436.75 2010  8 28  6  7   2455437.23 2010  8 28 17 33
 2455439.37 2010  8 30 20 59   2455439.85 2010  8 31  8 26   2455440.33 2010  8 31 19 52
 2455442.47 2010  9  2 23 18   2455442.95 2010  9  3 10 45   2455443.42 2010  9  3 22 11
 2455445.57 2010  9  6  1 37   2455446.04 2010  9  6 13  4   2455446.52 2010  9  7  0 31
 2455448.66 2010  9  9  3 56   2455449.14 2010  9  9 15 23   2455449.62 2010  9 10  2 50
 2455451.76 2010  9 12  6 15   2455452.24 2010  9 12 17 42   2455452.71 2010  9 13  5  9
 2455454.86 2010  9 15  8 34   2455455.33 2010  9 15 20  1   2455455.81 2010  9 16  7 28
 2455457.95 2010  9 18 10 53   2455458.43 2010  9 18 22 20   2455458.91 2010  9 19  9 47
 2455461.05 2010  9 21 13 12   2455461.53 2010  9 22  0 39   2455462.00 2010  9 22 12  6
 2455464.15 2010  9 24 15 31   2455464.62 2010  9 25  2 58   2455465.10 2010  9 25 14 25
 2455467.24 2010  9 27 17 50   2455467.72 2010  9 28  5 17   2455468.20 2010  9 28 16 44
 2455470.34 2010  9 30 20  9   2455470.82 2010 10  1  7 37   2455471.29 2010 10  1 19  4
 2455473.44 2010 10  3 22 29   2455473.91 2010 10  4  9 56   2455474.39 2010 10  4 21 23
 2455476.53 2010 10  7  0 48   2455477.01 2010 10  7 12 15   2455477.49 2010 10  7 23 42
 2455479.63 2010 10 10  3  7   2455480.11 2010 10 10 14 34   2455480.58 2010 10 11  2  1
 2455482.73 2010 10 13  5 26   2455483.20 2010 10 13 16 53   2455483.68 2010 10 14  4 20
 2455485.82 2010 10 16  7 45   2455486.30 2010 10 16 19 12   2455486.78 2010 10 17  6 39
 2455488.92 2010 10 19 10  4   2455489.40 2010 10 19 21 31   2455489.87 2010 10 20  8 58
 2455492.02 2010 10 22 12 23   2455492.49 2010 10 22 23 50   2455492.97 2010 10 23 11 17
 2455495.11 2010 10 25 14 42   2455495.59 2010 10 26  2  9   2455496.07 2010 10 26 13 37
 2455498.21 2010 10 28 17  1   2455498.69 2010 10 29  4 28   2455499.16 2010 10 29 15 56
 2455501.31 2010 10 31 19 20   2455501.78 2010 11  1  6 47   2455502.26 2010 11  1 18 15
 2455504.40 2010 11  3 21 39   2455504.88 2010 11  4  9  6   2455505.36 2010 11  4 20 34
 2455507.50 2010 11  6 23 58   2455507.98 2010 11  7 11 26   2455508.45 2010 11  7 22 53
 2455510.60 2010 11 10  2 17   2455511.07 2010 11 10 13 45   2455511.55 2010 11 11  1 12
 2455513.69 2010 11 13  4 36   2455514.17 2010 11 13 16  4   2455514.65 2010 11 14  3 31
 2455516.79 2010 11 16  6 55   2455517.27 2010 11 16 18 23   2455517.74 2010 11 17  5 50
 2455519.89 2010 11 19  9 14   2455520.36 2010 11 19 20 42   2455520.84 2010 11 20  8 10
 2455522.98 2010 11 22 11 33   2455523.46 2010 11 22 23  1   2455523.94 2010 11 23 10 29
 2455526.08 2010 11 25 13 52   2455526.56 2010 11 26  1 20   2455527.03 2010 11 26 12 48
 2455529.17 2010 11 28 16 11   2455529.65 2010 11 29  3 39   2455530.13 2010 11 29 15  7
 2455532.27 2010 12  1 18 30   2455532.75 2010 12  2  5 58   2455533.23 2010 12  2 17 26
 2455535.37 2010 12  4 20 50   2455535.85 2010 12  5  8 17   2455536.32 2010 12  5 19 45
 2455538.46 2010 12  7 23  9   2455538.94 2010 12  8 10 36   2455539.42 2010 12  8 22  4
 2455541.56 2010 12 11  1 28   2455542.04 2010 12 11 12 56   2455542.52 2010 12 12  0 23
 2455544.66 2010 12 14  3 47   2455545.14 2010 12 14 15 15   2455545.61 2010 12 15  2 43
 2455547.75 2010 12 17  6  6   2455548.23 2010 12 17 17 34   2455548.71 2010 12 18  5  2
 2455550.85 2010 12 20  8 25   2455551.33 2010 12 20 19 53   2455551.81 2010 12 21  7 21
 2455553.95 2010 12 23 10 44   2455554.43 2010 12 23 22 12   2455554.90 2010 12 24  9 40
 2455557.04 2010 12 26 13  3   2455557.52 2010 12 27  0 31   2455558.00 2010 12 27 11 59
 2455560.14 2010 12 29 15 22   2455560.62 2010 12 30  2 50   2455561.10 2010 12 30 14 18
 2455563.24 2011  1  1 17 41   2455563.72 2011  1  2  5  9   2455564.19 2011  1  2 16 37
 2455566.33 2011  1  4 20  0   2455566.81 2011  1  5  7 28   2455567.29 2011  1  5 18 56
 2455569.43 2011  1  7 22 19   2455569.91 2011  1  8  9 47   2455570.39 2011  1  8 21 16
 2455572.53 2011  1 11  0 38   2455573.00 2011  1 11 12  6   2455573.48 2011  1 11 23 35
 2455575.62 2011  1 14  2 57   2455576.10 2011  1 14 14 25   2455576.58 2011  1 15  1 54
 2455578.72 2011  1 17  5 16   2455579.20 2011  1 17 16 45   2455579.68 2011  1 18  4 13
 2455581.82 2011  1 20  7 35   2455582.29 2011  1 20 19  4   2455582.77 2011  1 21  6 32
 2455584.91 2011  1 23  9 54   2455585.39 2011  1 23 21 23   2455585.87 2011  1 24  8 51
 2455588.01 2011  1 26 12 13   2455588.49 2011  1 26 23 42   2455588.97 2011  1 27 11 10
 2455591.11 2011  1 29 14 32   2455591.58 2011  1 30  2  1   2455592.06 2011  1 30 13 29
 2455594.20 2011  2  1 16 51   2455594.68 2011  2  2  4 20   2455595.16 2011  2  2 15 49
 2455597.30 2011  2  4 19 10   2455597.78 2011  2  5  6 39   2455598.26 2011  2  5 18  8
 2455600.40 2011  2  7 21 30   2455600.87 2011  2  8  8 58   2455601.35 2011  2  8 20 27
 2455603.49 2011  2 10 23 49   2455603.97 2011  2 11 11 17   2455604.45 2011  2 11 22 46
 2455606.59 2011  2 14  2  8   2455607.07 2011  2 14 13 36   2455607.55 2011  2 15  1  5
 2455609.69 2011  2 17  4 27   2455610.16 2011  2 17 15 55   2455610.64 2011  2 18  3 24
 2455612.78 2011  2 20  6 46   2455613.26 2011  2 20 18 15   2455613.74 2011  2 21  5 43
 2455615.88 2011  2 23  9  5   2455616.36 2011  2 23 20 34   2455616.84 2011  2 24  8  2
 2455618.98 2011  2 26 11 24   2455619.45 2011  2 26 22 53   2455619.93 2011  2 27 10 22
 2455622.07 2011  3  1 13 43   2455622.55 2011  3  2  1 12   2455623.03 2011  3  2 12 41
 2455625.17 2011  3  4 16  2   2455625.65 2011  3  5  3 31   2455626.13 2011  3  5 15  0
 2455628.26 2011  3  7 18 21   2455628.74 2011  3  8  5 50   2455629.22 2011  3  8 17 19
 2455631.36 2011  3 10 20 40   2455631.84 2011  3 11  8  9   2455632.32 2011  3 11 19 38
 2455634.46 2011  3 13 22 59   2455634.94 2011  3 14 10 28   2455635.42 2011  3 14 21 57
 2455637.55 2011  3 17  1 18   2455638.03 2011  3 17 12 47   2455638.51 2011  3 18  0 16
 2455640.65 2011  3 20  3 37   2455641.13 2011  3 20 15  6   2455641.61 2011  3 21  2 35
 2455643.75 2011  3 23  5 56   2455644.23 2011  3 23 17 25   2455644.70 2011  3 24  4 55
 2455646.84 2011  3 26  8 15   2455647.32 2011  3 26 19 44   2455647.80 2011  3 27  7 14
 2455649.94 2011  3 29 10 34   2455650.42 2011  3 29 22  4   2455650.90 2011  3 30  9 33
 2455653.04 2011  4  1 12 53   2455653.52 2011  4  2  0 23   2455653.99 2011  4  2 11 52
 2455656.13 2011  4  4 15 12   2455656.61 2011  4  5  2 42   2455657.09 2011  4  5 14 11
 2455659.23 2011  4  7 17 31   2455659.71 2011  4  8  5  1   2455660.19 2011  4  8 16 30
 2455662.33 2011  4 10 19 50   2455662.81 2011  4 11  7 20   2455663.28 2011  4 11 18 49
 2455665.42 2011  4 13 22 10   2455665.90 2011  4 14  9 39   2455666.38 2011  4 14 21  8
 2455668.52 2011  4 17  0 29   2455669.00 2011  4 17 11 58   2455669.48 2011  4 17 23 28
 2455671.62 2011  4 20  2 48   2455672.10 2011  4 20 14 17   2455672.57 2011  4 21  1 47
 2455674.71 2011  4 23  5  7   2455675.19 2011  4 23 16 36   2455675.67 2011  4 24  4  6
 2455677.81 2011  4 26  7 26   2455678.29 2011  4 26 18 55   2455678.77 2011  4 27  6 25
 2455680.91 2011  4 29  9 45   2455681.39 2011  4 29 21 14   2455681.86 2011  4 30  8 44
 2455684.00 2011  5  2 12  4   2455684.48 2011  5  2 23 34   2455684.96 2011  5  3 11  3
 2455687.10 2011  5  5 14 23   2455687.58 2011  5  6  1 53   2455688.06 2011  5  6 13 22
 2455690.20 2011  5  8 16 42   2455690.68 2011  5  9  4 12   2455691.15 2011  5  9 15 41
 2455693.29 2011  5 11 19  1   2455693.77 2011  5 12  6 31   2455694.25 2011  5 12 18  1
 2455696.39 2011  5 14 21 20   2455696.87 2011  5 15  8 50   2455697.35 2011  5 15 20 20
 2455699.49 2011  5 17 23 39   2455699.96 2011  5 18 11  9   2455700.44 2011  5 18 22 39
 2455702.58 2011  5 21  1 58   2455703.06 2011  5 21 13 28   2455703.54 2011  5 22  0 58
 2455705.68 2011  5 24  4 17   2455706.16 2011  5 24 15 47   2455706.64 2011  5 25  3 17
 2455708.78 2011  5 27  6 36   2455709.25 2011  5 27 18  6   2455709.73 2011  5 28  5 36
 2455711.87 2011  5 30  8 55   2455712.35 2011  5 30 20 25   2455712.83 2011  5 31  7 55
 2455714.97 2011  6  2 11 14   2455715.45 2011  6  2 22 44   2455715.93 2011  6  3 10 14
 2455718.07 2011  6  5 13 33   2455718.54 2011  6  6  1  3   2455719.02 2011  6  6 12 34
 2455721.16 2011  6  8 15 52   2455721.64 2011  6  9  3 23   2455722.12 2011  6  9 14 53
 2455724.26 2011  6 11 18 11   2455724.74 2011  6 12  5 42   2455725.22 2011  6 12 17 12
 2455727.35 2011  6 14 20 30   2455727.83 2011  6 15  8  1   2455728.31 2011  6 15 19 31
 2455730.45 2011  6 17 22 50   2455730.93 2011  6 18 10 20   2455731.41 2011  6 18 21 50
 2455733.55 2011  6 21  1  9   2455734.03 2011  6 21 12 39   2455734.51 2011  6 22  0  9
 2455736.64 2011  6 24  3 28   2455737.12 2011  6 24 14 58   2455737.60 2011  6 25  2 28
 2455739.74 2011  6 27  5 47   2455740.22 2011  6 27 17 17   2455740.70 2011  6 28  4 47
 2455742.84 2011  6 30  8  6   2455743.32 2011  6 30 19 36   2455743.80 2011  7  1  7  7
 2455745.93 2011  7  3 10 25   2455746.41 2011  7  3 21 55   2455746.89 2011  7  4  9 26
 2455749.03 2011  7  6 12 44   2455749.51 2011  7  7  0 14   2455749.99 2011  7  7 11 45
 2455752.13 2011  7  9 15  3   2455752.61 2011  7 10  2 33   2455753.09 2011  7 10 14  4
 2455755.22 2011  7 12 17 22   2455755.70 2011  7 13  4 52   2455756.18 2011  7 13 16 23
 2455758.32 2011  7 15 19 41   2455758.80 2011  7 16  7 12   2455759.28 2011  7 16 18 42
 2455761.42 2011  7 18 22  0   2455761.90 2011  7 19  9 31   2455762.38 2011  7 19 21  1
 2455764.51 2011  7 22  0 19   2455764.99 2011  7 22 11 50   2455765.47 2011  7 22 23 20
 2455767.61 2011  7 25  2 38   2455768.09 2011  7 25 14  9   2455768.57 2011  7 26  1 40
 2455770.71 2011  7 28  4 57   2455771.19 2011  7 28 16 28   2455771.67 2011  7 29  3 59
 2455773.80 2011  7 31  7 16   2455774.28 2011  7 31 18 47   2455774.76 2011  8  1  6 18
 2455776.90 2011  8  3  9 35   2455777.38 2011  8  3 21  6   2455777.86 2011  8  4  8 37
