 Predicted Transit Epochs: HD181433_ c

 Predicted Duration of a Central Transit:    20.   Hours

 Begin Transit Window           PREDICTED CENTRAL TRANSIT     End Transit Window
                                     All Times UT

                               HJD        Year M  D  H  M
 2455630.64 2011  3 10  3 24   2457033.47 2015  1 10 23 14   2458436.29 2018 11 13 19  3
 2456341.64 2013  2 18  3 24   2457984.47 2017  8 18 23 14   2459627.29 2022  2 16 19  3
 2457052.64 2015  1 30  3 24   2458935.47 2020  3 26 23 14   2460818.29 2025  5 22 19  3
 2457763.64 2017  1 10  3 24   2459886.47 2022 11  2 23 14   2462009.29 2028  8 25 19  3
 2458474.64 2018 12 22  3 24   2460837.47 2025  6 10 23 14   2463200.29 2031 11 29 19  3
 2459185.64 2020 12  2  3 24   2461788.47 2028  1 17 23 14   2464391.29 2035  3  4 19  3
 2459896.64 2022 11 13  3 24   2462739.47 2030  8 25 23 14   2465582.29 2038  6  7 19  3
 2460607.64 2024 10 24  3 24   2463690.47 2033  4  2 23 14   2466773.29 2041  9 10 19  3
 2461318.64 2026 10  5  3 24   2464641.47 2035 11  9 23 14   2467964.29 2044 12 14 19  3
