 Predicted Transit Epochs: HD189733_ b

Observed Transit Duration:  109.6 Minutes

 Begin Transit Window           PREDICTED CENTRAL TRANSIT     End Transit Window
                                     All Times UT

                               HJD        Year M  D  H  M
 2454463.54 2007 12 29  0 56   2454463.58 2007 12 29  1 52   2454463.62 2007 12 29  2 48
 2454465.76 2007 12 31  6 11   2454465.80 2007 12 31  7  7   2454465.84 2007 12 31  8  2
 2454467.98 2008  1  2 11 26   2454468.02 2008  1  2 12 21   2454468.05 2008  1  2 13 17
 2454470.20 2008  1  4 16 40   2454470.23 2008  1  4 17 36   2454470.27 2008  1  4 18 32
 2454472.41 2008  1  6 21 55   2454472.45 2008  1  6 22 51   2454472.49 2008  1  6 23 47
 2454474.63 2008  1  9  3 10   2454474.67 2008  1  9  4  6   2454474.71 2008  1  9  5  1
 2454476.85 2008  1 11  8 25   2454476.89 2008  1 11  9 20   2454476.93 2008  1 11 10 16
 2454479.07 2008  1 13 13 39   2454479.11 2008  1 13 14 35   2454479.15 2008  1 13 15 31
 2454481.29 2008  1 15 18 54   2454481.33 2008  1 15 19 50   2454481.37 2008  1 15 20 46
 2454483.51 2008  1 18  0  9   2454483.55 2008  1 18  1  5   2454483.58 2008  1 18  2  0
 2454485.73 2008  1 20  5 24   2454485.76 2008  1 20  6 19   2454485.80 2008  1 20  7 15
 2454487.94 2008  1 22 10 38   2454487.98 2008  1 22 11 34   2454488.02 2008  1 22 12 30
 2454490.16 2008  1 24 15 53   2454490.20 2008  1 24 16 49   2454490.24 2008  1 24 17 45
 2454492.38 2008  1 26 21  8   2454492.42 2008  1 26 22  4   2454492.46 2008  1 26 22 59
 2454494.60 2008  1 29  2 23   2454494.64 2008  1 29  3 18   2454494.68 2008  1 29  4 14
 2454496.82 2008  1 31  7 37   2454496.86 2008  1 31  8 33   2454496.90 2008  1 31  9 29
 2454499.04 2008  2  2 12 52   2454499.08 2008  2  2 13 48   2454499.11 2008  2  2 14 44
 2454501.26 2008  2  4 18  7   2454501.29 2008  2  4 19  3   2454501.33 2008  2  4 19 58
 2454503.47 2008  2  6 23 22   2454503.51 2008  2  7  0 17   2454503.55 2008  2  7  1 13
 2454505.69 2008  2  9  4 36   2454505.73 2008  2  9  5 32   2454505.77 2008  2  9  6 28
 2454507.91 2008  2 11  9 51   2454507.95 2008  2 11 10 47   2454507.99 2008  2 11 11 43
 2454510.13 2008  2 13 15  6   2454510.17 2008  2 13 16  2   2454510.21 2008  2 13 16 57
 2454512.35 2008  2 15 20 21   2454512.39 2008  2 15 21 16   2454512.43 2008  2 15 22 12
 2454514.57 2008  2 18  1 35   2454514.61 2008  2 18  2 31   2454514.64 2008  2 18  3 27
 2454516.79 2008  2 20  6 50   2454516.82 2008  2 20  7 46   2454516.86 2008  2 20  8 42
 2454519.00 2008  2 22 12  5   2454519.04 2008  2 22 13  1   2454519.08 2008  2 22 13 56
 2454521.22 2008  2 24 17 19   2454521.26 2008  2 24 18 15   2454521.30 2008  2 24 19 11
 2454523.44 2008  2 26 22 34   2454523.48 2008  2 26 23 30   2454523.52 2008  2 27  0 26
 2454525.66 2008  2 29  3 49   2454525.70 2008  2 29  4 45   2454525.74 2008  2 29  5 41
 2454527.88 2008  3  2  9  4   2454527.92 2008  3  2 10  0   2454527.96 2008  3  2 10 55
 2454530.10 2008  3  4 14 18   2454530.14 2008  3  4 15 14   2454530.17 2008  3  4 16 10
 2454532.32 2008  3  6 19 33   2454532.35 2008  3  6 20 29   2454532.39 2008  3  6 21 25
 2454534.53 2008  3  9  0 48   2454534.57 2008  3  9  1 44   2454534.61 2008  3  9  2 40
 2454536.75 2008  3 11  6  3   2454536.79 2008  3 11  6 58   2454536.83 2008  3 11  7 54
 2454538.97 2008  3 13 11 17   2454539.01 2008  3 13 12 13   2454539.05 2008  3 13 13  9
 2454541.19 2008  3 15 16 32   2454541.23 2008  3 15 17 28   2454541.27 2008  3 15 18 24
 2454543.41 2008  3 17 21 47   2454543.45 2008  3 17 22 43   2454543.49 2008  3 17 23 39
 2454545.63 2008  3 20  3  2   2454545.67 2008  3 20  3 57   2454545.70 2008  3 20  4 53
 2454547.85 2008  3 22  8 16   2454547.88 2008  3 22  9 12   2454547.92 2008  3 22 10  8
 2454550.06 2008  3 24 13 31   2454550.10 2008  3 24 14 27   2454550.14 2008  3 24 15 23
 2454552.28 2008  3 26 18 46   2454552.32 2008  3 26 19 42   2454552.36 2008  3 26 20 38
 2454554.50 2008  3 29  0  1   2454554.54 2008  3 29  0 56   2454554.58 2008  3 29  1 52
 2454556.72 2008  3 31  5 15   2454556.76 2008  3 31  6 11   2454556.80 2008  3 31  7  7
 2454558.94 2008  4  2 10 30   2454558.98 2008  4  2 11 26   2454559.02 2008  4  2 12 22
 2454561.16 2008  4  4 15 45   2454561.20 2008  4  4 16 41   2454561.23 2008  4  4 17 37
 2454563.38 2008  4  6 21  0   2454563.41 2008  4  6 21 55   2454563.45 2008  4  6 22 51
 2454565.59 2008  4  9  2 14   2454565.63 2008  4  9  3 10   2454565.67 2008  4  9  4  6
 2454567.81 2008  4 11  7 29   2454567.85 2008  4 11  8 25   2454567.89 2008  4 11  9 21
 2454570.03 2008  4 13 12 44   2454570.07 2008  4 13 13 40   2454570.11 2008  4 13 14 36
 2454572.25 2008  4 15 17 59   2454572.29 2008  4 15 18 54   2454572.33 2008  4 15 19 50
 2454574.47 2008  4 17 23 13   2454574.51 2008  4 18  0  9   2454574.55 2008  4 18  1  5
 2454576.69 2008  4 20  4 28   2454576.73 2008  4 20  5 24   2454576.76 2008  4 20  6 20
 2454578.91 2008  4 22  9 43   2454578.94 2008  4 22 10 39   2454578.98 2008  4 22 11 35
 2454581.12 2008  4 24 14 58   2454581.16 2008  4 24 15 53   2454581.20 2008  4 24 16 49
 2454583.34 2008  4 26 20 12   2454583.38 2008  4 26 21  8   2454583.42 2008  4 26 22  4
 2454585.56 2008  4 29  1 27   2454585.60 2008  4 29  2 23   2454585.64 2008  4 29  3 19
 2454587.78 2008  5  1  6 42   2454587.82 2008  5  1  7 38   2454587.86 2008  5  1  8 34
 2454590.00 2008  5  3 11 57   2454590.04 2008  5  3 12 52   2454590.08 2008  5  3 13 48
 2454592.22 2008  5  5 17 11   2454592.26 2008  5  5 18  7   2454592.29 2008  5  5 19  3
 2454594.44 2008  5  7 22 26   2454594.47 2008  5  7 23 22   2454594.51 2008  5  8  0 18
 2454596.65 2008  5 10  3 41   2454596.69 2008  5 10  4 37   2454596.73 2008  5 10  5 33
 2454598.87 2008  5 12  8 55   2454598.91 2008  5 12  9 51   2454598.95 2008  5 12 10 47
 2454601.09 2008  5 14 14 10   2454601.13 2008  5 14 15  6   2454601.17 2008  5 14 16  2
 2454603.31 2008  5 16 19 25   2454603.35 2008  5 16 20 21   2454603.39 2008  5 16 21 17
 2454605.53 2008  5 19  0 40   2454605.57 2008  5 19  1 36   2454605.61 2008  5 19  2 32
 2454607.75 2008  5 21  5 54   2454607.79 2008  5 21  6 50   2454607.82 2008  5 21  7 46
 2454609.97 2008  5 23 11  9   2454610.00 2008  5 23 12  5   2454610.04 2008  5 23 13  1
 2454612.18 2008  5 25 16 24   2454612.22 2008  5 25 17 20   2454612.26 2008  5 25 18 16
 2454614.40 2008  5 27 21 39   2454614.44 2008  5 27 22 35   2454614.48 2008  5 27 23 30
 2454616.62 2008  5 30  2 53   2454616.66 2008  5 30  3 49   2454616.70 2008  5 30  4 45
 2454618.84 2008  6  1  8  8   2454618.88 2008  6  1  9  4   2454618.92 2008  6  1 10  0
 2454621.06 2008  6  3 13 23   2454621.10 2008  6  3 14 19   2454621.14 2008  6  3 15 15
 2454623.28 2008  6  5 18 38   2454623.32 2008  6  5 19 34   2454623.35 2008  6  5 20 29
 2454625.50 2008  6  7 23 52   2454625.53 2008  6  8  0 48   2454625.57 2008  6  8  1 44
 2454627.71 2008  6 10  5  7   2454627.75 2008  6 10  6  3   2454627.79 2008  6 10  6 59
 2454629.93 2008  6 12 10 22   2454629.97 2008  6 12 11 18   2454630.01 2008  6 12 12 14
 2454632.15 2008  6 14 15 37   2454632.19 2008  6 14 16 33   2454632.23 2008  6 14 17 28
 2454634.37 2008  6 16 20 51   2454634.41 2008  6 16 21 47   2454634.45 2008  6 16 22 43
 2454636.59 2008  6 19  2  6   2454636.63 2008  6 19  3  2   2454636.67 2008  6 19  3 58
 2454638.81 2008  6 21  7 21   2454638.85 2008  6 21  8 17   2454638.88 2008  6 21  9 13
 2454641.03 2008  6 23 12 36   2454641.06 2008  6 23 13 32   2454641.10 2008  6 23 14 27
 2454643.24 2008  6 25 17 50   2454643.28 2008  6 25 18 46   2454643.32 2008  6 25 19 42
 2454645.46 2008  6 27 23  5   2454645.50 2008  6 28  0  1   2454645.54 2008  6 28  0 57
 2454647.68 2008  6 30  4 20   2454647.72 2008  6 30  5 16   2454647.76 2008  6 30  6 12
 2454649.90 2008  7  2  9 35   2454649.94 2008  7  2 10 31   2454649.98 2008  7  2 11 26
 2454652.12 2008  7  4 14 49   2454652.16 2008  7  4 15 45   2454652.20 2008  7  4 16 41
 2454654.34 2008  7  6 20  4   2454654.38 2008  7  6 21  0   2454654.41 2008  7  6 21 56
 2454656.56 2008  7  9  1 19   2454656.59 2008  7  9  2 15   2454656.63 2008  7  9  3 11
 2454658.77 2008  7 11  6 34   2454658.81 2008  7 11  7 29   2454658.85 2008  7 11  8 25
 2454660.99 2008  7 13 11 48   2454661.03 2008  7 13 12 44   2454661.07 2008  7 13 13 40
 2454663.21 2008  7 15 17  3   2454663.25 2008  7 15 17 59   2454663.29 2008  7 15 18 55
 2454665.43 2008  7 17 22 18   2454665.47 2008  7 17 23 14   2454665.51 2008  7 18  0 10
 2454667.65 2008  7 20  3 32   2454667.69 2008  7 20  4 28   2454667.73 2008  7 20  5 24
 2454669.87 2008  7 22  8 47   2454669.91 2008  7 22  9 43   2454669.94 2008  7 22 10 39
 2454672.09 2008  7 24 14  2   2454672.12 2008  7 24 14 58   2454672.16 2008  7 24 15 54
 2454674.30 2008  7 26 19 17   2454674.34 2008  7 26 20 13   2454674.38 2008  7 26 21  9
 2454676.52 2008  7 29  0 31   2454676.56 2008  7 29  1 27   2454676.60 2008  7 29  2 23
 2454678.74 2008  7 31  5 46   2454678.78 2008  7 31  6 42   2454678.82 2008  7 31  7 38
 2454680.96 2008  8  2 11  1   2454681.00 2008  8  2 11 57   2454681.04 2008  8  2 12 53
 2454683.18 2008  8  4 16 16   2454683.22 2008  8  4 17 12   2454683.26 2008  8  4 18  8
 2454685.40 2008  8  6 21 30   2454685.44 2008  8  6 22 26   2454685.47 2008  8  6 23 22
 2454687.62 2008  8  9  2 45   2454687.65 2008  8  9  3 41   2454687.69 2008  8  9  4 37
 2454689.83 2008  8 11  8  0   2454689.87 2008  8 11  8 56   2454689.91 2008  8 11  9 52
 2454692.05 2008  8 13 13 15   2454692.09 2008  8 13 14 11   2454692.13 2008  8 13 15  7
 2454694.27 2008  8 15 18 29   2454694.31 2008  8 15 19 25   2454694.35 2008  8 15 20 21
 2454696.49 2008  8 17 23 44   2454696.53 2008  8 18  0 40   2454696.57 2008  8 18  1 36
 2454698.71 2008  8 20  4 59   2454698.75 2008  8 20  5 55   2454698.79 2008  8 20  6 51
 2454700.93 2008  8 22 10 14   2454700.97 2008  8 22 11 10   2454701.00 2008  8 22 12  6
 2454703.15 2008  8 24 15 28   2454703.18 2008  8 24 16 24   2454703.22 2008  8 24 17 20
 2454705.36 2008  8 26 20 43   2454705.40 2008  8 26 21 39   2454705.44 2008  8 26 22 35
 2454707.58 2008  8 29  1 58   2454707.62 2008  8 29  2 54   2454707.66 2008  8 29  3 50
 2454709.80 2008  8 31  7 13   2454709.84 2008  8 31  8  9   2454709.88 2008  8 31  9  5
 2454712.02 2008  9  2 12 27   2454712.06 2008  9  2 13 23   2454712.10 2008  9  2 14 19
 2454714.24 2008  9  4 17 42   2454714.28 2008  9  4 18 38   2454714.32 2008  9  4 19 34
 2454716.46 2008  9  6 22 57   2454716.50 2008  9  6 23 53   2454716.53 2008  9  7  0 49
 2454718.68 2008  9  9  4 12   2454718.71 2008  9  9  5  8   2454718.75 2008  9  9  6  4
 2454720.89 2008  9 11  9 26   2454720.93 2008  9 11 10 22   2454720.97 2008  9 11 11 18
 2454723.11 2008  9 13 14 41   2454723.15 2008  9 13 15 37   2454723.19 2008  9 13 16 33
 2454725.33 2008  9 15 19 56   2454725.37 2008  9 15 20 52   2454725.41 2008  9 15 21 48
 2454727.55 2008  9 18  1 11   2454727.59 2008  9 18  2  7   2454727.63 2008  9 18  3  3
 2454729.77 2008  9 20  6 25   2454729.81 2008  9 20  7 21   2454729.85 2008  9 20  8 17
 2454731.99 2008  9 22 11 40   2454732.03 2008  9 22 12 36   2454732.06 2008  9 22 13 32
 2454734.21 2008  9 24 16 55   2454734.24 2008  9 24 17 51   2454734.28 2008  9 24 18 47
 2454736.42 2008  9 26 22 10   2454736.46 2008  9 26 23  6   2454736.50 2008  9 27  0  2
 2454738.64 2008  9 29  3 24   2454738.68 2008  9 29  4 20   2454738.72 2008  9 29  5 16
 2454740.86 2008 10  1  8 39   2454740.90 2008 10  1  9 35   2454740.94 2008 10  1 10 31
 2454743.08 2008 10  3 13 54   2454743.12 2008 10  3 14 50   2454743.16 2008 10  3 15 46
 2454745.30 2008 10  5 19  8   2454745.34 2008 10  5 20  5   2454745.38 2008 10  5 21  1
 2454747.52 2008 10  8  0 23   2454747.56 2008 10  8  1 19   2454747.59 2008 10  8  2 15
 2454749.74 2008 10 10  5 38   2454749.77 2008 10 10  6 34   2454749.81 2008 10 10  7 30
 2454751.95 2008 10 12 10 53   2454751.99 2008 10 12 11 49   2454752.03 2008 10 12 12 45
 2454754.17 2008 10 14 16  7   2454754.21 2008 10 14 17  4   2454754.25 2008 10 14 18  0
 2454756.39 2008 10 16 21 22   2454756.43 2008 10 16 22 18   2454756.47 2008 10 16 23 14
 2454758.61 2008 10 19  2 37   2454758.65 2008 10 19  3 33   2454758.69 2008 10 19  4 29
 2454760.83 2008 10 21  7 52   2454760.87 2008 10 21  8 48   2454760.91 2008 10 21  9 44
 2454763.05 2008 10 23 13  6   2454763.09 2008 10 23 14  3   2454763.12 2008 10 23 14 59
 2454765.27 2008 10 25 18 21   2454765.30 2008 10 25 19 17   2454765.34 2008 10 25 20 13
 2454767.48 2008 10 27 23 36   2454767.52 2008 10 28  0 32   2454767.56 2008 10 28  1 28
 2454769.70 2008 10 30  4 51   2454769.74 2008 10 30  5 47   2454769.78 2008 10 30  6 43
 2454771.92 2008 11  1 10  5   2454771.96 2008 11  1 11  2   2454772.00 2008 11  1 11 58
 2454774.14 2008 11  3 15 20   2454774.18 2008 11  3 16 16   2454774.22 2008 11  3 17 12
 2454776.36 2008 11  5 20 35   2454776.40 2008 11  5 21 31   2454776.44 2008 11  5 22 27
 2454778.58 2008 11  8  1 50   2454778.62 2008 11  8  2 46   2454778.65 2008 11  8  3 42
 2454780.80 2008 11 10  7  4   2454780.83 2008 11 10  8  1   2454780.87 2008 11 10  8 57
 2454783.01 2008 11 12 12 19   2454783.05 2008 11 12 13 15   2454783.09 2008 11 12 14 11
 2454785.23 2008 11 14 17 34   2454785.27 2008 11 14 18 30   2454785.31 2008 11 14 19 26
 2454787.45 2008 11 16 22 49   2454787.49 2008 11 16 23 45   2454787.53 2008 11 17  0 41
 2454789.67 2008 11 19  4  3   2454789.71 2008 11 19  4 59   2454789.75 2008 11 19  5 56
 2454791.89 2008 11 21  9 18   2454791.93 2008 11 21 10 14   2454791.97 2008 11 21 11 10
 2454794.11 2008 11 23 14 33   2454794.15 2008 11 23 15 29   2454794.18 2008 11 23 16 25
 2454796.33 2008 11 25 19 48   2454796.36 2008 11 25 20 44   2454796.40 2008 11 25 21 40
 2454798.54 2008 11 28  1  2   2454798.58 2008 11 28  1 58   2454798.62 2008 11 28  2 55
 2454800.76 2008 11 30  6 17   2454800.80 2008 11 30  7 13   2454800.84 2008 11 30  8  9
 2454802.98 2008 12  2 11 32   2454803.02 2008 12  2 12 28   2454803.06 2008 12  2 13 24
 2454805.20 2008 12  4 16 47   2454805.24 2008 12  4 17 43   2454805.28 2008 12  4 18 39
 2454807.42 2008 12  6 22  1   2454807.46 2008 12  6 22 57   2454807.50 2008 12  6 23 54
 2454809.64 2008 12  9  3 16   2454809.68 2008 12  9  4 12   2454809.71 2008 12  9  5  8
 2454811.86 2008 12 11  8 31   2454811.89 2008 12 11  9 27   2454811.93 2008 12 11 10 23
 2454814.07 2008 12 13 13 46   2454814.11 2008 12 13 14 42   2454814.15 2008 12 13 15 38
 2454816.29 2008 12 15 19  0   2454816.33 2008 12 15 19 56   2454816.37 2008 12 15 20 53
 2454818.51 2008 12 18  0 15   2454818.55 2008 12 18  1 11   2454818.59 2008 12 18  2  7
 2454820.73 2008 12 20  5 30   2454820.77 2008 12 20  6 26   2454820.81 2008 12 20  7 22
 2454822.95 2008 12 22 10 44   2454822.99 2008 12 22 11 41   2454823.03 2008 12 22 12 37
 2454825.17 2008 12 24 15 59   2454825.21 2008 12 24 16 55   2454825.24 2008 12 24 17 52
 2454827.39 2008 12 26 21 14   2454827.42 2008 12 26 22 10   2454827.46 2008 12 26 23  6
 2454829.60 2008 12 29  2 29   2454829.64 2008 12 29  3 25   2454829.68 2008 12 29  4 21
 2454831.82 2008 12 31  7 43   2454831.86 2008 12 31  8 40   2454831.90 2008 12 31  9 36
 2454834.04 2009  1  2 12 58   2454834.08 2009  1  2 13 54   2454834.12 2009  1  2 14 51
 2454836.26 2009  1  4 18 13   2454836.30 2009  1  4 19  9   2454836.34 2009  1  4 20  5
 2454838.48 2009  1  6 23 28   2454838.52 2009  1  7  0 24   2454838.56 2009  1  7  1 20
 2454840.70 2009  1  9  4 42   2454840.74 2009  1  9  5 39   2454840.77 2009  1  9  6 35
 2454842.92 2009  1 11  9 57   2454842.95 2009  1 11 10 53   2454842.99 2009  1 11 11 50
 2454845.13 2009  1 13 15 12   2454845.17 2009  1 13 16  8   2454845.21 2009  1 13 17  4
 2454847.35 2009  1 15 20 27   2454847.39 2009  1 15 21 23   2454847.43 2009  1 15 22 19
 2454849.57 2009  1 18  1 41   2454849.61 2009  1 18  2 38   2454849.65 2009  1 18  3 34
 2454851.79 2009  1 20  6 56   2454851.83 2009  1 20  7 52   2454851.87 2009  1 20  8 49
 2454854.01 2009  1 22 12 11   2454854.05 2009  1 22 13  7   2454854.09 2009  1 22 14  3
 2454856.23 2009  1 24 17 26   2454856.27 2009  1 24 18 22   2454856.30 2009  1 24 19 18
 2454858.45 2009  1 26 22 40   2454858.48 2009  1 26 23 37   2454858.52 2009  1 27  0 33
 2454860.66 2009  1 29  3 55   2454860.70 2009  1 29  4 51   2454860.74 2009  1 29  5 48
 2454862.88 2009  1 31  9 10   2454862.92 2009  1 31 10  6   2454862.96 2009  1 31 11  2
 2454865.10 2009  2  2 14 25   2454865.14 2009  2  2 15 21   2454865.18 2009  2  2 16 17
 2454867.32 2009  2  4 19 39   2454867.36 2009  2  4 20 36   2454867.40 2009  2  4 21 32
 2454869.54 2009  2  7  0 54   2454869.58 2009  2  7  1 50   2454869.62 2009  2  7  2 47
 2454871.76 2009  2  9  6  9   2454871.80 2009  2  9  7  5   2454871.83 2009  2  9  8  1
 2454873.98 2009  2 11 11 24   2454874.01 2009  2 11 12 20   2454874.05 2009  2 11 13 16
 2454876.19 2009  2 13 16 38   2454876.23 2009  2 13 17 35   2454876.27 2009  2 13 18 31
 2454878.41 2009  2 15 21 53   2454878.45 2009  2 15 22 49   2454878.49 2009  2 15 23 46
 2454880.63 2009  2 18  3  8   2454880.67 2009  2 18  4  4   2454880.71 2009  2 18  5  0
 2454882.85 2009  2 20  8 23   2454882.89 2009  2 20  9 19   2454882.93 2009  2 20 10 15
 2454885.07 2009  2 22 13 37   2454885.11 2009  2 22 14 34   2454885.15 2009  2 22 15 30
 2454887.29 2009  2 24 18 52   2454887.33 2009  2 24 19 48   2454887.36 2009  2 24 20 45
 2454889.51 2009  2 27  0  7   2454889.54 2009  2 27  1  3   2454889.58 2009  2 27  1 59
 2454891.72 2009  3  1  5 22   2454891.76 2009  3  1  6 18   2454891.80 2009  3  1  7 14
 2454893.94 2009  3  3 10 36   2454893.98 2009  3  3 11 33   2454894.02 2009  3  3 12 29
 2454896.16 2009  3  5 15 51   2454896.20 2009  3  5 16 47   2454896.24 2009  3  5 17 44
 2454898.38 2009  3  7 21  6   2454898.42 2009  3  7 22  2   2454898.46 2009  3  7 22 58
 2454900.60 2009  3 10  2 20   2454900.64 2009  3 10  3 17   2454900.68 2009  3 10  4 13
 2454902.82 2009  3 12  7 35   2454902.86 2009  3 12  8 32   2454902.89 2009  3 12  9 28
 2454905.04 2009  3 14 12 50   2454905.07 2009  3 14 13 46   2454905.11 2009  3 14 14 43
 2454907.25 2009  3 16 18  5   2454907.29 2009  3 16 19  1   2454907.33 2009  3 16 19 57
 2454909.47 2009  3 18 23 19   2454909.51 2009  3 19  0 16   2454909.55 2009  3 19  1 12
 2454911.69 2009  3 21  4 34   2454911.73 2009  3 21  5 30   2454911.77 2009  3 21  6 27
 2454913.91 2009  3 23  9 49   2454913.95 2009  3 23 10 45   2454913.99 2009  3 23 11 42
 2454916.13 2009  3 25 15  4   2454916.17 2009  3 25 16  0   2454916.21 2009  3 25 16 56
 2454918.35 2009  3 27 20 18   2454918.39 2009  3 27 21 15   2454918.42 2009  3 27 22 11
 2454920.57 2009  3 30  1 33   2454920.60 2009  3 30  2 29   2454920.64 2009  3 30  3 26
 2454922.78 2009  4  1  6 48   2454922.82 2009  4  1  7 44   2454922.86 2009  4  1  8 41
 2454925.00 2009  4  3 12  3   2454925.04 2009  4  3 12 59   2454925.08 2009  4  3 13 55
 2454927.22 2009  4  5 17 17   2454927.26 2009  4  5 18 14   2454927.30 2009  4  5 19 10
 2454929.44 2009  4  7 22 32   2454929.48 2009  4  7 23 28   2454929.52 2009  4  8  0 25
 2454931.66 2009  4 10  3 47   2454931.70 2009  4 10  4 43   2454931.74 2009  4 10  5 40
 2454933.88 2009  4 12  9  2   2454933.92 2009  4 12  9 58   2454933.95 2009  4 12 10 54
 2454936.10 2009  4 14 14 16   2454936.13 2009  4 14 15 13   2454936.17 2009  4 14 16  9
 2454938.31 2009  4 16 19 31   2454938.35 2009  4 16 20 27   2454938.39 2009  4 16 21 24
 2454940.53 2009  4 19  0 46   2454940.57 2009  4 19  1 42   2454940.61 2009  4 19  2 38
 2454942.75 2009  4 21  6  1   2454942.79 2009  4 21  6 57   2454942.83 2009  4 21  7 53
 2454944.97 2009  4 23 11 15   2454945.01 2009  4 23 12 12   2454945.05 2009  4 23 13  8
 2454947.19 2009  4 25 16 30   2454947.23 2009  4 25 17 26   2454947.27 2009  4 25 18 23
 2454949.41 2009  4 27 21 45   2454949.45 2009  4 27 22 41   2454949.48 2009  4 27 23 37
 2454951.63 2009  4 30  3  0   2454951.66 2009  4 30  3 56   2454951.70 2009  4 30  4 52
 2454953.84 2009  5  2  8 14   2454953.88 2009  5  2  9 11   2454953.92 2009  5  2 10  7
 2454956.06 2009  5  4 13 29   2454956.10 2009  5  4 14 25   2454956.14 2009  5  4 15 22
 2454958.28 2009  5  6 18 44   2454958.32 2009  5  6 19 40   2454958.36 2009  5  6 20 36
 2454960.50 2009  5  8 23 59   2454960.54 2009  5  9  0 55   2454960.58 2009  5  9  1 51
 2454962.72 2009  5 11  5 13   2454962.76 2009  5 11  6 10   2454962.80 2009  5 11  7  6
 2454964.94 2009  5 13 10 28   2454964.98 2009  5 13 11 24   2454965.01 2009  5 13 12 21
 2454967.16 2009  5 15 15 43   2454967.19 2009  5 15 16 39   2454967.23 2009  5 15 17 35
 2454969.37 2009  5 17 20 58   2454969.41 2009  5 17 21 54   2454969.45 2009  5 17 22 50
 2454971.59 2009  5 20  2 12   2454971.63 2009  5 20  3  9   2454971.67 2009  5 20  4  5
 2454973.81 2009  5 22  7 27   2454973.85 2009  5 22  8 23   2454973.89 2009  5 22  9 20
 2454976.03 2009  5 24 12 42   2454976.07 2009  5 24 13 38   2454976.11 2009  5 24 14 34
 2454978.25 2009  5 26 17 56   2454978.29 2009  5 26 18 53   2454978.33 2009  5 26 19 49
 2454980.47 2009  5 28 23 11   2454980.51 2009  5 29  0  8   2454980.54 2009  5 29  1  4
 2454982.69 2009  5 31  4 26   2454982.72 2009  5 31  5 22   2454982.76 2009  5 31  6 19
 2454984.90 2009  6  2  9 41   2454984.94 2009  6  2 10 37   2454984.98 2009  6  2 11 33
 2454987.12 2009  6  4 14 55   2454987.16 2009  6  4 15 52   2454987.20 2009  6  4 16 48
 2454989.34 2009  6  6 20 10   2454989.38 2009  6  6 21  7   2454989.42 2009  6  6 22  3
 2454991.56 2009  6  9  1 25   2454991.60 2009  6  9  2 21   2454991.64 2009  6  9  3 18
 2454993.78 2009  6 11  6 40   2454993.82 2009  6 11  7 36   2454993.86 2009  6 11  8 32
 2454996.00 2009  6 13 11 54   2454996.04 2009  6 13 12 51   2454996.07 2009  6 13 13 47
 2454998.22 2009  6 15 17  9   2454998.25 2009  6 15 18  6   2454998.29 2009  6 15 19  2
 2455000.43 2009  6 17 22 24   2455000.47 2009  6 17 23 20   2455000.51 2009  6 18  0 17
 2455002.65 2009  6 20  3 39   2455002.69 2009  6 20  4 35   2455002.73 2009  6 20  5 31
 2455004.87 2009  6 22  8 53   2455004.91 2009  6 22  9 50   2455004.95 2009  6 22 10 46
 2455007.09 2009  6 24 14  8   2455007.13 2009  6 24 15  5   2455007.17 2009  6 24 16  1
 2455009.31 2009  6 26 19 23   2455009.35 2009  6 26 20 19   2455009.39 2009  6 26 21 16
 2455011.53 2009  6 29  0 38   2455011.57 2009  6 29  1 34   2455011.60 2009  6 29  2 30
 2455013.75 2009  7  1  5 52   2455013.78 2009  7  1  6 49   2455013.82 2009  7  1  7 45
 2455015.96 2009  7  3 11  7   2455016.00 2009  7  3 12  4   2455016.04 2009  7  3 13  0
 2455018.18 2009  7  5 16 22   2455018.22 2009  7  5 17 18   2455018.26 2009  7  5 18 15
 2455020.40 2009  7  7 21 37   2455020.44 2009  7  7 22 33   2455020.48 2009  7  7 23 29
 2455022.62 2009  7 10  2 51   2455022.66 2009  7 10  3 48   2455022.70 2009  7 10  4 44
 2455024.84 2009  7 12  8  6   2455024.88 2009  7 12  9  3   2455024.92 2009  7 12  9 59
 2455027.06 2009  7 14 13 21   2455027.10 2009  7 14 14 17   2455027.13 2009  7 14 15 14
 2455029.28 2009  7 16 18 36   2455029.31 2009  7 16 19 32   2455029.35 2009  7 16 20 28
 2455031.49 2009  7 18 23 50   2455031.53 2009  7 19  0 47   2455031.57 2009  7 19  1 43
 2455033.71 2009  7 21  5  5   2455033.75 2009  7 21  6  1   2455033.79 2009  7 21  6 58
 2455035.93 2009  7 23 10 20   2455035.97 2009  7 23 11 16   2455036.01 2009  7 23 12 13
 2455038.15 2009  7 25 15 35   2455038.19 2009  7 25 16 31   2455038.23 2009  7 25 17 27
 2455040.37 2009  7 27 20 49   2455040.41 2009  7 27 21 46   2455040.45 2009  7 27 22 42
 2455042.59 2009  7 30  2  4   2455042.63 2009  7 30  3  0   2455042.66 2009  7 30  3 57
 2455044.81 2009  8  1  7 19   2455044.84 2009  8  1  8 15   2455044.88 2009  8  1  9 12
 2455047.02 2009  8  3 12 34   2455047.06 2009  8  3 13 30   2455047.10 2009  8  3 14 26
 2455049.24 2009  8  5 17 48   2455049.28 2009  8  5 18 45   2455049.32 2009  8  5 19 41
 2455051.46 2009  8  7 23  3   2455051.50 2009  8  7 23 59   2455051.54 2009  8  8  0 56
 2455053.68 2009  8 10  4 18   2455053.72 2009  8 10  5 14   2455053.76 2009  8 10  6 11
 2455055.90 2009  8 12  9 32   2455055.94 2009  8 12 10 29   2455055.98 2009  8 12 11 25
 2455058.12 2009  8 14 14 47   2455058.16 2009  8 14 15 44   2455058.19 2009  8 14 16 40
 2455060.34 2009  8 16 20  2   2455060.37 2009  8 16 20 58   2455060.41 2009  8 16 21 55
 2455062.55 2009  8 19  1 17   2455062.59 2009  8 19  2 13   2455062.63 2009  8 19  3 10
 2455064.77 2009  8 21  6 31   2455064.81 2009  8 21  7 28   2455064.85 2009  8 21  8 24
 2455066.99 2009  8 23 11 46   2455067.03 2009  8 23 12 43   2455067.07 2009  8 23 13 39
 2455069.21 2009  8 25 17  1   2455069.25 2009  8 25 17 57   2455069.29 2009  8 25 18 54
 2455071.43 2009  8 27 22 16   2455071.47 2009  8 27 23 12   2455071.51 2009  8 28  0  9
 2455073.65 2009  8 30  3 30   2455073.69 2009  8 30  4 27   2455073.72 2009  8 30  5 23
 2455075.87 2009  9  1  8 45   2455075.90 2009  9  1  9 42   2455075.94 2009  9  1 10 38
 2455078.08 2009  9  3 14  0   2455078.12 2009  9  3 14 56   2455078.16 2009  9  3 15 53
 2455080.30 2009  9  5 19 15   2455080.34 2009  9  5 20 11   2455080.38 2009  9  5 21  8
 2455082.52 2009  9  8  0 29   2455082.56 2009  9  8  1 26   2455082.60 2009  9  8  2 22
 2455084.74 2009  9 10  5 44   2455084.78 2009  9 10  6 41   2455084.82 2009  9 10  7 37
 2455086.96 2009  9 12 10 59   2455087.00 2009  9 12 11 55   2455087.04 2009  9 12 12 52
 2455089.18 2009  9 14 16 14   2455089.22 2009  9 14 17 10   2455089.25 2009  9 14 18  7
 2455091.40 2009  9 16 21 28   2455091.43 2009  9 16 22 25   2455091.47 2009  9 16 23 21
 2455093.61 2009  9 19  2 43   2455093.65 2009  9 19  3 40   2455093.69 2009  9 19  4 36
 2455095.83 2009  9 21  7 58   2455095.87 2009  9 21  8 54   2455095.91 2009  9 21  9 51
 2455098.05 2009  9 23 13 13   2455098.09 2009  9 23 14  9   2455098.13 2009  9 23 15  6
 2455100.27 2009  9 25 18 27   2455100.31 2009  9 25 19 24   2455100.35 2009  9 25 20 20
 2455102.49 2009  9 27 23 42   2455102.53 2009  9 28  0 39   2455102.57 2009  9 28  1 35
 2455104.71 2009  9 30  4 57   2455104.75 2009  9 30  5 53   2455104.78 2009  9 30  6 50
 2455106.93 2009 10  2 10 12   2455106.96 2009 10  2 11  8   2455107.00 2009 10  2 12  5
 2455109.14 2009 10  4 15 26   2455109.18 2009 10  4 16 23   2455109.22 2009 10  4 17 19
 2455111.36 2009 10  6 20 41   2455111.40 2009 10  6 21 38   2455111.44 2009 10  6 22 34
 2455113.58 2009 10  9  1 56   2455113.62 2009 10  9  2 52   2455113.66 2009 10  9  3 49
 2455115.80 2009 10 11  7 11   2455115.84 2009 10 11  8  7   2455115.88 2009 10 11  9  4
 2455118.02 2009 10 13 12 25   2455118.06 2009 10 13 13 22   2455118.10 2009 10 13 14 18
 2455120.24 2009 10 15 17 40   2455120.28 2009 10 15 18 37   2455120.32 2009 10 15 19 33
 2455122.46 2009 10 17 22 55   2455122.49 2009 10 17 23 51   2455122.53 2009 10 18  0 48
 2455124.67 2009 10 20  4 10   2455124.71 2009 10 20  5  6   2455124.75 2009 10 20  6  3
 2455126.89 2009 10 22  9 24   2455126.93 2009 10 22 10 21   2455126.97 2009 10 22 11 17
 2455129.11 2009 10 24 14 39   2455129.15 2009 10 24 15 36   2455129.19 2009 10 24 16 32
 2455131.33 2009 10 26 19 54   2455131.37 2009 10 26 20 50   2455131.41 2009 10 26 21 47
 2455133.55 2009 10 29  1  8   2455133.59 2009 10 29  2  5   2455133.63 2009 10 29  3  2
 2455135.77 2009 10 31  6 23   2455135.81 2009 10 31  7 20   2455135.85 2009 10 31  8 16
 2455137.99 2009 11  2 11 38   2455138.02 2009 11  2 12 35   2455138.06 2009 11  2 13 31
 2455140.20 2009 11  4 16 53   2455140.24 2009 11  4 17 49   2455140.28 2009 11  4 18 46
 2455142.42 2009 11  6 22  7   2455142.46 2009 11  6 23  4   2455142.50 2009 11  7  0  1
 2455144.64 2009 11  9  3 22   2455144.68 2009 11  9  4 19   2455144.72 2009 11  9  5 15
 2455146.86 2009 11 11  8 37   2455146.90 2009 11 11  9 34   2455146.94 2009 11 11 10 30
 2455149.08 2009 11 13 13 52   2455149.12 2009 11 13 14 48   2455149.16 2009 11 13 15 45
 2455151.30 2009 11 15 19  6   2455151.34 2009 11 15 20  3   2455151.38 2009 11 15 21  0
 2455153.52 2009 11 18  0 21   2455153.55 2009 11 18  1 18   2455153.59 2009 11 18  2 14
 2455155.73 2009 11 20  5 36   2455155.77 2009 11 20  6 32   2455155.81 2009 11 20  7 29
 2455157.95 2009 11 22 10 51   2455157.99 2009 11 22 11 47   2455158.03 2009 11 22 12 44
 2455160.17 2009 11 24 16  5   2455160.21 2009 11 24 17  2   2455160.25 2009 11 24 17 59
 2455162.39 2009 11 26 21 20   2455162.43 2009 11 26 22 17   2455162.47 2009 11 26 23 13
 2455164.61 2009 11 29  2 35   2455164.65 2009 11 29  3 31   2455164.69 2009 11 29  4 28
 2455166.83 2009 12  1  7 50   2455166.87 2009 12  1  8 46   2455166.91 2009 12  1  9 43
 2455169.05 2009 12  3 13  4   2455169.08 2009 12  3 14  1   2455169.12 2009 12  3 14 58
 2455171.26 2009 12  5 18 19   2455171.30 2009 12  5 19 16   2455171.34 2009 12  5 20 12
 2455173.48 2009 12  7 23 34   2455173.52 2009 12  8  0 30   2455173.56 2009 12  8  1 27
 2455175.70 2009 12 10  4 49   2455175.74 2009 12 10  5 45   2455175.78 2009 12 10  6 42
 2455177.92 2009 12 12 10  3   2455177.96 2009 12 12 11  0   2455178.00 2009 12 12 11 57
 2455180.14 2009 12 14 15 18   2455180.18 2009 12 14 16 15   2455180.22 2009 12 14 17 11
 2455182.36 2009 12 16 20 33   2455182.40 2009 12 16 21 29   2455182.44 2009 12 16 22 26
 2455184.58 2009 12 19  1 48   2455184.61 2009 12 19  2 44   2455184.65 2009 12 19  3 41
 2455186.79 2009 12 21  7  2   2455186.83 2009 12 21  7 59   2455186.87 2009 12 21  8 56
 2455189.01 2009 12 23 12 17   2455189.05 2009 12 23 13 14   2455189.09 2009 12 23 14 10
 2455191.23 2009 12 25 17 32   2455191.27 2009 12 25 18 28   2455191.31 2009 12 25 19 25
 2455193.45 2009 12 27 22 47   2455193.49 2009 12 27 23 43   2455193.53 2009 12 28  0 40
 2455195.67 2009 12 30  4  1   2455195.71 2009 12 30  4 58   2455195.75 2009 12 30  5 55
 2455197.89 2010  1  1  9 16   2455197.93 2010  1  1 10 13   2455197.97 2010  1  1 11  9
 2455200.11 2010  1  3 14 31   2455200.14 2010  1  3 15 27   2455200.18 2010  1  3 16 24
 2455202.32 2010  1  5 19 46   2455202.36 2010  1  5 20 42   2455202.40 2010  1  5 21 39
 2455204.54 2010  1  8  1  0   2455204.58 2010  1  8  1 57   2455204.62 2010  1  8  2 54
 2455206.76 2010  1 10  6 15   2455206.80 2010  1 10  7 12   2455206.84 2010  1 10  8  8
 2455208.98 2010  1 12 11 30   2455209.02 2010  1 12 12 26   2455209.06 2010  1 12 13 23
 2455211.20 2010  1 14 16 44   2455211.24 2010  1 14 17 41   2455211.28 2010  1 14 18 38
 2455213.42 2010  1 16 21 59   2455213.46 2010  1 16 22 56   2455213.50 2010  1 16 23 53
 2455215.64 2010  1 19  3 14   2455215.67 2010  1 19  4 11   2455215.71 2010  1 19  5  7
 2455217.85 2010  1 21  8 29   2455217.89 2010  1 21  9 25   2455217.93 2010  1 21 10 22
 2455220.07 2010  1 23 13 43   2455220.11 2010  1 23 14 40   2455220.15 2010  1 23 15 37
 2455222.29 2010  1 25 18 58   2455222.33 2010  1 25 19 55   2455222.37 2010  1 25 20 52
 2455224.51 2010  1 28  0 13   2455224.55 2010  1 28  1 10   2455224.59 2010  1 28  2  6
 2455226.73 2010  1 30  5 28   2455226.77 2010  1 30  6 24   2455226.81 2010  1 30  7 21
 2455228.95 2010  2  1 10 42   2455228.99 2010  2  1 11 39   2455229.03 2010  2  1 12 36
 2455231.17 2010  2  3 15 57   2455231.20 2010  2  3 16 54   2455231.24 2010  2  3 17 51
 2455233.38 2010  2  5 21 12   2455233.42 2010  2  5 22  9   2455233.46 2010  2  5 23  5
 2455235.60 2010  2  8  2 27   2455235.64 2010  2  8  3 23   2455235.68 2010  2  8  4 20
 2455237.82 2010  2 10  7 41   2455237.86 2010  2 10  8 38   2455237.90 2010  2 10  9 35
 2455240.04 2010  2 12 12 56   2455240.08 2010  2 12 13 53   2455240.12 2010  2 12 14 50
 2455242.26 2010  2 14 18 11   2455242.30 2010  2 14 19  8   2455242.34 2010  2 14 20  4
 2455244.48 2010  2 16 23 26   2455244.52 2010  2 17  0 22   2455244.56 2010  2 17  1 19
 2455246.70 2010  2 19  4 40   2455246.73 2010  2 19  5 37   2455246.77 2010  2 19  6 34
 2455248.91 2010  2 21  9 55   2455248.95 2010  2 21 10 52   2455248.99 2010  2 21 11 49
 2455251.13 2010  2 23 15 10   2455251.17 2010  2 23 16  7   2455251.21 2010  2 23 17  3
 2455253.35 2010  2 25 20 25   2455253.39 2010  2 25 21 21   2455253.43 2010  2 25 22 18
 2455255.57 2010  2 28  1 39   2455255.61 2010  2 28  2 36   2455255.65 2010  2 28  3 33
 2455257.79 2010  3  2  6 54   2455257.83 2010  3  2  7 51   2455257.87 2010  3  2  8 48
 2455260.01 2010  3  4 12  9   2455260.05 2010  3  4 13  6   2455260.09 2010  3  4 14  2
 2455262.23 2010  3  6 17 24   2455262.26 2010  3  6 18 20   2455262.30 2010  3  6 19 17
 2455264.44 2010  3  8 22 38   2455264.48 2010  3  8 23 35   2455264.52 2010  3  9  0 32
 2455266.66 2010  3 11  3 53   2455266.70 2010  3 11  4 50   2455266.74 2010  3 11  5 46
 2455268.88 2010  3 13  9  8   2455268.92 2010  3 13 10  5   2455268.96 2010  3 13 11  1
 2455271.10 2010  3 15 14 23   2455271.14 2010  3 15 15 19   2455271.18 2010  3 15 16 16
 2455273.32 2010  3 17 19 37   2455273.36 2010  3 17 20 34   2455273.40 2010  3 17 21 31
 2455275.54 2010  3 20  0 52   2455275.58 2010  3 20  1 49   2455275.62 2010  3 20  2 45
 2455277.76 2010  3 22  6  7   2455277.79 2010  3 22  7  4   2455277.83 2010  3 22  8  0
 2455279.97 2010  3 24 11 22   2455280.01 2010  3 24 12 18   2455280.05 2010  3 24 13 15
 2455282.19 2010  3 26 16 36   2455282.23 2010  3 26 17 33   2455282.27 2010  3 26 18 30
 2455284.41 2010  3 28 21 51   2455284.45 2010  3 28 22 48   2455284.49 2010  3 28 23 44
 2455286.63 2010  3 31  3  6   2455286.67 2010  3 31  4  2   2455286.71 2010  3 31  4 59
 2455288.85 2010  4  2  8 20   2455288.89 2010  4  2  9 17   2455288.93 2010  4  2 10 14
 2455291.07 2010  4  4 13 35   2455291.11 2010  4  4 14 32   2455291.15 2010  4  4 15 29
 2455293.29 2010  4  6 18 50   2455293.32 2010  4  6 19 47   2455293.36 2010  4  6 20 43
 2455295.50 2010  4  9  0  5   2455295.54 2010  4  9  1  1   2455295.58 2010  4  9  1 58
 2455297.72 2010  4 11  5 19   2455297.76 2010  4 11  6 16   2455297.80 2010  4 11  7 13
 2455299.94 2010  4 13 10 34   2455299.98 2010  4 13 11 31   2455300.02 2010  4 13 12 28
 2455302.16 2010  4 15 15 49   2455302.20 2010  4 15 16 46   2455302.24 2010  4 15 17 42
 2455304.38 2010  4 17 21  4   2455304.42 2010  4 17 22  0   2455304.46 2010  4 17 22 57
 2455306.60 2010  4 20  2 18   2455306.64 2010  4 20  3 15   2455306.68 2010  4 20  4 12
 2455308.82 2010  4 22  7 33   2455308.85 2010  4 22  8 30   2455308.89 2010  4 22  9 27
 2455311.03 2010  4 24 12 48   2455311.07 2010  4 24 13 45   2455311.11 2010  4 24 14 41
 2455313.25 2010  4 26 18  3   2455313.29 2010  4 26 18 59   2455313.33 2010  4 26 19 56
