 Predicted Transit Epochs: HD188753A b

 Predicted Duration of a Central Transit:   182. Minutes

 Begin Transit Window           PREDICTED CENTRAL TRANSIT     End Transit Window
                                     All Times UT

                               HJD        Year M  D  H  M
 2454452.94 2007 12 18 10 36   2454453.41 2007 12 18 21 44   2454453.87 2007 12 19  8 53
 2454456.29 2007 12 21 18 55   2454456.75 2007 12 22  6  5   2454457.22 2007 12 22 17 15
 2454459.64 2007 12 25  3 15   2454460.10 2007 12 25 14 27   2454460.57 2007 12 26  1 38
 2454462.98 2007 12 28 11 35   2454463.45 2007 12 28 22 48   2454463.92 2007 12 29 10  1
 2454466.33 2007 12 31 19 55   2454466.80 2008  1  1  7  9   2454467.27 2008  1  1 18 23
 2454469.68 2008  1  4  4 15   2454470.15 2008  1  4 15 30   2454470.62 2008  1  5  2 46
 2454473.02 2008  1  7 12 35   2454473.49 2008  1  7 23 52   2454473.96 2008  1  8 11  8
 2454476.37 2008  1 10 20 55   2454476.84 2008  1 11  8 13   2454477.31 2008  1 11 19 31
 2454479.72 2008  1 14  5 15   2454480.19 2008  1 14 16 34   2454480.66 2008  1 15  3 53
 2454483.07 2008  1 17 13 35   2454483.54 2008  1 18  0 56   2454484.01 2008  1 18 12 16
 2454486.41 2008  1 20 21 55   2454486.89 2008  1 21  9 17   2454487.36 2008  1 21 20 38
 2454489.76 2008  1 24  6 15   2454490.24 2008  1 24 17 38   2454490.71 2008  1 25  5  1
 2454493.11 2008  1 27 14 35   2454493.58 2008  1 28  1 59   2454494.06 2008  1 28 13 24
 2454496.46 2008  1 30 22 55   2454496.93 2008  1 31 10 21   2454497.41 2008  1 31 21 46
 2454499.80 2008  2  3  7 15   2454500.28 2008  2  3 18 42   2454500.76 2008  2  4  6  9
 2454503.15 2008  2  6 15 35   2454503.63 2008  2  7  3  3   2454504.11 2008  2  7 14 31
 2454506.50 2008  2  9 23 55   2454506.98 2008  2 10 11 24   2454507.45 2008  2 10 22 54
 2454509.84 2008  2 13  8 15   2454510.32 2008  2 13 19 46   2454510.80 2008  2 14  7 16
 2454513.19 2008  2 16 16 35   2454513.67 2008  2 17  4  7   2454514.15 2008  2 17 15 39
 2454516.54 2008  2 20  0 55   2454517.02 2008  2 20 12 28   2454517.50 2008  2 21  0  1
 2454519.89 2008  2 23  9 15   2454520.37 2008  2 23 20 49   2454520.85 2008  2 24  8 24
 2454523.23 2008  2 26 17 35   2454523.72 2008  2 27  5 11   2454524.20 2008  2 27 16 47
 2454526.58 2008  3  1  1 55   2454527.06 2008  3  1 13 32   2454527.55 2008  3  2  1  9
 2454529.93 2008  3  4 10 15   2454530.41 2008  3  4 21 53   2454530.90 2008  3  5  9 32
 2454533.27 2008  3  7 18 35   2454533.76 2008  3  8  6 15   2454534.25 2008  3  8 17 54
 2454536.62 2008  3 11  2 55   2454537.11 2008  3 11 14 36   2454537.60 2008  3 12  2 17
 2454539.97 2008  3 14 11 15   2454540.46 2008  3 14 22 57   2454540.94 2008  3 15 10 39
 2454543.32 2008  3 17 19 35   2454543.80 2008  3 18  7 18   2454544.29 2008  3 18 19  2
 2454546.66 2008  3 21  3 55   2454547.15 2008  3 21 15 40   2454547.64 2008  3 22  3 25
 2454550.01 2008  3 24 12 15   2454550.50 2008  3 25  0  1   2454550.99 2008  3 25 11 47
 2454553.36 2008  3 27 20 35   2454553.85 2008  3 28  8 22   2454554.34 2008  3 28 20 10
 2454556.70 2008  3 31  4 55   2454557.20 2008  3 31 16 43   2454557.69 2008  4  1  4 32
 2454560.05 2008  4  3 13 14   2454560.55 2008  4  4  1  5   2454561.04 2008  4  4 12 55
 2454563.40 2008  4  6 21 34   2454563.89 2008  4  7  9 26   2454564.39 2008  4  7 21 17
 2454566.75 2008  4 10  5 54   2454567.24 2008  4 10 17 47   2454567.74 2008  4 11  5 40
 2454570.09 2008  4 13 14 14   2454570.59 2008  4 14  2  8   2454571.09 2008  4 14 14  2
 2454573.44 2008  4 16 22 34   2454573.94 2008  4 17 10 30   2454574.43 2008  4 17 22 25
 2454576.79 2008  4 20  6 54   2454577.29 2008  4 20 18 51   2454577.78 2008  4 21  6 48
 2454580.14 2008  4 23 15 14   2454580.63 2008  4 24  3 12   2454581.13 2008  4 24 15 10
 2454583.48 2008  4 26 23 34   2454583.98 2008  4 27 11 33   2454584.48 2008  4 27 23 33
 2454586.83 2008  4 30  7 54   2454587.33 2008  4 30 19 55   2454587.83 2008  5  1  7 55
 2454590.18 2008  5  3 16 14   2454590.68 2008  5  4  4 16   2454591.18 2008  5  4 16 18
 2454593.52 2008  5  7  0 34   2454594.03 2008  5  7 12 37   2454594.53 2008  5  8  0 40
 2454596.87 2008  5 10  8 54   2454597.37 2008  5 10 20 59   2454597.88 2008  5 11  9  3
 2454600.22 2008  5 13 17 14   2454600.72 2008  5 14  5 20   2454601.23 2008  5 14 17 25
 2454603.57 2008  5 17  1 34   2454604.07 2008  5 17 13 41   2454604.58 2008  5 18  1 48
 2454606.91 2008  5 20  9 54   2454607.42 2008  5 20 22  2   2454607.92 2008  5 21 10 11
 2454610.26 2008  5 23 18 14   2454610.77 2008  5 24  6 24   2454611.27 2008  5 24 18 33
 2454613.61 2008  5 27  2 34   2454614.11 2008  5 27 14 45   2454614.62 2008  5 28  2 56
 2454616.95 2008  5 30 10 54   2454617.46 2008  5 30 23  6   2454617.97 2008  5 31 11 18
 2454620.30 2008  6  2 19 14   2454620.81 2008  6  3  7 27   2454621.32 2008  6  3 19 41
 2454623.65 2008  6  6  3 34   2454624.16 2008  6  6 15 49   2454624.67 2008  6  7  4  3
 2454627.00 2008  6  9 11 54   2454627.51 2008  6 10  0 10   2454628.02 2008  6 10 12 26
 2454630.34 2008  6 12 20 14   2454630.86 2008  6 13  8 31   2454631.37 2008  6 13 20 49
 2454633.69 2008  6 16  4 34   2454634.20 2008  6 16 16 52   2454634.72 2008  6 17  5 11
 2454637.04 2008  6 19 12 54   2454637.55 2008  6 20  1 14   2454638.07 2008  6 20 13 34
 2454640.38 2008  6 22 21 14   2454640.90 2008  6 23  9 35   2454641.41 2008  6 23 21 56
 2454643.73 2008  6 26  5 34   2454644.25 2008  6 26 17 56   2454644.76 2008  6 27  6 19
 2454647.08 2008  6 29 13 54   2454647.60 2008  6 30  2 17   2454648.11 2008  6 30 14 41
 2454650.43 2008  7  2 22 14   2454650.94 2008  7  3 10 39   2454651.46 2008  7  3 23  4
 2454653.77 2008  7  6  6 34   2454654.29 2008  7  6 19  0   2454654.81 2008  7  7  7 26
 2454657.12 2008  7  9 14 54   2454657.64 2008  7 10  3 21   2454658.16 2008  7 10 15 49
 2454660.47 2008  7 12 23 14   2454660.99 2008  7 13 11 43   2454661.51 2008  7 14  0 12
 2454663.82 2008  7 16  7 34   2454664.34 2008  7 16 20  4   2454664.86 2008  7 17  8 34
 2454667.16 2008  7 19 15 53   2454667.68 2008  7 20  4 25   2454668.21 2008  7 20 16 57
 2454670.51 2008  7 23  0 13   2454671.03 2008  7 23 12 46   2454671.56 2008  7 24  1 19
 2454673.86 2008  7 26  8 33   2454674.38 2008  7 26 21  8   2454674.90 2008  7 27  9 42
 2454677.20 2008  7 29 16 53   2454677.73 2008  7 30  5 29   2454678.25 2008  7 30 18  4
 2454680.55 2008  8  2  1 13   2454681.08 2008  8  2 13 50   2454681.60 2008  8  3  2 27
 2454683.90 2008  8  5  9 33   2454684.42 2008  8  5 22 11   2454684.95 2008  8  6 10 49
 2454687.25 2008  8  8 17 53   2454687.77 2008  8  9  6 33   2454688.30 2008  8  9 19 12
 2454690.59 2008  8 12  2 13   2454691.12 2008  8 12 14 54   2454691.65 2008  8 13  3 35
 2454693.94 2008  8 15 10 33   2454694.47 2008  8 15 23 15   2454695.00 2008  8 16 11 57
 2454697.29 2008  8 18 18 53   2454697.82 2008  8 19  7 36   2454698.35 2008  8 19 20 20
 2454700.63 2008  8 22  3 13   2454701.17 2008  8 22 15 58   2454701.70 2008  8 23  4 42
 2454703.98 2008  8 25 11 33   2454704.51 2008  8 26  0 19   2454705.05 2008  8 26 13  5
 2454707.33 2008  8 28 19 53   2454707.86 2008  8 29  8 40   2454708.39 2008  8 29 21 27
 2454710.68 2008  9  1  4 13   2454711.21 2008  9  1 17  2   2454711.74 2008  9  2  5 50
 2454714.02 2008  9  4 12 33   2454714.56 2008  9  5  1 23   2454715.09 2008  9  5 14 13
 2454717.37 2008  9  7 20 53   2454717.91 2008  9  8  9 44   2454718.44 2008  9  8 22 35
 2454720.72 2008  9 11  5 13   2454721.25 2008  9 11 18  5   2454721.79 2008  9 12  6 58
 2454724.06 2008  9 14 13 33   2454724.60 2008  9 15  2 27   2454725.14 2008  9 15 15 20
 2454727.41 2008  9 17 21 53   2454727.95 2008  9 18 10 48   2454728.49 2008  9 18 23 43
 2454730.76 2008  9 21  6 13   2454731.30 2008  9 21 19  9   2454731.84 2008  9 22  8  5
 2454734.11 2008  9 24 14 33   2454734.65 2008  9 25  3 30   2454735.19 2008  9 25 16 28
 2454737.45 2008  9 27 22 53   2454737.99 2008  9 28 11 52   2454738.54 2008  9 29  0 50
 2454740.80 2008 10  1  7 13   2454741.34 2008 10  1 20 13   2454741.88 2008 10  2  9 13
 2454744.15 2008 10  4 15 33   2454744.69 2008 10  5  4 34   2454745.23 2008 10  5 17 36
 2454747.50 2008 10  7 23 53   2454748.04 2008 10  8 12 55   2454748.58 2008 10  9  1 58
 2454750.84 2008 10 11  8 13   2454751.39 2008 10 11 21 17   2454751.93 2008 10 12 10 21
 2454754.19 2008 10 14 16 33   2454754.74 2008 10 15  5 38   2454755.28 2008 10 15 18 43
 2454757.54 2008 10 18  0 53   2454758.08 2008 10 18 13 59   2454758.63 2008 10 19  3  6
 2454760.88 2008 10 21  9 13   2454761.43 2008 10 21 22 20   2454761.98 2008 10 22 11 28
 2454764.23 2008 10 24 17 33   2454764.78 2008 10 25  6 42   2454765.33 2008 10 25 19 51
 2454767.58 2008 10 28  1 53   2454768.13 2008 10 28 15  3   2454768.68 2008 10 29  4 13
 2454770.93 2008 10 31 10 12   2454771.48 2008 10 31 23 24   2454772.03 2008 11  1 12 36
 2454774.27 2008 11  3 18 32   2454774.82 2008 11  4  7 46   2454775.37 2008 11  4 20 59
 2454777.62 2008 11  7  2 52   2454778.17 2008 11  7 16  7   2454778.72 2008 11  8  5 21
 2454780.97 2008 11 10 11 12   2454781.52 2008 11 11  0 28   2454782.07 2008 11 11 13 44
 2454784.31 2008 11 13 19 32   2454784.87 2008 11 14  8 49   2454785.42 2008 11 14 22  6
 2454787.66 2008 11 17  3 52   2454788.22 2008 11 17 17 11   2454788.77 2008 11 18  6 29
 2454791.01 2008 11 20 12 12   2454791.56 2008 11 21  1 32   2454792.12 2008 11 21 14 51
 2454794.36 2008 11 23 20 32   2454794.91 2008 11 24  9 53   2454795.47 2008 11 24 23 14
 2454797.70 2008 11 27  4 52   2454798.26 2008 11 27 18 14   2454798.82 2008 11 28  7 37
 2454801.05 2008 11 30 13 12   2454801.61 2008 12  1  2 36   2454802.17 2008 12  1 15 59
 2454804.40 2008 12  3 21 32   2454804.96 2008 12  4 10 57   2454805.52 2008 12  5  0 22
 2454807.74 2008 12  7  5 52   2454808.30 2008 12  7 19 18   2454808.86 2008 12  8  8 44
 2454811.09 2008 12 10 14 12   2454811.65 2008 12 11  3 39   2454812.21 2008 12 11 17  7
 2454814.44 2008 12 13 22 32   2454815.00 2008 12 14 12  1   2454815.56 2008 12 15  1 29
 2454817.79 2008 12 17  6 52   2454818.35 2008 12 17 20 22   2454818.91 2008 12 18  9 52
 2454821.13 2008 12 20 15 12   2454821.70 2008 12 21  4 43   2454822.26 2008 12 21 18 14
 2454824.48 2008 12 23 23 32   2454825.05 2008 12 24 13  4   2454825.61 2008 12 25  2 37
 2454827.83 2008 12 27  7 52   2454828.39 2008 12 27 21 26   2454828.96 2008 12 28 11  0
 2454831.18 2008 12 30 16 12   2454831.74 2008 12 31  5 47   2454832.31 2008 12 31 19 22
 2454834.52 2009  1  3  0 32   2454835.09 2009  1  3 14  8   2454835.66 2009  1  4  3 45
 2454837.87 2009  1  6  8 52   2454838.44 2009  1  6 22 30   2454839.01 2009  1  7 12  7
 2454841.22 2009  1  9 17 12   2454841.79 2009  1 10  6 51   2454842.35 2009  1 10 20 30
 2454844.56 2009  1 13  1 32   2454845.13 2009  1 13 15 12   2454845.70 2009  1 14  4 52
 2454847.91 2009  1 16  9 52   2454848.48 2009  1 16 23 33   2454849.05 2009  1 17 13 15
 2454851.26 2009  1 19 18 12   2454851.83 2009  1 20  7 55   2454852.40 2009  1 20 21 37
 2454854.61 2009  1 23  2 32   2454855.18 2009  1 23 16 16   2454855.75 2009  1 24  6  0
 2454857.95 2009  1 26 10 52   2454858.53 2009  1 27  0 37   2454859.10 2009  1 27 14 23
 2454861.30 2009  1 29 19 12   2454861.87 2009  1 30  8 58   2454862.45 2009  1 30 22 45
 2454864.65 2009  2  2  3 32   2454865.22 2009  2  2 17 20   2454865.80 2009  2  3  7  8
 2454867.99 2009  2  5 11 52   2454868.57 2009  2  6  1 41   2454869.15 2009  2  6 15 30
 2454871.34 2009  2  8 20 12   2454871.92 2009  2  9 10  2   2454872.50 2009  2  9 23 53
 2454874.69 2009  2 12  4 31   2454875.27 2009  2 12 18 23   2454875.84 2009  2 13  8 15
 2454878.04 2009  2 15 12 51   2454878.61 2009  2 16  2 45   2454879.19 2009  2 16 16 38
 2454881.38 2009  2 18 21 11   2454881.96 2009  2 19 11  6   2454882.54 2009  2 20  1  1
 2454884.73 2009  2 22  5 31   2454885.31 2009  2 22 19 27   2454885.89 2009  2 23  9 23
 2454888.08 2009  2 25 13 51   2454888.66 2009  2 26  3 48   2454889.24 2009  2 26 17 46
 2454891.42 2009  2 28 22 11   2454892.01 2009  3  1 12 10   2454892.59 2009  3  2  2  8
 2454894.77 2009  3  4  6 31   2454895.36 2009  3  4 20 31   2454895.94 2009  3  5 10 31
 2454898.12 2009  3  7 14 51   2454898.70 2009  3  8  4 52   2454899.29 2009  3  8 18 53
 2454901.47 2009  3 10 23 11   2454902.05 2009  3 11 13 14   2454902.64 2009  3 12  3 16
 2454904.81 2009  3 14  7 31   2454905.40 2009  3 14 21 35   2454905.99 2009  3 15 11 38
 2454908.16 2009  3 17 15 51   2454908.75 2009  3 18  5 56   2454909.33 2009  3 18 20  1
 2454911.51 2009  3 21  0 11   2454912.10 2009  3 21 14 17   2454912.68 2009  3 22  4 24
 2454914.86 2009  3 24  8 31   2454915.44 2009  3 24 22 39   2454916.03 2009  3 25 12 46
 2454918.20 2009  3 27 16 51   2454918.79 2009  3 28  7  0   2454919.38 2009  3 28 21  9
 2454921.55 2009  3 31  1 11   2454922.14 2009  3 31 15 21   2454922.73 2009  4  1  5 31
 2454924.90 2009  4  3  9 31   2454925.49 2009  4  3 23 42   2454926.08 2009  4  4 13 54
 2454928.24 2009  4  6 17 51   2454928.84 2009  4  7  8  4   2454929.43 2009  4  7 22 16
 2454931.59 2009  4 10  2 11   2454932.18 2009  4 10 16 25   2454932.78 2009  4 11  6 39
 2454934.94 2009  4 13 10 31   2454935.53 2009  4 14  0 46   2454936.13 2009  4 14 15  1
 2454938.29 2009  4 16 18 51   2454938.88 2009  4 17  9  7   2454939.48 2009  4 17 23 24
 2454941.63 2009  4 20  3 11   2454942.23 2009  4 20 17 29   2454942.82 2009  4 21  7 47
 2454944.98 2009  4 23 11 31   2454945.58 2009  4 24  1 50   2454946.17 2009  4 24 16  9
 2454948.33 2009  4 26 19 51   2454948.92 2009  4 27 10 11   2454949.52 2009  4 28  0 32
 2454951.67 2009  4 30  4 11   2454952.27 2009  4 30 18 33   2454952.87 2009  5  1  8 54
 2454955.02 2009  5  3 12 31   2454955.62 2009  5  4  2 54   2454956.22 2009  5  4 17 17
 2454958.37 2009  5  6 20 51   2454958.97 2009  5  7 11 15   2454959.57 2009  5  8  1 39
 2454961.72 2009  5 10  5 11   2454962.32 2009  5 10 19 36   2454962.92 2009  5 11 10  2
 2454965.06 2009  5 13 13 31   2454965.67 2009  5 14  3 58   2454966.27 2009  5 14 18 25
 2454968.41 2009  5 16 21 51   2454969.01 2009  5 17 12 19   2454969.62 2009  5 18  2 47
 2454971.76 2009  5 20  6 11   2454972.36 2009  5 20 20 40   2454972.97 2009  5 21 11 10
 2454975.10 2009  5 23 14 31   2454975.71 2009  5 24  5  1   2454976.31 2009  5 24 19 32
 2454978.45 2009  5 26 22 50   2454979.06 2009  5 27 13 23   2454979.66 2009  5 28  3 55
 2454981.80 2009  5 30  7 10   2454982.41 2009  5 30 21 44   2454983.01 2009  5 31 12 17
 2454985.15 2009  6  2 15 30   2454985.75 2009  6  3  6  5   2454986.36 2009  6  3 20 40
 2454988.49 2009  6  5 23 50   2454989.10 2009  6  6 14 26   2454989.71 2009  6  7  5  2
 2454991.84 2009  6  9  8 10   2454992.45 2009  6  9 22 48   2454993.06 2009  6 10 13 25
 2454995.19 2009  6 12 16 30   2454995.80 2009  6 13  7  9   2454996.41 2009  6 13 21 48
 2454998.54 2009  6 16  0 50   2454999.15 2009  6 16 15 30   2454999.76 2009  6 17  6 10
 2455001.88 2009  6 19  9 10   2455002.49 2009  6 19 23 51   2455003.11 2009  6 20 14 33
 2455005.23 2009  6 22 17 30   2455005.84 2009  6 23  8 13   2455006.46 2009  6 23 22 55
 2455008.58 2009  6 26  1 50   2455009.19 2009  6 26 16 34   2455009.80 2009  6 27  7 18
 2455011.92 2009  6 29 10 10   2455012.54 2009  6 30  0 55   2455013.15 2009  6 30 15 40
 2455015.27 2009  7  2 18 30   2455015.89 2009  7  3  9 17   2455016.50 2009  7  4  0  3
 2455018.62 2009  7  6  2 50   2455019.23 2009  7  6 17 38   2455019.85 2009  7  7  8 25
 2455021.97 2009  7  9 11 10   2455022.58 2009  7 10  1 59   2455023.20 2009  7 10 16 48
 2455025.31 2009  7 12 19 30   2455025.93 2009  7 13 10 20   2455026.55 2009  7 14  1 11
 2455028.66 2009  7 16  3 50   2455029.28 2009  7 16 18 42   2455029.90 2009  7 17  9 33
 2455032.01 2009  7 19 12 10   2455032.63 2009  7 20  3  3   2455033.25 2009  7 20 17 56
 2455035.35 2009  7 22 20 30   2455035.98 2009  7 23 11 24   2455036.60 2009  7 24  2 18
 2455038.70 2009  7 26  4 50   2455039.32 2009  7 26 19 45   2455039.95 2009  7 27 10 41
 2455042.05 2009  7 29 13 10   2455042.67 2009  7 30  4  7   2455043.29 2009  7 30 19  3
 2455045.40 2009  8  1 21 30   2455046.02 2009  8  2 12 28   2455046.64 2009  8  3  3 26
 2455048.74 2009  8  5  5 50   2455049.37 2009  8  5 20 49   2455049.99 2009  8  6 11 49
 2455052.09 2009  8  8 14 10   2455052.72 2009  8  9  5 10   2455053.34 2009  8  9 20 11
 2455055.44 2009  8 11 22 30   2455056.06 2009  8 12 13 32   2455056.69 2009  8 13  4 34
 2455058.78 2009  8 15  6 50   2455059.41 2009  8 15 21 53   2455060.04 2009  8 16 12 56
 2455062.13 2009  8 18 15 10   2455062.76 2009  8 19  6 14   2455063.39 2009  8 19 21 19
 2455065.48 2009  8 21 23 30   2455066.11 2009  8 22 14 35   2455066.74 2009  8 23  5 41
 2455068.83 2009  8 25  7 50   2455069.46 2009  8 25 22 57   2455070.09 2009  8 26 14  4
 2455072.17 2009  8 28 16 10   2455072.80 2009  8 29  7 18   2455073.44 2009  8 29 22 26
 2455075.52 2009  9  1  0 30   2455076.15 2009  9  1 15 39   2455076.78 2009  9  2  6 49
 2455078.87 2009  9  4  8 50   2455079.50 2009  9  5  0  1   2455080.13 2009  9  5 15 12
 2455082.22 2009  9  7 17 10   2455082.85 2009  9  8  8 22   2455083.48 2009  9  8 23 34
 2455085.56 2009  9 11  1 29   2455086.20 2009  9 11 16 43   2455086.83 2009  9 12  7 57
 2455088.91 2009  9 14  9 49   2455089.55 2009  9 15  1  4   2455090.18 2009  9 15 16 19
 2455092.26 2009  9 17 18  9   2455092.89 2009  9 18  9 26   2455093.53 2009  9 19  0 42
 2455095.60 2009  9 21  2 29   2455096.24 2009  9 21 17 47   2455096.88 2009  9 22  9  4
 2455098.95 2009  9 24 10 49   2455099.59 2009  9 25  2  8   2455100.23 2009  9 25 17 27
 2455102.30 2009  9 27 19  9   2455102.94 2009  9 28 10 29   2455103.58 2009  9 29  1 49
 2455105.65 2009 10  1  3 29   2455106.29 2009 10  1 18 51   2455106.93 2009 10  2 10 12
 2455108.99 2009 10  4 11 49   2455109.63 2009 10  5  3 12   2455110.27 2009 10  5 18 35
 2455112.34 2009 10  7 20  9   2455112.98 2009 10  8 11 33   2455113.62 2009 10  9  2 57
 2455115.69 2009 10 11  4 29   2455116.33 2009 10 11 19 54   2455116.97 2009 10 12 11 20
 2455119.03 2009 10 14 12 49   2455119.68 2009 10 15  4 16   2455120.32 2009 10 15 19 42
 2455122.38 2009 10 17 21  9   2455123.03 2009 10 18 12 37   2455123.67 2009 10 19  4  5
 2455125.73 2009 10 21  5 29   2455126.37 2009 10 21 20 58   2455127.02 2009 10 22 12 27
 2455129.08 2009 10 24 13 49   2455129.72 2009 10 25  5 20   2455130.37 2009 10 25 20 50
 2455132.42 2009 10 27 22  9   2455133.07 2009 10 28 13 41   2455133.72 2009 10 29  5 13
 2455135.77 2009 10 31  6 29   2455136.42 2009 10 31 22  2   2455137.07 2009 11  1 13 35
 2455139.12 2009 11  3 14 49   2455139.77 2009 11  4  6 23   2455140.42 2009 11  4 21 58
 2455142.46 2009 11  6 23  9   2455143.11 2009 11  7 14 45   2455143.76 2009 11  8  6 20
 2455145.81 2009 11 10  7 29   2455146.46 2009 11 10 23  6   2455147.11 2009 11 11 14 43
 2455149.16 2009 11 13 15 49   2455149.81 2009 11 14  7 27   2455150.46 2009 11 14 23  5
 2455152.51 2009 11 17  0  9   2455153.16 2009 11 17 15 48   2455153.81 2009 11 18  7 28
 2455155.85 2009 11 20  8 29   2455156.51 2009 11 21  0 10   2455157.16 2009 11 21 15 50
 2455159.20 2009 11 23 16 49   2455159.86 2009 11 24  8 31   2455160.51 2009 11 25  0 13
 2455162.55 2009 11 27  1  9   2455163.20 2009 11 27 16 52   2455163.86 2009 11 28  8 36
 2455165.90 2009 11 30  9 29   2455166.55 2009 12  1  1 13   2455167.21 2009 12  1 16 58
 2455169.24 2009 12  3 17 49   2455169.90 2009 12  4  9 35   2455170.56 2009 12  5  1 21
 2455172.59 2009 12  7  2  9   2455173.25 2009 12  7 17 56   2455173.91 2009 12  8  9 43
 2455175.94 2009 12 10 10 29   2455176.60 2009 12 11  2 17   2455177.25 2009 12 11 18  6
 2455179.28 2009 12 13 18 49   2455179.94 2009 12 14 10 38   2455180.60 2009 12 15  2 28
 2455182.63 2009 12 17  3  9   2455183.29 2009 12 17 19  0   2455183.95 2009 12 18 10 51
 2455185.98 2009 12 20 11 29   2455186.64 2009 12 21  3 21   2455187.30 2009 12 21 19 13
 2455189.33 2009 12 23 19 48   2455189.99 2009 12 24 11 42   2455190.65 2009 12 25  3 36
 2455192.67 2009 12 27  4  8   2455193.34 2009 12 27 20  4   2455194.00 2009 12 28 11 59
 2455196.02 2009 12 30 12 28   2455196.68 2009 12 31  4 25   2455197.35 2009 12 31 20 21
 2455199.37 2010  1  2 20 48   2455200.03 2010  1  3 12 46   2455200.70 2010  1  4  4 44
 2455202.71 2010  1  6  5  8   2455203.38 2010  1  6 21  7   2455204.05 2010  1  7 13  6
 2455206.06 2010  1  9 13 28   2455206.73 2010  1 10  5 29   2455207.40 2010  1 10 21 29
 2455209.41 2010  1 12 21 48   2455210.08 2010  1 13 13 50   2455210.74 2010  1 14  5 51
 2455212.76 2010  1 16  6  8   2455213.42 2010  1 16 22 11   2455214.09 2010  1 17 14 14
 2455216.10 2010  1 19 14 28   2455216.77 2010  1 20  6 32   2455217.44 2010  1 20 22 37
 2455219.45 2010  1 22 22 48   2455220.12 2010  1 23 14 54   2455220.79 2010  1 24  6 59
 2455222.80 2010  1 26  7  8   2455223.47 2010  1 26 23 15   2455224.14 2010  1 27 15 22
 2455226.14 2010  1 29 15 28   2455226.82 2010  1 30  7 36   2455227.49 2010  1 30 23 44
 2455229.49 2010  2  1 23 48   2455230.17 2010  2  2 15 57   2455230.84 2010  2  3  8  7
 2455232.84 2010  2  5  8  8   2455233.51 2010  2  6  0 19   2455234.19 2010  2  6 16 29
 2455236.19 2010  2  8 16 28   2455236.86 2010  2  9  8 40   2455237.54 2010  2 10  0 52
 2455239.53 2010  2 12  0 48   2455240.21 2010  2 12 17  1   2455240.89 2010  2 13  9 14
 2455242.88 2010  2 15  9  8   2455243.56 2010  2 16  1 22   2455244.23 2010  2 16 17 37
 2455246.23 2010  2 18 17 28   2455246.91 2010  2 19  9 44   2455247.58 2010  2 20  2  0
 2455249.58 2010  2 22  1 48   2455250.25 2010  2 22 18  5   2455250.93 2010  2 23 10 22
 2455252.92 2010  2 25 10  8   2455253.60 2010  2 26  2 26   2455254.28 2010  2 26 18 45
 2455256.27 2010  2 28 18 28   2455256.95 2010  3  1 10 48   2455257.63 2010  3  2  3  7
 2455259.62 2010  3  4  2 48   2455260.30 2010  3  4 19  9   2455260.98 2010  3  5 11 30
 2455262.96 2010  3  7 11  8   2455263.65 2010  3  8  3 30   2455264.33 2010  3  8 19 52
 2455266.31 2010  3 10 19 28   2455266.99 2010  3 11 11 51   2455267.68 2010  3 12  4 15
 2455269.66 2010  3 14  3 48   2455270.34 2010  3 14 20 13   2455271.03 2010  3 15 12 37
 2455273.01 2010  3 17 12  8   2455273.69 2010  3 18  4 34   2455274.38 2010  3 18 21  0
 2455276.35 2010  3 20 20 28   2455277.04 2010  3 21 12 55   2455277.72 2010  3 22  5 23
 2455279.70 2010  3 24  4 48   2455280.39 2010  3 24 21 16   2455281.07 2010  3 25 13 45
 2455283.05 2010  3 27 13  8   2455283.73 2010  3 28  5 38   2455284.42 2010  3 28 22  8
 2455286.39 2010  3 30 21 28   2455287.08 2010  3 31 13 59   2455287.77 2010  4  1  6 30
 2455289.74 2010  4  3  5 48   2455290.43 2010  4  3 22 20   2455291.12 2010  4  4 14 53
 2455293.09 2010  4  6 14  7   2455293.78 2010  4  7  6 41   2455294.47 2010  4  7 23 15
 2455296.44 2010  4  9 22 27   2455297.13 2010  4 10 15  3   2455297.82 2010  4 11  7 38
 2455299.78 2010  4 13  6 47   2455300.48 2010  4 13 23 24   2455301.17 2010  4 14 16  1
 2455303.13 2010  4 16 15  7   2455303.82 2010  4 17  7 45   2455304.52 2010  4 18  0 23
