 Predicted Transit Epochs: HD185269_ b

 Predicted Duration of a Central Transit:   326. Minutes

 Begin Transit Window           PREDICTED CENTRAL TRANSIT     End Transit Window
                                     All Times UT

                               HJD        Year M  D  H  M
 2456755.95 2014  4  8 10 49   2456756.77 2014  4  9  6 30   2456757.59 2014  4 10  2 10
 2456762.79 2014  4 15  6 54   2456763.61 2014  4 16  2 36   2456764.43 2014  4 16 22 19
 2456769.62 2014  4 22  2 59   2456770.45 2014  4 22 22 43   2456771.27 2014  4 23 18 27
 2456776.46 2014  4 28 23  5   2456777.28 2014  4 29 18 50   2456778.11 2014  4 30 14 35
 2456783.30 2014  5  5 19 10   2456784.12 2014  5  6 14 56   2456784.95 2014  5  7 10 43
 2456790.14 2014  5 12 15 15   2456790.96 2014  5 13 11  3   2456791.79 2014  5 14  6 51
 2456796.97 2014  5 19 11 20   2456797.80 2014  5 20  7 10   2456798.62 2014  5 21  2 59
 2456803.81 2014  5 26  7 26   2456804.64 2014  5 27  3 17   2456805.46 2014  5 27 23  7
 2456810.65 2014  6  2  3 31   2456811.47 2014  6  2 23 23   2456812.30 2014  6  3 19 16
 2456817.48 2014  6  8 23 36   2456818.31 2014  6  9 19 30   2456819.14 2014  6 10 15 24
 2456824.32 2014  6 15 19 42   2456825.15 2014  6 16 15 37   2456825.98 2014  6 17 11 32
 2456831.16 2014  6 22 15 47   2456831.99 2014  6 23 11 44   2456832.82 2014  6 24  7 40
 2456837.99 2014  6 29 11 52   2456838.83 2014  6 30  7 50   2456839.66 2014  7  1  3 48
 2456844.83 2014  7  6  7 57   2456845.66 2014  7  7  3 57   2456846.50 2014  7  7 23 56
 2456851.67 2014  7 13  4  3   2456852.50 2014  7 14  0  4   2456853.34 2014  7 14 20  5
 2456858.51 2014  7 20  0  8   2456859.34 2014  7 20 20 10   2456860.18 2014  7 21 16 13
 2456865.34 2014  7 26 20 13   2456866.18 2014  7 27 16 17   2456867.01 2014  7 28 12 21
 2456872.18 2014  8  2 16 19   2456873.02 2014  8  3 12 24   2456873.85 2014  8  4  8 29
 2456879.02 2014  8  9 12 24   2456879.85 2014  8 10  8 31   2456880.69 2014  8 11  4 37
 2456885.85 2014  8 16  8 29   2456886.69 2014  8 17  4 37   2456887.53 2014  8 18  0 45
 2456892.69 2014  8 23  4 34   2456893.53 2014  8 24  0 44   2456894.37 2014  8 24 20 54
 2456899.53 2014  8 30  0 40   2456900.37 2014  8 30 20 51   2456901.21 2014  8 31 17  2
 2456906.36 2014  9  5 20 45   2456907.21 2014  9  6 16 57   2456908.05 2014  9  7 13 10
 2456913.20 2014  9 12 16 50   2456914.04 2014  9 13 13  4   2456914.89 2014  9 14  9 18
 2456920.04 2014  9 19 12 56   2456920.88 2014  9 20  9 11   2456921.73 2014  9 21  5 26
 2456926.88 2014  9 26  9  1   2456927.72 2014  9 27  5 18   2456928.57 2014  9 28  1 34
 2456933.71 2014 10  3  5  6   2456934.56 2014 10  4  1 24   2456935.40 2014 10  4 21 43
 2456940.55 2014 10 10  1 11   2456941.40 2014 10 10 21 31   2456942.24 2014 10 11 17 51
 2456947.39 2014 10 16 21 17   2456948.23 2014 10 17 17 38   2456949.08 2014 10 18 13 59
 2456954.22 2014 10 23 17 22   2456955.07 2014 10 24 13 44   2456955.92 2014 10 25 10  7
 2456961.06 2014 10 30 13 27   2456961.91 2014 10 31  9 51   2456962.76 2014 11  1  6 15
 2456967.90 2014 11  6  9 32   2456968.75 2014 11  7  5 58   2456969.60 2014 11  8  2 23
 2456974.73 2014 11 13  5 38   2456975.59 2014 11 14  2  5   2456976.44 2014 11 14 22 31
 2456981.57 2014 11 20  1 43   2456982.42 2014 11 20 22 11   2456983.28 2014 11 21 18 40
 2456988.41 2014 11 26 21 48   2456989.26 2014 11 27 18 18   2456990.12 2014 11 28 14 48
 2456995.25 2014 12  3 17 54   2456996.10 2014 12  4 14 25   2456996.96 2014 12  5 10 56
 2457002.08 2014 12 10 13 59   2457002.94 2014 12 11 10 32   2457003.79 2014 12 12  7  4
 2457008.92 2014 12 17 10  4   2457009.78 2014 12 18  6 38   2457010.63 2014 12 19  3 12
 2457015.76 2014 12 24  6  9   2457016.61 2014 12 25  2 45   2457017.47 2014 12 25 23 20
 2457022.59 2014 12 31  2 15   2457023.45 2014 12 31 22 52   2457024.31 2015  1  1 19 29
 2457029.43 2015  1  6 22 20   2457030.29 2015  1  7 18 58   2457031.15 2015  1  8 15 37
 2457036.27 2015  1 13 18 25   2457037.13 2015  1 14 15  5   2457037.99 2015  1 15 11 45
 2457043.10 2015  1 20 14 31   2457043.97 2015  1 21 11 12   2457044.83 2015  1 22  7 53
 2457049.94 2015  1 27 10 36   2457050.80 2015  1 28  7 19   2457051.67 2015  1 29  4  1
 2457056.78 2015  2  3  6 41   2457057.64 2015  2  4  3 25   2457058.51 2015  2  5  0  9
 2457063.62 2015  2 10  2 46   2457064.48 2015  2 10 23 32   2457065.35 2015  2 11 20 18
 2457070.45 2015  2 16 22 52   2457071.32 2015  2 17 19 39   2457072.18 2015  2 18 16 26
 2457077.29 2015  2 23 18 57   2457078.16 2015  2 24 15 45   2457079.02 2015  2 25 12 34
 2457084.13 2015  3  2 15  2   2457084.99 2015  3  3 11 52   2457085.86 2015  3  4  8 42
 2457090.96 2015  3  9 11  8   2457091.83 2015  3 10  7 59   2457092.70 2015  3 11  4 50
 2457097.80 2015  3 16  7 13   2457098.67 2015  3 17  4  6   2457099.54 2015  3 18  0 58
 2457104.64 2015  3 23  3 18   2457105.51 2015  3 24  0 12   2457106.38 2015  3 24 21  7
 2457111.47 2015  3 29 23 23   2457112.35 2015  3 30 20 19   2457113.22 2015  3 31 17 15
 2457118.31 2015  4  5 19 29   2457119.18 2015  4  6 16 26   2457120.06 2015  4  7 13 23
 2457125.15 2015  4 12 15 34   2457126.02 2015  4 13 12 32   2457126.90 2015  4 14  9 31
 2457131.99 2015  4 19 11 39   2457132.86 2015  4 20  8 39   2457133.74 2015  4 21  5 39
 2457138.82 2015  4 26  7 44   2457139.70 2015  4 27  4 46   2457140.57 2015  4 28  1 47
 2457145.66 2015  5  3  3 50   2457146.54 2015  5  4  0 53   2457147.41 2015  5  4 21 55
 2457152.50 2015  5  9 23 55   2457153.37 2015  5 10 20 59   2457154.25 2015  5 11 18  4
 2457159.33 2015  5 16 20  0   2457160.21 2015  5 17 17  6   2457161.09 2015  5 18 14 12
 2457166.17 2015  5 23 16  6   2457167.05 2015  5 24 13 13   2457167.93 2015  5 25 10 20
 2457173.01 2015  5 30 12 11   2457173.89 2015  5 31  9 20   2457174.77 2015  6  1  6 28
 2457179.84 2015  6  6  8 16   2457180.73 2015  6  7  5 26   2457181.61 2015  6  8  2 36
 2457186.68 2015  6 13  4 21   2457187.56 2015  6 14  1 33   2457188.45 2015  6 14 22 44
 2457193.52 2015  6 20  0 27   2457194.40 2015  6 20 21 40   2457195.29 2015  6 21 18 53
 2457200.36 2015  6 26 20 32   2457201.24 2015  6 27 17 46   2457202.13 2015  6 28 15  1
 2457207.19 2015  7  3 16 37   2457208.08 2015  7  4 13 53   2457208.96 2015  7  5 11  9
 2457214.03 2015  7 10 12 43   2457214.92 2015  7 11 10  0   2457215.80 2015  7 12  7 17
 2457220.87 2015  7 17  8 48   2457221.75 2015  7 18  6  7   2457222.64 2015  7 19  3 25
 2457227.70 2015  7 24  4 53   2457228.59 2015  7 25  2 13   2457229.48 2015  7 25 23 33
 2457234.54 2015  7 31  0 58   2457235.43 2015  7 31 22 20   2457236.32 2015  8  1 19 42
 2457241.38 2015  8  6 21  4   2457242.27 2015  8  7 18 27   2457243.16 2015  8  8 15 50
 2457248.21 2015  8 13 17  9   2457249.11 2015  8 14 14 33   2457250.00 2015  8 15 11 58
 2457255.05 2015  8 20 13 14   2457255.94 2015  8 21 10 40   2457256.84 2015  8 22  8  6
 2457261.89 2015  8 27  9 20   2457262.78 2015  8 28  6 47   2457263.68 2015  8 29  4 14
 2457268.73 2015  9  3  5 25   2457269.62 2015  9  4  2 54   2457270.52 2015  9  5  0 22
 2457275.56 2015  9 10  1 30   2457276.46 2015  9 10 23  0   2457277.35 2015  9 11 20 31
 2457282.40 2015  9 16 21 35   2457283.30 2015  9 17 19  7   2457284.19 2015  9 18 16 39
 2457289.24 2015  9 23 17 41   2457290.13 2015  9 24 15 14   2457291.03 2015  9 25 12 47
 2457296.07 2015  9 30 13 46   2457296.97 2015 10  1 11 20   2457297.87 2015 10  2  8 55
 2457302.91 2015 10  7  9 51   2457303.81 2015 10  8  7 27   2457304.71 2015 10  9  5  3
 2457309.75 2015 10 14  5 56   2457310.65 2015 10 15  3 34   2457311.55 2015 10 16  1 11
 2457316.58 2015 10 21  2  2   2457317.49 2015 10 21 23 41   2457318.39 2015 10 22 21 19
 2457323.42 2015 10 27 22  7   2457324.32 2015 10 28 19 47   2457325.23 2015 10 29 17 28
 2457330.26 2015 11  3 18 12   2457331.16 2015 11  4 15 54   2457332.07 2015 11  5 13 36
 2457337.10 2015 11 10 14 18   2457338.00 2015 11 11 12  1   2457338.91 2015 11 12  9 44
 2457343.93 2015 11 17 10 23   2457344.84 2015 11 18  8  8   2457345.74 2015 11 19  5 52
 2457350.77 2015 11 24  6 28   2457351.68 2015 11 25  4 14   2457352.58 2015 11 26  2  0
 2457357.61 2015 12  1  2 33   2457358.51 2015 12  2  0 21   2457359.42 2015 12  2 22  8
 2457364.44 2015 12  7 22 39   2457365.35 2015 12  8 20 28   2457366.26 2015 12  9 18 17
 2457371.28 2015 12 14 18 44   2457372.19 2015 12 15 16 34   2457373.10 2015 12 16 14 25
 2457378.12 2015 12 21 14 49   2457379.03 2015 12 22 12 41   2457379.94 2015 12 23 10 33
 2457384.95 2015 12 28 10 55   2457385.87 2015 12 29  8 48   2457386.78 2015 12 30  6 41
 2457391.79 2016  1  4  7  0   2457392.70 2016  1  5  4 55   2457393.62 2016  1  6  2 49
 2457398.63 2016  1 11  3  5   2457399.54 2016  1 12  1  1   2457400.46 2016  1 12 22 57
 2457405.47 2016  1 17 23 10   2457406.38 2016  1 18 21  8   2457407.30 2016  1 19 19  6
 2457412.30 2016  1 24 19 16   2457413.22 2016  1 25 17 15   2457414.13 2016  1 26 15 14
 2457419.14 2016  1 31 15 21   2457420.06 2016  2  1 13 21   2457420.97 2016  2  2 11 22
 2457425.98 2016  2  7 11 26   2457426.89 2016  2  8  9 28   2457427.81 2016  2  9  7 30
 2457432.81 2016  2 14  7 32   2457433.73 2016  2 15  5 35   2457434.65 2016  2 16  3 38
 2457439.65 2016  2 21  3 37   2457440.57 2016  2 22  1 42   2457441.49 2016  2 22 23 46
 2457446.49 2016  2 27 23 42   2457447.41 2016  2 28 21 48   2457448.33 2016  2 29 19 55
 2457453.32 2016  3  5 19 47   2457454.25 2016  3  6 17 55   2457455.17 2016  3  7 16  3
 2457460.16 2016  3 12 15 53   2457461.08 2016  3 13 14  2   2457462.01 2016  3 14 12 11
 2457467.00 2016  3 19 11 58   2457467.92 2016  3 20 10  8   2457468.85 2016  3 21  8 19
 2457473.84 2016  3 26  8  3   2457474.76 2016  3 27  6 15   2457475.69 2016  3 28  4 27
 2457480.67 2016  4  2  4  8   2457481.60 2016  4  3  2 22   2457482.52 2016  4  4  0 35
 2457487.51 2016  4  9  0 14   2457488.44 2016  4  9 22 29   2457489.36 2016  4 10 20 43
 2457494.35 2016  4 15 20 19   2457495.27 2016  4 16 18 35   2457496.20 2016  4 17 16 52
 2457501.18 2016  4 22 16 24   2457502.11 2016  4 23 14 42   2457503.04 2016  4 24 13  0
 2457508.02 2016  4 29 12 30   2457508.95 2016  4 30 10 49   2457509.88 2016  5  1  9  8
 2457514.86 2016  5  6  8 35   2457515.79 2016  5  7  6 56   2457516.72 2016  5  8  5 16
 2457521.69 2016  5 13  4 40   2457522.63 2016  5 14  3  2   2457523.56 2016  5 15  1 24
 2457528.53 2016  5 20  0 45   2457529.46 2016  5 20 23  9   2457530.40 2016  5 21 21 32
 2457535.37 2016  5 26 20 51   2457536.30 2016  5 27 19 16   2457537.24 2016  5 28 17 41
 2457542.21 2016  6  2 16 56   2457543.14 2016  6  3 15 22   2457544.08 2016  6  4 13 49
 2457549.04 2016  6  9 13  1   2457549.98 2016  6 10 11 29   2457550.91 2016  6 11  9 57
 2457555.88 2016  6 16  9  7   2457556.82 2016  6 17  7 36   2457557.75 2016  6 18  6  5
 2457562.72 2016  6 23  5 12   2457563.65 2016  6 24  3 43   2457564.59 2016  6 25  2 13
 2457569.55 2016  6 30  1 17   2457570.49 2016  6 30 23 49   2457571.43 2016  7  1 22 21
 2457576.39 2016  7  6 21 22   2457577.33 2016  7  7 19 56   2457578.27 2016  7  8 18 30
 2457583.23 2016  7 13 17 28   2457584.17 2016  7 14 16  3   2457585.11 2016  7 15 14 38
 2457590.06 2016  7 20 13 33   2457591.01 2016  7 21 12  9   2457591.95 2016  7 22 10 46
 2457596.90 2016  7 27  9 38   2457597.84 2016  7 28  8 16   2457598.79 2016  7 29  6 54
 2457603.74 2016  8  3  5 44   2457604.68 2016  8  4  4 23   2457605.63 2016  8  5  3  2
 2457610.58 2016  8 10  1 49   2457611.52 2016  8 11  0 30   2457612.47 2016  8 11 23 10
