 Predicted Transit Epochs: HD187085_ b

 Predicted Duration of a Central Transit:    18.   Hours

 Begin Transit Window           PREDICTED CENTRAL TRANSIT     End Transit Window
                                     All Times UT

                               HJD        Year M  D  H  M
 2457123.64 2015  4 11  3 23   2457193.04 2015  6 19 13  0   2457262.44 2015  8 27 22 36
 2458070.64 2017 11 13  3 23   2458155.04 2018  2  5 13  0   2458239.44 2018  4 30 22 36
 2459017.64 2020  6 17  3 23   2459117.04 2020  9 24 13  0   2459216.44 2021  1  1 22 36
 2459964.64 2023  1 20  3 23   2460079.04 2023  5 14 13  0   2460193.44 2023  9  5 22 36
 2460911.64 2025  8 24  3 23   2461041.04 2025 12 31 13  0   2461170.44 2026  5  9 22 36
 2461858.64 2028  3 28  3 23   2462003.04 2028  8 19 13  0   2462147.44 2029  1 10 22 36
 2462805.64 2030 10 31  3 23   2462965.04 2031  4  8 13  0   2463124.44 2031  9 14 22 36
 2463752.64 2033  6  4  3 23   2463927.04 2033 11 25 13  0   2464101.44 2034  5 18 22 36
 2464699.64 2036  1  7  3 23   2464889.04 2036  7 14 13  0   2465078.44 2037  1 19 22 36
