 Predicted Transit Epochs: HD181433_ b

 Predicted Duration of a Central Transit:   203. Minutes

 Begin Transit Window           PREDICTED CENTRAL TRANSIT     End Transit Window
                                     All Times UT

                               HJD        Year M  D  H  M
 2456761.21 2014  4 13 17  6   2456761.99 2014  4 14 11 50   2456762.77 2014  4 15  6 34
 2456770.59 2014  4 23  2  3   2456771.37 2014  4 23 20 49   2456772.15 2014  4 24 15 36
 2456779.96 2014  5  2 10 59   2456780.74 2014  5  3  5 48   2456781.53 2014  5  4  0 38
 2456789.33 2014  5 11 19 55   2456790.12 2014  5 12 14 47   2456790.90 2014  5 13  9 39
 2456798.70 2014  5 21  4 52   2456799.49 2014  5 21 23 46   2456800.28 2014  5 22 18 41
 2456808.08 2014  5 30 13 48   2456808.87 2014  5 31  8 45   2456809.66 2014  6  1  3 43
 2456817.45 2014  6  8 22 44   2456818.24 2014  6  9 17 44   2456819.03 2014  6 10 12 45
 2456826.82 2014  6 18  7 40   2456827.61 2014  6 19  2 43   2456828.41 2014  6 19 21 46
 2456836.19 2014  6 27 16 37   2456836.99 2014  6 28 11 42   2456837.78 2014  6 29  6 48
 2456845.56 2014  7  7  1 33   2456846.36 2014  7  7 20 41   2456847.16 2014  7  8 15 50
 2456854.94 2014  7 16 10 29   2456855.74 2014  7 17  5 40   2456856.54 2014  7 18  0 51
 2456864.31 2014  7 25 19 25   2456865.11 2014  7 26 14 39   2456865.91 2014  7 27  9 53
 2456873.68 2014  8  4  4 22   2456874.49 2014  8  4 23 38   2456875.29 2014  8  5 18 55
 2456883.05 2014  8 13 13 18   2456883.86 2014  8 14  8 37   2456884.66 2014  8 15  3 57
 2456892.43 2014  8 22 22 14   2456893.23 2014  8 23 17 36   2456894.04 2014  8 24 12 58
 2456901.80 2014  9  1  7 10   2456902.61 2014  9  2  2 35   2456903.42 2014  9  2 22  0
 2456911.17 2014  9 10 16  7   2456911.98 2014  9 11 11 34   2456912.79 2014  9 12  7  2
 2456920.54 2014  9 20  1  3   2456921.36 2014  9 20 20 33   2456922.17 2014  9 21 16  4
 2456929.92 2014  9 29  9 59   2456930.73 2014  9 30  5 32   2456931.55 2014 10  1  1  5
 2456939.29 2014 10  8 18 55   2456940.11 2014 10  9 14 31   2456940.92 2014 10 10 10  7
 2456948.66 2014 10 18  3 52   2456949.48 2014 10 18 23 30   2456950.30 2014 10 19 19  9
 2456958.03 2014 10 27 12 48   2456958.85 2014 10 28  8 29   2456959.67 2014 10 29  4 10
 2456967.41 2014 11  5 21 44   2456968.23 2014 11  6 17 28   2456969.05 2014 11  7 13 12
 2456976.78 2014 11 15  6 40   2456977.60 2014 11 16  2 27   2456978.43 2014 11 16 22 14
 2456986.15 2014 11 24 15 37   2456986.98 2014 11 25 11 26   2456987.80 2014 11 26  7 16
 2456995.52 2014 12  4  0 33   2456996.35 2014 12  4 20 25   2456997.18 2014 12  5 16 17
 2457004.90 2014 12 13  9 29   2457005.73 2014 12 14  5 24   2457006.56 2014 12 15  1 19
 2457014.27 2014 12 22 18 25   2457015.10 2014 12 23 14 23   2457015.93 2014 12 24 10 21
 2457023.64 2015  1  1  3 22   2457024.47 2015  1  1 23 22   2457025.31 2015  1  2 19 23
 2457033.01 2015  1 10 12 18   2457033.85 2015  1 11  8 21   2457034.68 2015  1 12  4 24
 2457042.39 2015  1 19 21 14   2457043.22 2015  1 20 17 20   2457044.06 2015  1 21 13 26
 2457051.76 2015  1 29  6 10   2457052.60 2015  1 30  2 19   2457053.44 2015  1 30 22 28
 2457061.13 2015  2  7 15  7   2457061.97 2015  2  8 11 18   2457062.81 2015  2  9  7 29
 2457070.50 2015  2 17  0  3   2457071.35 2015  2 17 20 17   2457072.19 2015  2 18 16 31
 2457079.87 2015  2 26  8 59   2457080.72 2015  2 27  5 16   2457081.56 2015  2 28  1 33
 2457089.25 2015  3  7 17 55   2457090.09 2015  3  8 14 15   2457090.94 2015  3  9 10 35
 2457098.62 2015  3 17  2 52   2457099.47 2015  3 17 23 14   2457100.32 2015  3 18 19 36
 2457107.99 2015  3 26 11 48   2457108.84 2015  3 27  8 13   2457109.69 2015  3 28  4 38
 2457117.36 2015  4  4 20 44   2457118.22 2015  4  5 17 12   2457119.07 2015  4  6 13 40
 2457126.74 2015  4 14  5 40   2457127.59 2015  4 15  2 11   2457128.45 2015  4 15 22 42
 2457136.11 2015  4 23 14 37   2457136.97 2015  4 24 11 10   2457137.82 2015  4 25  7 43
 2457145.48 2015  5  2 23 33   2457146.34 2015  5  3 20  9   2457147.20 2015  5  4 16 45
 2457154.85 2015  5 12  8 29   2457155.71 2015  5 13  5  8   2457156.57 2015  5 14  1 47
 2457164.23 2015  5 21 17 26   2457165.09 2015  5 22 14  7   2457165.95 2015  5 23 10 48
 2457173.60 2015  5 31  2 22   2457174.46 2015  5 31 23  6   2457175.33 2015  6  1 19 50
 2457182.97 2015  6  9 11 18   2457183.84 2015  6 10  8  5   2457184.70 2015  6 11  4 52
 2457192.34 2015  6 18 20 14   2457193.21 2015  6 19 17  4   2457194.08 2015  6 20 13 54
 2457201.72 2015  6 28  5 11   2457202.59 2015  6 29  2  3   2457203.46 2015  6 29 22 55
 2457211.09 2015  7  7 14  7   2457211.96 2015  7  8 11  2   2457212.83 2015  7  9  7 57
 2457220.46 2015  7 16 23  3   2457221.33 2015  7 17 20  1   2457222.21 2015  7 18 16 59
 2457229.83 2015  7 26  7 59   2457230.71 2015  7 27  5  0   2457231.58 2015  7 28  2  1
 2457239.21 2015  8  4 16 56   2457240.08 2015  8  5 13 59   2457240.96 2015  8  6 11  2
 2457248.58 2015  8 14  1 52   2457249.46 2015  8 14 22 58   2457250.34 2015  8 15 20  4
 2457257.95 2015  8 23 10 48   2457258.83 2015  8 24  7 57   2457259.71 2015  8 25  5  6
 2457267.32 2015  9  1 19 44   2457268.21 2015  9  2 16 56   2457269.09 2015  9  3 14  7
 2457276.70 2015  9 11  4 41   2457277.58 2015  9 12  1 55   2457278.47 2015  9 12 23  9
 2457286.07 2015  9 20 13 37   2457286.95 2015  9 21 10 54   2457287.84 2015  9 22  8 11
 2457295.44 2015  9 29 22 33   2457296.33 2015  9 30 19 53   2457297.22 2015 10  1 17 13
 2457304.81 2015 10  9  7 29   2457305.70 2015 10 10  4 52   2457306.59 2015 10 11  2 14
 2457314.18 2015 10 18 16 26   2457315.08 2015 10 19 13 51   2457315.97 2015 10 20 11 16
 2457323.56 2015 10 28  1 22   2457324.45 2015 10 28 22 50   2457325.35 2015 10 29 20 18
 2457332.93 2015 11  6 10 18   2457333.83 2015 11  7  7 49   2457334.72 2015 11  8  5 20
 2457342.30 2015 11 15 19 14   2457343.20 2015 11 16 16 48   2457344.10 2015 11 17 14 21
 2457351.67 2015 11 25  4 11   2457352.57 2015 11 26  1 47   2457353.47 2015 11 26 23 23
 2457361.05 2015 12  4 13  7   2457361.95 2015 12  5 10 46   2457362.85 2015 12  6  8 25
 2457370.42 2015 12 13 22  3   2457371.32 2015 12 14 19 45   2457372.23 2015 12 15 17 27
 2457379.79 2015 12 23  6 59   2457380.70 2015 12 24  4 44   2457381.60 2015 12 25  2 28
 2457389.16 2016  1  1 15 56   2457390.07 2016  1  2 13 43   2457390.98 2016  1  3 11 30
 2457398.54 2016  1 11  0 52   2457399.45 2016  1 11 22 42   2457400.36 2016  1 12 20 32
 2457407.91 2016  1 20  9 48   2457408.82 2016  1 21  7 41   2457409.73 2016  1 22  5 33
 2457417.28 2016  1 29 18 44   2457418.19 2016  1 30 16 40   2457419.11 2016  1 31 14 35
 2457426.65 2016  2  8  3 41   2457427.57 2016  2  9  1 39   2457428.48 2016  2  9 23 37
 2457436.03 2016  2 17 12 37   2457436.94 2016  2 18 10 38   2457437.86 2016  2 19  8 39
 2457445.40 2016  2 26 21 33   2457446.32 2016  2 27 19 37   2457447.24 2016  2 28 17 40
 2457454.77 2016  3  7  6 29   2457455.69 2016  3  8  4 36   2457456.61 2016  3  9  2 42
 2457464.14 2016  3 16 15 26   2457465.07 2016  3 17 13 35   2457465.99 2016  3 18 11 44
 2457473.52 2016  3 26  0 22   2457474.44 2016  3 26 22 34   2457475.37 2016  3 27 20 46
 2457482.89 2016  4  4  9 18   2457483.81 2016  4  5  7 33   2457484.74 2016  4  6  5 47
 2457492.26 2016  4 13 18 14   2457493.19 2016  4 14 16 32   2457494.12 2016  4 15 14 49
 2457501.63 2016  4 23  3 11   2457502.56 2016  4 24  1 31   2457503.49 2016  4 24 23 51
 2457511.01 2016  5  2 12  7   2457511.94 2016  5  3 10 30   2457512.87 2016  5  4  8 52
 2457520.38 2016  5 11 21  3   2457521.31 2016  5 12 19 29   2457522.25 2016  5 13 17 54
 2457529.75 2016  5 21  5 59   2457530.69 2016  5 22  4 28   2457531.62 2016  5 23  2 56
 2457539.12 2016  5 30 14 56   2457540.06 2016  5 31 13 27   2457541.00 2016  6  1 11 58
 2457548.49 2016  6  8 23 52   2457549.43 2016  6  9 22 26   2457550.37 2016  6 10 20 59
 2457557.87 2016  6 18  8 48   2457558.81 2016  6 19  7 25   2457559.75 2016  6 20  6  1
 2457567.24 2016  6 27 17 45   2457568.18 2016  6 28 16 24   2457569.13 2016  6 29 15  3
 2457576.61 2016  7  7  2 41   2457577.56 2016  7  8  1 23   2457578.50 2016  7  9  0  5
 2457585.98 2016  7 16 11 37   2457586.93 2016  7 17 10 22   2457587.88 2016  7 18  9  6
 2457595.36 2016  7 25 20 33   2457596.31 2016  7 26 19 21   2457597.26 2016  7 27 18  8
 2457604.73 2016  8  4  5 30   2457605.68 2016  8  5  4 20   2457606.63 2016  8  6  3 10
 2457614.10 2016  8 13 14 26   2457615.05 2016  8 14 13 19   2457616.01 2016  8 15 12 11
