 Predicted Transit Epochs: HD196050_ b

 Predicted Duration of a Central Transit:    27.   Hours

 Begin Transit Window           PREDICTED CENTRAL TRANSIT     End Transit Window
                                     All Times UT

                               HJD        Year M  D  H  M
 2454886.89 2009  2 24  9 16   2455077.42 2009  9  2 21 57   2455267.94 2010  3 12 10 38
 2456153.89 2012  8 14  9 16   2456398.42 2013  4 15 21 57   2456642.94 2013 12 16 10 38
 2457420.89 2016  2  2  9 16   2457719.42 2016 11 26 21 57   2458017.94 2017  9 21 10 38
 2458687.89 2019  7 23  9 16   2459040.42 2020  7  9 21 57   2459392.94 2021  6 27 10 38
 2459954.89 2023  1 10  9 16   2460361.42 2024  2 20 21 57   2460767.94 2025  4  2 10 38
 2461221.89 2026  6 30  9 16   2461682.42 2027 10  3 21 57   2462142.94 2029  1  6 10 38
 2462488.89 2029 12 18  9 16   2463003.42 2031  5 16 21 57   2463517.94 2032 10 12 10 38
