 Predicted Transit Epochs: HD195019_ b

 Predicted Duration of a Central Transit:   405. Minutes

 Begin Transit Window           PREDICTED CENTRAL TRANSIT     End Transit Window
                                     All Times UT

                               HJD        Year M  D  H  M
 2454466.46 2007 12 31 22 59   2454466.89 2008  1  1  9 19   2454467.32 2008  1  1 19 38
 2454484.66 2008  1 19  3 49   2454485.09 2008  1 19 14 10   2454485.52 2008  1 20  0 31
 2454502.86 2008  2  6  8 39   2454503.29 2008  2  6 19  2   2454503.73 2008  2  7  5 24
 2454521.06 2008  2 24 13 30   2454521.50 2008  2 24 23 53   2454521.93 2008  2 25 10 17
 2454539.26 2008  3 13 18 20   2454539.70 2008  3 14  4 45   2454540.13 2008  3 14 15 10
 2454557.47 2008  3 31 23 10   2454557.90 2008  4  1  9 37   2454558.34 2008  4  1 20  3
 2454575.67 2008  4 19  4  0   2454576.10 2008  4 19 14 28   2454576.54 2008  4 20  0 56
 2454593.87 2008  5  7  8 50   2454594.31 2008  5  7 19 20   2454594.74 2008  5  8  5 49
 2454612.07 2008  5 25 13 40   2454612.51 2008  5 26  0 11   2454612.95 2008  5 26 10 42
 2454630.27 2008  6 12 18 31   2454630.71 2008  6 13  5  3   2454631.15 2008  6 13 15 35
 2454648.47 2008  6 30 23 21   2454648.91 2008  7  1  9 55   2454649.35 2008  7  1 20 29
 2454666.67 2008  7 19  4 11   2454667.12 2008  7 19 14 46   2454667.56 2008  7 20  1 22
 2454684.88 2008  8  6  9  1   2454685.32 2008  8  6 19 38   2454685.76 2008  8  7  6 15
 2454703.08 2008  8 24 13 51   2454703.52 2008  8 25  0 29   2454703.96 2008  8 25 11  8
 2454721.28 2008  9 11 18 41   2454721.72 2008  9 12  5 21   2454722.17 2008  9 12 16  1
 2454739.48 2008  9 29 23 31   2454739.93 2008  9 30 10 13   2454740.37 2008  9 30 20 54
 2454757.68 2008 10 18  4 22   2454758.13 2008 10 18 15  4   2454758.57 2008 10 19  1 47
 2454775.88 2008 11  5  9 12   2454776.33 2008 11  5 19 56   2454776.78 2008 11  6  6 40
 2454794.09 2008 11 23 14  2   2454794.53 2008 11 24  0 47   2454794.98 2008 11 24 11 33
 2454812.29 2008 12 11 18 52   2454812.74 2008 12 12  5 39   2454813.18 2008 12 12 16 26
 2454830.49 2008 12 29 23 42   2454830.94 2008 12 30 10 31   2454831.39 2008 12 30 21 19
 2454848.69 2009  1 17  4 32   2454849.14 2009  1 17 15 22   2454849.59 2009  1 18  2 12
 2454866.89 2009  2  4  9 23   2454867.34 2009  2  4 20 14   2454867.80 2009  2  5  7  5
 2454885.09 2009  2 22 14 13   2454885.55 2009  2 23  1  5   2454886.00 2009  2 23 11 58
 2454903.29 2009  3 12 19  3   2454903.75 2009  3 13  5 57   2454904.20 2009  3 13 16 51
 2454921.50 2009  3 30 23 53   2454921.95 2009  3 31 10 49   2454922.41 2009  3 31 21 44
 2454939.70 2009  4 18  4 43   2454940.15 2009  4 18 15 40   2454940.61 2009  4 19  2 37
 2454957.90 2009  5  6  9 33   2454958.36 2009  5  6 20 32   2454958.81 2009  5  7  7 30
 2454976.10 2009  5 24 14 24   2454976.56 2009  5 25  1 23   2454977.02 2009  5 25 12 23
 2454994.30 2009  6 11 19 14   2454994.76 2009  6 12  6 15   2454995.22 2009  6 12 17 16
 2455012.50 2009  6 30  0  4   2455012.96 2009  6 30 11  7   2455013.42 2009  6 30 22  9
 2455030.70 2009  7 18  4 54   2455031.17 2009  7 18 15 58   2455031.63 2009  7 19  3  2
 2455048.91 2009  8  5  9 44   2455049.37 2009  8  5 20 50   2455049.83 2009  8  6  7 55
 2455067.11 2009  8 23 14 34   2455067.57 2009  8 24  1 41   2455068.03 2009  8 24 12 48
 2455085.31 2009  9 10 19 25   2455085.77 2009  9 11  6 33   2455086.24 2009  9 11 17 41
 2455103.51 2009  9 29  0 15   2455103.98 2009  9 29 11 25   2455104.44 2009  9 29 22 35
 2455121.71 2009 10 17  5  5   2455122.18 2009 10 17 16 16   2455122.64 2009 10 18  3 28
 2455139.91 2009 11  4  9 55   2455140.38 2009 11  4 21  8   2455140.85 2009 11  5  8 21
 2455158.12 2009 11 22 14 45   2455158.58 2009 11 23  1 59   2455159.05 2009 11 23 13 14
 2455176.32 2009 12 10 19 35   2455176.79 2009 12 11  6 51   2455177.25 2009 12 11 18  7
 2455194.52 2009 12 29  0 25   2455194.99 2009 12 29 11 43   2455195.46 2009 12 29 23  0
 2455212.72 2010  1 16  5 16   2455213.19 2010  1 16 16 34   2455213.66 2010  1 17  3 53
 2455230.92 2010  2  3 10  6   2455231.39 2010  2  3 21 26   2455231.87 2010  2  4  8 46
 2455249.12 2010  2 21 14 56   2455249.60 2010  2 22  2 17   2455250.07 2010  2 22 13 39
 2455267.32 2010  3 11 19 46   2455267.80 2010  3 12  7  9   2455268.27 2010  3 12 18 32
 2455285.53 2010  3 30  0 36   2455286.00 2010  3 30 12  1   2455286.48 2010  3 30 23 25
 2455303.73 2010  4 17  5 26   2455304.20 2010  4 17 16 52   2455304.68 2010  4 18  4 18
 2455321.93 2010  5  5 10 17   2455322.41 2010  5  5 21 44   2455322.88 2010  5  6  9 11
