 Predicted Transit Epochs: HD190360_ b

 Predicted Duration of a Central Transit:   270. Minutes

 Begin Transit Window           PREDICTED CENTRAL TRANSIT     End Transit Window
                                     All Times UT

                               HJD        Year M  D  H  M
 2456767.28 2014  4 19 18 48   2456769.84 2014  4 22  8  2   2456772.39 2014  4 24 21 17
 2456784.38 2014  5  6 21  3   2456786.94 2014  5  9 10 32   2456789.50 2014  5 12  0  1
 2456801.47 2014  5 23 23 19   2456804.04 2014  5 26 13  2   2456806.62 2014  5 29  2 45
 2456818.57 2014  6 10  1 34   2456821.15 2014  6 12 15 32   2456823.73 2014  6 15  5 29
 2456835.66 2014  6 27  3 49   2456838.25 2014  6 29 18  1   2456840.84 2014  7  2  8 13
 2456852.75 2014  7 14  6  5   2456855.36 2014  7 16 20 31   2456857.96 2014  7 19 10 58
 2456869.85 2014  7 31  8 20   2456872.46 2014  8  2 23  1   2456875.07 2014  8  5 13 42
 2456886.94 2014  8 17 10 35   2456889.56 2014  8 20  1 31   2456892.19 2014  8 22 16 26
 2456904.04 2014  9  3 12 51   2456906.67 2014  9  6  4  0   2456909.30 2014  9  8 19 10
 2456921.13 2014  9 20 15  6   2456923.77 2014  9 23  6 30   2456926.41 2014  9 25 21 54
 2456938.22 2014 10  7 17 21   2456940.88 2014 10 10  9  0   2456943.53 2014 10 13  0 38
 2456955.32 2014 10 24 19 37   2456957.98 2014 10 27 11 30   2456960.64 2014 10 30  3 23
 2456972.41 2014 11 10 21 52   2456975.08 2014 11 13 13 59   2456977.76 2014 11 16  6  7
 2456989.51 2014 11 28  0  8   2456992.19 2014 11 30 16 29   2456994.87 2014 12  3  8 51
 2457006.60 2014 12 15  2 23   2457009.29 2014 12 17 18 59   2457011.98 2014 12 20 11 35
 2457023.69 2015  1  1  4 38   2457026.40 2015  1  3 21 29   2457029.10 2015  1  6 14 19
 2457040.79 2015  1 18  6 54   2457043.50 2015  1 20 23 58   2457046.21 2015  1 23 17  3
 2457057.88 2015  2  4  9  9   2457060.60 2015  2  7  2 28   2457063.33 2015  2  9 19 48
 2457074.98 2015  2 21 11 24   2457077.71 2015  2 24  4 58   2457080.44 2015  2 26 22 32
 2457092.07 2015  3 10 13 40   2457094.81 2015  3 13  7 28   2457097.55 2015  3 16  1 16
 2457109.16 2015  3 27 15 55   2457111.92 2015  3 30  9 58   2457114.67 2015  4  2  4  0
 2457126.26 2015  4 13 18 10   2457129.02 2015  4 16 12 27   2457131.78 2015  4 19  6 44
 2457143.35 2015  4 30 20 26   2457146.12 2015  5  3 14 57   2457148.90 2015  5  6  9 28
 2457160.45 2015  5 17 22 41   2457163.23 2015  5 20 17 27   2457166.01 2015  5 23 12 13
 2457177.54 2015  6  4  0 56   2457180.33 2015  6  6 19 57   2457183.12 2015  6  9 14 57
 2457194.63 2015  6 21  3 12   2457197.44 2015  6 23 22 26   2457200.24 2015  6 26 17 41
 2457211.73 2015  7  8  5 27   2457214.54 2015  7 11  0 56   2457217.35 2015  7 13 20 25
 2457228.82 2015  7 25  7 43   2457231.64 2015  7 28  3 26   2457234.47 2015  7 30 23  9
 2457245.92 2015  8 11  9 58   2457248.75 2015  8 14  5 56   2457251.58 2015  8 17  1 53
 2457263.01 2015  8 28 12 13   2457265.85 2015  8 31  8 25   2457268.69 2015  9  3  4 37
 2457280.10 2015  9 14 14 29   2457282.96 2015  9 17 10 55   2457285.81 2015  9 20  7 22
 2457297.20 2015 10  1 16 44   2457300.06 2015 10  4 13 25   2457302.92 2015 10  7 10  6
 2457314.29 2015 10 18 18 59   2457317.16 2015 10 21 15 55   2457320.04 2015 10 24 12 50
 2457331.39 2015 11  4 21 15   2457334.27 2015 11  7 18 24   2457337.15 2015 11 10 15 34
 2457348.48 2015 11 21 23 30   2457351.37 2015 11 24 20 54   2457354.26 2015 11 27 18 18
 2457365.57 2015 12  9  1 45   2457368.48 2015 12 11 23 24   2457371.38 2015 12 14 21  2
 2457382.67 2015 12 26  4  1   2457385.58 2015 12 29  1 54   2457388.49 2015 12 31 23 47
 2457399.76 2016  1 12  6 16   2457402.68 2016  1 15  4 23   2457405.61 2016  1 18  2 31
 2457416.86 2016  1 29  8 32   2457419.79 2016  2  1  6 53   2457422.72 2016  2  4  5 15
 2457433.95 2016  2 15 10 47   2457436.89 2016  2 18  9 23   2457439.83 2016  2 21  7 59
 2457451.04 2016  3  3 13  2   2457454.00 2016  3  6 11 53   2457456.95 2016  3  9 10 43
 2457468.14 2016  3 20 15 18   2457471.10 2016  3 23 14 22   2457474.06 2016  3 26 13 27
 2457485.23 2016  4  6 17 33   2457488.20 2016  4  9 16 52   2457491.18 2016  4 12 16 12
 2457502.33 2016  4 23 19 48   2457505.31 2016  4 26 19 22   2457508.29 2016  4 29 18 56
 2457519.42 2016  5 10 22  4   2457522.41 2016  5 13 21 52   2457525.40 2016  5 16 21 40
 2457536.51 2016  5 28  0 19   2457539.52 2016  5 31  0 22   2457542.52 2016  6  3  0 24
 2457553.61 2016  6 14  2 34   2457556.62 2016  6 17  2 51   2457559.63 2016  6 20  3  8
 2457570.70 2016  7  1  4 50   2457573.72 2016  7  4  5 21   2457576.75 2016  7  7  5 52
 2457587.80 2016  7 18  7  5   2457590.83 2016  7 21  7 51   2457593.86 2016  7 24  8 37
 2457604.89 2016  8  4  9 20   2457607.93 2016  8  7 10 21   2457610.97 2016  8 10 11 21
