 Predicted Transit Epochs: HD19994__ c

 Predicted Duration of a Central Transit:   371. Minutes

 Begin Transit Window           PREDICTED CENTRAL TRANSIT     End Transit Window
                                     All Times UT

                               HJD        Year M  D  H  M
 2454688.26 2008  8  9 18 12   2454706.54 2008  8 28  0 55   2454724.82 2008  9 15  7 37
 2454723.11 2008  9 13 14 32   2454741.55 2008 10  2  1  8   2454759.99 2008 10 20 11 43
 2454757.95 2008 10 18 10 51   2454776.56 2008 11  6  1 20   2454795.16 2008 11 24 15 49
 2454792.80 2008 11 22  7 11   2454811.57 2008 12 11  1 33   2454830.33 2008 12 29 19 55
 2454827.65 2008 12 27  3 30   2454846.57 2009  1 15  1 46   2454865.50 2009  2  3  0  1
 2454862.49 2009  1 30 23 50   2454881.58 2009  2 19  1 59   2454900.67 2009  3 10  4  8
 2454897.34 2009  3  6 20  9   2454916.59 2009  3 26  2 11   2454935.84 2009  4 14  8 14
 2454932.19 2009  4 10 16 29   2454951.60 2009  4 30  2 24   2454971.01 2009  5 19 12 20
 2454967.03 2009  5 15 12 48   2454986.61 2009  6  4  2 37   2455006.18 2009  6 23 16 26
 2455001.88 2009  6 19  9  8   2455021.62 2009  7  9  2 50   2455041.36 2009  7 28 20 32
 2455036.73 2009  7 24  5 27   2455056.63 2009  8 13  3  2   2455076.53 2009  9  2  0 38
 2455071.57 2009  8 28  1 47   2455091.64 2009  9 17  3 15   2455111.70 2009 10  7  4 44
 2455106.42 2009 10  1 22  6   2455126.64 2009 10 22  3 28   2455146.87 2009 11 11  8 50
 2455141.27 2009 11  5 18 25   2455161.65 2009 11 26  3 41   2455182.04 2009 12 16 12 56
 2455176.11 2009 12 10 14 45   2455196.66 2009 12 31  3 53   2455217.21 2010  1 20 17  2
 2455210.96 2010  1 14 11  4   2455231.67 2010  2  4  4  6   2455252.38 2010  2 24 21  8
 2455245.81 2010  2 18  7 24   2455266.68 2010  3 11  4 19   2455287.55 2010  4  1  1 14
 2455280.66 2010  3 25  3 43   2455301.69 2010  4 15  4 32   2455322.72 2010  5  6  5 20
 2455315.50 2010  4 29  0  3   2455336.70 2010  5 20  4 44   2455357.89 2010  6 10  9 26
 2455350.35 2010  6  2 20 22   2455371.71 2010  6 24  4 57   2455393.06 2010  7 15 13 32
 2455385.20 2010  7  7 16 42   2455406.72 2010  7 29  5 10   2455428.24 2010  8 19 17 38
 2455420.04 2010  8 11 13  1   2455441.72 2010  9  2  5 23   2455463.41 2010  9 23 21 44
 2455454.89 2010  9 15  9 21   2455476.73 2010 10  7  5 35   2455498.58 2010 10 29  1 50
 2455489.74 2010 10 20  5 40   2455511.74 2010 11 11  5 48   2455533.75 2010 12  3  5 56
 2455524.58 2010 11 24  2  0   2455546.75 2010 12 16  6  1   2455568.92 2011  1  7 10  2
 2455559.43 2010 12 28 22 19   2455581.76 2011  1 20  6 14   2455604.09 2011  2 11 14  8
 2455594.28 2011  2  1 18 39   2455616.77 2011  2 24  6 26   2455639.26 2011  3 18 18 14
 2455629.12 2011  3  8 14 58   2455651.78 2011  3 31  6 39   2455674.43 2011  4 22 22 20
 2455663.97 2011  4 12 11 18   2455686.79 2011  5  5  6 52   2455709.60 2011  5 28  2 26
 2455698.82 2011  5 17  7 37   2455721.80 2011  6  9  7  5   2455744.77 2011  7  2  6 32
 2455733.66 2011  6 21  3 56   2455756.80 2011  7 14  7 17   2455779.94 2011  8  6 10 38
 2455768.51 2011  7 26  0 16   2455791.81 2011  8 18  7 30   2455815.11 2011  9 10 14 44
 2455803.36 2011  8 29 20 35   2455826.82 2011  9 22  7 43   2455850.29 2011 10 15 18 50
 2455838.21 2011 10  3 16 55   2455861.83 2011 10 27  7 56   2455885.46 2011 11 19 22 56
 2455873.05 2011 11  7 13 14   2455896.84 2011 12  1  8  8   2455920.63 2011 12 25  3  2
 2455907.90 2011 12 12  9 34   2455931.85 2012  1  5  8 21   2455955.80 2012  1 29  7  8
 2455942.75 2012  1 16  5 53   2455966.86 2012  2  9  8 34   2455990.97 2012  3  4 11 15
 2455977.59 2012  2 20  2 13   2456001.87 2012  3 15  8 47   2456026.14 2012  4  8 15 21
 2456012.44 2012  3 25 22 32   2456036.87 2012  4 19  8 59   2456061.31 2012  5 13 19 27
 2456047.29 2012  4 29 18 52   2456071.88 2012  5 24  9 12   2456096.48 2012  6 17 23 33
 2456082.13 2012  6  3 15 11   2456106.89 2012  6 28  9 25   2456131.65 2012  7 23  3 39
 2456116.98 2012  7  8 11 31   2456141.90 2012  8  2  9 38   2456166.82 2012  8 27  7 45
 2456151.83 2012  8 12  7 50   2456176.91 2012  9  6  9 50   2456201.99 2012 10  1 11 51
 2456186.67 2012  9 16  4 10   2456211.92 2012 10 11 10  3   2456237.16 2012 11  5 15 57
 2456221.52 2012 10 21  0 29   2456246.93 2012 11 15 10 16   2456272.34 2012 12 10 20  3
 2456256.37 2012 11 24 20 49   2456281.94 2012 12 20 10 29   2456307.51 2013  1 15  0  9
 2456291.21 2012 12 29 17  8   2456316.95 2013  1 24 10 41   2456342.68 2013  2 19  4 15
 2456326.06 2013  2  2 13 28   2456351.95 2013  2 28 10 54   2456377.85 2013  3 26  8 21
 2456360.91 2013  3  9  9 47   2456386.96 2013  4  4 11  7   2456413.02 2013  4 30 12 27
 2456395.75 2013  4 13  6  6   2456421.97 2013  5  9 11 20   2456448.19 2013  6  4 16 33
 2456430.60 2013  5 18  2 26   2456456.98 2013  6 13 11 32   2456483.36 2013  7  9 20 39
 2456465.45 2013  6 21 22 45   2456491.99 2013  7 18 11 45   2456518.53 2013  8 14  0 45
 2456500.30 2013  7 26 19  5   2456527.00 2013  8 22 11 58   2456553.70 2013  9 18  4 51
 2456535.14 2013  8 30 15 24   2456562.01 2013  9 26 12 11   2456588.87 2013 10 23  8 57
 2456569.99 2013 10  4 11 44   2456597.02 2013 10 31 12 23   2456624.04 2013 11 27 13  3
 2456604.84 2013 11  8  8  3   2456632.03 2013 12  5 12 36   2456659.22 2014  1  1 17  9
 2456639.68 2013 12 13  4 23   2456667.03 2014  1  9 12 49   2456694.39 2014  2  5 21 15
 2456674.53 2014  1 17  0 42   2456702.04 2014  2 13 13  2   2456729.56 2014  3 13  1 21
 2456709.38 2014  2 20 21  2   2456737.05 2014  3 20 13 14   2456764.73 2014  4 17  5 27
 2456744.22 2014  3 27 17 21   2456772.06 2014  4 24 13 27   2456799.90 2014  5 22  9 33
 2456779.07 2014  5  1 13 41   2456807.07 2014  5 29 13 40   2456835.07 2014  6 26 13 39
 2456813.92 2014  6  5 10  0   2456842.08 2014  7  3 13 53   2456870.24 2014  7 31 17 45
 2456848.76 2014  7 10  6 20   2456877.09 2014  8  7 14  5   2456905.41 2014  9  4 21 51
 2456883.61 2014  8 14  2 39   2456912.10 2014  9 11 14 18   2456940.58 2014 10 10  1 57
 2456918.46 2014  9 17 22 59   2456947.11 2014 10 16 14 31   2456975.75 2014 11 14  6  3
 2456953.30 2014 10 22 19 18   2456982.11 2014 11 20 14 44   2457010.92 2014 12 19 10  9
 2456988.15 2014 11 26 15 37   2457017.12 2014 12 25 14 56   2457046.09 2015  1 23 14 15
 2457023.00 2014 12 31 11 57   2457052.13 2015  1 29 15  9   2457081.27 2015  2 27 18 21
 2457057.85 2015  2  4  8 16   2457087.14 2015  3  5 15 22   2457116.44 2015  4  3 22 28
 2457092.69 2015  3 11  4 36   2457122.15 2015  4  9 15 35   2457151.61 2015  5  9  2 34
 2457127.54 2015  4 15  0 55   2457157.16 2015  5 14 15 47   2457186.78 2015  6 13  6 40
 2457162.39 2015  5 19 21 15   2457192.17 2015  6 18 16  0   2457221.95 2015  7 18 10 46
 2457197.23 2015  6 23 17 34   2457227.18 2015  7 23 16 13   2457257.12 2015  8 22 14 52
 2457232.08 2015  7 28 13 54   2457262.18 2015  8 27 16 26   2457292.29 2015  9 26 18 58
 2457266.93 2015  9  1 10 13   2457297.19 2015 10  1 16 38   2457327.46 2015 10 31 23  4
 2457301.77 2015 10  6  6 33   2457332.20 2015 11  5 16 51   2457362.63 2015 12  6  3 10
 2457336.62 2015 11 10  2 52   2457367.21 2015 12 10 17  4   2457397.80 2016  1 10  7 16
 2457371.47 2015 12 14 23 12   2457402.22 2016  1 14 17 17   2457432.97 2016  2 14 11 22
 2457406.31 2016  1 18 19 31   2457437.23 2016  2 18 17 29   2457468.14 2016  3 20 15 28
 2457441.16 2016  2 22 15 51   2457472.24 2016  3 24 17 42   2457503.32 2016  4 24 19 34
 2457476.01 2016  3 28 12 10   2457507.25 2016  4 28 17 55   2457538.49 2016  5 29 23 40
 2457510.85 2016  5  2  8 30   2457542.26 2016  6  2 18  8   2457573.66 2016  7  4  3 46
 2457545.70 2016  6  6  4 49   2457577.26 2016  7  7 18 20   2457608.83 2016  8  8  7 52
 2457580.55 2016  7 11  1  8   2457612.27 2016  8 11 18 33   2457644.00 2016  9 12 11 58
 2457615.39 2016  8 14 21 28   2457647.28 2016  9 15 18 46   2457679.17 2016 10 17 16  4
 2457650.24 2016  9 18 17 47   2457682.29 2016 10 20 18 59   2457714.34 2016 11 21 20 10
 2457685.09 2016 10 23 14  7   2457717.30 2016 11 24 19 12   2457749.51 2016 12 27  0 16
 2457719.94 2016 11 27 10 26   2457752.31 2016 12 29 19 24   2457784.68 2017  1 31  4 22
 2457754.78 2017  1  1  6 46   2457787.32 2017  2  2 19 37   2457819.85 2017  3  7  8 28
 2457789.63 2017  2  5  3  5   2457822.33 2017  3  9 19 50   2457855.02 2017  4 11 12 34
 2457824.48 2017  3 11 23 25   2457857.34 2017  4 13 20  3   2457890.19 2017  5 16 16 40
 2457859.32 2017  4 15 19 44   2457892.34 2017  5 18 20 15   2457925.37 2017  6 20 20 46
 2457894.17 2017  5 20 16  4   2457927.35 2017  6 22 20 28   2457960.54 2017  7 26  0 52
 2457929.02 2017  6 24 12 23   2457962.36 2017  7 27 20 41   2457995.71 2017  8 30  4 58
 2457963.86 2017  7 29  8 43   2457997.37 2017  8 31 20 54   2458030.88 2017 10  4  9  4
 2457998.71 2017  9  2  5  2   2458032.38 2017 10  5 21  6   2458066.05 2017 11  8 13 10
 2458033.56 2017 10  7  1 22   2458067.39 2017 11  9 21 19   2458101.22 2017 12 13 17 16
 2458068.40 2017 11 10 21 41   2458102.40 2017 12 14 21 32   2458136.39 2018  1 17 21 22
 2458103.25 2017 12 15 18  1   2458137.41 2018  1 18 21 45   2458171.56 2018  2 22  1 28
 2458138.10 2018  1 19 14 20   2458172.42 2018  2 22 21 57   2458206.73 2018  3 29  5 35
 2458172.94 2018  2 23 10 40   2458207.42 2018  3 29 22 10   2458241.90 2018  5  3  9 41
 2458207.79 2018  3 30  6 59   2458242.43 2018  5  3 22 23   2458277.07 2018  6  7 13 47
 2458242.64 2018  5  4  3 18   2458277.44 2018  6  7 22 36   2458312.25 2018  7 12 17 53
 2458277.49 2018  6  7 23 38   2458312.45 2018  7 12 22 48   2458347.42 2018  8 16 21 59
 2458312.33 2018  7 12 19 57   2458347.46 2018  8 16 23  1   2458382.59 2018  9 21  2  5
 2458347.18 2018  8 16 16 17   2458382.47 2018  9 20 23 14   2458417.76 2018 10 26  6 11
 2458382.03 2018  9 20 12 36   2458417.48 2018 10 25 23 27   2458452.93 2018 11 30 10 17
 2458416.87 2018 10 25  8 56   2458452.49 2018 11 29 23 39   2458488.10 2019  1  4 14 23
 2458451.72 2018 11 29  5 15   2458487.49 2019  1  3 23 52   2458523.27 2019  2  8 18 29
 2458486.57 2019  1  3  1 35   2458522.50 2019  2  8  0  5   2458558.44 2019  3 15 22 35
 2458521.41 2019  2  6 21 54   2458557.51 2019  3 15  0 18   2458593.61 2019  4 20  2 41
 2458556.26 2019  3 13 18 14   2458592.52 2019  4 19  0 30   2458628.78 2019  5 25  6 47
 2458591.11 2019  4 17 14 33   2458627.53 2019  5 24  0 43   2458663.95 2019  6 29 10 53
 2458625.95 2019  5 22 10 53   2458662.54 2019  6 28  0 56   2458699.12 2019  8  3 14 59
 2458660.80 2019  6 26  7 12   2458697.55 2019  8  2  1  9   2458734.30 2019  9  7 19  5
 2458695.65 2019  7 31  3 32   2458732.56 2019  9  6  1 21   2458769.47 2019 10 12 23 11
 2458730.49 2019  9  3 23 51   2458767.57 2019 10 11  1 34   2458804.64 2019 11 17  3 17
 2458765.34 2019 10  8 20 11   2458802.57 2019 11 15  1 47   2458839.81 2019 12 22  7 23
 2458800.19 2019 11 12 16 30   2458837.58 2019 12 20  2  0   2458874.98 2020  1 26 11 29
 2458835.03 2019 12 17 12 49   2458872.59 2020  1 24  2 12   2458910.15 2020  3  1 15 35
 2458869.88 2020  1 21  9  9   2458907.60 2020  2 28  2 25   2458945.32 2020  4  5 19 41
 2458904.73 2020  2 25  5 28   2458942.61 2020  4  3  2 38   2458980.49 2020  5 10 23 47
 2458939.58 2020  3 31  1 48   2458977.62 2020  5  8  2 51   2459015.66 2020  6 15  3 53
 2458974.42 2020  5  4 22  7   2459012.63 2020  6 12  3  3   2459050.83 2020  7 20  7 59
 2459009.27 2020  6  8 18 27   2459047.64 2020  7 17  3 16   2459086.00 2020  8 24 12  5
 2459044.12 2020  7 13 14 46   2459082.65 2020  8 21  3 29   2459121.17 2020  9 28 16 11
 2459078.96 2020  8 17 11  6   2459117.65 2020  9 25  3 42   2459156.35 2020 11  2 20 17
 2459113.81 2020  9 21  7 25   2459152.66 2020 10 30  3 54   2459191.52 2020 12  8  0 23
 2459148.66 2020 10 26  3 45   2459187.67 2020 12  4  4  7   2459226.69 2021  1 12  4 29
 2459183.50 2020 11 30  0  4   2459222.68 2021  1  8  4 20   2459261.86 2021  2 16  8 35
 2459218.35 2021  1  3 20 24   2459257.69 2021  2 12  4 33   2459297.03 2021  3 23 12 41
 2459253.20 2021  2  7 16 43   2459292.70 2021  3 19  4 45   2459332.20 2021  4 27 16 48
 2459288.04 2021  3 14 13  3   2459327.71 2021  4 23  4 58   2459367.37 2021  6  1 20 54
 2459322.89 2021  4 18  9 22   2459362.72 2021  5 28  5 11   2459402.54 2021  7  7  1  0
 2459357.74 2021  5 23  5 42   2459397.73 2021  7  2  5 24   2459437.71 2021  8 11  5  6
 2459392.58 2021  6 27  2  1   2459432.73 2021  8  6  5 36   2459472.88 2021  9 15  9 12
 2459427.43 2021  7 31 22 20   2459467.74 2021  9 10  5 49   2459508.05 2021 10 20 13 18
 2459462.28 2021  9  4 18 40   2459502.75 2021 10 15  6  2   2459543.23 2021 11 24 17 24
 2459497.12 2021 10  9 14 59   2459537.76 2021 11 19  6 15   2459578.40 2021 12 29 21 30
 2459531.97 2021 11 13 11 19   2459572.77 2021 12 24  6 27   2459613.57 2022  2  3  1 36
 2459566.82 2021 12 18  7 38   2459607.78 2022  1 28  6 40   2459648.74 2022  3 10  5 42
 2459601.67 2022  1 22  3 58   2459642.79 2022  3  4  6 53   2459683.91 2022  4 14  9 48
 2459636.51 2022  2 26  0 17   2459677.80 2022  4  8  7  6   2459719.08 2022  5 19 13 54
 2459671.36 2022  4  1 20 37   2459712.80 2022  5 13  7 18   2459754.25 2022  6 23 18  0
 2459706.21 2022  5  6 16 56   2459747.81 2022  6 17  7 31   2459789.42 2022  7 28 22  6
 2459741.05 2022  6 10 13 16   2459782.82 2022  7 22  7 44   2459824.59 2022  9  2  2 12
 2459775.90 2022  7 15  9 35   2459817.83 2022  8 26  7 57   2459859.76 2022 10  7  6 18
 2459810.75 2022  8 19  5 55   2459852.84 2022  9 30  8  9   2459894.93 2022 11 11 10 24
 2459845.59 2022  9 23  2 14   2459887.85 2022 11  4  8 22   2459930.10 2022 12 16 14 30
 2459880.44 2022 10 27 22 34   2459922.86 2022 12  9  8 35   2459965.28 2023  1 20 18 36
 2459915.29 2022 12  1 18 53   2459957.87 2023  1 13  8 48   2460000.45 2023  2 24 22 42
 2459950.13 2023  1  5 15 13   2459992.88 2023  2 17  9  0   2460035.62 2023  4  1  2 48
 2459984.98 2023  2  9 11 32   2460027.88 2023  3 24  9 13   2460070.79 2023  5  6  6 54
 2460019.83 2023  3 16  7 52   2460062.89 2023  4 28  9 26   2460105.96 2023  6 10 11  0
 2460054.67 2023  4 20  4 11   2460097.90 2023  6  2  9 39   2460141.13 2023  7 15 15  6
 2460089.52 2023  5 25  0 30   2460132.91 2023  7  7  9 51   2460176.30 2023  8 19 19 12
 2460124.37 2023  6 28 20 50   2460167.92 2023  8 11 10  4   2460211.47 2023  9 23 23 18
 2460159.22 2023  8  2 17  9   2460202.93 2023  9 15 10 17   2460246.64 2023 10 29  3 24
 2460194.06 2023  9  6 13 29   2460237.94 2023 10 20 10 30   2460281.81 2023 12  3  7 30
 2460228.91 2023 10 11  9 48   2460272.95 2023 11 24 10 42   2460316.98 2024  1  7 11 36
 2460263.76 2023 11 15  6  8   2460307.96 2023 12 29 10 55   2460352.15 2024  2 11 15 42
 2460298.60 2023 12 20  2 27   2460342.96 2024  2  2 11  8   2460387.33 2024  3 17 19 48
 2460333.45 2024  1 23 22 47   2460377.97 2024  3  8 11 21   2460422.50 2024  4 21 23 55
 2460368.30 2024  2 27 19  6   2460412.98 2024  4 12 11 33   2460457.67 2024  5 27  4  1
 2460403.14 2024  4  2 15 26   2460447.99 2024  5 17 11 46   2460492.84 2024  7  1  8  7
 2460437.99 2024  5  7 11 45   2460483.00 2024  6 21 11 59   2460528.01 2024  8  5 12 13
 2460472.84 2024  6 11  8  5   2460518.01 2024  7 26 12 12   2460563.18 2024  9  9 16 19
 2460507.68 2024  7 16  4 24   2460553.02 2024  8 30 12 24   2460598.35 2024 10 14 20 25
 2460542.53 2024  8 20  0 44   2460588.03 2024 10  4 12 37   2460633.52 2024 11 19  0 31
 2460577.38 2024  9 23 21  3   2460623.03 2024 11  8 12 50   2460668.69 2024 12 24  4 37
 2460612.22 2024 10 28 17 23   2460658.04 2024 12 13 13  3   2460703.86 2025  1 28  8 43
 2460647.07 2024 12  2 13 42   2460693.05 2025  1 17 13 15   2460739.03 2025  3  4 12 49
 2460681.92 2025  1  6 10  1   2460728.06 2025  2 21 13 28   2460774.21 2025  4  8 16 55
 2460716.76 2025  2 10  6 21   2460763.07 2025  3 28 13 41   2460809.38 2025  5 13 21  1
 2460751.61 2025  3 17  2 40   2460798.08 2025  5  2 13 54   2460844.55 2025  6 18  1  7
 2460786.46 2025  4 20 23  0   2460833.09 2025  6  6 14  6   2460879.72 2025  7 23  5 13
 2460821.31 2025  5 25 19 19   2460868.10 2025  7 11 14 19   2460914.89 2025  8 27  9 19
 2460856.15 2025  6 29 15 39   2460903.11 2025  8 15 14 32   2460950.06 2025 10  1 13 25
 2460891.00 2025  8  3 11 58   2460938.11 2025  9 19 14 45   2460985.23 2025 11  5 17 31
 2460925.85 2025  9  7  8 18   2460973.12 2025 10 24 14 57   2461020.40 2025 12 10 21 37
 2460960.69 2025 10 12  4 37   2461008.13 2025 11 28 15 10   2461055.57 2026  1 15  1 43
 2460995.54 2025 11 16  0 57   2461043.14 2026  1  2 15 23   2461090.74 2026  2 19  5 49
 2461030.39 2025 12 20 21 16   2461078.15 2026  2  6 15 36   2461125.91 2026  3 26  9 55
 2461065.23 2026  1 24 17 36   2461113.16 2026  3 13 15 48   2461161.08 2026  4 30 14  1
 2461100.08 2026  2 28 13 55   2461148.17 2026  4 17 16  1   2461196.26 2026  6  4 18  7
 2461134.93 2026  4  4 10 15   2461183.18 2026  5 22 16 14   2461231.43 2026  7  9 22 13
 2461169.77 2026  5  9  6 34   2461218.19 2026  6 26 16 27   2461266.60 2026  8 14  2 19
 2461204.62 2026  6 13  2 54   2461253.19 2026  7 31 16 39   2461301.77 2026  9 18  6 25
 2461239.47 2026  7 17 23 13   2461288.20 2026  9  4 16 52   2461336.94 2026 10 23 10 31
 2461274.31 2026  8 21 19 32   2461323.21 2026 10  9 17  5   2461372.11 2026 11 27 14 37
 2461309.16 2026  9 25 15 52   2461358.22 2026 11 13 17 18   2461407.28 2027  1  1 18 43
 2461344.01 2026 10 30 12 11   2461393.23 2026 12 18 17 30   2461442.45 2027  2  5 22 49
 2461378.86 2026 12  4  8 31   2461428.24 2027  1 22 17 43   2461477.62 2027  3 13  2 55
 2461413.70 2027  1  8  4 50   2461463.25 2027  2 26 17 56   2461512.79 2027  4 17  7  2
 2461448.55 2027  2 12  1 10   2461498.26 2027  4  2 18  9   2461547.96 2027  5 22 11  8
 2461483.40 2027  3 18 21 29   2461533.27 2027  5  7 18 21   2461583.13 2027  6 26 15 14
 2461518.24 2027  4 22 17 49   2461568.27 2027  6 11 18 34   2461618.31 2027  7 31 19 20
 2461553.09 2027  5 27 14  8   2461603.28 2027  7 16 18 47   2461653.48 2027  9  4 23 26
 2461587.94 2027  7  1 10 28   2461638.29 2027  8 20 19  0   2461688.65 2027 10 10  3 32
 2461622.78 2027  8  5  6 47   2461673.30 2027  9 24 19 12   2461723.82 2027 11 14  7 38
 2461657.63 2027  9  9  3  7   2461708.31 2027 10 29 19 25   2461758.99 2027 12 19 11 44
 2461692.48 2027 10 13 23 26   2461743.32 2027 12  3 19 38   2461794.16 2028  1 23 15 50
 2461727.32 2027 11 17 19 46   2461778.33 2028  1  7 19 51   2461829.33 2028  2 27 19 56
 2461762.17 2027 12 22 16  5   2461813.34 2028  2 11 20  3   2461864.50 2028  4  3  0  2
 2461797.02 2028  1 26 12 25   2461848.34 2028  3 17 20 16   2461899.67 2028  5  8  4  8
 2461831.86 2028  3  1  8 44   2461883.35 2028  4 21 20 29   2461934.84 2028  6 12  8 14
 2461866.71 2028  4  5  5  4   2461918.36 2028  5 26 20 42   2461970.01 2028  7 17 12 20
 2461901.56 2028  5 10  1 23   2461953.37 2028  6 30 20 54   2462005.19 2028  8 21 16 26
 2461936.40 2028  6 13 21 42   2461988.38 2028  8  4 21  7   2462040.36 2028  9 25 20 32
 2461971.25 2028  7 18 18  2   2462023.39 2028  9  8 21 20   2462075.53 2028 10 31  0 38
 2462006.10 2028  8 22 14 21   2462058.40 2028 10 13 21 33   2462110.70 2028 12  5  4 44
 2462040.95 2028  9 26 10 41   2462093.41 2028 11 17 21 45   2462145.87 2029  1  9  8 50
 2462075.79 2028 10 31  7  0   2462128.42 2028 12 22 21 58   2462181.04 2029  2 13 12 56
