 Predicted Transit Epochs: HD192263_ b

 Predicted Duration of a Central Transit:   290. Minutes

 Begin Transit Window           PREDICTED CENTRAL TRANSIT     End Transit Window
                                     All Times UT

                               HJD        Year M  D  H  M
 2456756.41 2014  4  8 21 54   2456757.57 2014  4 10  1 47   2456758.74 2014  4 11  5 41
 2456780.76 2014  5  3  6  8   2456781.92 2014  5  4 10  9   2456783.09 2014  5  5 14  9
 2456805.10 2014  5 27 14 22   2456806.27 2014  5 28 18 30   2456807.44 2014  5 29 22 37
 2456829.44 2014  6 20 22 36   2456830.62 2014  6 22  2 51   2456831.80 2014  6 23  7  5
 2456853.79 2014  7 15  6 50   2456854.97 2014  7 16 11 12   2456856.15 2014  7 17 15 34
 2456878.13 2014  8  8 15  4   2456879.31 2014  8  9 19 33   2456880.50 2014  8 11  0  2
 2456902.47 2014  9  1 23 18   2456903.66 2014  9  3  3 54   2456904.85 2014  9  4  8 30
 2456926.81 2014  9 26  7 32   2456928.01 2014  9 27 12 15   2456929.21 2014  9 28 16 59
 2456951.16 2014 10 20 15 46   2456952.36 2014 10 21 20 36   2456953.56 2014 10 23  1 27
 2456975.50 2014 11 14  0  0   2456976.71 2014 11 15  4 58   2456977.91 2014 11 16  9 55
 2456999.84 2014 12  8  8 14   2457001.05 2014 12  9 13 19   2457002.27 2014 12 10 18 24
 2457024.19 2015  1  1 16 28   2457025.40 2015  1  2 21 40   2457026.62 2015  1  4  2 52
 2457048.53 2015  1 26  0 42   2457049.75 2015  1 27  6  1   2457050.97 2015  1 28 11 20
 2457072.87 2015  2 19  8 55   2457074.10 2015  2 20 14 22   2457075.33 2015  2 21 19 49
 2457097.22 2015  3 15 17  9   2457098.45 2015  3 16 22 43   2457099.68 2015  3 18  4 17
 2457121.56 2015  4  9  1 23   2457122.79 2015  4 10  7  4   2457124.03 2015  4 11 12 45
 2457145.90 2015  5  3  9 37   2457147.14 2015  5  4 15 25   2457148.38 2015  5  5 21 14
 2457170.24 2015  5 27 17 51   2457171.49 2015  5 28 23 47   2457172.74 2015  5 30  5 42
 2457194.59 2015  6 21  2  5   2457195.84 2015  6 22  8  8   2457197.09 2015  6 23 14 10
 2457218.93 2015  7 15 10 19   2457220.19 2015  7 16 16 29   2457221.44 2015  7 17 22 39
 2457243.27 2015  8  8 18 33   2457244.53 2015  8 10  0 50   2457245.80 2015  8 11  7  7
 2457267.62 2015  9  2  2 47   2457268.88 2015  9  3  9 11   2457270.15 2015  9  4 15 35
 2457291.96 2015  9 26 11  1   2457293.23 2015  9 27 17 32   2457294.50 2015  9 29  0  4
 2457316.30 2015 10 20 19 15   2457317.58 2015 10 22  1 53   2457318.86 2015 10 23  8 32
 2457340.65 2015 11 14  3 29   2457341.93 2015 11 15 10 14   2457343.21 2015 11 16 17  0
 2457364.99 2015 12  8 11 42   2457366.27 2015 12  9 18 35   2457367.56 2015 12 11  1 29
 2457389.33 2016  1  1 19 56   2457390.62 2016  1  3  2 57   2457391.91 2016  1  4  9 57
 2457413.67 2016  1 26  4 10   2457414.97 2016  1 27 11 18   2457416.27 2016  1 28 18 25
 2457438.02 2016  2 19 12 24   2457439.32 2016  2 20 19 39   2457440.62 2016  2 22  2 53
 2457462.36 2016  3 14 20 38   2457463.67 2016  3 16  4  0   2457464.97 2016  3 17 11 22
 2457486.70 2016  4  8  4 52   2457488.01 2016  4  9 12 21   2457489.33 2016  4 10 19 50
 2457511.05 2016  5  2 13  6   2457512.36 2016  5  3 20 42   2457513.68 2016  5  5  4 18
 2457535.39 2016  5 26 21 20   2457536.71 2016  5 28  5  3   2457538.03 2016  5 29 12 47
 2457559.73 2016  6 20  5 34   2457561.06 2016  6 21 13 24   2457562.39 2016  6 22 21 15
 2457584.08 2016  7 14 13 48   2457585.41 2016  7 15 21 46   2457586.74 2016  7 17  5 43
 2457608.42 2016  8  7 22  2   2457609.75 2016  8  9  6  7   2457611.09 2016  8 10 14 12
 2457632.76 2016  9  1  6 16   2457634.10 2016  9  2 14 28   2457635.44 2016  9  3 22 40
 2457657.10 2016  9 25 14 30   2457658.45 2016  9 26 22 49   2457659.80 2016  9 28  7  8
 2457681.45 2016 10 19 22 43   2457682.80 2016 10 21  7 10   2457684.15 2016 10 22 15 37
 2457705.79 2016 11 13  6 57   2457707.15 2016 11 14 15 31   2457708.50 2016 11 16  0  5
 2457730.13 2016 12  7 15 11   2457731.49 2016 12  8 23 52   2457732.86 2016 12 10  8 33
 2457754.48 2016 12 31 23 25   2457755.84 2017  1  2  8 13   2457757.21 2017  1  3 17  2
 2457778.82 2017  1 25  7 39   2457780.19 2017  1 26 16 35   2457781.56 2017  1 28  1 30
 2457803.16 2017  2 18 15 53   2457804.54 2017  2 20  0 56   2457805.92 2017  2 21  9 58
 2457827.51 2017  3 15  0  7   2457828.89 2017  3 16  9 17   2457830.27 2017  3 17 18 27
 2457851.85 2017  4  8  8 21   2457853.23 2017  4  9 17 38   2457854.62 2017  4 11  2 55
 2457876.19 2017  5  2 16 35   2457877.58 2017  5  4  1 59   2457878.97 2017  5  5 11 23
 2457900.53 2017  5 27  0 49   2457901.93 2017  5 28 10 20   2457903.33 2017  5 29 19 52
 2457924.88 2017  6 20  9  3   2457926.28 2017  6 21 18 41   2457927.68 2017  6 23  4 20
 2457949.22 2017  7 14 17 17   2457950.63 2017  7 16  3  2   2457952.03 2017  7 17 12 48
 2457973.56 2017  8  8  1 30   2457974.97 2017  8  9 11 23   2457976.39 2017  8 10 21 17
 2457997.91 2017  9  1  9 44   2457999.32 2017  9  2 19 45   2458000.74 2017  9  4  5 45
 2458022.25 2017  9 25 17 58   2458023.67 2017  9 27  4  6   2458025.09 2017  9 28 14 13
 2458046.59 2017 10 20  2 12   2458048.02 2017 10 21 12 27   2458049.45 2017 10 22 22 41
 2458070.94 2017 11 13 10 26   2458072.37 2017 11 14 20 48   2458073.80 2017 11 16  7 10
 2458095.28 2017 12  7 18 40   2458096.71 2017 12  9  5  9   2458098.15 2017 12 10 15 38
 2458119.62 2018  1  1  2 54   2458121.06 2018  1  2 13 30   2458122.50 2018  1  4  0  6
 2458143.96 2018  1 25 11  8   2458145.41 2018  1 26 21 51   2458146.86 2018  1 28  8 35
 2458168.31 2018  2 18 19 22   2458169.76 2018  2 20  6 12   2458171.21 2018  2 21 17  3
 2458192.65 2018  3 15  3 36   2458194.11 2018  3 16 14 34   2458195.56 2018  3 18  1 31
 2458216.99 2018  4  8 11 50   2458218.45 2018  4  9 22 55   2458219.92 2018  4 11 10  0
 2458241.34 2018  5  2 20  4   2458242.80 2018  5  4  7 16   2458244.27 2018  5  5 18 28
 2458265.68 2018  5 27  4 18   2458267.15 2018  5 28 15 37   2458268.62 2018  5 30  2 56
 2458290.02 2018  6 20 12 31   2458291.50 2018  6 21 23 58   2458292.98 2018  6 23 11 25
 2458314.37 2018  7 14 20 45   2458315.85 2018  7 16  8 19   2458317.33 2018  7 17 19 53
 2458338.71 2018  8  8  4 59   2458340.19 2018  8  9 16 40   2458341.68 2018  8 11  4 21
 2458363.05 2018  9  1 13 13   2458364.54 2018  9  3  1  1   2458366.03 2018  9  4 12 50
 2458387.39 2018  9 25 21 27   2458388.89 2018  9 27  9 23   2458390.39 2018  9 28 21 18
 2458411.74 2018 10 20  5 41   2458413.24 2018 10 21 17 44   2458414.74 2018 10 23  5 46
 2458436.08 2018 11 13 13 55   2458437.59 2018 11 15  2  5   2458439.09 2018 11 16 14 15
 2458460.42 2018 12  7 22  9   2458461.93 2018 12  9 10 26   2458463.45 2018 12 10 22 43
 2458484.77 2019  1  1  6 23   2458486.28 2019  1  2 18 47   2458487.80 2019  1  4  7 11
 2458509.11 2019  1 25 14 37   2458510.63 2019  1 27  3  8   2458512.15 2019  1 28 15 40
 2458533.45 2019  2 18 22 51   2458534.98 2019  2 20 11 29   2458536.51 2019  2 22  0  8
 2458557.80 2019  3 15  7  5   2458559.33 2019  3 16 19 50   2458560.86 2019  3 18  8 36
 2458582.14 2019  4  8 15 18   2458583.67 2019  4 10  4 11   2458585.21 2019  4 11 17  5
 2458606.48 2019  5  2 23 32   2458608.02 2019  5  4 12 33   2458609.56 2019  5  6  1 33
 2458630.82 2019  5 27  7 46   2458632.37 2019  5 28 20 54   2458633.92 2019  5 30 10  1
 2458655.17 2019  6 20 16  0   2458656.72 2019  6 22  5 15   2458658.27 2019  6 23 18 29
 2458679.51 2019  7 15  0 14   2458681.07 2019  7 16 13 36   2458682.62 2019  7 18  2 58
 2458703.85 2019  8  8  8 28   2458705.41 2019  8  9 21 57   2458706.98 2019  8 11 11 26
 2458728.20 2019  9  1 16 42   2458729.76 2019  9  3  6 18   2458731.33 2019  9  4 19 54
 2458752.54 2019  9 26  0 56   2458754.11 2019  9 27 14 39   2458755.68 2019  9 29  4 23
 2458776.88 2019 10 20  9 10   2458778.46 2019 10 21 23  0   2458780.04 2019 10 23 12 51
 2458801.23 2019 11 13 17 24   2458802.81 2019 11 15  7 22   2458804.39 2019 11 16 21 19
 2458825.57 2019 12  8  1 38   2458827.15 2019 12  9 15 43   2458828.74 2019 12 11  5 48
 2458849.91 2020  1  1  9 52   2458851.50 2020  1  3  0  4   2458853.09 2020  1  4 14 16
 2458874.25 2020  1 25 18  6   2458875.85 2020  1 27  8 25   2458877.45 2020  1 28 22 44
 2458898.60 2020  2 19  2 19   2458900.20 2020  2 20 16 46   2458901.80 2020  2 22  7 13
 2458922.94 2020  3 14 10 33   2458924.55 2020  3 16  1  7   2458926.15 2020  3 17 15 41
 2458947.28 2020  4  7 18 47   2458948.89 2020  4  9  9 28   2458950.51 2020  4 11  0  9
 2458971.63 2020  5  2  3  1   2458973.24 2020  5  3 17 49   2458974.86 2020  5  5  8 38
 2458995.97 2020  5 26 11 15   2458997.59 2020  5 28  2 11   2458999.21 2020  5 29 17  6
 2459020.31 2020  6 19 19 29   2459021.94 2020  6 21 10 32   2459023.57 2020  6 23  1 34
 2459044.66 2020  7 14  3 43   2459046.29 2020  7 15 18 53   2459047.92 2020  7 17 10  3
 2459069.00 2020  8  7 11 57   2459070.63 2020  8  9  3 14   2459072.27 2020  8 10 18 31
 2459093.34 2020  8 31 20 11   2459094.98 2020  9  2 11 35   2459096.62 2020  9  4  2 59
 2459117.68 2020  9 25  4 25   2459119.33 2020  9 26 19 56   2459120.98 2020  9 28 11 28
 2459142.03 2020 10 19 12 39   2459143.68 2020 10 21  4 17   2459145.33 2020 10 22 19 56
 2459166.37 2020 11 12 20 53   2459168.03 2020 11 14 12 38   2459169.68 2020 11 16  4 24
 2459190.71 2020 12  7  5  6   2459192.37 2020 12  8 20 59   2459194.04 2020 12 10 12 53
 2459215.06 2020 12 31 13 20   2459216.72 2021  1  2  5 21   2459218.39 2021  1  3 21 21
 2459239.40 2021  1 24 21 34   2459241.07 2021  1 26 13 42   2459242.74 2021  1 28  5 49
 2459263.74 2021  2 18  5 48   2459265.42 2021  2 19 22  3   2459267.10 2021  2 21 14 17
 2459288.09 2021  3 14 14  2   2459289.77 2021  3 16  6 24   2459291.45 2021  3 17 22 46
 2459312.43 2021  4  7 22 16   2459314.11 2021  4  9 14 45   2459315.80 2021  4 11  7 14
 2459336.77 2021  5  2  6 30   2459338.46 2021  5  3 23  6   2459340.15 2021  5  5 15 42
 2459361.11 2021  5 26 14 44   2459362.81 2021  5 28  7 27   2459364.51 2021  5 30  0 11
 2459385.46 2021  6 19 22 58   2459387.16 2021  6 21 15 48   2459388.86 2021  6 23  8 39
 2459409.80 2021  7 14  7 12   2459411.51 2021  7 16  0 10   2459413.21 2021  7 17 17  7
 2459434.14 2021  8  7 15 26   2459435.85 2021  8  9  8 31   2459437.57 2021  8 11  1 36
 2459458.49 2021  8 31 23 40   2459460.20 2021  9  2 16 52   2459461.92 2021  9  4 10  4
 2459482.83 2021  9 25  7 54   2459484.55 2021  9 27  1 13   2459486.27 2021  9 28 18 32
 2459507.17 2021 10 19 16  7   2459508.90 2021 10 21  9 34   2459510.63 2021 10 23  3  1
 2459531.52 2021 11 13  0 21   2459533.25 2021 11 14 17 55   2459534.98 2021 11 16 11 29
 2459555.86 2021 12  7  8 35   2459557.59 2021 12  9  2 16   2459559.33 2021 12 10 19 57
 2459580.20 2021 12 31 16 49   2459581.94 2022  1  2 10 37   2459583.68 2022  1  4  4 26
 2459604.54 2022  1 25  1  3   2459606.29 2022  1 26 18 59   2459608.04 2022  1 28 12 54
 2459628.89 2022  2 18  9 17   2459630.64 2022  2 20  3 20   2459632.39 2022  2 21 21 22
 2459653.23 2022  3 14 17 31   2459654.99 2022  3 16 11 41   2459656.74 2022  3 18  5 51
 2459677.57 2022  4  8  1 45   2459679.33 2022  4  9 20  2   2459681.10 2022  4 11 14 19
 2459701.92 2022  5  2  9 59   2459703.68 2022  5  4  4 23   2459705.45 2022  5  5 22 47
 2459726.26 2022  5 26 18 13   2459728.03 2022  5 28 12 44   2459729.80 2022  5 30  7 16
 2459750.60 2022  6 20  2 27   2459752.38 2022  6 21 21  5   2459754.16 2022  6 23 15 44
 2459774.95 2022  7 14 10 41   2459776.73 2022  7 16  5 26   2459778.51 2022  7 18  0 12
 2459799.29 2022  8  7 18 54   2459801.07 2022  8  9 13 47   2459802.86 2022  8 11  8 41
 2459823.63 2022  9  1  3  8   2459825.42 2022  9  2 22  9   2459827.21 2022  9  4 17  9
 2459847.97 2022  9 25 11 22   2459849.77 2022  9 27  6 30   2459851.57 2022  9 29  1 37
 2459872.32 2022 10 19 19 36   2459874.12 2022 10 21 14 51   2459875.92 2022 10 23 10  5
 2459896.66 2022 11 13  3 50   2459898.47 2022 11 14 23 12   2459900.27 2022 11 16 18 34
 2459921.00 2022 12  7 12  4   2459922.81 2022 12  9  7 33   2459924.63 2022 12 11  3  2
 2459945.35 2022 12 31 20 18   2459947.16 2023  1  2 15 54   2459948.98 2023  1  4 11 30
 2459969.69 2023  1 25  4 32   2459971.51 2023  1 27  0 15   2459973.33 2023  1 28 19 59
 2459994.03 2023  2 18 12 46   2459995.86 2023  2 20  8 36   2459997.69 2023  2 22  4 27
 2460018.38 2023  3 14 21  0   2460020.21 2023  3 16 16 58   2460022.04 2023  3 18 12 55
 2460042.72 2023  4  8  5 14   2460044.55 2023  4 10  1 19   2460046.39 2023  4 11 21 24
 2460067.06 2023  5  2 13 28   2460068.90 2023  5  4  9 40   2460070.74 2023  5  6  5 52
 2460091.40 2023  5 26 21 42   2460093.25 2023  5 28 18  1   2460095.10 2023  5 30 14 20
 2460115.75 2023  6 20  5 55   2460117.60 2023  6 22  2 22   2460119.45 2023  6 23 22 49
 2460140.09 2023  7 14 14  9   2460141.95 2023  7 16 10 43   2460143.80 2023  7 18  7 17
 2460164.43 2023  8  7 22 23   2460166.29 2023  8  9 19  4   2460168.16 2023  8 11 15 45
 2460188.78 2023  9  1  6 37   2460190.64 2023  9  3  3 25   2460192.51 2023  9  5  0 14
 2460213.12 2023  9 25 14 51   2460214.99 2023  9 27 11 47   2460216.86 2023  9 29  8 42
 2460237.46 2023 10 19 23  5   2460239.34 2023 10 21 20  8   2460241.22 2023 10 23 17 10
 2460261.81 2023 11 13  7 19   2460263.69 2023 11 15  4 29   2460265.57 2023 11 17  1 39
 2460286.15 2023 12  7 15 33   2460288.03 2023 12  9 12 50   2460289.92 2023 12 11 10  7
 2460310.49 2023 12 31 23 47   2460312.38 2024  1  2 21 11   2460314.27 2024  1  4 18 35
 2460334.83 2024  1 25  8  1   2460336.73 2024  1 27  5 32   2460338.63 2024  1 29  3  4
 2460359.18 2024  2 18 16 15   2460361.08 2024  2 20 13 53   2460362.98 2024  2 22 11 32
 2460383.52 2024  3 14  0 29   2460385.43 2024  3 15 22 14   2460387.33 2024  3 17 20  0
 2460407.86 2024  4  7  8 42   2460409.77 2024  4  9  6 35   2460411.69 2024  4 11  4 29
 2460432.21 2024  5  1 16 56   2460434.12 2024  5  3 14 57   2460436.04 2024  5  5 12 57
 2460456.55 2024  5 26  1 10   2460458.47 2024  5 27 23 18   2460460.39 2024  5 29 21 25
 2460480.89 2024  6 19  9 24   2460482.82 2024  6 21  7 39   2460484.75 2024  6 23  5 53
 2460505.24 2024  7 13 17 38   2460507.17 2024  7 15 16  0   2460509.10 2024  7 17 14 22
 2460529.58 2024  8  7  1 52   2460531.51 2024  8  9  0 21   2460533.45 2024  8 10 22 50
 2460553.92 2024  8 31 10  6   2460555.86 2024  9  2  8 42   2460557.80 2024  9  4  7 18
 2460578.26 2024  9 24 18 20   2460580.21 2024  9 26 17  3   2460582.16 2024  9 28 15 47
 2460602.61 2024 10 19  2 34   2460604.56 2024 10 21  1 24   2460606.51 2024 10 23  0 15
 2460626.95 2024 11 12 10 48   2460628.91 2024 11 14  9 46   2460630.86 2024 11 16  8 43
 2460651.29 2024 12  6 19  2   2460653.25 2024 12  8 18  7   2460655.22 2024 12 10 17 12
 2460675.64 2024 12 31  3 16   2460677.60 2025  1  2  2 28   2460679.57 2025  1  4  1 40
 2460699.98 2025  1 24 11 30   2460701.95 2025  1 26 10 49   2460703.92 2025  1 28 10  8
 2460724.32 2025  2 17 19 43   2460726.30 2025  2 19 19 10   2460728.28 2025  2 21 18 37
 2460748.67 2025  3 14  3 57   2460750.65 2025  3 16  3 31   2460752.63 2025  3 18  3  5
 2460773.01 2025  4  7 12 11   2460774.99 2025  4  9 11 52   2460776.98 2025  4 11 11 33
 2460797.35 2025  5  1 20 25   2460799.34 2025  5  3 20 13   2460801.33 2025  5  5 20  2
 2460821.69 2025  5 26  4 39   2460823.69 2025  5 28  4 35   2460825.69 2025  5 30  4 30
 2460846.04 2025  6 19 12 53   2460848.04 2025  6 21 12 56   2460850.04 2025  6 23 12 58
 2460870.38 2025  7 13 21  7   2460872.39 2025  7 15 21 17   2460874.39 2025  7 17 21 27
 2460894.72 2025  8  7  5 21   2460896.73 2025  8  9  5 38   2460898.75 2025  8 11  5 55
 2460919.07 2025  8 31 13 35   2460921.08 2025  9  2 13 59   2460923.10 2025  9  4 14 23
 2460943.41 2025  9 24 21 49   2460945.43 2025  9 26 22 20   2460947.45 2025  9 28 22 52
 2460967.75 2025 10 19  6  3   2460969.78 2025 10 21  6 41   2460971.81 2025 10 23  7 20
 2460992.10 2025 11 12 14 17   2460994.13 2025 11 14 15  2   2460996.16 2025 11 16 15 48
 2461016.44 2025 12  6 22 30   2461018.47 2025 12  8 23 23   2461020.51 2025 12 11  0 17
 2461040.78 2025 12 31  6 44   2461042.82 2026  1  2  7 45   2461044.86 2026  1  4  8 45
 2461065.12 2026  1 24 14 58   2461067.17 2026  1 26 16  6   2461069.22 2026  1 28 17 13
 2461089.47 2026  2 17 23 12   2461091.52 2026  2 20  0 27   2461093.57 2026  2 22  1 41
 2461113.81 2026  3 14  7 26   2461115.87 2026  3 16  8 48   2461117.92 2026  3 18 10 10
 2461138.15 2026  4  7 15 40   2461140.21 2026  4  9 17  9   2461142.28 2026  4 11 18 38
 2461162.50 2026  5  1 23 54   2461164.56 2026  5  4  1 30   2461166.63 2026  5  6  3  6
 2461186.84 2026  5 26  8  8   2461188.91 2026  5 28  9 51   2461190.98 2026  5 30 11 35
 2461211.18 2026  6 19 16 22   2461213.26 2026  6 21 18 12   2461215.34 2026  6 23 20  3
 2461235.53 2026  7 14  0 36   2461237.61 2026  7 16  2 34   2461239.69 2026  7 18  4 31
 2461259.87 2026  8  7  8 50   2461261.95 2026  8  9 10 55   2461264.04 2026  8 11 13  0
 2461284.21 2026  8 31 17  4   2461286.30 2026  9  2 19 16   2461288.39 2026  9  4 21 28
 2461308.55 2026  9 25  1 18   2461310.65 2026  9 27  3 37   2461312.75 2026  9 29  5 56
 2461332.90 2026 10 19  9 31   2461335.00 2026 10 21 11 58   2461337.10 2026 10 23 14 25
 2461357.24 2026 11 12 17 45   2461359.35 2026 11 14 20 19   2461361.45 2026 11 16 22 53
 2461381.58 2026 12  7  1 59   2461383.69 2026 12  9  4 40   2461385.81 2026 12 11  7 21
 2461405.93 2026 12 31 10 13   2461408.04 2027  1  2 13  1   2461410.16 2027  1  4 15 50
 2461430.27 2027  1 24 18 27   2461432.39 2027  1 26 21 23   2461434.51 2027  1 29  0 18
 2461454.61 2027  2 18  2 41   2461456.74 2027  2 20  5 44   2461458.87 2027  2 22  8 46
 2461478.96 2027  3 14 10 55   2461481.09 2027  3 16 14  5   2461483.22 2027  3 18 17 15
 2461503.30 2027  4  7 19  9   2461505.43 2027  4  9 22 26   2461507.57 2027  4 12  1 43
 2461527.64 2027  5  2  3 23   2461529.78 2027  5  4  6 47   2461531.92 2027  5  6 10 11
 2461551.98 2027  5 26 11 37   2461554.13 2027  5 28 15  8   2461556.28 2027  5 30 18 40
 2461576.33 2027  6 19 19 51   2461578.48 2027  6 21 23 29   2461580.63 2027  6 24  3  8
 2461600.67 2027  7 14  4  5   2461602.83 2027  7 16  7 50   2461604.98 2027  7 18 11 36
 2461625.01 2027  8  7 12 18   2461627.17 2027  8  9 16 11   2461629.34 2027  8 11 20  5
 2461649.36 2027  8 31 20 32   2461651.52 2027  9  3  0 33   2461653.69 2027  9  5  4 33
 2461673.70 2027  9 25  4 46   2461675.87 2027  9 27  8 54   2461678.04 2027  9 29 13  1
 2461698.04 2027 10 19 13  0   2461700.22 2027 10 21 17 15   2461702.40 2027 10 23 21 29
 2461722.39 2027 11 12 21 14   2461724.57 2027 11 15  1 36   2461726.75 2027 11 17  5 58
 2461746.73 2027 12  7  5 28   2461748.91 2027 12  9  9 57   2461751.10 2027 12 11 14 26
 2461771.07 2027 12 31 13 42   2461773.26 2028  1  2 18 18   2461775.45 2028  1  4 22 54
 2461795.41 2028  1 24 21 56   2461797.61 2028  1 27  2 39   2461799.81 2028  1 29  7 23
 2461819.76 2028  2 18  6 10   2461821.96 2028  2 20 11  0   2461824.16 2028  2 22 15 51
 2461844.10 2028  3 13 14 24   2461846.31 2028  3 15 19 22   2461848.51 2028  3 18  0 19
 2461868.44 2028  4  6 22 38   2461870.65 2028  4  9  3 43   2461872.87 2028  4 11  8 48
 2461892.79 2028  5  1  6 52   2461895.00 2028  5  3 12  4   2461897.22 2028  5  5 17 16
 2461917.13 2028  5 25 15  6   2461919.35 2028  5 27 20 25   2461921.57 2028  5 30  1 44
 2461941.47 2028  6 18 23 19   2461943.70 2028  6 21  4 46   2461945.93 2028  6 23 10 13
 2461965.82 2028  7 13  7 33   2461968.05 2028  7 15 13  7   2461970.28 2028  7 17 18 41
 2461990.16 2028  8  6 15 47   2461992.39 2028  8  8 21 28   2461994.63 2028  8 11  3  9
 2462014.50 2028  8 31  0  1   2462016.74 2028  9  2  5 49   2462018.98 2028  9  4 11 38
 2462038.84 2028  9 24  8 15   2462041.09 2028  9 26 14 11   2462043.34 2028  9 28 20  6
 2462063.19 2028 10 18 16 29   2462065.44 2028 10 20 22 32   2462067.69 2028 10 23  4 34
 2462087.53 2028 11 12  0 43   2462089.79 2028 11 14  6 53   2462092.04 2028 11 16 13  3
 2462111.87 2028 12  6  8 57   2462114.13 2028 12  8 15 14   2462116.40 2028 12 10 21 31
 2462136.22 2028 12 30 17 11   2462138.48 2029  1  1 23 35   2462140.75 2029  1  4  5 59
 2462160.56 2029  1 24  1 25   2462162.83 2029  1 26  7 56   2462165.10 2029  1 28 14 28
 2462184.90 2029  2 17  9 39   2462187.18 2029  2 19 16 17   2462189.46 2029  2 21 22 56
 2462209.25 2029  3 13 17 53   2462211.53 2029  3 16  0 38   2462213.81 2029  3 18  7 24
 2462233.59 2029  4  7  2  6   2462235.87 2029  4  9  8 59   2462238.16 2029  4 11 15 53
 2462257.93 2029  5  1 10 20   2462260.22 2029  5  3 17 21   2462262.51 2029  5  6  0 21
 2462282.27 2029  5 25 18 34   2462284.57 2029  5 28  1 42   2462286.87 2029  5 30  8 49
 2462306.62 2029  6 19  2 48   2462308.92 2029  6 21 10  3   2462311.22 2029  6 23 17 17
 2462330.96 2029  7 13 11  2   2462333.27 2029  7 15 18 24   2462335.57 2029  7 18  1 46
 2462355.30 2029  8  6 19 16   2462357.61 2029  8  9  2 45   2462359.93 2029  8 11 10 14
 2462379.65 2029  8 31  3 30   2462381.96 2029  9  2 11  6   2462384.28 2029  9  4 18 42
 2462403.99 2029  9 24 11 44   2462406.31 2029  9 26 19 27   2462408.63 2029  9 29  3 11
 2462428.33 2029 10 18 19 58   2462430.66 2029 10 21  3 48   2462432.99 2029 10 23 11 39
 2462452.68 2029 11 12  4 12   2462455.01 2029 11 14 12 10   2462457.34 2029 11 16 20  7
 2462477.02 2029 12  6 12 26   2462479.35 2029 12  8 20 31   2462481.69 2029 12 11  4 36
 2462501.36 2029 12 30 20 40   2462503.70 2030  1  2  4 52   2462506.04 2030  1  4 13  4
 2462525.70 2030  1 24  4 54   2462528.05 2030  1 26 13 13   2462530.40 2030  1 28 21 32
 2462550.05 2030  2 17 13  7   2462552.40 2030  2 19 21 34   2462554.75 2030  2 22  6  1
 2462574.39 2030  3 13 21 21   2462576.75 2030  3 16  5 55   2462579.10 2030  3 18 14 29
 2462598.73 2030  4  7  5 35   2462601.09 2030  4  9 14 16   2462603.46 2030  4 11 22 57
 2462623.08 2030  5  1 13 49   2462625.44 2030  5  3 22 37   2462627.81 2030  5  6  7 26
 2462647.42 2030  5 25 22  3   2462649.79 2030  5 28  6 59   2462652.16 2030  5 30 15 54
 2462671.76 2030  6 19  6 17   2462674.14 2030  6 21 15 20   2462676.52 2030  6 24  0 22
 2462696.11 2030  7 13 14 31   2462698.49 2030  7 15 23 41   2462700.87 2030  7 18  8 51
 2462720.45 2030  8  6 22 45   2462722.83 2030  8  9  8  2   2462725.22 2030  8 11 17 19
 2462744.79 2030  8 31  6 59   2462747.18 2030  9  2 16 23   2462749.57 2030  9  5  1 47
 2462769.13 2030  9 24 15 13   2462771.53 2030  9 27  0 44   2462773.93 2030  9 29 10 16
 2462793.48 2030 10 18 23 27   2462795.88 2030 10 21  9  5   2462798.28 2030 10 23 18 44
 2462817.82 2030 11 12  7 41   2462820.23 2030 11 14 17 26   2462822.63 2030 11 17  3 12
 2462842.16 2030 12  6 15 54   2462844.57 2030 12  9  1 47   2462846.99 2030 12 11 11 41
 2462866.51 2030 12 31  0  8   2462868.92 2031  1  2 10  9   2462871.34 2031  1  4 20  9
 2462890.85 2031  1 24  8 22   2462893.27 2031  1 26 18 30   2462895.69 2031  1 29  4 37
 2462915.19 2031  2 17 16 36   2462917.62 2031  2 20  2 51   2462920.05 2031  2 22 13  5
 2462939.54 2031  3 14  0 50   2462941.97 2031  3 16 11 12   2462944.40 2031  3 18 21 34
 2462963.88 2031  4  7  9  4   2462966.31 2031  4  9 19 33   2462968.75 2031  4 12  6  2
 2462988.22 2031  5  1 17 18   2462990.66 2031  5  4  3 54   2462993.10 2031  5  6 14 30
 2463012.56 2031  5 26  1 32   2463015.01 2031  5 28 12 15   2463017.46 2031  5 30 22 59
 2463036.91 2031  6 19  9 46   2463039.36 2031  6 21 20 36   2463041.81 2031  6 24  7 27
 2463061.25 2031  7 13 18  0   2463063.71 2031  7 16  4 58   2463066.16 2031  7 18 15 55
 2463085.59 2031  8  7  2 14   2463088.05 2031  8  9 13 19   2463090.52 2031  8 12  0 24
 2463109.94 2031  8 31 10 28   2463112.40 2031  9  2 21 40   2463114.87 2031  9  5  8 52
 2463134.28 2031  9 24 18 42   2463136.75 2031  9 27  6  1   2463139.22 2031  9 29 17 20
 2463158.62 2031 10 19  2 55   2463161.10 2031 10 21 14 22   2463163.58 2031 10 24  1 49
 2463182.97 2031 11 12 11  9   2463185.45 2031 11 14 22 43   2463187.93 2031 11 17 10 17
 2463207.31 2031 12  6 19 23   2463209.79 2031 12  9  7  4   2463212.28 2031 12 11 18 45
 2463231.65 2031 12 31  3 37   2463234.14 2032  1  2 15 25   2463236.63 2032  1  5  3 14
 2463255.99 2032  1 24 11 51   2463258.49 2032  1 26 23 47   2463260.99 2032  1 29 11 42
 2463280.34 2032  2 17 20  5   2463282.84 2032  2 20  8  8   2463285.34 2032  2 22 20 10
 2463304.68 2032  3 13  4 19   2463307.19 2032  3 15 16 29   2463309.69 2032  3 18  4 39
 2463329.02 2032  4  6 12 33   2463331.53 2032  4  9  0 50   2463334.05 2032  4 11 13  7
 2463353.37 2032  4 30 20 47   2463355.88 2032  5  3  9 11   2463358.40 2032  5  5 21 35
 2463377.71 2032  5 25  5  1   2463380.23 2032  5 27 17 32   2463382.75 2032  5 30  6  4
 2463402.05 2032  6 18 13 15   2463404.58 2032  6 21  1 53   2463407.11 2032  6 23 14 32
 2463426.40 2032  7 12 21 29   2463428.93 2032  7 15 10 14   2463431.46 2032  7 17 23  0
 2463450.74 2032  8  6  5 42   2463453.27 2032  8  8 18 35   2463455.81 2032  8 11  7 29
 2463475.08 2032  8 30 13 56   2463477.62 2032  9  2  2 57   2463480.16 2032  9  4 15 57
 2463499.42 2032  9 23 22 10   2463501.97 2032  9 26 11 18   2463504.52 2032  9 29  0 25
 2463523.77 2032 10 18  6 24   2463526.32 2032 10 20 19 39   2463528.87 2032 10 23  8 53
 2463548.11 2032 11 11 14 38   2463550.67 2032 11 14  4  0   2463553.22 2032 11 16 17 22
 2463572.45 2032 12  5 22 52   2463575.01 2032 12  8 12 21   2463577.58 2032 12 11  1 50
 2463596.80 2032 12 30  7  6   2463599.36 2033  1  1 20 42   2463601.93 2033  1  4 10 18
 2463621.14 2033  1 23 15 20   2463623.71 2033  1 26  5  3   2463626.28 2033  1 28 18 47
 2463645.48 2033  2 16 23 34   2463648.06 2033  2 19 13 24   2463650.64 2033  2 22  3 15
 2463669.83 2033  3 13  7 48   2463672.41 2033  3 15 21 46   2463674.99 2033  3 18 11 43
 2463694.17 2033  4  6 16  2   2463696.75 2033  4  9  6  7   2463699.34 2033  4 11 20 12
 2463718.51 2033  5  1  0 16   2463721.10 2033  5  3 14 28   2463723.69 2033  5  6  4 40
 2463742.85 2033  5 25  8 30   2463745.45 2033  5 27 22 49   2463748.05 2033  5 30 13  8
 2463767.20 2033  6 18 16 43   2463769.80 2033  6 21  7 10   2463772.40 2033  6 23 21 37
 2463791.54 2033  7 13  0 57   2463794.15 2033  7 15 15 31   2463796.75 2033  7 18  6  5
 2463815.88 2033  8  6  9 11   2463818.49 2033  8  8 23 52   2463821.11 2033  8 11 14 33
 2463840.23 2033  8 30 17 25   2463842.84 2033  9  2  8 13   2463845.46 2033  9  4 23  2
 2463864.57 2033  9 24  1 39   2463867.19 2033  9 26 16 35   2463869.81 2033  9 29  7 30
 2463888.91 2033 10 18  9 53   2463891.54 2033 10 21  0 56   2463894.17 2033 10 23 15 58
 2463913.26 2033 11 11 18  7   2463915.89 2033 11 14  9 17   2463918.52 2033 11 17  0 27
 2463937.60 2033 12  6  2 21   2463940.23 2033 12  8 17 38   2463942.87 2033 12 11  8 55
 2463961.94 2033 12 30 10 35   2463964.58 2034  1  2  1 59   2463967.22 2034  1  4 17 23
 2463986.28 2034  1 23 18 49   2463988.93 2034  1 26 10 20   2463991.58 2034  1 29  1 52
 2464010.63 2034  2 17  3  3   2464013.28 2034  2 19 18 41   2464015.93 2034  2 22 10 20
 2464034.97 2034  3 13 11 17   2464037.63 2034  3 16  3  2   2464040.28 2034  3 18 18 48
 2464059.31 2034  4  6 19 30   2464061.97 2034  4  9 11 23   2464064.64 2034  4 12  3 17
 2464083.66 2034  5  1  3 44   2464086.32 2034  5  3 19 45   2464088.99 2034  5  6 11 45
 2464108.00 2034  5 25 11 58   2464110.67 2034  5 28  4  6   2464113.34 2034  5 30 20 13
 2464132.34 2034  6 18 20 12   2464135.02 2034  6 21 12 27   2464137.70 2034  6 24  4 41
 2464156.69 2034  7 13  4 26   2464159.37 2034  7 15 20 48   2464162.05 2034  7 18 13 10
 2464181.03 2034  8  6 12 40   2464183.71 2034  8  9  5  9   2464186.40 2034  8 11 21 38
