 Predicted Transit Epochs: HD190647_ b

 Predicted Duration of a Central Transit:    10.   Hours

 Begin Transit Window           PREDICTED CENTRAL TRANSIT     End Transit Window
                                     All Times UT

                               HJD        Year M  D  H  M
 2456124.65 2012  7 16  3 32   2456824.51 2014  6 16  0 16   2457524.38 2016  5 15 21  0
 2457010.65 2014 12 19  3 32   2457810.51 2017  2 26  0 16   2458610.38 2019  5  6 21  0
 2457896.65 2017  5 23  3 32   2458796.51 2019 11  9  0 16   2459696.38 2022  4 26 21  0
 2458782.65 2019 10 26  3 32   2459782.51 2022  7 22  0 16   2460782.38 2025  4 16 21  0
 2459668.65 2022  3 30  3 32   2460768.51 2025  4  3  0 16   2461868.38 2028  4  6 21  0
 2460554.65 2024  9  1  3 32   2461754.51 2027 12 15  0 16   2462954.38 2031  3 28 21  0
 2461440.65 2027  2  4  3 32   2462740.51 2030  8 27  0 16   2464040.38 2034  3 18 21  0
 2462326.65 2029  7  9  3 32   2463726.51 2033  5  9  0 16   2465126.38 2037  3  8 21  0
 2463212.65 2031 12 12  3 32   2464712.51 2036  1 20  0 16   2466212.38 2040  2 27 21  0
