 Predicted Transit Epochs: HD190228_ b

 Predicted Duration of a Central Transit:    46.   Hours

 Begin Transit Window           PREDICTED CENTRAL TRANSIT     End Transit Window
                                     All Times UT

                               HJD        Year M  D  H  M
 2457698.07 2016 11  5 13 43   2457752.34 2016 12 29 20  3   2457806.60 2017  2 22  2 22
 2458784.17 2019 10 27 16  7   2458841.34 2019 12 23 20  3   2458898.50 2020  2 18 23 58
 2459870.27 2022 10 17 18 31   2459930.34 2022 12 16 20  3   2459990.40 2023  2 14 21 34
 2460956.37 2025 10  7 20 55   2461019.34 2025 12  9 20  3   2461082.30 2026  2 10 19 10
 2462042.47 2028  9 27 23 19   2462108.34 2028 12  2 20  3   2462174.20 2029  2  6 16 46
 2463128.57 2031  9 19  1 43   2463197.34 2031 11 26 20  3   2463266.10 2032  2  3 14 22
 2464214.67 2034  9  9  4  7   2464286.34 2034 11 19 20  3   2464358.00 2035  1 30 11 58
