 Predicted Transit Epochs: HD20367__ b

 Predicted Duration of a Central Transit:    16.   Hours

 Begin Transit Window           PREDICTED CENTRAL TRANSIT     End Transit Window
                                     All Times UT

                               HJD        Year M  D  H  M
 2456742.41 2014  3 25 21 53   2456903.19 2014  9  2 16 32   2457063.97 2015  2 10 11 12
 2457190.81 2015  6 17  7 29   2457359.29 2015 12  2 18 56   2457527.77 2016  5 19  6 24
 2457639.21 2016  9  7 17  5   2457815.39 2017  3  2 21 20   2457991.57 2017  8 26  1 36
 2458087.61 2017 11 30  2 41   2458271.49 2018  6  1 23 44   2458455.37 2018 12  2 20 48
 2458536.01 2019  2 21 12 17   2458727.59 2019  9  1  2  8   2458919.17 2020  3 10 16  0
 2458984.41 2020  5 14 21 53   2459183.69 2020 11 30  4 32   2459382.97 2021  6 17 11 12
 2459432.81 2021  8  6  7 29   2459639.79 2022  3  1  6 56   2459846.77 2022  9 24  6 24
 2459881.21 2022 10 28 17  5   2460095.89 2023  5 31  9 20   2460310.57 2024  1  1  1 36
 2460329.61 2024  1 20  2 41   2460551.99 2024  8 29 11 44   2460774.37 2025  4  8 20 48
 2460778.01 2025  4 12 12 17   2461008.09 2025 11 28 14  8   2461238.17 2026  7 16 16  0
 2461226.41 2026  7  4 21 53   2461464.19 2027  2 27 16 32   2461701.97 2027 10 23 11 12
 2461674.81 2027  9 26  7 29   2461920.29 2028  5 28 18 56   2462165.77 2029  1 29  6 24
 2462123.21 2028 12 17 17  5   2462376.39 2029  8 27 21 20   2462629.57 2030  5  8  1 36
 2462571.61 2030  3 11  2 41   2462832.49 2030 11 26 23 44   2463093.37 2031  8 14 20 48
 2463020.01 2031  6  2 12 17   2463288.59 2032  2 26  2  8   2463557.17 2032 11 20 16  0
 2463468.41 2032  8 23 21 53   2463744.69 2033  5 27  4 32   2464020.97 2034  2 27 11 12
 2463916.81 2033 11 15  7 29   2464200.79 2034  8 26  6 56   2464484.77 2035  6  6  6 24
