 Predicted Transit Epochs: HD208487_ b

 Predicted Duration of a Central Transit:   495. Minutes

 Begin Transit Window           PREDICTED CENTRAL TRANSIT     End Transit Window
                                     All Times UT

                               HJD        Year M  D  H  M
 2456806.13 2014  5 28 15  2   2456846.25 2014  7  7 17 57   2456886.37 2014  8 16 20 52
 2456935.13 2014 10  4 15  2   2456976.25 2014 11 14 17 57   2457017.37 2014 12 25 20 52
 2457064.13 2015  2 10 15  2   2457106.25 2015  3 24 17 57   2457148.37 2015  5  5 20 52
 2457193.13 2015  6 19 15  2   2457236.25 2015  8  1 17 57   2457279.37 2015  9 13 20 52
 2457322.13 2015 10 26 15  2   2457366.25 2015 12  9 17 57   2457410.37 2016  1 22 20 52
 2457451.13 2016  3  3 15  2   2457496.25 2016  4 17 17 57   2457541.37 2016  6  1 20 52
 2457580.13 2016  7 10 15  2   2457626.25 2016  8 25 17 57   2457672.37 2016 10 10 20 52
 2457709.13 2016 11 16 15  2   2457756.25 2017  1  2 17 57   2457803.37 2017  2 18 20 52
 2457838.13 2017  3 25 15  2   2457886.25 2017  5 12 17 57   2457934.37 2017  6 29 20 52
 2457967.13 2017  8  1 15  2   2458016.25 2017  9 19 17 57   2458065.37 2017 11  7 20 52
 2458096.13 2017 12  8 15  2   2458146.25 2018  1 27 17 57   2458196.37 2018  3 18 20 52
 2458225.13 2018  4 16 15  2   2458276.25 2018  6  6 17 57   2458327.37 2018  7 27 20 52
 2458354.13 2018  8 23 15  2   2458406.25 2018 10 14 17 57   2458458.37 2018 12  5 20 52
 2458483.13 2018 12 30 15  2   2458536.25 2019  2 21 17 57   2458589.37 2019  4 15 20 52
 2458612.13 2019  5  8 15  2   2458666.25 2019  7  1 17 57   2458720.37 2019  8 24 20 52
 2458741.13 2019  9 14 15  2   2458796.25 2019 11  8 17 57   2458851.37 2020  1  2 20 52
 2458870.13 2020  1 21 15  2   2458926.25 2020  3 17 17 57   2458982.37 2020  5 12 20 52
 2458999.13 2020  5 29 15  2   2459056.25 2020  7 25 17 57   2459113.37 2020  9 20 20 52
 2459128.13 2020 10  5 15  2   2459186.25 2020 12  2 17 57   2459244.37 2021  1 29 20 52
 2459257.13 2021  2 11 15  2   2459316.25 2021  4 11 17 57   2459375.37 2021  6  9 20 52
 2459386.13 2021  6 20 15  2   2459446.25 2021  8 19 17 57   2459506.37 2021 10 18 20 52
 2459515.13 2021 10 27 15  2   2459576.25 2021 12 27 17 57   2459637.37 2022  2 26 20 52
 2459644.13 2022  3  5 15  2   2459706.25 2022  5  6 17 57   2459768.37 2022  7  7 20 52
 2459773.13 2022  7 12 15  2   2459836.25 2022  9 13 17 57   2459899.37 2022 11 15 20 52
 2459902.13 2022 11 18 15  2   2459966.25 2023  1 21 17 57   2460030.37 2023  3 26 20 52
 2460031.13 2023  3 27 15  2   2460096.25 2023  5 31 17 57   2460161.37 2023  8  4 20 52
 2460160.13 2023  8  3 15  2   2460226.25 2023 10  8 17 57   2460292.37 2023 12 13 20 52
 2460289.13 2023 12 10 15  2   2460356.25 2024  2 15 17 57   2460423.37 2024  4 22 20 52
 2460418.13 2024  4 17 15  2   2460486.25 2024  6 24 17 57   2460554.37 2024  8 31 20 52
 2460547.13 2024  8 24 15  2   2460616.25 2024 11  1 17 57   2460685.37 2025  1  9 20 52
 2460676.13 2024 12 31 15  2   2460746.25 2025  3 11 17 57   2460816.37 2025  5 20 20 52
 2460805.13 2025  5  9 15  2   2460876.25 2025  7 19 17 57   2460947.37 2025  9 28 20 52
 2460934.13 2025  9 15 15  2   2461006.25 2025 11 26 17 57   2461078.37 2026  2  6 20 52
 2461063.13 2026  1 22 15  2   2461136.25 2026  4  5 17 57   2461209.37 2026  6 17 20 52
 2461192.13 2026  5 31 15  2   2461266.25 2026  8 13 17 57   2461340.37 2026 10 26 20 52
 2461321.13 2026 10  7 15  2   2461396.25 2026 12 21 17 57   2461471.37 2027  3  6 20 52
 2461450.13 2027  2 13 15  2   2461526.25 2027  4 30 17 57   2461602.37 2027  7 15 20 52
 2461579.13 2027  6 22 15  2   2461656.25 2027  9  7 17 57   2461733.37 2027 11 23 20 52
 2461708.13 2027 10 29 15  2   2461786.25 2028  1 15 17 57   2461864.37 2028  4  2 20 52
 2461837.13 2028  3  6 15  2   2461916.25 2028  5 24 17 57   2461995.37 2028  8 11 20 52
 2461966.13 2028  7 13 15  2   2462046.25 2028 10  1 17 57   2462126.37 2028 12 20 20 52
 2462095.13 2028 11 19 15  2   2462176.25 2029  2  8 17 57   2462257.37 2029  4 30 20 52
 2462224.13 2029  3 28 15  2   2462306.25 2029  6 18 17 57   2462388.37 2029  9  8 20 52
 2462353.13 2029  8  4 15  2   2462436.25 2029 10 26 17 57   2462519.37 2030  1 17 20 52
 2462482.13 2029 12 11 15  2   2462566.25 2030  3  5 17 57   2462650.37 2030  5 28 20 52
 2462611.13 2030  4 19 15  2   2462696.25 2030  7 13 17 57   2462781.37 2030 10  6 20 52
 2462740.13 2030  8 26 15  2   2462826.25 2030 11 20 17 57   2462912.37 2031  2 14 20 52
 2462869.13 2031  1  2 15  2   2462956.25 2031  3 30 17 57   2463043.37 2031  6 25 20 52
 2462998.13 2031  5 11 15  2   2463086.25 2031  8  7 17 57   2463174.37 2031 11  3 20 52
 2463127.13 2031  9 17 15  2   2463216.25 2031 12 15 17 57   2463305.37 2032  3 13 20 52
 2463256.13 2032  1 24 15  2   2463346.25 2032  4 23 17 57   2463436.37 2032  7 22 20 52
 2463385.13 2032  6  1 15  2   2463476.25 2032  8 31 17 57   2463567.37 2032 11 30 20 52
 2463514.13 2032 10  8 15  2   2463606.25 2033  1  8 17 57   2463698.37 2033  4 10 20 52
 2463643.13 2033  2 14 15  2   2463736.25 2033  5 18 17 57   2463829.37 2033  8 19 20 52
 2463772.13 2033  6 23 15  2   2463866.25 2033  9 25 17 57   2463960.37 2033 12 28 20 52
 2463901.13 2033 10 30 15  2   2463996.25 2034  2  2 17 57   2464091.37 2034  5  8 20 52
 2464030.13 2034  3  8 15  2   2464126.25 2034  6 12 17 57   2464222.37 2034  9 16 20 52
 2464159.13 2034  7 15 15  2   2464256.25 2034 10 20 17 57   2464353.37 2035  1 25 20 52
