 Predicted Transit Epochs: HD209458_ b

Observed Transit Duration:  184.2 Minutes

 Begin Transit Window           PREDICTED CENTRAL TRANSIT     End Transit Window
                                     All Times UT

                               HJD        Year M  D  H  M
 2454927.31 2009  4  5 19 32   2454927.38 2009  4  5 21  5   2454927.44 2009  4  5 22 38
 2454930.84 2009  4  9  8  7   2454930.90 2009  4  9  9 40   2454930.97 2009  4  9 11 14
 2454934.36 2009  4 12 20 43   2454934.43 2009  4 12 22 16   2454934.49 2009  4 12 23 49
 2454937.89 2009  4 16  9 19   2454937.95 2009  4 16 10 52   2454938.02 2009  4 16 12 25
 2454941.41 2009  4 19 21 54   2454941.48 2009  4 19 23 27   2454941.54 2009  4 20  1  0
 2454944.94 2009  4 23 10 30   2454945.00 2009  4 23 12  3   2454945.07 2009  4 23 13 36
 2454948.46 2009  4 26 23  6   2454948.53 2009  4 27  0 39   2454948.59 2009  4 27  2 12
 2454951.99 2009  4 30 11 41   2454952.05 2009  4 30 13 14   2454952.12 2009  4 30 14 47
 2454955.51 2009  5  4  0 17   2454955.58 2009  5  4  1 50   2454955.64 2009  5  4  3 23
 2454959.04 2009  5  7 12 52   2454959.10 2009  5  7 14 26   2454959.17 2009  5  7 15 59
 2454962.56 2009  5 11  1 28   2454962.63 2009  5 11  3  1   2454962.69 2009  5 11  4 34
 2454966.09 2009  5 14 14  4   2454966.15 2009  5 14 15 37   2454966.22 2009  5 14 17 10
 2454969.61 2009  5 18  2 39   2454969.68 2009  5 18  4 12   2454969.74 2009  5 18  5 46
 2454973.14 2009  5 21 15 15   2454973.20 2009  5 21 16 48   2454973.27 2009  5 21 18 21
 2454976.66 2009  5 25  3 51   2454976.73 2009  5 25  5 24   2454976.79 2009  5 25  6 57
 2454980.19 2009  5 28 16 26   2454980.25 2009  5 28 17 59   2454980.31 2009  5 28 19 33
 2454983.71 2009  6  1  5  2   2454983.77 2009  6  1  6 35   2454983.84 2009  6  1  8  8
 2454987.23 2009  6  4 17 38   2454987.30 2009  6  4 19 11   2454987.36 2009  6  4 20 44
 2454990.76 2009  6  8  6 13   2454990.82 2009  6  8  7 46   2454990.89 2009  6  8  9 19
 2454994.28 2009  6 11 18 49   2454994.35 2009  6 11 20 22   2454994.41 2009  6 11 21 55
 2454997.81 2009  6 15  7 24   2454997.87 2009  6 15  8 58   2454997.94 2009  6 15 10 31
 2455001.33 2009  6 18 20  0   2455001.40 2009  6 18 21 33   2455001.46 2009  6 18 23  6
 2455004.86 2009  6 22  8 36   2455004.92 2009  6 22 10  9   2455004.99 2009  6 22 11 42
 2455008.38 2009  6 25 21 11   2455008.45 2009  6 25 22 44   2455008.51 2009  6 26  0 18
 2455011.91 2009  6 29  9 47   2455011.97 2009  6 29 11 20   2455012.04 2009  6 29 12 53
 2455015.43 2009  7  2 22 23   2455015.50 2009  7  2 23 56   2455015.56 2009  7  3  1 29
 2455018.96 2009  7  6 10 58   2455019.02 2009  7  6 12 31   2455019.09 2009  7  6 14  5
 2455022.48 2009  7  9 23 34   2455022.55 2009  7 10  1  7   2455022.61 2009  7 10  2 40
 2455026.01 2009  7 13 12 10   2455026.07 2009  7 13 13 43   2455026.14 2009  7 13 15 16
 2455029.53 2009  7 17  0 45   2455029.60 2009  7 17  2 18   2455029.66 2009  7 17  3 51
 2455033.06 2009  7 20 13 21   2455033.12 2009  7 20 14 54   2455033.19 2009  7 20 16 27
 2455036.58 2009  7 24  1 56   2455036.65 2009  7 24  3 30   2455036.71 2009  7 24  5  3
 2455040.11 2009  7 27 14 32   2455040.17 2009  7 27 16  5   2455040.24 2009  7 27 17 38
 2455043.63 2009  7 31  3  8   2455043.70 2009  7 31  4 41   2455043.76 2009  7 31  6 14
 2455047.16 2009  8  3 15 43   2455047.22 2009  8  3 17 17   2455047.28 2009  8  3 18 50
 2455050.68 2009  8  7  4 19   2455050.74 2009  8  7  5 52   2455050.81 2009  8  7  7 25
 2455054.20 2009  8 10 16 55   2455054.27 2009  8 10 18 28   2455054.33 2009  8 10 20  1
 2455057.73 2009  8 14  5 30   2455057.79 2009  8 14  7  3   2455057.86 2009  8 14  8 37
 2455061.25 2009  8 17 18  6   2455061.32 2009  8 17 19 39   2455061.38 2009  8 17 21 12
 2455064.78 2009  8 21  6 42   2455064.84 2009  8 21  8 15   2455064.91 2009  8 21  9 48
 2455068.30 2009  8 24 19 17   2455068.37 2009  8 24 20 50   2455068.43 2009  8 24 22 23
 2455071.83 2009  8 28  7 53   2455071.89 2009  8 28  9 26   2455071.96 2009  8 28 10 59
 2455075.35 2009  8 31 20 28   2455075.42 2009  8 31 22  2   2455075.48 2009  8 31 23 35
 2455078.88 2009  9  4  9  4   2455078.94 2009  9  4 10 37   2455079.01 2009  9  4 12 10
 2455082.40 2009  9  7 21 40   2455082.47 2009  9  7 23 13   2455082.53 2009  9  8  0 46
 2455085.93 2009  9 11 10 15   2455085.99 2009  9 11 11 49   2455086.06 2009  9 11 13 22
 2455089.45 2009  9 14 22 51   2455089.52 2009  9 15  0 24   2455089.58 2009  9 15  1 57
 2455092.98 2009  9 18 11 27   2455093.04 2009  9 18 13  0   2455093.11 2009  9 18 14 33
 2455096.50 2009  9 22  0  2   2455096.57 2009  9 22  1 35   2455096.63 2009  9 22  3  9
 2455100.03 2009  9 25 12 38   2455100.09 2009  9 25 14 11   2455100.16 2009  9 25 15 44
 2455103.55 2009  9 29  1 14   2455103.62 2009  9 29  2 47   2455103.68 2009  9 29  4 20
 2455107.08 2009 10  2 13 49   2455107.14 2009 10  2 15 22   2455107.21 2009 10  2 16 56
 2455110.60 2009 10  6  2 25   2455110.67 2009 10  6  3 58   2455110.73 2009 10  6  5 31
 2455114.13 2009 10  9 15  0   2455114.19 2009 10  9 16 34   2455114.26 2009 10  9 18  7
 2455117.65 2009 10 13  3 36   2455117.72 2009 10 13  5  9   2455117.78 2009 10 13  6 42
 2455121.18 2009 10 16 16 12   2455121.24 2009 10 16 17 45   2455121.30 2009 10 16 19 18
 2455124.70 2009 10 20  4 47   2455124.76 2009 10 20  6 21   2455124.83 2009 10 20  7 54
 2455128.22 2009 10 23 17 23   2455128.29 2009 10 23 18 56   2455128.35 2009 10 23 20 29
 2455131.75 2009 10 27  5 59   2455131.81 2009 10 27  7 32   2455131.88 2009 10 27  9  5
 2455135.27 2009 10 30 18 34   2455135.34 2009 10 30 20  7   2455135.40 2009 10 30 21 41
 2455138.80 2009 11  3  7 10   2455138.86 2009 11  3  8 43   2455138.93 2009 11  3 10 16
 2455142.32 2009 11  6 19 46   2455142.39 2009 11  6 21 19   2455142.45 2009 11  6 22 52
 2455145.85 2009 11 10  8 21   2455145.91 2009 11 10  9 54   2455145.98 2009 11 10 11 28
 2455149.37 2009 11 13 20 57   2455149.44 2009 11 13 22 30   2455149.50 2009 11 14  0  3
 2455152.90 2009 11 17  9 32   2455152.96 2009 11 17 11  6   2455153.03 2009 11 17 12 39
 2455156.42 2009 11 20 22  8   2455156.49 2009 11 20 23 41   2455156.55 2009 11 21  1 14
 2455159.95 2009 11 24 10 44   2455160.01 2009 11 24 12 17   2455160.08 2009 11 24 13 50
 2455163.47 2009 11 27 23 19   2455163.54 2009 11 28  0 53   2455163.60 2009 11 28  2 26
 2455167.00 2009 12  1 11 55   2455167.06 2009 12  1 13 28   2455167.13 2009 12  1 15  1
 2455170.52 2009 12  5  0 31   2455170.59 2009 12  5  2  4   2455170.65 2009 12  5  3 37
 2455174.05 2009 12  8 13  6   2455174.11 2009 12  8 14 39   2455174.18 2009 12  8 16 13
 2455177.57 2009 12 12  1 42   2455177.64 2009 12 12  3 15   2455177.70 2009 12 12  4 48
 2455181.10 2009 12 15 14 18   2455181.16 2009 12 15 15 51   2455181.23 2009 12 15 17 24
 2455184.62 2009 12 19  2 53   2455184.69 2009 12 19  4 26   2455184.75 2009 12 19  6  0
 2455188.15 2009 12 22 15 29   2455188.21 2009 12 22 17  2   2455188.27 2009 12 22 18 35
 2455191.67 2009 12 26  4  4   2455191.73 2009 12 26  5 38   2455191.80 2009 12 26  7 11
 2455195.19 2009 12 29 16 40   2455195.26 2009 12 29 18 13   2455195.32 2009 12 29 19 47
 2455198.72 2010  1  2  5 16   2455198.78 2010  1  2  6 49   2455198.85 2010  1  2  8 22
 2455202.24 2010  1  5 17 51   2455202.31 2010  1  5 19 25   2455202.37 2010  1  5 20 58
 2455205.77 2010  1  9  6 27   2455205.83 2010  1  9  8  0   2455205.90 2010  1  9  9 33
 2455209.29 2010  1 12 19  3   2455209.36 2010  1 12 20 36   2455209.42 2010  1 12 22  9
 2455212.82 2010  1 16  7 38   2455212.88 2010  1 16  9 11   2455212.95 2010  1 16 10 45
 2455216.34 2010  1 19 20 14   2455216.41 2010  1 19 21 47   2455216.47 2010  1 19 23 20
 2455219.87 2010  1 23  8 50   2455219.93 2010  1 23 10 23   2455220.00 2010  1 23 11 56
 2455223.39 2010  1 26 21 25   2455223.46 2010  1 26 22 58   2455223.52 2010  1 27  0 32
 2455226.92 2010  1 30 10  1   2455226.98 2010  1 30 11 34   2455227.05 2010  1 30 13  7
 2455230.44 2010  2  2 22 36   2455230.51 2010  2  3  0 10   2455230.57 2010  2  3  1 43
 2455233.97 2010  2  6 11 12   2455234.03 2010  2  6 12 45   2455234.10 2010  2  6 14 19
 2455237.49 2010  2  9 23 48   2455237.56 2010  2 10  1 21   2455237.62 2010  2 10  2 54
 2455241.02 2010  2 13 12 23   2455241.08 2010  2 13 13 57   2455241.15 2010  2 13 15 30
 2455244.54 2010  2 17  0 59   2455244.61 2010  2 17  2 32   2455244.67 2010  2 17  4  5
 2455248.07 2010  2 20 13 35   2455248.13 2010  2 20 15  8   2455248.20 2010  2 20 16 41
 2455251.59 2010  2 24  2 10   2455251.66 2010  2 24  3 44   2455251.72 2010  2 24  5 17
 2455255.12 2010  2 27 14 46   2455255.18 2010  2 27 16 19   2455255.25 2010  2 27 17 52
 2455258.64 2010  3  3  3 22   2455258.71 2010  3  3  4 55   2455258.77 2010  3  3  6 28
 2455262.17 2010  3  6 15 57   2455262.23 2010  3  6 17 30   2455262.29 2010  3  6 19  4
 2455265.69 2010  3 10  4 33   2455265.75 2010  3 10  6  6   2455265.82 2010  3 10  7 39
 2455269.21 2010  3 13 17  8   2455269.28 2010  3 13 18 42   2455269.34 2010  3 13 20 15
 2455272.74 2010  3 17  5 44   2455272.80 2010  3 17  7 17   2455272.87 2010  3 17  8 51
 2455276.26 2010  3 20 18 20   2455276.33 2010  3 20 19 53   2455276.39 2010  3 20 21 26
 2455279.79 2010  3 24  6 55   2455279.85 2010  3 24  8 29   2455279.92 2010  3 24 10  2
 2455283.31 2010  3 27 19 31   2455283.38 2010  3 27 21  4   2455283.44 2010  3 27 22 37
 2455286.84 2010  3 31  8  7   2455286.90 2010  3 31  9 40   2455286.97 2010  3 31 11 13
 2455290.36 2010  4  3 20 42   2455290.43 2010  4  3 22 16   2455290.49 2010  4  3 23 49
 2455293.89 2010  4  7  9 18   2455293.95 2010  4  7 10 51   2455294.02 2010  4  7 12 24
 2455297.41 2010  4 10 21 54   2455297.48 2010  4 10 23 27   2455297.54 2010  4 11  1  0
 2455300.94 2010  4 14 10 29   2455301.00 2010  4 14 12  2   2455301.07 2010  4 14 13 36
 2455304.46 2010  4 17 23  5   2455304.53 2010  4 18  0 38   2455304.59 2010  4 18  2 11
 2455307.99 2010  4 21 11 40   2455308.05 2010  4 21 13 14   2455308.12 2010  4 21 14 47
 2455311.51 2010  4 25  0 16   2455311.58 2010  4 25  1 49   2455311.64 2010  4 25  3 23
 2455315.04 2010  4 28 12 52   2455315.10 2010  4 28 14 25   2455315.17 2010  4 28 15 58
 2455318.56 2010  5  2  1 27   2455318.63 2010  5  2  3  1   2455318.69 2010  5  2  4 34
 2455322.09 2010  5  5 14  3   2455322.15 2010  5  5 15 36   2455322.22 2010  5  5 17 10
 2455325.61 2010  5  9  2 39   2455325.68 2010  5  9  4 12   2455325.74 2010  5  9  5 45
 2455329.14 2010  5 12 15 14   2455329.20 2010  5 12 16 48   2455329.26 2010  5 12 18 21
 2455332.66 2010  5 16  3 50   2455332.72 2010  5 16  5 23   2455332.79 2010  5 16  6 56
 2455336.18 2010  5 19 16 26   2455336.25 2010  5 19 17 59   2455336.31 2010  5 19 19 32
 2455339.71 2010  5 23  5  1   2455339.77 2010  5 23  6 34   2455339.84 2010  5 23  8  8
 2455343.23 2010  5 26 17 37   2455343.30 2010  5 26 19 10   2455343.36 2010  5 26 20 43
 2455346.76 2010  5 30  6 12   2455346.82 2010  5 30  7 46   2455346.89 2010  5 30  9 19
 2455350.28 2010  6  2 18 48   2455350.35 2010  6  2 20 21   2455350.41 2010  6  2 21 55
 2455353.81 2010  6  6  7 24   2455353.87 2010  6  6  8 57   2455353.94 2010  6  6 10 30
 2455357.33 2010  6  9 19 59   2455357.40 2010  6  9 21 33   2455357.46 2010  6  9 23  6
 2455360.86 2010  6 13  8 35   2455360.92 2010  6 13 10  8   2455360.99 2010  6 13 11 42
 2455364.38 2010  6 16 21 11   2455364.45 2010  6 16 22 44   2455364.51 2010  6 17  0 17
 2455367.91 2010  6 20  9 46   2455367.97 2010  6 20 11 20   2455368.04 2010  6 20 12 53
 2455371.43 2010  6 23 22 22   2455371.50 2010  6 23 23 55   2455371.56 2010  6 24  1 28
 2455374.96 2010  6 27 10 58   2455375.02 2010  6 27 12 31   2455375.09 2010  6 27 14  4
 2455378.48 2010  6 30 23 33   2455378.55 2010  7  1  1  6   2455378.61 2010  7  1  2 40
 2455382.01 2010  7  4 12  9   2455382.07 2010  7  4 13 42   2455382.14 2010  7  4 15 15
 2455385.53 2010  7  8  0 44   2455385.60 2010  7  8  2 18   2455385.66 2010  7  8  3 51
 2455389.06 2010  7 11 13 20   2455389.12 2010  7 11 14 53   2455389.19 2010  7 11 16 27
 2455392.58 2010  7 15  1 56   2455392.65 2010  7 15  3 29   2455392.71 2010  7 15  5  2
 2455396.11 2010  7 18 14 31   2455396.17 2010  7 18 16  5   2455396.24 2010  7 18 17 38
 2455399.63 2010  7 22  3  7   2455399.69 2010  7 22  4 40   2455399.76 2010  7 22  6 14
 2455403.15 2010  7 25 15 43   2455403.22 2010  7 25 17 16   2455403.28 2010  7 25 18 49
 2455406.68 2010  7 29  4 18   2455406.74 2010  7 29  5 52   2455406.81 2010  7 29  7 25
 2455410.20 2010  8  1 16 54   2455410.27 2010  8  1 18 27   2455410.33 2010  8  1 20  1
 2455413.73 2010  8  5  5 30   2455413.79 2010  8  5  7  3   2455413.86 2010  8  5  8 36
 2455417.25 2010  8  8 18  5   2455417.32 2010  8  8 19 38   2455417.38 2010  8  8 21 12
 2455420.78 2010  8 12  6 41   2455420.84 2010  8 12  8 14   2455420.91 2010  8 12  9 47
 2455424.30 2010  8 15 19 16   2455424.37 2010  8 15 20 50   2455424.43 2010  8 15 22 23
 2455427.83 2010  8 19  7 52   2455427.89 2010  8 19  9 25   2455427.96 2010  8 19 10 59
 2455431.35 2010  8 22 20 28   2455431.42 2010  8 22 22  1   2455431.48 2010  8 22 23 34
 2455434.88 2010  8 26  9  3   2455434.94 2010  8 26 10 37   2455435.01 2010  8 26 12 10
 2455438.40 2010  8 29 21 39   2455438.47 2010  8 29 23 12   2455438.53 2010  8 30  0 46
 2455441.93 2010  9  2 10 15   2455441.99 2010  9  2 11 48   2455442.06 2010  9  2 13 21
 2455445.45 2010  9  5 22 50   2455445.52 2010  9  6  0 24   2455445.58 2010  9  6  1 57
 2455448.98 2010  9  9 11 26   2455449.04 2010  9  9 12 59   2455449.11 2010  9  9 14 33
 2455452.50 2010  9 13  0  2   2455452.57 2010  9 13  1 35   2455452.63 2010  9 13  3  8
 2455456.03 2010  9 16 12 37   2455456.09 2010  9 16 14 11   2455456.16 2010  9 16 15 44
 2455459.55 2010  9 20  1 13   2455459.62 2010  9 20  2 46   2455459.68 2010  9 20  4 19
 2455463.08 2010  9 23 13 48   2455463.14 2010  9 23 15 22   2455463.21 2010  9 23 16 55
 2455466.60 2010  9 27  2 24   2455466.67 2010  9 27  3 57   2455466.73 2010  9 27  5 31
 2455470.13 2010  9 30 15  0   2455470.19 2010  9 30 16 33   2455470.25 2010  9 30 18  6
 2455473.65 2010 10  4  3 35   2455473.71 2010 10  4  5  9   2455473.78 2010 10  4  6 42
 2455477.17 2010 10  7 16 11   2455477.24 2010 10  7 17 44   2455477.30 2010 10  7 19 18
 2455480.70 2010 10 11  4 47   2455480.76 2010 10 11  6 20   2455480.83 2010 10 11  7 53
 2455484.22 2010 10 14 17 22   2455484.29 2010 10 14 18 56   2455484.35 2010 10 14 20 29
 2455487.75 2010 10 18  5 58   2455487.81 2010 10 18  7 31   2455487.88 2010 10 18  9  5
 2455491.27 2010 10 21 18 34   2455491.34 2010 10 21 20  7   2455491.40 2010 10 21 21 40
 2455494.80 2010 10 25  7  9   2455494.86 2010 10 25  8 43   2455494.93 2010 10 25 10 16
 2455498.32 2010 10 28 19 45   2455498.39 2010 10 28 21 18   2455498.45 2010 10 28 22 52
 2455501.85 2010 11  1  8 20   2455501.91 2010 11  1  9 54   2455501.98 2010 11  1 11 27
 2455505.37 2010 11  4 20 56   2455505.44 2010 11  4 22 29   2455505.50 2010 11  5  0  3
 2455508.90 2010 11  8  9 32   2455508.96 2010 11  8 11  5   2455509.03 2010 11  8 12 38
 2455512.42 2010 11 11 22  7   2455512.49 2010 11 11 23 41   2455512.55 2010 11 12  1 14
 2455515.95 2010 11 15 10 43   2455516.01 2010 11 15 12 16   2455516.08 2010 11 15 13 50
 2455519.47 2010 11 18 23 19   2455519.54 2010 11 19  0 52   2455519.60 2010 11 19  2 25
 2455523.00 2010 11 22 11 54   2455523.06 2010 11 22 13 28   2455523.13 2010 11 22 15  1
 2455526.52 2010 11 26  0 30   2455526.59 2010 11 26  2  3   2455526.65 2010 11 26  3 37
 2455530.05 2010 11 29 13  6   2455530.11 2010 11 29 14 39   2455530.18 2010 11 29 16 12
 2455533.57 2010 12  3  1 41   2455533.64 2010 12  3  3 15   2455533.70 2010 12  3  4 48
 2455537.10 2010 12  6 14 17   2455537.16 2010 12  6 15 50   2455537.23 2010 12  6 17 24
 2455540.62 2010 12 10  2 52   2455540.68 2010 12 10  4 26   2455540.75 2010 12 10  5 59
 2455544.14 2010 12 13 15 28   2455544.21 2010 12 13 17  1   2455544.27 2010 12 13 18 35
 2455547.67 2010 12 17  4  4   2455547.73 2010 12 17  5 37   2455547.80 2010 12 17  7 10
 2455551.19 2010 12 20 16 39   2455551.26 2010 12 20 18 13   2455551.32 2010 12 20 19 46
 2455554.72 2010 12 24  5 15   2455554.78 2010 12 24  6 48   2455554.85 2010 12 24  8 22
 2455558.24 2010 12 27 17 51   2455558.31 2010 12 27 19 24   2455558.37 2010 12 27 20 57
 2455561.77 2010 12 31  6 26   2455561.83 2010 12 31  8  0   2455561.90 2010 12 31  9 33
 2455565.29 2011  1  3 19  2   2455565.36 2011  1  3 20 35   2455565.42 2011  1  3 22  9
 2455568.82 2011  1  7  7 38   2455568.88 2011  1  7  9 11   2455568.95 2011  1  7 10 44
 2455572.34 2011  1 10 20 13   2455572.41 2011  1 10 21 47   2455572.47 2011  1 10 23 20
 2455575.87 2011  1 14  8 49   2455575.93 2011  1 14 10 22   2455576.00 2011  1 14 11 56
 2455579.39 2011  1 17 21 24   2455579.46 2011  1 17 22 58   2455579.52 2011  1 18  0 31
 2455582.92 2011  1 21 10  0   2455582.98 2011  1 21 11 33   2455583.05 2011  1 21 13  7
 2455586.44 2011  1 24 22 36   2455586.51 2011  1 25  0  9   2455586.57 2011  1 25  1 42
 2455589.97 2011  1 28 11 11   2455590.03 2011  1 28 12 45   2455590.10 2011  1 28 14 18
 2455593.49 2011  1 31 23 47   2455593.56 2011  2  1  1 20   2455593.62 2011  2  1  2 54
 2455597.02 2011  2  4 12 23   2455597.08 2011  2  4 13 56   2455597.15 2011  2  4 15 29
 2455600.54 2011  2  8  0 58   2455600.61 2011  2  8  2 32   2455600.67 2011  2  8  4  5
 2455604.07 2011  2 11 13 34   2455604.13 2011  2 11 15  7   2455604.20 2011  2 11 16 41
 2455607.59 2011  2 15  2 10   2455607.66 2011  2 15  3 43   2455607.72 2011  2 15  5 16
 2455611.12 2011  2 18 14 45   2455611.18 2011  2 18 16 19   2455611.24 2011  2 18 17 52
 2455614.64 2011  2 22  3 21   2455614.70 2011  2 22  4 54   2455614.77 2011  2 22  6 28
 2455618.16 2011  2 25 15 56   2455618.23 2011  2 25 17 30   2455618.29 2011  2 25 19  3
 2455621.69 2011  3  1  4 32   2455621.75 2011  3  1  6  5   2455621.82 2011  3  1  7 39
 2455625.21 2011  3  4 17  8   2455625.28 2011  3  4 18 41   2455625.34 2011  3  4 20 15
 2455628.74 2011  3  8  5 43   2455628.80 2011  3  8  7 17   2455628.87 2011  3  8  8 50
 2455632.26 2011  3 11 18 19   2455632.33 2011  3 11 19 52   2455632.39 2011  3 11 21 26
 2455635.79 2011  3 15  6 55   2455635.85 2011  3 15  8 28   2455635.92 2011  3 15 10  1
 2455639.31 2011  3 18 19 30   2455639.38 2011  3 18 21  4   2455639.44 2011  3 18 22 37
 2455642.84 2011  3 22  8  6   2455642.90 2011  3 22  9 39   2455642.97 2011  3 22 11 13
 2455646.36 2011  3 25 20 42   2455646.43 2011  3 25 22 15   2455646.49 2011  3 25 23 48
 2455649.89 2011  3 29  9 17   2455649.95 2011  3 29 10 51   2455650.02 2011  3 29 12 24
 2455653.41 2011  4  1 21 53   2455653.48 2011  4  1 23 26   2455653.54 2011  4  2  1  0
 2455656.94 2011  4  5 10 28   2455657.00 2011  4  5 12  2   2455657.07 2011  4  5 13 35
 2455660.46 2011  4  8 23  4   2455660.53 2011  4  9  0 38   2455660.59 2011  4  9  2 11
 2455663.99 2011  4 12 11 40   2455664.05 2011  4 12 13 13   2455664.12 2011  4 12 14 47
 2455667.51 2011  4 16  0 15   2455667.58 2011  4 16  1 49   2455667.64 2011  4 16  3 22
 2455671.04 2011  4 19 12 51   2455671.10 2011  4 19 14 24   2455671.17 2011  4 19 15 58
 2455674.56 2011  4 23  1 27   2455674.63 2011  4 23  3  0   2455674.69 2011  4 23  4 33
 2455678.09 2011  4 26 14  2   2455678.15 2011  4 26 15 36   2455678.22 2011  4 26 17  9
 2455681.61 2011  4 30  2 38   2455681.67 2011  4 30  4 11   2455681.74 2011  4 30  5 45
 2455685.13 2011  5  3 15 14   2455685.20 2011  5  3 16 47   2455685.26 2011  5  3 18 20
 2455688.66 2011  5  7  3 49   2455688.72 2011  5  7  5 23   2455688.79 2011  5  7  6 56
 2455692.18 2011  5 10 16 25   2455692.25 2011  5 10 17 58   2455692.31 2011  5 10 19 32
 2455695.71 2011  5 14  5  0   2455695.77 2011  5 14  6 34   2455695.84 2011  5 14  8  7
 2455699.23 2011  5 17 17 36   2455699.30 2011  5 17 19 10   2455699.36 2011  5 17 20 43
 2455702.76 2011  5 21  6 12   2455702.82 2011  5 21  7 45   2455702.89 2011  5 21  9 19
 2455706.28 2011  5 24 18 47   2455706.35 2011  5 24 20 21   2455706.41 2011  5 24 21 54
 2455709.81 2011  5 28  7 23   2455709.87 2011  5 28  8 56   2455709.94 2011  5 28 10 30
 2455713.33 2011  5 31 19 59   2455713.40 2011  5 31 21 32   2455713.46 2011  5 31 23  6
 2455716.86 2011  6  4  8 34   2455716.92 2011  6  4 10  8   2455716.99 2011  6  4 11 41
 2455720.38 2011  6  7 21 10   2455720.45 2011  6  7 22 43   2455720.51 2011  6  8  0 17
 2455723.91 2011  6 11  9 46   2455723.97 2011  6 11 11 19   2455724.04 2011  6 11 12 52
 2455727.43 2011  6 14 22 21   2455727.50 2011  6 14 23 55   2455727.56 2011  6 15  1 28
 2455730.96 2011  6 18 10 57   2455731.02 2011  6 18 12 30   2455731.09 2011  6 18 14  4
 2455734.48 2011  6 21 23 32   2455734.55 2011  6 22  1  6   2455734.61 2011  6 22  2 39
 2455738.01 2011  6 25 12  8   2455738.07 2011  6 25 13 42   2455738.14 2011  6 25 15 15
 2455741.53 2011  6 29  0 44   2455741.60 2011  6 29  2 17   2455741.66 2011  6 29  3 51
 2455745.06 2011  7  2 13 19   2455745.12 2011  7  2 14 53   2455745.19 2011  7  2 16 26
 2455748.58 2011  7  6  1 55   2455748.65 2011  7  6  3 28   2455748.71 2011  7  6  5  2
 2455752.10 2011  7  9 14 31   2455752.17 2011  7  9 16  4   2455752.23 2011  7  9 17 38
 2455755.63 2011  7 13  3  6   2455755.69 2011  7 13  4 40   2455755.76 2011  7 13  6 13
 2455759.15 2011  7 16 15 42   2455759.22 2011  7 16 17 15   2455759.28 2011  7 16 18 49
 2455762.68 2011  7 20  4 18   2455762.74 2011  7 20  5 51   2455762.81 2011  7 20  7 24
 2455766.20 2011  7 23 16 53   2455766.27 2011  7 23 18 27   2455766.33 2011  7 23 20  0
 2455769.73 2011  7 27  5 29   2455769.79 2011  7 27  7  2   2455769.86 2011  7 27  8 36
 2455773.25 2011  7 30 18  4   2455773.32 2011  7 30 19 38   2455773.38 2011  7 30 21 11
 2455776.78 2011  8  3  6 40   2455776.84 2011  8  3  8 14   2455776.91 2011  8  3  9 47
