 Predicted Transit Epochs: HD202206_ b

 Predicted Duration of a Central Transit:    10.   Hours

 Begin Transit Window           PREDICTED CENTRAL TRANSIT     End Transit Window
                                     All Times UT

                               HJD        Year M  D  H  M
 2455109.03 2009 10  4 12 43   2455110.08 2009 10  5 13 56   2455111.13 2009 10  6 15  8
 2455364.84 2010  6 17  8 10   2455365.95 2010  6 18 10 48   2455367.06 2010  6 19 13 27
 2455620.65 2011  2 28  3 36   2455621.82 2011  3  1  7 41   2455622.99 2011  3  2 11 46
 2455876.46 2011 11 10 23  2   2455877.69 2011 11 12  4 34   2455878.92 2011 11 13 10  6
 2456132.27 2012  7 23 18 29   2456133.56 2012  7 25  1 27   2456134.85 2012  7 26  8 25
 2456388.08 2013  4  5 13 55   2456389.43 2013  4  6 22 20   2456390.78 2013  4  8  6 44
 2456643.89 2013 12 17  9 22   2456645.30 2013 12 18 19 12   2456646.71 2013 12 20  5  3
 2456899.70 2014  8 30  4 48   2456901.17 2014  8 31 16  5   2456902.64 2014  9  2  3 22
 2457155.51 2015  5 13  0 14   2457157.04 2015  5 14 12 58   2457158.57 2015  5 16  1 42
 2457411.32 2016  1 23 19 41   2457412.91 2016  1 25  9 51   2457414.50 2016  1 27  0  1
 2457667.13 2016 10  5 15  7   2457668.78 2016 10  7  6 44   2457670.43 2016 10  8 22 20
 2457922.94 2017  6 18 10 34   2457924.65 2017  6 20  3 36   2457926.36 2017  6 21 20 39
 2458178.75 2018  3  1  6  0   2458180.52 2018  3  3  0 29   2458182.29 2018  3  4 18 58
 2458434.56 2018 11 12  1 26   2458436.39 2018 11 13 21 22   2458438.22 2018 11 15 17 18
 2458690.37 2019  7 25 20 53   2458692.26 2019  7 27 18 15   2458694.15 2019  7 29 15 37
 2458946.18 2020  4  6 16 19   2458948.13 2020  4  8 15  8   2458950.08 2020  4 10 13 56
 2459201.99 2020 12 18 11 46   2459204.00 2020 12 20 12  0   2459206.01 2020 12 22 12 15
 2459457.80 2021  8 31  7 12   2459459.87 2021  9  2  8 53   2459461.94 2021  9  4 10 34
 2459713.61 2022  5 14  2 38   2459715.74 2022  5 16  5 46   2459717.87 2022  5 18  8 54
 2459969.42 2023  1 24 22  5   2459971.61 2023  1 27  2 39   2459973.80 2023  1 29  7 13
 2460225.23 2023 10  7 17 31   2460227.48 2023 10  9 23 32   2460229.73 2023 10 12  5 32
 2460481.04 2024  6 19 12 58   2460483.35 2024  6 21 20 24   2460485.66 2024  6 24  3 51
 2460736.85 2025  3  2  8 24   2460739.22 2025  3  4 17 17   2460741.59 2025  3  7  2 10
 2460992.66 2025 11 13  3 50   2460995.09 2025 11 15 14 10   2460997.52 2025 11 18  0 30
 2461248.47 2026  7 26 23 17   2461250.96 2026  7 29 11  3   2461253.45 2026  7 31 22 49
 2461504.28 2027  4  8 18 43   2461506.83 2027  4 11  7 56   2461509.38 2027  4 13 21  8
 2461760.09 2027 12 20 14 10   2461762.70 2027 12 23  4 48   2461765.31 2027 12 25 19 27
 2462015.90 2028  9  1  9 36   2462018.57 2028  9  4  1 41   2462021.24 2028  9  6 17 46
 2462271.71 2029  5 15  5  2   2462274.44 2029  5 17 22 34   2462277.17 2029  5 20 16  6
 2462527.52 2030  1 26  0 29   2462530.31 2030  1 28 19 27   2462533.10 2030  1 31 14 25
