 Predicted Transit Epochs: HD202206_ c

 Predicted Duration of a Central Transit:    18.   Hours

 Begin Transit Window           PREDICTED CENTRAL TRANSIT     End Transit Window
                                     All Times UT

                               HJD        Year M  D  H  M
 2456239.42 2012 11  7 22  0   2456306.30 2013  1 13 19 10   2456373.18 2013  3 21 16 20
 2457604.42 2016  8  3 22  0   2457689.70 2016 10 28  4 46   2457774.98 2017  1 21 11 32
 2458969.42 2020  4 29 22  0   2459073.10 2020  8 11 14 22   2459176.78 2020 11 23  6 44
 2460334.42 2024  1 24 22  0   2460456.50 2024  5 25 23 58   2460578.58 2024  9 25  1 56
 2461699.42 2027 10 20 22  0   2461839.90 2028  3  9  9 34   2461980.38 2028  7 27 21  8
 2463064.42 2031  7 16 22  0   2463223.30 2031 12 22 19 10   2463382.18 2032  5 29 16 20
