 Predicted Transit Epochs: HD20868__ b

 Predicted Duration of a Central Transit:     9.   Hours

 Begin Transit Window           PREDICTED CENTRAL TRANSIT     End Transit Window
                                     All Times UT

                               HJD        Year M  D  H  M
 2455227.72 2010  1 31  5 13   2455228.18 2010  1 31 16 23   2455228.65 2010  2  1  3 33
 2455608.48 2011  2 15 23 27   2455609.03 2011  2 16 12 47   2455609.59 2011  2 17  2  6
 2455989.24 2012  3  2 17 42   2455989.88 2012  3  3  9 11   2455990.53 2012  3  4  0 40
 2456370.00 2013  3 18 11 56   2456370.73 2013  3 19  5 35   2456371.47 2013  3 19 23 13
 2456750.76 2014  4  3  6 10   2456751.58 2014  4  4  1 59   2456752.41 2014  4  4 21 47
 2457131.52 2015  4 19  0 25   2457132.43 2015  4 19 22 23   2457133.35 2015  4 20 20 21
 2457512.28 2016  5  3 18 39   2457513.28 2016  5  4 18 47   2457514.29 2016  5  5 18 54
 2457893.04 2017  5 19 12 54   2457894.13 2017  5 20 15 11   2457895.23 2017  5 21 17 28
 2458273.80 2018  6  4  7  8   2458274.98 2018  6  5 11 35   2458276.17 2018  6  6 16  1
 2458654.56 2019  6 20  1 22   2458655.83 2019  6 21  7 59   2458657.11 2019  6 22 14 35
 2459035.32 2020  7  4 19 37   2459036.68 2020  7  6  4 23   2459038.05 2020  7  7 13  9
 2459416.08 2021  7 20 13 51   2459417.53 2021  7 22  0 47   2459418.99 2021  7 23 11 42
 2459796.84 2022  8  5  8  6   2459798.38 2022  8  6 21 11   2459799.93 2022  8  8 10 16
 2460177.60 2023  8 21  2 20   2460179.23 2023  8 22 17 35   2460180.87 2023  8 24  8 49
 2460558.36 2024  9  4 20 34   2460560.08 2024  9  6 13 59   2460561.81 2024  9  8  7 23
 2460939.12 2025  9 20 14 49   2460940.93 2025  9 22 10 23   2460942.75 2025  9 24  5 57
 2461319.88 2026 10  6  9  3   2461321.78 2026 10  8  6 47   2461323.69 2026 10 10  4 30
 2461700.64 2027 10 22  3 18   2461702.63 2027 10 24  3 11   2461704.63 2027 10 26  3  4
 2462081.40 2028 11  5 21 32   2462083.48 2028 11  7 23 35   2462085.57 2028 11 10  1 37
 2462462.16 2029 11 21 15 46   2462464.33 2029 11 23 19 59   2462466.51 2029 11 26  0 11
