 Predicted Transit Epochs: HD2039___ b

 Predicted Duration of a Central Transit:    25.   Hours

 Begin Transit Window           PREDICTED CENTRAL TRANSIT     End Transit Window
                                     All Times UT

                               HJD        Year M  D  H  M
 2454526.83 2008  3  1  7 56   2454528.76 2008  3  3  6 16   2454530.69 2008  3  5  4 36
 2455719.31 2011  6  6 19 30   2455721.34 2011  6  8 20 14   2455723.37 2011  6 10 20 58
 2456911.80 2014  9 11  7  4   2456913.93 2014  9 13 10 12   2456916.06 2014  9 15 13 20
 2458104.28 2017 12 16 18 38   2458106.51 2017 12 19  0 10   2458108.74 2017 12 21  5 42
 2459296.76 2021  3 23  6 13   2459299.09 2021  3 25 14  8   2459301.42 2021  3 27 22  4
 2460489.24 2024  6 27 17 47   2460491.67 2024  6 30  4  6   2460494.10 2024  7  2 14 26
 2461681.72 2027 10  3  5 21   2461684.25 2027 10  5 18  4   2461686.78 2027 10  8  6 48
 2462874.21 2031  1  7 16 55   2462876.84 2031  1 10  8  2   2462879.47 2031  1 12 23 10
