 Predicted Transit Epochs: HD205739_ b

 Predicted Duration of a Central Transit:    19.   Hours

 Begin Transit Window           PREDICTED CENTRAL TRANSIT     End Transit Window
                                     All Times UT

                               HJD        Year M  D  H  M
 2456846.87 2014  7  8  8 53   2456849.21 2014  7 10 17  2   2456851.55 2014  7 13  1 12
 2457126.57 2015  4 14  1 41   2457129.01 2015  4 16 12 14   2457131.45 2015  4 18 22 48
 2457406.27 2016  1 18 18 29   2457408.81 2016  1 21  7 26   2457411.35 2016  1 23 20 24
 2457685.97 2016 10 24 11 17   2457688.61 2016 10 27  2 38   2457691.25 2016 10 29 18  0
 2457965.67 2017  7 31  4  5   2457968.41 2017  8  2 21 50   2457971.15 2017  8  5 15 36
 2458245.37 2018  5  6 20 53   2458248.21 2018  5  9 17  2   2458251.05 2018  5 12 13 12
 2458525.07 2019  2 10 13 41   2458528.01 2019  2 13 12 14   2458530.95 2019  2 16 10 48
 2458804.77 2019 11 17  6 29   2458807.81 2019 11 20  7 26   2458810.85 2019 11 23  8 24
 2459084.47 2020  8 22 23 17   2459087.61 2020  8 26  2 38   2459090.75 2020  8 29  6  0
 2459364.17 2021  5 29 16  5   2459367.41 2021  6  1 21 50   2459370.65 2021  6  5  3 36
 2459643.87 2022  3  5  8 53   2459647.21 2022  3  8 17  2   2459650.55 2022  3 12  1 12
 2459923.57 2022 12 10  1 41   2459927.01 2022 12 13 12 14   2459930.45 2022 12 16 22 48
 2460203.27 2023  9 15 18 29   2460206.81 2023  9 19  7 26   2460210.35 2023  9 22 20 24
 2460482.97 2024  6 21 11 17   2460486.61 2024  6 25  2 38   2460490.25 2024  6 28 18  0
 2460762.67 2025  3 28  4  5   2460766.41 2025  3 31 21 50   2460770.15 2025  4  4 15 36
 2461042.37 2026  1  1 20 53   2461046.21 2026  1  5 17  2   2461050.05 2026  1  9 13 12
 2461322.07 2026 10  8 13 41   2461326.01 2026 10 12 12 14   2461329.95 2026 10 16 10 48
 2461601.77 2027  7 15  6 29   2461605.81 2027  7 19  7 26   2461609.85 2027  7 23  8 24
 2461881.47 2028  4 19 23 17   2461885.61 2028  4 24  2 38   2461889.75 2028  4 28  6  0
 2462161.17 2029  1 24 16  5   2462165.41 2029  1 28 21 50   2462169.65 2029  2  2  3 36
 2462440.87 2029 10 31  8 53   2462445.21 2029 11  4 17  2   2462449.55 2029 11  9  1 12
 2462720.57 2030  8  7  1 41   2462725.01 2030  8 11 12 14   2462729.45 2030  8 15 22 48
 2463000.27 2031  5 13 18 29   2463004.81 2031  5 18  7 26   2463009.35 2031  5 22 20 24
 2463279.97 2032  2 17 11 17   2463284.61 2032  2 22  2 38   2463289.25 2032  2 26 18  0
 2463559.67 2032 11 23  4  5   2463564.41 2032 11 27 21 50   2463569.15 2032 12  2 15 36
 2463839.37 2033  8 29 20 53   2463844.21 2033  9  3 17  2   2463849.05 2033  9  8 13 12
 2464119.07 2034  6  5 13 41   2464124.01 2034  6 10 12 14   2464128.95 2034  6 15 10 48
 2464398.77 2035  3 12  6 29   2464403.81 2035  3 17  7 26   2464408.85 2035  3 22  8 24
