 Predicted Transit Epochs: HD20782__ b

 Predicted Duration of a Central Transit:   251. Minutes

 Begin Transit Window           PREDICTED CENTRAL TRANSIT     End Transit Window
                                     All Times UT

                               HJD        Year M  D  H  M
 2455197.69 2010  1  1  4 37   2455200.46 2010  1  3 23  2   2455203.23 2010  1  6 17 26
 2455783.52 2011  8 10  0 32   2455786.32 2011  8 12 19 40   2455789.12 2011  8 15 14 48
 2456369.35 2013  3 17 20 28   2456372.18 2013  3 20 16 18   2456375.01 2013  3 23 12  9
 2456955.18 2014 10 24 16 23   2456958.04 2014 10 27 12 57   2456960.90 2014 10 30  9 31
 2457541.01 2016  6  1 12 18   2457543.90 2016  6  4  9 35   2457546.79 2016  6  7  6 52
 2458126.84 2018  1  8  8 13   2458129.76 2018  1 11  6 14   2458132.68 2018  1 14  4 14
 2458712.67 2019  8 17  4  8   2458715.62 2019  8 20  2 52   2458718.57 2019  8 23  1 36
 2459298.50 2021  3 25  0  4   2459301.48 2021  3 27 23 30   2459304.46 2021  3 30 22 57
 2459884.33 2022 10 31 19 59   2459887.34 2022 11  3 20  9   2459890.35 2022 11  6 20 19
 2460470.16 2024  6  8 15 54   2460473.20 2024  6 11 16 47   2460476.24 2024  6 14 17 40
 2461055.99 2026  1 15 11 49   2461059.06 2026  1 18 13 26   2461062.13 2026  1 21 15  2
 2461641.82 2027  8 24  7 44   2461644.92 2027  8 27 10  4   2461648.02 2027  8 30 12 24
 2462227.65 2029  4  1  3 40   2462230.78 2029  4  4  6 42   2462233.91 2029  4  7  9 45
 2462813.48 2030 11  7 23 35   2462816.64 2030 11 11  3 21   2462819.80 2030 11 14  7  7
