 Predicted Transit Epochs: HD213240_ b

 Predicted Duration of a Central Transit:    29.   Hours

 Begin Transit Window           PREDICTED CENTRAL TRANSIT     End Transit Window
                                     All Times UT

                               HJD        Year M  D  H  M
 2454208.46 2007  4 17 23  0   2455131.47 2009 10 26 23 14   2456054.48 2012  5  6 23 27
 2454919.46 2009  3 28 23  0   2456082.47 2012  6  3 23 14   2457245.48 2015  8 10 23 27
 2455630.46 2011  3  9 23  0   2457033.47 2015  1 10 23 14   2458436.48 2018 11 13 23 27
 2456341.46 2013  2 17 23  0   2457984.47 2017  8 18 23 14   2459627.48 2022  2 16 23 27
 2457052.46 2015  1 29 23  0   2458935.47 2020  3 26 23 14   2460818.48 2025  5 22 23 27
 2457763.46 2017  1  9 23  0   2459886.47 2022 11  2 23 14   2462009.48 2028  8 25 23 27
 2458474.46 2018 12 21 23  0   2460837.47 2025  6 10 23 14   2463200.48 2031 11 29 23 27
 2459185.46 2020 12  1 23  0   2461788.47 2028  1 17 23 14   2464391.48 2035  3  4 23 27
 2459896.46 2022 11 12 23  0   2462739.47 2030  8 25 23 14   2465582.48 2038  6  7 23 27
