 Predicted Transit Epochs: HD217107_ b

 Predicted Duration of a Central Transit:   235. Minutes

 Begin Transit Window           PREDICTED CENTRAL TRANSIT     End Transit Window
                                     All Times UT

                               HJD        Year M  D  H  M
 2454467.68 2008  1  2  4 24   2454468.07 2008  1  2 13 45   2454468.46 2008  1  2 23  6
 2454474.81 2008  1  9  7 26   2454475.20 2008  1  9 16 48   2454475.59 2008  1 10  2  9
 2454481.94 2008  1 16 10 28   2454482.33 2008  1 16 19 50   2454482.72 2008  1 17  5 12
 2454489.06 2008  1 23 13 31   2454489.45 2008  1 23 22 53   2454489.84 2008  1 24  8 15
 2454496.19 2008  1 30 16 33   2454496.58 2008  1 31  1 56   2454496.97 2008  1 31 11 18
 2454503.32 2008  2  6 19 36   2454503.71 2008  2  7  4 58   2454504.10 2008  2  7 14 21
 2454510.44 2008  2 13 22 38   2454510.83 2008  2 14  8  1   2454511.23 2008  2 14 17 24
 2454517.57 2008  2 21  1 41   2454517.96 2008  2 21 11  4   2454518.35 2008  2 21 20 27
 2454524.70 2008  2 28  4 43   2454525.09 2008  2 28 14  7   2454525.48 2008  2 28 23 30
 2454531.82 2008  3  6  7 45   2454532.22 2008  3  6 17  9   2454532.61 2008  3  7  2 33
 2454538.95 2008  3 13 10 48   2454539.34 2008  3 13 20 12   2454539.73 2008  3 14  5 36
 2454546.08 2008  3 20 13 50   2454546.47 2008  3 20 23 15   2454546.86 2008  3 21  8 40
 2454553.20 2008  3 27 16 53   2454553.60 2008  3 28  2 18   2454553.99 2008  3 28 11 43
 2454560.33 2008  4  3 19 55   2454560.72 2008  4  4  5 20   2454561.12 2008  4  4 14 46
 2454567.46 2008  4 10 22 57   2454567.85 2008  4 11  8 23   2454568.24 2008  4 11 17 49
 2454574.58 2008  4 18  2  0   2454574.98 2008  4 18 11 26   2454575.37 2008  4 18 20 52
 2454581.71 2008  4 25  5  2   2454582.10 2008  4 25 14 29   2454582.50 2008  4 25 23 55
 2454588.84 2008  5  2  8  5   2454589.23 2008  5  2 17 31   2454589.62 2008  5  3  2 58
 2454595.96 2008  5  9 11  7   2454596.36 2008  5  9 20 34   2454596.75 2008  5 10  6  1
 2454603.09 2008  5 16 14 10   2454603.48 2008  5 16 23 37   2454603.88 2008  5 17  9  4
 2454610.22 2008  5 23 17 12   2454610.61 2008  5 24  2 39   2454611.01 2008  5 24 12  7
 2454617.34 2008  5 30 20 14   2454617.74 2008  5 31  5 42   2454618.13 2008  5 31 15 10
 2454624.47 2008  6  6 23 17   2454624.86 2008  6  7  8 45   2454625.26 2008  6  7 18 13
 2454631.60 2008  6 14  2 19   2454631.99 2008  6 14 11 48   2454632.39 2008  6 14 21 16
 2454638.72 2008  6 21  5 22   2454639.12 2008  6 21 14 50   2454639.51 2008  6 22  0 19
 2454645.85 2008  6 28  8 24   2454646.25 2008  6 28 17 53   2454646.64 2008  6 29  3 22
 2454652.98 2008  7  5 11 27   2454653.37 2008  7  5 20 56   2454653.77 2008  7  6  6 25
 2454660.10 2008  7 12 14 29   2454660.50 2008  7 12 23 59   2454660.90 2008  7 13  9 28
 2454667.23 2008  7 19 17 31   2454667.63 2008  7 20  3  1   2454668.02 2008  7 20 12 31
 2454674.36 2008  7 26 20 34   2454674.75 2008  7 27  6  4   2454675.15 2008  7 27 15 34
 2454681.48 2008  8  2 23 36   2454681.88 2008  8  3  9  7   2454682.28 2008  8  3 18 38
 2454688.61 2008  8 10  2 39   2454689.01 2008  8 10 12 10   2454689.40 2008  8 10 21 41
 2454695.74 2008  8 17  5 41   2454696.13 2008  8 17 15 12   2454696.53 2008  8 18  0 44
 2454702.86 2008  8 24  8 43   2454703.26 2008  8 24 18 15   2454703.66 2008  8 25  3 47
 2454709.99 2008  8 31 11 46   2454710.39 2008  8 31 21 18   2454710.78 2008  9  1  6 50
 2454717.12 2008  9  7 14 48   2454717.51 2008  9  8  0 21   2454717.91 2008  9  8  9 53
 2454724.24 2008  9 14 17 51   2454724.64 2008  9 15  3 23   2454725.04 2008  9 15 12 56
 2454731.37 2008  9 21 20 53   2454731.77 2008  9 22  6 26   2454732.17 2008  9 22 15 59
 2454738.50 2008  9 28 23 56   2454738.90 2008  9 29  9 29   2454739.29 2008  9 29 19  2
 2454745.62 2008 10  6  2 58   2454746.02 2008 10  6 12 31   2454746.42 2008 10  6 22  5
 2454752.75 2008 10 13  6  0   2454753.15 2008 10 13 15 34   2454753.55 2008 10 14  1  8
 2454759.88 2008 10 20  9  3   2454760.28 2008 10 20 18 37   2454760.67 2008 10 21  4 11
 2454767.00 2008 10 27 12  5   2454767.40 2008 10 27 21 40   2454767.80 2008 10 28  7 14
 2454774.13 2008 11  3 15  8   2454774.53 2008 11  4  0 42   2454774.93 2008 11  4 10 17
 2454781.26 2008 11 10 18 10   2454781.66 2008 11 11  3 45   2454782.06 2008 11 11 13 20
 2454788.38 2008 11 17 21 12   2454788.78 2008 11 18  6 48   2454789.18 2008 11 18 16 23
 2454795.51 2008 11 25  0 15   2454795.91 2008 11 25  9 51   2454796.31 2008 11 25 19 26
 2454802.64 2008 12  2  3 17   2454803.04 2008 12  2 12 53   2454803.44 2008 12  2 22 29
 2454809.76 2008 12  9  6 20   2454810.16 2008 12  9 15 56   2454810.56 2008 12 10  1 32
 2454816.89 2008 12 16  9 22   2454817.29 2008 12 16 18 59   2454817.69 2008 12 17  4 36
 2454824.02 2008 12 23 12 25   2454824.42 2008 12 23 22  2   2454824.82 2008 12 24  7 39
 2454831.14 2008 12 30 15 27   2454831.55 2008 12 31  1  4   2454831.95 2008 12 31 10 42
 2454838.27 2009  1  6 18 29   2454838.67 2009  1  7  4  7   2454839.07 2009  1  7 13 45
 2454845.40 2009  1 13 21 32   2454845.80 2009  1 14  7 10   2454846.20 2009  1 14 16 48
 2454852.52 2009  1 21  0 34   2454852.93 2009  1 21 10 13   2454853.33 2009  1 21 19 51
 2454859.65 2009  1 28  3 37   2454860.05 2009  1 28 13 15   2454860.45 2009  1 28 22 54
 2454866.78 2009  2  4  6 39   2454867.18 2009  2  4 16 18   2454867.58 2009  2  5  1 57
 2454873.90 2009  2 11  9 42   2454874.31 2009  2 11 19 21   2454874.71 2009  2 12  5  0
 2454881.03 2009  2 18 12 44   2454881.43 2009  2 18 22 23   2454881.84 2009  2 19  8  3
 2454888.16 2009  2 25 15 46   2454888.56 2009  2 26  1 26   2454888.96 2009  2 26 11  6
 2454895.28 2009  3  4 18 49   2454895.69 2009  3  5  4 29   2454896.09 2009  3  5 14  9
 2454902.41 2009  3 11 21 51   2454902.81 2009  3 12  7 32   2454903.22 2009  3 12 17 12
 2454909.54 2009  3 19  0 54   2454909.94 2009  3 19 10 34   2454910.34 2009  3 19 20 15
 2454916.66 2009  3 26  3 56   2454917.07 2009  3 26 13 37   2454917.47 2009  3 26 23 18
 2454923.79 2009  4  2  6 58   2454924.19 2009  4  2 16 40   2454924.60 2009  4  3  2 21
 2454930.92 2009  4  9 10  1   2454931.32 2009  4  9 19 43   2454931.73 2009  4 10  5 24
 2454938.04 2009  4 16 13  3   2454938.45 2009  4 16 22 45   2454938.85 2009  4 17  8 27
 2454945.17 2009  4 23 16  6   2454945.58 2009  4 24  1 48   2454945.98 2009  4 24 11 30
 2454952.30 2009  4 30 19  8   2454952.70 2009  5  1  4 51   2454953.11 2009  5  1 14 34
 2454959.42 2009  5  7 22 11   2454959.83 2009  5  8  7 54   2454960.23 2009  5  8 17 37
 2454966.55 2009  5 15  1 13   2454966.96 2009  5 15 10 56   2454967.36 2009  5 15 20 40
 2454973.68 2009  5 22  4 15   2454974.08 2009  5 22 13 59   2454974.49 2009  5 22 23 43
 2454980.80 2009  5 29  7 18   2454981.21 2009  5 29 17  2   2454981.62 2009  5 30  2 46
 2454987.93 2009  6  5 10 20   2454988.34 2009  6  5 20  5   2454988.74 2009  6  6  5 49
 2454995.06 2009  6 12 13 23   2454995.46 2009  6 12 23  7   2454995.87 2009  6 13  8 52
 2455002.18 2009  6 19 16 25   2455002.59 2009  6 20  2 10   2455003.00 2009  6 20 11 55
 2455009.31 2009  6 26 19 27   2455009.72 2009  6 27  5 13   2455010.12 2009  6 27 14 58
 2455016.44 2009  7  3 22 30   2455016.84 2009  7  4  8 15   2455017.25 2009  7  4 18  1
 2455023.56 2009  7 11  1 32   2455023.97 2009  7 11 11 18   2455024.38 2009  7 11 21  4
 2455030.69 2009  7 18  4 35   2455031.10 2009  7 18 14 21   2455031.51 2009  7 19  0  7
 2455037.82 2009  7 25  7 37   2455038.23 2009  7 25 17 24   2455038.63 2009  7 26  3 10
 2455044.94 2009  8  1 10 40   2455045.35 2009  8  1 20 26   2455045.76 2009  8  2  6 13
 2455052.07 2009  8  8 13 42   2455052.48 2009  8  8 23 29   2455052.89 2009  8  9  9 16
 2455059.20 2009  8 15 16 44   2455059.61 2009  8 16  2 32   2455060.01 2009  8 16 12 19
 2455066.32 2009  8 22 19 47   2455066.73 2009  8 23  5 35   2455067.14 2009  8 23 15 22
 2455073.45 2009  8 29 22 49   2455073.86 2009  8 30  8 37   2455074.27 2009  8 30 18 25
 2455080.58 2009  9  6  1 52   2455080.99 2009  9  6 11 40   2455081.40 2009  9  6 21 28
 2455087.70 2009  9 13  4 54   2455088.11 2009  9 13 14 43   2455088.52 2009  9 14  0 32
 2455094.83 2009  9 20  7 56   2455095.24 2009  9 20 17 46   2455095.65 2009  9 21  3 35
 2455101.96 2009  9 27 10 59   2455102.37 2009  9 27 20 48   2455102.78 2009  9 28  6 38
 2455109.08 2009 10  4 14  1   2455109.49 2009 10  4 23 51   2455109.90 2009 10  5  9 41
 2455116.21 2009 10 11 17  4   2455116.62 2009 10 12  2 54   2455117.03 2009 10 12 12 44
 2455123.34 2009 10 18 20  6   2455123.75 2009 10 19  5 56   2455124.16 2009 10 19 15 47
 2455130.46 2009 10 25 23  9   2455130.87 2009 10 26  8 59   2455131.28 2009 10 26 18 50
 2455137.59 2009 11  2  2 11   2455138.00 2009 11  2 12  2   2455138.41 2009 11  2 21 53
 2455144.72 2009 11  9  5 13   2455145.13 2009 11  9 15  5   2455145.54 2009 11 10  0 56
 2455151.84 2009 11 16  8 16   2455152.26 2009 11 16 18  7   2455152.67 2009 11 17  3 59
 2455158.97 2009 11 23 11 18   2455159.38 2009 11 23 21 10   2455159.79 2009 11 24  7  2
 2455166.10 2009 11 30 14 21   2455166.51 2009 12  1  0 13   2455166.92 2009 12  1 10  5
 2455173.22 2009 12  7 17 23   2455173.64 2009 12  8  3 16   2455174.05 2009 12  8 13  8
 2455180.35 2009 12 14 20 26   2455180.76 2009 12 15  6 18   2455181.17 2009 12 15 16 11
 2455187.48 2009 12 21 23 28   2455187.89 2009 12 22  9 21   2455188.30 2009 12 22 19 14
 2455194.60 2009 12 29  2 30   2455195.02 2009 12 29 12 24   2455195.43 2009 12 29 22 17
 2455201.73 2010  1  5  5 33   2455202.14 2010  1  5 15 27   2455202.56 2010  1  6  1 20
 2455208.86 2010  1 12  8 35   2455209.27 2010  1 12 18 29   2455209.68 2010  1 13  4 23
 2455215.98 2010  1 19 11 38   2455216.40 2010  1 19 21 32   2455216.81 2010  1 20  7 26
 2455223.11 2010  1 26 14 40   2455223.52 2010  1 27  0 35   2455223.94 2010  1 27 10 30
 2455230.24 2010  2  2 17 42   2455230.65 2010  2  3  3 38   2455231.06 2010  2  3 13 33
 2455237.36 2010  2  9 20 45   2455237.78 2010  2 10  6 40   2455238.19 2010  2 10 16 36
 2455244.49 2010  2 16 23 47   2455244.91 2010  2 17  9 43   2455245.32 2010  2 17 19 39
 2455251.62 2010  2 24  2 50   2455252.03 2010  2 24 12 46   2455252.45 2010  2 24 22 42
 2455258.74 2010  3  3  5 52   2455259.16 2010  3  3 15 48   2455259.57 2010  3  4  1 45
 2455265.87 2010  3 10  8 55   2455266.29 2010  3 10 18 51   2455266.70 2010  3 11  4 48
 2455273.00 2010  3 17 11 57   2455273.41 2010  3 17 21 54   2455273.83 2010  3 18  7 51
 2455280.12 2010  3 24 14 59   2455280.54 2010  3 25  0 57   2455280.95 2010  3 25 10 54
 2455287.25 2010  3 31 18  2   2455287.67 2010  4  1  3 59   2455288.08 2010  4  1 13 57
 2455294.38 2010  4  7 21  4   2455294.79 2010  4  8  7  2   2455295.21 2010  4  8 17  0
 2455301.50 2010  4 15  0  7   2455301.92 2010  4 15 10  5   2455302.34 2010  4 15 20  3
 2455308.63 2010  4 22  3  9   2455309.05 2010  4 22 13  8   2455309.46 2010  4 22 23  6
 2455315.76 2010  4 29  6 11   2455316.17 2010  4 29 16 10   2455316.59 2010  4 30  2  9
