 Predicted Transit Epochs: HD210277_ b

 Predicted Duration of a Central Transit:     9.   Hours

 Begin Transit Window           PREDICTED CENTRAL TRANSIT     End Transit Window
                                     All Times UT

                               HJD        Year M  D  H  M
 2455321.30 2010  5  4 19 14   2455322.70 2010  5  6  4 43   2455324.09 2010  5  7 14 11
 2455755.49 2011  7 12 23 46   2455756.99 2011  7 14 11 39   2455758.48 2011  7 15 23 31
 2456189.68 2012  9 19  4 18   2456191.27 2012  9 20 18 35   2456192.87 2012  9 22  8 51
 2456623.87 2013 11 27  8 51   2456625.56 2013 11 29  1 31   2456627.26 2013 11 30 18 11
 2457058.06 2015  2  4 13 23   2457059.85 2015  2  6  8 27   2457061.65 2015  2  8  3 32
 2457492.25 2016  4 13 17 55   2457494.14 2016  4 15 15 23   2457496.04 2016  4 17 12 52
 2457926.44 2017  6 21 22 27   2457928.43 2017  6 23 22 20   2457930.43 2017  6 25 22 12
 2458360.62 2018  8 30  2 59   2458362.72 2018  9  1  5 16   2458364.81 2018  9  3  7 32
 2458794.81 2019 11  7  7 31   2458797.01 2019 11  9 12 12   2458799.20 2019 11 11 16 52
 2459229.00 2021  1 14 12  4   2459231.30 2021  1 16 19  8   2459233.59 2021  1 19  2 12
 2459663.19 2022  3 24 16 36   2459665.59 2022  3 27  2  4   2459667.98 2022  3 29 11 33
 2460097.38 2023  6  1 21  8   2460099.88 2023  6  4  9  0   2460102.37 2023  6  6 20 53
 2460531.57 2024  8  9  1 40   2460534.16 2024  8 11 15 56   2460536.76 2024  8 14  6 13
 2460965.76 2025 10 17  6 12   2460968.45 2025 10 19 22 53   2460971.15 2025 10 22 15 33
 2461399.95 2026 12 25 10 44   2461402.74 2026 12 28  5 49   2461405.54 2026 12 31  0 53
 2461834.14 2028  3  3 15 17   2461837.03 2028  3  6 12 45   2461839.93 2028  3  9 10 13
 2462268.33 2029  5 11 19 49   2462271.32 2029  5 14 19 41   2462274.32 2029  5 17 19 34
 2462702.51 2030  7 20  0 21   2462705.61 2030  7 23  2 37   2462708.70 2030  7 26  4 54
