 Predicted Transit Epochs: HD216437_ b

 Predicted Duration of a Central Transit:    21.   Hours

 Begin Transit Window           PREDICTED CENTRAL TRANSIT     End Transit Window
                                     All Times UT

                               HJD        Year M  D  H  M
 2454646.01 2008  6 28 12 19   2454647.65 2008  6 30  3 42   2454649.30 2008  7  1 19  5
 2455977.62 2012  2 20  2 47   2455979.36 2012  2 21 20 34   2455981.10 2012  2 23 14 22
 2457309.22 2015 10 13 17 15   2457311.06 2015 10 15 13 27   2457312.90 2015 10 17  9 38
 2458640.82 2019  6  6  7 44   2458642.76 2019  6  8  6 19   2458644.70 2019  6 10  4 54
 2459972.43 2023  1 27 22 12   2459974.47 2023  1 29 23 11   2459976.51 2023  2  1  0 11
 2461304.03 2026  9 20 12 40   2461306.17 2026  9 22 16  4   2461308.31 2026  9 24 19 27
 2462635.63 2030  5 14  3  9   2462637.87 2030  5 16  8 56   2462640.11 2030  5 18 14 43
