 Predicted Transit Epochs: HD219449_ b

 Predicted Duration of a Central Transit:    45.   Hours

 Begin Transit Window           PREDICTED CENTRAL TRANSIT     End Transit Window
                                     All Times UT

                               HJD        Year M  D  H  M
 2454444.06 2007 12  9 13 21   2454595.50 2008  5  9  0  0   2454746.94 2008 10  7 10 38
 2454624.06 2008  6  6 13 21   2454777.50 2008 11  7  0  0   2454930.94 2009  4  9 10 38
 2454804.06 2008 12  3 13 21   2454959.50 2009  5  8  0  0   2455114.94 2009 10 10 10 38
 2454984.06 2009  6  1 13 21   2455141.50 2009 11  6  0  0   2455298.94 2010  4 12 10 38
 2455164.06 2009 11 28 13 21   2455323.50 2010  5  7  0  0   2455482.94 2010 10 13 10 38
 2455344.06 2010  5 27 13 21   2455505.50 2010 11  5  0  0   2455666.94 2011  4 15 10 38
 2455524.06 2010 11 23 13 21   2455687.50 2011  5  6  0  0   2455850.94 2011 10 16 10 38
 2455704.06 2011  5 22 13 21   2455869.50 2011 11  4  0  0   2456034.94 2012  4 17 10 38
 2455884.06 2011 11 18 13 21   2456051.50 2012  5  4  0  0   2456218.94 2012 10 18 10 38
 2456064.06 2012  5 16 13 21   2456233.50 2012 11  2  0  0   2456402.94 2013  4 20 10 38
 2456244.06 2012 11 12 13 21   2456415.50 2013  5  3  0  0   2456586.94 2013 10 21 10 38
 2456424.06 2013  5 11 13 21   2456597.50 2013 11  1  0  0   2456770.94 2014  4 23 10 38
 2456604.06 2013 11  7 13 21   2456779.50 2014  5  2  0  0   2456954.94 2014 10 24 10 38
 2456784.06 2014  5  6 13 21   2456961.50 2014 10 31  0  0   2457138.94 2015  4 26 10 38
 2456964.06 2014 11  2 13 21   2457143.50 2015  5  1  0  0   2457322.94 2015 10 27 10 38
 2457144.06 2015  5  1 13 21   2457325.50 2015 10 30  0  0   2457506.94 2016  4 28 10 38
 2457324.06 2015 10 28 13 21   2457507.50 2016  4 29  0  0   2457690.94 2016 10 29 10 38
 2457504.06 2016  4 25 13 21   2457689.50 2016 10 28  0  0   2457874.94 2017  5  1 10 38
 2457684.06 2016 10 22 13 21   2457871.50 2017  4 28  0  0   2458058.94 2017 11  1 10 38
 2457864.06 2017  4 20 13 21   2458053.50 2017 10 27  0  0   2458242.94 2018  5  4 10 38
 2458044.06 2017 10 17 13 21   2458235.50 2018  4 27  0  0   2458426.94 2018 11  4 10 38
 2458224.06 2018  4 15 13 21   2458417.50 2018 10 26  0  0   2458610.94 2019  5  7 10 38
 2458404.06 2018 10 12 13 21   2458599.50 2019  4 26  0  0   2458794.94 2019 11  7 10 38
 2458584.06 2019  4 10 13 21   2458781.50 2019 10 25  0  0   2458978.94 2020  5  9 10 38
 2458764.06 2019 10  7 13 21   2458963.50 2020  4 24  0  0   2459162.94 2020 11  9 10 38
 2458944.06 2020  4  4 13 21   2459145.50 2020 10 23  0  0   2459346.94 2021  5 12 10 38
 2459124.06 2020 10  1 13 21   2459327.50 2021  4 23  0  0   2459530.94 2021 11 12 10 38
 2459304.06 2021  3 30 13 21   2459509.50 2021 10 22  0  0   2459714.94 2022  5 15 10 38
 2459484.06 2021  9 26 13 21   2459691.50 2022  4 22  0  0   2459898.94 2022 11 15 10 38
 2459664.06 2022  3 25 13 21   2459873.50 2022 10 21  0  0   2460082.94 2023  5 18 10 38
 2459844.06 2022  9 21 13 21   2460055.50 2023  4 21  0  0   2460266.94 2023 11 18 10 38
 2460024.06 2023  3 20 13 21   2460237.50 2023 10 20  0  0   2460450.94 2024  5 20 10 38
 2460204.06 2023  9 16 13 21   2460419.50 2024  4 19  0  0   2460634.94 2024 11 20 10 38
 2460384.06 2024  3 14 13 21   2460601.50 2024 10 18  0  0   2460818.94 2025  5 23 10 38
 2460564.06 2024  9 10 13 21   2460783.50 2025  4 18  0  0   2461002.94 2025 11 23 10 38
 2460744.06 2025  3  9 13 21   2460965.50 2025 10 17  0  0   2461186.94 2026  5 26 10 38
 2460924.06 2025  9  5 13 21   2461147.50 2026  4 17  0  0   2461370.94 2026 11 26 10 38
 2461104.06 2026  3  4 13 21   2461329.50 2026 10 16  0  0   2461554.94 2027  5 29 10 38
 2461284.06 2026  8 31 13 21   2461511.50 2027  4 16  0  0   2461738.94 2027 11 29 10 38
 2461464.06 2027  2 27 13 21   2461693.50 2027 10 15  0  0   2461922.94 2028  5 31 10 38
 2461644.06 2027  8 26 13 21   2461875.50 2028  4 14  0  0   2462106.94 2028 12  1 10 38
 2461824.06 2028  2 22 13 21   2462057.50 2028 10 13  0  0   2462290.94 2029  6  3 10 38
