 Predicted Transit Epochs: HD216770_ c

 Predicted Duration of a Central Transit:   418. Minutes

 Begin Transit Window           PREDICTED CENTRAL TRANSIT     End Transit Window
                                     All Times UT

                               HJD        Year M  D  H  M
 2454697.07 2008  8 18 13 36   2454702.26 2008  8 23 18  7   2454707.44 2008  8 28 22 38
 2454709.50 2008  8 31  0  6   2454714.71 2008  9  5  5  4   2454719.92 2008  9 10 10  2
 2454721.94 2008  9 12 10 36   2454727.17 2008  9 17 16  1   2454732.39 2008  9 22 21 27
 2454734.38 2008  9 24 21  6   2454739.62 2008  9 30  2 58   2454744.87 2008 10  5  8 51
 2454746.82 2008 10  7  7 35   2454752.08 2008 10 12 13 55   2454757.34 2008 10 17 20 16
 2454759.25 2008 10 19 18  5   2454764.54 2008 10 25  0 53   2454769.82 2008 10 30  7 40
 2454771.69 2008 11  1  4 35   2454776.99 2008 11  6 11 50   2454782.30 2008 11 11 19  4
 2454784.13 2008 11 13 15  5   2454789.45 2008 11 18 22 47   2454794.77 2008 11 24  6 29
 2454796.57 2008 11 26  1 34   2454801.91 2008 12  1  9 44   2454807.25 2008 12  6 17 53
 2454809.00 2008 12  8 12  4   2454814.36 2008 12 13 20 41   2454819.72 2008 12 19  5 18
 2454821.44 2008 12 20 22 34   2454826.82 2008 12 26  7 38   2454832.20 2008 12 31 16 42
 2454833.88 2009  1  2  9  4   2454839.27 2009  1  7 18 35   2454844.67 2009  1 13  4  7
 2454846.32 2009  1 14 19 33   2454851.73 2009  1 20  5 32   2454857.15 2009  1 25 15 31
 2454858.75 2009  1 27  6  3   2454864.19 2009  2  1 16 29   2454869.62 2009  2  7  2 56
 2454871.19 2009  2  8 16 33   2454876.64 2009  2 14  3 27   2454882.10 2009  2 19 14 20
 2454883.63 2009  2 21  3  3   2454889.10 2009  2 26 14 24   2454894.57 2009  3  4  1 45
 2454896.06 2009  3  5 13 32   2454901.56 2009  3 11  1 21   2454907.05 2009  3 16 13  9
 2454908.50 2009  3 18  0  2   2454914.01 2009  3 23 12 18   2454919.52 2009  3 29  0 34
 2454920.94 2009  3 30 10 32   2454926.47 2009  4  4 23 15   2454932.00 2009  4 10 11 58
 2454933.38 2009  4 11 21  2   2454938.93 2009  4 17 10 12   2454944.47 2009  4 22 23 23
 2454945.81 2009  4 24  7 31   2454951.38 2009  4 29 21  9   2454956.95 2009  5  5 10 47
 2454958.25 2009  5  6 18  1   2454963.84 2009  5 12  8  6   2454969.42 2009  5 17 22 11
 2454970.69 2009  5 19  4 31   2454976.29 2009  5 24 19  3   2454981.90 2009  5 30  9 36
 2454983.13 2009  5 31 15  1   2454988.75 2009  6  6  6  0   2454994.38 2009  6 11 21  0
 2454995.56 2009  6 13  1 30   2455001.21 2009  6 18 16 58   2455006.85 2009  6 24  8 25
 2455008.00 2009  6 25 12  0   2455013.66 2009  7  1  3 55   2455019.33 2009  7  6 19 49
 2455020.44 2009  7  7 22 30   2455026.12 2009  7 13 14 52   2455031.80 2009  7 19  7 14
 2455032.88 2009  7 20  9  0   2455038.58 2009  7 26  1 49   2455044.28 2009  7 31 18 38
 2455045.31 2009  8  1 19 29   2455051.03 2009  8  7 12 46   2455056.75 2009  8 13  6  3
 2455057.75 2009  8 14  5 59   2455063.49 2009  8 19 23 43   2455069.23 2009  8 25 17 27
 2455070.19 2009  8 26 16 29   2455075.94 2009  9  1 10 40   2455081.70 2009  9  7  4 52
 2455082.62 2009  9  8  2 59   2455088.40 2009  9 13 21 37   2455094.18 2009  9 19 16 16
 2455095.06 2009  9 20 13 28   2455100.86 2009  9 26  8 34   2455106.65 2009 10  2  3 41
 2455107.50 2009 10  2 23 58   2455113.31 2009 10  8 19 32   2455119.13 2009 10 14 15  5
 2455119.94 2009 10 15 10 28   2455125.77 2009 10 21  6 29   2455131.60 2009 10 27  2 30
 2455132.37 2009 10 27 20 58   2455138.23 2009 11  2 17 26   2455144.08 2009 11  8 13 54
 2455144.81 2009 11  9  7 27   2455150.68 2009 11 15  4 23   2455156.55 2009 11 21  1 19
 2455157.25 2009 11 21 17 57   2455163.14 2009 11 27 15 20   2455169.03 2009 12  3 12 43
 2455169.69 2009 12  4  4 27   2455175.60 2009 12 10  2 17   2455181.51 2009 12 16  0  7
 2455182.12 2009 12 16 14 57   2455188.05 2009 12 22 13 14   2455193.98 2009 12 28 11 32
 2455194.56 2009 12 29  1 26   2455200.51 2010  1  4  0 11   2455206.46 2010  1  9 22 56
 2455207.00 2010  1 10 11 56   2455212.96 2010  1 16 11  8   2455218.93 2010  1 22 10 21
 2455219.43 2010  1 22 22 26   2455225.42 2010  1 28 22  6   2455231.41 2010  2  3 21 45
 2455231.87 2010  2  4  8 56   2455237.88 2010  2 10  9  3   2455243.88 2010  2 16  9 10
 2455244.31 2010  2 16 19 25   2455250.33 2010  2 22 20  0   2455256.36 2010  2 28 20 34
 2455256.75 2010  3  1  5 55   2455262.79 2010  3  7  6 57   2455268.83 2010  3 13  7 59
 2455269.18 2010  3 13 16 25   2455275.25 2010  3 19 17 54   2455281.31 2010  3 25 19 23
 2455281.62 2010  3 26  2 54   2455287.70 2010  4  1  4 51   2455293.78 2010  4  7  6 48
 2455294.06 2010  4  7 13 24   2455300.16 2010  4 13 15 48   2455306.26 2010  4 19 18 12
 2455306.50 2010  4 19 23 54   2455312.62 2010  4 26  2 45   2455318.73 2010  5  2  5 37
 2455318.93 2010  5  2 10 24   2455325.07 2010  5  8 13 42   2455331.21 2010  5 14 17  1
 2455331.37 2010  5 14 20 53   2455337.53 2010  5 21  0 40   2455343.68 2010  5 27  4 26
 2455343.81 2010  5 27  7 23   2455349.98 2010  6  2 11 37   2455356.16 2010  6  8 15 50
 2455356.25 2010  6  8 17 53   2455362.44 2010  6 14 22 34   2455368.64 2010  6 21  3 14
 2455368.68 2010  6 21  4 23   2455374.90 2010  6 27  9 31   2455381.11 2010  7  3 14 39
 2455381.12 2010  7  3 14 52   2455387.35 2010  7  9 20 28   2455393.59 2010  7 16  2  3
 2455393.56 2010  7 16  1 22   2455399.81 2010  7 22  7 25   2455406.06 2010  7 28 13 28
 2455405.99 2010  7 28 11 52   2455412.27 2010  8  3 18 22   2455418.54 2010  8 10  0 52
 2455418.43 2010  8  9 22 22   2455424.72 2010  8 16  5 19   2455431.01 2010  8 22 12 17
 2455430.87 2010  8 22  8 51   2455437.18 2010  8 28 16 16   2455443.49 2010  9  3 23 41
 2455443.31 2010  9  3 19 21   2455449.63 2010  9 10  3 13   2455455.96 2010  9 16 11  6
 2455455.74 2010  9 16  5 51   2455462.09 2010  9 22 14 11   2455468.44 2010  9 28 22 30
 2455468.18 2010  9 28 16 21   2455474.55 2010 10  5  1  8   2455480.91 2010 10 11  9 55
 2455480.62 2010 10 11  2 50   2455487.00 2010 10 17 12  5   2455493.39 2010 10 23 21 19
 2455493.06 2010 10 23 13 20   2455499.46 2010 10 29 23  2   2455505.86 2010 11  5  8 44
 2455505.49 2010 11  4 23 50   2455511.92 2010 11 11  9 59   2455518.34 2010 11 17 20  8
 2455517.93 2010 11 17 10 20   2455524.37 2010 11 23 20 56   2455530.81 2010 11 30  7 33
 2455530.37 2010 11 29 20 49   2455536.83 2010 12  6  7 53   2455543.29 2010 12 12 18 57
 2455542.81 2010 12 12  7 19   2455549.29 2010 12 18 18 50   2455555.77 2010 12 25  6 21
