 Predicted Transit Epochs: HD212301_ b

 Predicted Duration of a Central Transit:   178. Minutes

 Begin Transit Window           PREDICTED CENTRAL TRANSIT     End Transit Window
                                     All Times UT

                               HJD        Year M  D  H  M
 2454926.14 2009  4  4 15 24   2454926.38 2009  4  4 21  6   2454926.62 2009  4  5  2 48
 2454928.39 2009  4  6 21 18   2454928.63 2009  4  7  3  0   2454928.86 2009  4  7  8 42
 2454930.63 2009  4  9  3 11   2454930.87 2009  4  9  8 54   2454931.11 2009  4  9 14 37
 2454932.88 2009  4 11  9  5   2454933.12 2009  4 11 14 48   2454933.36 2009  4 11 20 31
 2454935.12 2009  4 13 14 58   2454935.36 2009  4 13 20 42   2454935.60 2009  4 14  2 25
 2454937.37 2009  4 15 20 52   2454937.61 2009  4 16  2 35   2454937.85 2009  4 16  8 19
 2454939.61 2009  4 18  2 45   2454939.85 2009  4 18  8 29   2454940.09 2009  4 18 14 14
 2454941.86 2009  4 20  8 38   2454942.10 2009  4 20 14 23   2454942.34 2009  4 20 20  8
 2454944.11 2009  4 22 14 32   2454944.35 2009  4 22 20 17   2454944.59 2009  4 23  2  2
 2454946.35 2009  4 24 20 25   2454946.59 2009  4 25  2 11   2454946.83 2009  4 25  7 56
 2454948.60 2009  4 27  2 19   2454948.84 2009  4 27  8  5   2454949.08 2009  4 27 13 51
 2454950.84 2009  4 29  8 12   2454951.08 2009  4 29 13 58   2454951.32 2009  4 29 19 45
 2454953.09 2009  5  1 14  6   2454953.33 2009  5  1 19 52   2454953.57 2009  5  2  1 39
 2454955.33 2009  5  3 19 59   2454955.57 2009  5  4  1 46   2454955.82 2009  5  4  7 33
 2454957.58 2009  5  6  1 52   2454957.82 2009  5  6  7 40   2454958.06 2009  5  6 13 27
 2454959.82 2009  5  8  7 46   2454960.07 2009  5  8 13 34   2454960.31 2009  5  8 19 22
 2454962.07 2009  5 10 13 39   2454962.31 2009  5 10 19 28   2454962.55 2009  5 11  1 16
 2454964.31 2009  5 12 19 33   2454964.56 2009  5 13  1 21   2454964.80 2009  5 13  7 10
 2454966.56 2009  5 15  1 26   2454966.80 2009  5 15  7 15   2454967.05 2009  5 15 13  4
 2454968.81 2009  5 17  7 20   2454969.05 2009  5 17 13  9   2454969.29 2009  5 17 18 59
 2454971.05 2009  5 19 13 13   2454971.29 2009  5 19 19  3   2454971.54 2009  5 20  0 53
 2454973.30 2009  5 21 19  6   2454973.54 2009  5 22  0 57   2454973.78 2009  5 22  6 47
 2454975.54 2009  5 24  1  0   2454975.79 2009  5 24  6 51   2454976.03 2009  5 24 12 41
 2454977.79 2009  5 26  6 53   2454978.03 2009  5 26 12 44   2454978.28 2009  5 26 18 36
 2454980.03 2009  5 28 12 47   2454980.28 2009  5 28 18 38   2454980.52 2009  5 29  0 30
 2454982.28 2009  5 30 18 40   2454982.52 2009  5 31  0 32   2454982.77 2009  5 31  6 24
 2454984.52 2009  6  2  0 33   2454984.77 2009  6  2  6 26   2454985.01 2009  6  2 12 18
 2454986.77 2009  6  4  6 27   2454987.01 2009  6  4 12 20   2454987.26 2009  6  4 18 12
 2454989.01 2009  6  6 12 20   2454989.26 2009  6  6 18 14   2454989.51 2009  6  7  0  7
 2454991.26 2009  6  8 18 14   2454991.51 2009  6  9  0  7   2454991.75 2009  6  9  6  1
 2454993.51 2009  6 11  0  7   2454993.75 2009  6 11  6  1   2454994.00 2009  6 11 11 55
 2454995.75 2009  6 13  6  1   2454996.00 2009  6 13 11 55   2454996.24 2009  6 13 17 49
 2454998.00 2009  6 15 11 54   2454998.24 2009  6 15 17 49   2454998.49 2009  6 15 23 44
 2455000.24 2009  6 17 17 47   2455000.49 2009  6 17 23 43   2455000.73 2009  6 18  5 38
 2455002.49 2009  6 19 23 41   2455002.73 2009  6 20  5 37   2455002.98 2009  6 20 11 32
 2455004.73 2009  6 22  5 34   2455004.98 2009  6 22 11 30   2455005.23 2009  6 22 17 26
 2455006.98 2009  6 24 11 28   2455007.23 2009  6 24 17 24   2455007.47 2009  6 24 23 21
 2455009.22 2009  6 26 17 21   2455009.47 2009  6 26 23 18   2455009.72 2009  6 27  5 15
 2455011.47 2009  6 28 23 15   2455011.72 2009  6 29  5 12   2455011.96 2009  6 29 11  9
 2455013.71 2009  7  1  5  8   2455013.96 2009  7  1 11  6   2455014.21 2009  7  1 17  3
 2455015.96 2009  7  3 11  1   2455016.21 2009  7  3 16 59   2455016.46 2009  7  3 22 58
 2455018.21 2009  7  5 16 55   2455018.45 2009  7  5 22 53   2455018.70 2009  7  6  4 52
 2455020.45 2009  7  7 22 48   2455020.70 2009  7  8  4 47   2455020.95 2009  7  8 10 46
 2455022.70 2009  7 10  4 42   2455022.95 2009  7 10 10 41   2455023.19 2009  7 10 16 40
 2455024.94 2009  7 12 10 35   2455025.19 2009  7 12 16 35   2455025.44 2009  7 12 22 34
 2455027.19 2009  7 14 16 29   2455027.44 2009  7 14 22 29   2455027.69 2009  7 15  4 29
 2455029.43 2009  7 16 22 22   2455029.68 2009  7 17  4 22   2455029.93 2009  7 17 10 23
 2455031.68 2009  7 19  4 15   2455031.93 2009  7 19 10 16   2455032.18 2009  7 19 16 17
 2455033.92 2009  7 21 10  9   2455034.17 2009  7 21 16 10   2455034.42 2009  7 21 22 11
 2455036.17 2009  7 23 16  2   2455036.42 2009  7 23 22  4   2455036.67 2009  7 24  4  6
 2455038.41 2009  7 25 21 56   2455038.67 2009  7 26  3 58   2455038.92 2009  7 26 10  0
 2455040.66 2009  7 28  3 49   2455040.91 2009  7 28  9 52   2455041.16 2009  7 28 15 54
 2455042.90 2009  7 30  9 43   2455043.16 2009  7 30 15 45   2455043.41 2009  7 30 21 48
 2455045.15 2009  8  1 15 36   2455045.40 2009  8  1 21 39   2455045.65 2009  8  2  3 43
 2455047.40 2009  8  3 21 29   2455047.65 2009  8  4  3 33   2455047.90 2009  8  4  9 37
 2455049.64 2009  8  6  3 23   2455049.89 2009  8  6  9 27   2455050.15 2009  8  6 15 31
 2455051.89 2009  8  8  9 16   2455052.14 2009  8  8 15 21   2455052.39 2009  8  8 21 25
 2455054.13 2009  8 10 15 10   2455054.39 2009  8 10 21 15   2455054.64 2009  8 11  3 19
 2455056.38 2009  8 12 21  3   2455056.63 2009  8 13  3  8   2455056.88 2009  8 13  9 14
 2455058.62 2009  8 15  2 57   2455058.88 2009  8 15  9  2   2455059.13 2009  8 15 15  8
 2455060.87 2009  8 17  8 50   2455061.12 2009  8 17 14 56   2455061.38 2009  8 17 21  2
 2455063.11 2009  8 19 14 43   2455063.37 2009  8 19 20 50   2455063.62 2009  8 20  2 56
 2455065.36 2009  8 21 20 37   2455065.61 2009  8 22  2 44   2455065.87 2009  8 22  8 51
 2455067.60 2009  8 24  2 30   2455067.86 2009  8 24  8 38   2455068.11 2009  8 24 14 45
 2455069.85 2009  8 26  8 24   2455070.11 2009  8 26 14 31   2455070.36 2009  8 26 20 39
 2455072.10 2009  8 28 14 17   2455072.35 2009  8 28 20 25   2455072.61 2009  8 29  2 33
 2455074.34 2009  8 30 20 11   2455074.60 2009  8 31  2 19   2455074.85 2009  8 31  8 28
 2455076.59 2009  9  2  2  4   2455076.84 2009  9  2  8 13   2455077.10 2009  9  2 14 22
 2455078.83 2009  9  4  7 57   2455079.09 2009  9  4 14  7   2455079.34 2009  9  4 20 16
 2455081.08 2009  9  6 13 51   2455081.33 2009  9  6 20  1   2455081.59 2009  9  7  2 10
 2455083.32 2009  9  8 19 44   2455083.58 2009  9  9  1 54   2455083.84 2009  9  9  8  5
 2455085.57 2009  9 11  1 38   2455085.83 2009  9 11  7 48   2455086.08 2009  9 11 13 59
 2455087.81 2009  9 13  7 31   2455088.07 2009  9 13 13 42   2455088.33 2009  9 13 19 53
 2455090.06 2009  9 15 13 25   2455090.32 2009  9 15 19 36   2455090.57 2009  9 16  1 47
 2455092.30 2009  9 17 19 18   2455092.56 2009  9 18  1 30   2455092.82 2009  9 18  7 41
 2455094.55 2009  9 20  1 11   2455094.81 2009  9 20  7 24   2455095.07 2009  9 20 13 36
 2455096.80 2009  9 22  7  5   2455097.05 2009  9 22 13 17   2455097.31 2009  9 22 19 30
 2455099.04 2009  9 24 12 58   2455099.30 2009  9 24 19 11   2455099.56 2009  9 25  1 24
 2455101.29 2009  9 26 18 52   2455101.55 2009  9 27  1  5   2455101.80 2009  9 27  7 18
 2455103.53 2009  9 29  0 45   2455103.79 2009  9 29  6 59   2455104.05 2009  9 29 13 13
 2455105.78 2009 10  1  6 39   2455106.04 2009 10  1 12 53   2455106.30 2009 10  1 19  7
 2455108.02 2009 10  3 12 32   2455108.28 2009 10  3 18 46   2455108.54 2009 10  4  1  1
 2455110.27 2009 10  5 18 25   2455110.53 2009 10  6  0 40   2455110.79 2009 10  6  6 55
 2455112.51 2009 10  8  0 19   2455112.77 2009 10  8  6 34   2455113.03 2009 10  8 12 50
 2455114.76 2009 10 10  6 12   2455115.02 2009 10 10 12 28   2455115.28 2009 10 10 18 44
 2455117.00 2009 10 12 12  6   2455117.27 2009 10 12 18 22   2455117.53 2009 10 13  0 38
 2455119.25 2009 10 14 17 59   2455119.51 2009 10 15  0 16   2455119.77 2009 10 15  6 32
 2455121.50 2009 10 16 23 52   2455121.76 2009 10 17  6  9   2455122.02 2009 10 17 12 26
 2455123.74 2009 10 19  5 46   2455124.00 2009 10 19 12  3   2455124.26 2009 10 19 18 21
 2455125.99 2009 10 21 11 39   2455126.25 2009 10 21 17 57   2455126.51 2009 10 22  0 15
 2455128.23 2009 10 23 17 33   2455128.49 2009 10 23 23 51   2455128.76 2009 10 24  6  9
 2455130.48 2009 10 25 23 26   2455130.74 2009 10 26  5 45   2455131.00 2009 10 26 12  3
 2455132.72 2009 10 28  5 20   2455132.99 2009 10 28 11 39   2455133.25 2009 10 28 17 58
 2455134.97 2009 10 30 11 13   2455135.23 2009 10 30 17 32   2455135.49 2009 10 30 23 52
 2455137.21 2009 11  1 17  6   2455137.48 2009 11  1 23 26   2455137.74 2009 11  2  5 46
 2455139.46 2009 11  3 23  0   2455139.72 2009 11  4  5 20   2455139.99 2009 11  4 11 40
 2455141.70 2009 11  6  4 53   2455141.97 2009 11  6 11 14   2455142.23 2009 11  6 17 35
 2455143.95 2009 11  8 10 47   2455144.21 2009 11  8 17  8   2455144.48 2009 11  8 23 29
 2455146.19 2009 11 10 16 40   2455146.46 2009 11 10 23  2   2455146.72 2009 11 11  5 23
 2455148.44 2009 11 12 22 34   2455148.71 2009 11 13  4 55   2455148.97 2009 11 13 11 17
 2455150.69 2009 11 15  4 27   2455150.95 2009 11 15 10 49   2455151.22 2009 11 15 17 11
 2455152.93 2009 11 17 10 20   2455153.20 2009 11 17 16 43   2455153.46 2009 11 17 23  6
 2455155.18 2009 11 19 16 14   2455155.44 2009 11 19 22 37   2455155.71 2009 11 20  5  0
 2455157.42 2009 11 21 22  7   2455157.69 2009 11 22  4 31   2455157.95 2009 11 22 10 54
 2455159.67 2009 11 24  4  1   2455159.93 2009 11 24 10 25   2455160.20 2009 11 24 16 48
 2455161.91 2009 11 26  9 54   2455162.18 2009 11 26 16 18   2455162.45 2009 11 26 22 43
 2455164.16 2009 11 28 15 48   2455164.43 2009 11 28 22 12   2455164.69 2009 11 29  4 37
 2455166.40 2009 11 30 21 41   2455166.67 2009 12  1  4  6   2455166.94 2009 12  1 10 31
 2455168.65 2009 12  3  3 34   2455168.92 2009 12  3 10  0   2455169.18 2009 12  3 16 25
 2455170.89 2009 12  5  9 28   2455171.16 2009 12  5 15 54   2455171.43 2009 12  5 22 20
 2455173.14 2009 12  7 15 21   2455173.41 2009 12  7 21 48   2455173.68 2009 12  8  4 14
 2455175.39 2009 12  9 21 15   2455175.65 2009 12 10  3 41   2455175.92 2009 12 10 10  8
 2455177.63 2009 12 12  3  8   2455177.90 2009 12 12  9 35   2455178.17 2009 12 12 16  2
 2455179.88 2009 12 14  9  2   2455180.15 2009 12 14 15 29   2455180.41 2009 12 14 21 57
 2455182.12 2009 12 16 14 55   2455182.39 2009 12 16 21 23   2455182.66 2009 12 17  3 51
 2455184.37 2009 12 18 20 48   2455184.64 2009 12 19  3 17   2455184.91 2009 12 19  9 45
 2455186.61 2009 12 21  2 42   2455186.88 2009 12 21  9 11   2455187.15 2009 12 21 15 39
 2455188.86 2009 12 23  8 35   2455189.13 2009 12 23 15  4   2455189.40 2009 12 23 21 33
 2455191.10 2009 12 25 14 29   2455191.37 2009 12 25 20 58   2455191.64 2009 12 26  3 28
 2455193.35 2009 12 27 20 22   2455193.62 2009 12 28  2 52   2455193.89 2009 12 28  9 22
 2455195.59 2009 12 30  2 16   2455195.87 2009 12 30  8 46   2455196.14 2009 12 30 15 16
 2455197.84 2010  1  1  8  9   2455198.11 2010  1  1 14 40   2455198.38 2010  1  1 21 10
 2455200.09 2010  1  3 14  2   2455200.36 2010  1  3 20 34   2455200.63 2010  1  4  3  5
 2455202.33 2010  1  5 19 56   2455202.60 2010  1  6  2 27   2455202.87 2010  1  6  8 59
 2455204.58 2010  1  8  1 49   2455204.85 2010  1  8  8 21   2455205.12 2010  1  8 14 53
 2455206.82 2010  1 10  7 43   2455207.09 2010  1 10 14 15   2455207.37 2010  1 10 20 47
 2455209.07 2010  1 12 13 36   2455209.34 2010  1 12 20  9   2455209.61 2010  1 13  2 42
 2455211.31 2010  1 14 19 30   2455211.59 2010  1 15  2  3   2455211.86 2010  1 15  8 36
 2455213.56 2010  1 17  1 23   2455213.83 2010  1 17  7 56   2455214.10 2010  1 17 14 30
 2455215.80 2010  1 19  7 16   2455216.08 2010  1 19 13 50   2455216.35 2010  1 19 20 24
 2455218.05 2010  1 21 13 10   2455218.32 2010  1 21 19 44   2455218.60 2010  1 22  2 18
 2455220.29 2010  1 23 19  3   2455220.57 2010  1 24  1 38   2455220.84 2010  1 24  8 13
 2455222.54 2010  1 26  0 57   2455222.81 2010  1 26  7 32   2455223.09 2010  1 26 14  7
 2455224.79 2010  1 28  6 50   2455225.06 2010  1 28 13 26   2455225.33 2010  1 28 20  1
 2455227.03 2010  1 30 12 44   2455227.31 2010  1 30 19 19   2455227.58 2010  1 31  1 55
 2455229.28 2010  2  1 18 37   2455229.55 2010  2  2  1 13   2455229.83 2010  2  2  7 50
 2455231.52 2010  2  4  0 30   2455231.80 2010  2  4  7  7   2455232.07 2010  2  4 13 44
 2455233.77 2010  2  6  6 24   2455234.04 2010  2  6 13  1   2455234.32 2010  2  6 19 38
 2455236.01 2010  2  8 12 17   2455236.29 2010  2  8 18 55   2455236.56 2010  2  9  1 32
 2455238.26 2010  2 10 18 11   2455238.53 2010  2 11  0 49   2455238.81 2010  2 11  7 27
 2455240.50 2010  2 13  0  4   2455240.78 2010  2 13  6 42   2455241.06 2010  2 13 13 21
 2455242.75 2010  2 15  5 58   2455243.03 2010  2 15 12 36   2455243.30 2010  2 15 19 15
 2455244.99 2010  2 17 11 51   2455245.27 2010  2 17 18 30   2455245.55 2010  2 18  1  9
 2455247.24 2010  2 19 17 44   2455247.52 2010  2 20  0 24   2455247.79 2010  2 20  7  3
 2455249.48 2010  2 21 23 38   2455249.76 2010  2 22  6 18   2455250.04 2010  2 22 12 58
 2455251.73 2010  2 24  5 31   2455252.01 2010  2 24 12 12   2455252.29 2010  2 24 18 52
 2455253.98 2010  2 26 11 25   2455254.25 2010  2 26 18  5   2455254.53 2010  2 27  0 46
 2455256.22 2010  2 28 17 18   2455256.50 2010  2 28 23 59   2455256.78 2010  3  1  6 40
 2455258.47 2010  3  2 23 12   2455258.75 2010  3  3  5 53   2455259.02 2010  3  3 12 35
 2455260.71 2010  3  5  5  5   2455260.99 2010  3  5 11 47   2455261.27 2010  3  5 18 29
 2455262.96 2010  3  7 10 58   2455263.24 2010  3  7 17 41   2455263.52 2010  3  8  0 23
 2455265.20 2010  3  9 16 52   2455265.48 2010  3  9 23 35   2455265.76 2010  3 10  6 17
 2455267.45 2010  3 11 22 45   2455267.73 2010  3 12  5 28   2455268.01 2010  3 12 12 12
 2455269.69 2010  3 14  4 39   2455269.97 2010  3 14 11 22   2455270.25 2010  3 14 18  6
 2455271.94 2010  3 16 10 32   2455272.22 2010  3 16 17 16   2455272.50 2010  3 17  0  0
 2455274.18 2010  3 18 16 25   2455274.47 2010  3 18 23 10   2455274.75 2010  3 19  5 54
 2455276.43 2010  3 20 22 19   2455276.71 2010  3 21  5  4   2455276.99 2010  3 21 11 49
 2455278.68 2010  3 23  4 12   2455278.96 2010  3 23 10 58   2455279.24 2010  3 23 17 43
 2455280.92 2010  3 25 10  6   2455281.20 2010  3 25 16 51   2455281.48 2010  3 25 23 37
 2455283.17 2010  3 27 15 59   2455283.45 2010  3 27 22 45   2455283.73 2010  3 28  5 31
 2455285.41 2010  3 29 21 53   2455285.69 2010  3 30  4 39   2455285.98 2010  3 30 11 25
 2455287.66 2010  4  1  3 46   2455287.94 2010  4  1 10 33   2455288.22 2010  4  1 17 20
 2455289.90 2010  4  3  9 39   2455290.19 2010  4  3 16 27   2455290.47 2010  4  3 23 14
 2455292.15 2010  4  5 15 33   2455292.43 2010  4  5 22 21   2455292.71 2010  4  6  5  8
 2455294.39 2010  4  7 21 26   2455294.68 2010  4  8  4 14   2455294.96 2010  4  8 11  2
 2455296.64 2010  4 10  3 20   2455296.92 2010  4 10 10  8   2455297.21 2010  4 10 16 57
 2455298.88 2010  4 12  9 13   2455299.17 2010  4 12 16  2   2455299.45 2010  4 12 22 51
 2455301.13 2010  4 14 15  7   2455301.41 2010  4 14 21 56   2455301.70 2010  4 15  4 45
 2455303.38 2010  4 16 21  0   2455303.66 2010  4 17  3 50   2455303.94 2010  4 17 10 39
 2455305.62 2010  4 19  2 53   2455305.91 2010  4 19  9 44   2455306.19 2010  4 19 16 34
 2455307.87 2010  4 21  8 47   2455308.15 2010  4 21 15 37   2455308.44 2010  4 21 22 28
 2455310.11 2010  4 23 14 40   2455310.40 2010  4 23 21 31   2455310.68 2010  4 24  4 22
 2455312.36 2010  4 25 20 34   2455312.64 2010  4 26  3 25   2455312.93 2010  4 26 10 16
 2455314.60 2010  4 28  2 27   2455314.89 2010  4 28  9 19   2455315.17 2010  4 28 16 10
 2455316.85 2010  4 30  8 21   2455317.13 2010  4 30 15 13   2455317.42 2010  4 30 22  5
 2455319.09 2010  5  2 14 14   2455319.38 2010  5  2 21  6   2455319.67 2010  5  3  3 59
 2455321.34 2010  5  4 20  7   2455321.63 2010  5  5  3  0   2455321.91 2010  5  5  9 53
 2455323.58 2010  5  7  2  1   2455323.87 2010  5  7  8 54   2455324.16 2010  5  7 15 47
 2455325.83 2010  5  9  7 54   2455326.12 2010  5  9 14 48   2455326.40 2010  5  9 21 42
 2455328.08 2010  5 11 13 48   2455328.36 2010  5 11 20 42   2455328.65 2010  5 12  3 36
 2455330.32 2010  5 13 19 41   2455330.61 2010  5 14  2 36   2455330.90 2010  5 14  9 30
 2455332.57 2010  5 16  1 35   2455332.85 2010  5 16  8 29   2455333.14 2010  5 16 15 24
 2455334.81 2010  5 18  7 28   2455335.10 2010  5 18 14 23   2455335.39 2010  5 18 21 19
 2455337.06 2010  5 20 13 21   2455337.35 2010  5 20 20 17   2455337.63 2010  5 21  3 13
 2455339.30 2010  5 22 19 15   2455339.59 2010  5 23  2 11   2455339.88 2010  5 23  9  7
 2455341.55 2010  5 25  1  8   2455341.84 2010  5 25  8  5   2455342.13 2010  5 25 15  1
 2455343.79 2010  5 27  7  2   2455344.08 2010  5 27 13 59   2455344.37 2010  5 27 20 56
 2455346.04 2010  5 29 12 55   2455346.33 2010  5 29 19 52   2455346.62 2010  5 30  2 50
 2455348.28 2010  5 31 18 49   2455348.57 2010  6  1  1 46   2455348.86 2010  6  1  8 44
 2455350.53 2010  6  3  0 42   2455350.82 2010  6  3  7 40   2455351.11 2010  6  3 14 38
 2455352.77 2010  6  5  6 35   2455353.07 2010  6  5 13 34   2455353.36 2010  6  5 20 32
 2455355.02 2010  6  7 12 29   2455355.31 2010  6  7 19 28   2455355.60 2010  6  8  2 27
 2455357.27 2010  6  9 18 22   2455357.56 2010  6 10  1 22   2455357.85 2010  6 10  8 21
 2455359.51 2010  6 12  0 16   2455359.80 2010  6 12  7 15   2455360.09 2010  6 12 14 15
 2455361.76 2010  6 14  6  9   2455362.05 2010  6 14 13  9   2455362.34 2010  6 14 20  9
 2455364.00 2010  6 16 12  3   2455364.29 2010  6 16 19  3   2455364.59 2010  6 17  2  4
 2455366.25 2010  6 18 17 56   2455366.54 2010  6 19  0 57   2455366.83 2010  6 19  7 58
 2455368.49 2010  6 20 23 49   2455368.79 2010  6 21  6 51   2455369.08 2010  6 21 13 52
 2455370.74 2010  6 23  5 43   2455371.03 2010  6 23 12 45   2455371.32 2010  6 23 19 46
 2455372.98 2010  6 25 11 36   2455373.28 2010  6 25 18 38   2455373.57 2010  6 26  1 41
 2455375.23 2010  6 27 17 30   2455375.52 2010  6 28  0 32   2455375.82 2010  6 28  7 35
 2455377.47 2010  6 29 23 23   2455377.77 2010  6 30  6 26   2455378.06 2010  6 30 13 29
 2455379.72 2010  7  2  5 17   2455380.01 2010  7  2 12 20   2455380.31 2010  7  2 19 23
 2455381.97 2010  7  4 11 10   2455382.26 2010  7  4 18 14   2455382.55 2010  7  5  1 17
 2455384.21 2010  7  6 17  3   2455384.51 2010  7  7  0  8   2455384.80 2010  7  7  7 12
 2455386.46 2010  7  8 22 57   2455386.75 2010  7  9  6  1   2455387.05 2010  7  9 13  6
 2455388.70 2010  7 11  4 50   2455389.00 2010  7 11 11 55   2455389.29 2010  7 11 19  0
 2455390.95 2010  7 13 10 44   2455391.24 2010  7 13 17 49   2455391.54 2010  7 14  0 54
 2455393.19 2010  7 15 16 37   2455393.49 2010  7 15 23 43   2455393.78 2010  7 16  6 49
 2455395.44 2010  7 17 22 31   2455395.73 2010  7 18  5 37   2455396.03 2010  7 18 12 43
 2455397.68 2010  7 20  4 24   2455397.98 2010  7 20 11 31   2455398.28 2010  7 20 18 37
 2455399.93 2010  7 22 10 17   2455400.23 2010  7 22 17 24   2455400.52 2010  7 23  0 31
 2455402.17 2010  7 24 16 11   2455402.47 2010  7 24 23 18   2455402.77 2010  7 25  6 26
 2455404.42 2010  7 26 22  4   2455404.72 2010  7 27  5 12   2455405.01 2010  7 27 12 20
 2455406.67 2010  7 29  3 58   2455406.96 2010  7 29 11  6   2455407.26 2010  7 29 18 14
 2455408.91 2010  7 31  9 51   2455409.21 2010  7 31 17  0   2455409.51 2010  8  1  0  8
 2455411.16 2010  8  2 15 45   2455411.45 2010  8  2 22 53   2455411.75 2010  8  3  6  2
 2455413.40 2010  8  4 21 38   2455413.70 2010  8  5  4 47   2455414.00 2010  8  5 11 57
 2455415.65 2010  8  7  3 31   2455415.95 2010  8  7 10 41   2455416.24 2010  8  7 17 51
 2455417.89 2010  8  9  9 25   2455418.19 2010  8  9 16 35   2455418.49 2010  8  9 23 45
 2455420.14 2010  8 11 15 18   2455420.44 2010  8 11 22 29   2455420.74 2010  8 12  5 39
 2455422.38 2010  8 13 21 12   2455422.68 2010  8 14  4 23   2455422.98 2010  8 14 11 34
 2455424.63 2010  8 16  3  5   2455424.93 2010  8 16 10 16   2455425.23 2010  8 16 17 28
 2455426.87 2010  8 18  8 58   2455427.17 2010  8 18 16 10   2455427.47 2010  8 18 23 22
 2455429.12 2010  8 20 14 52   2455429.42 2010  8 20 22  4   2455429.72 2010  8 21  5 16
 2455431.37 2010  8 22 20 45   2455431.67 2010  8 23  3 58   2455431.97 2010  8 23 11 11
 2455433.61 2010  8 25  2 39   2455433.91 2010  8 25  9 52   2455434.21 2010  8 25 17  5
 2455435.86 2010  8 27  8 32   2455436.16 2010  8 27 15 46   2455436.46 2010  8 27 22 59
 2455438.10 2010  8 29 14 26   2455438.40 2010  8 29 21 39   2455438.70 2010  8 30  4 53
 2455440.35 2010  8 31 20 19   2455440.65 2010  9  1  3 33   2455440.95 2010  9  1 10 48
 2455442.59 2010  9  3  2 12   2455442.89 2010  9  3  9 27   2455443.20 2010  9  3 16 42
 2455444.84 2010  9  5  8  6   2455445.14 2010  9  5 15 21   2455445.44 2010  9  5 22 36
 2455447.08 2010  9  7 13 59   2455447.39 2010  9  7 21 15   2455447.69 2010  9  8  4 30
 2455449.33 2010  9  9 19 53   2455449.63 2010  9 10  3  9   2455449.93 2010  9 10 10 24
 2455451.57 2010  9 12  1 46   2455451.88 2010  9 12  9  2   2455452.18 2010  9 12 16 19
 2455453.82 2010  9 14  7 40   2455454.12 2010  9 14 14 56   2455454.43 2010  9 14 22 13
 2455456.06 2010  9 16 13 33   2455456.37 2010  9 16 20 50   2455456.67 2010  9 17  4  7
 2455458.31 2010  9 18 19 26   2455458.61 2010  9 19  2 44   2455458.92 2010  9 19 10  1
 2455460.56 2010  9 21  1 20   2455460.86 2010  9 21  8 38   2455461.16 2010  9 21 15 56
 2455462.80 2010  9 23  7 13   2455463.11 2010  9 23 14 32   2455463.41 2010  9 23 21 50
 2455465.05 2010  9 25 13  7   2455465.35 2010  9 25 20 25   2455465.66 2010  9 26  3 44
 2455467.29 2010  9 27 19  0   2455467.60 2010  9 28  2 19   2455467.90 2010  9 28  9 38
 2455469.54 2010  9 30  0 54   2455469.84 2010  9 30  8 13   2455470.15 2010  9 30 15 33
 2455471.78 2010 10  2  6 47   2455472.09 2010 10  2 14  7   2455472.39 2010 10  2 21 27
 2455474.03 2010 10  4 12 40   2455474.33 2010 10  4 20  1   2455474.64 2010 10  5  3 21
 2455476.27 2010 10  6 18 34   2455476.58 2010 10  7  1 55   2455476.89 2010 10  7  9 15
 2455478.52 2010 10  9  0 27   2455478.83 2010 10  9  7 48   2455479.13 2010 10  9 15  9
 2455480.76 2010 10 11  6 21   2455481.07 2010 10 11 13 42   2455481.38 2010 10 11 21  4
 2455483.01 2010 10 13 12 14   2455483.32 2010 10 13 19 36   2455483.62 2010 10 14  2 58
 2455485.26 2010 10 15 18  8   2455485.56 2010 10 16  1 30   2455485.87 2010 10 16  8 52
 2455487.50 2010 10 18  0  1   2455487.81 2010 10 18  7 24   2455488.12 2010 10 18 14 46
 2455489.75 2010 10 20  5 54   2455490.05 2010 10 20 13 18   2455490.36 2010 10 20 20 41
 2455491.99 2010 10 22 11 48   2455492.30 2010 10 22 19 11   2455492.61 2010 10 23  2 35
 2455494.24 2010 10 24 17 41   2455494.55 2010 10 25  1  5   2455494.85 2010 10 25  8 29
 2455496.48 2010 10 26 23 35   2455496.79 2010 10 27  6 59   2455497.10 2010 10 27 14 23
 2455498.73 2010 10 29  5 28   2455499.04 2010 10 29 12 53   2455499.35 2010 10 29 20 18
 2455500.97 2010 10 31 11 22   2455501.28 2010 10 31 18 47   2455501.59 2010 11  1  2 12
 2455503.22 2010 11  2 17 15   2455503.53 2010 11  3  0 41   2455503.84 2010 11  3  8  6
 2455505.46 2010 11  4 23  8   2455505.77 2010 11  5  6 34   2455506.08 2010 11  5 14  0
 2455507.71 2010 11  7  5  2   2455508.02 2010 11  7 12 28   2455508.33 2010 11  7 19 55
 2455509.96 2010 11  9 10 55   2455510.27 2010 11  9 18 22   2455510.58 2010 11 10  1 49
 2455512.20 2010 11 11 16 49   2455512.51 2010 11 12  0 16   2455512.82 2010 11 12  7 43
 2455514.45 2010 11 13 22 42   2455514.76 2010 11 14  6 10   2455515.07 2010 11 14 13 37
 2455516.69 2010 11 16  4 36   2455517.00 2010 11 16 12  3   2455517.31 2010 11 16 19 31
 2455518.94 2010 11 18 10 29   2455519.25 2010 11 18 17 57   2455519.56 2010 11 19  1 26
 2455521.18 2010 11 20 16 22   2455521.49 2010 11 20 23 51   2455521.81 2010 11 21  7 20
 2455523.43 2010 11 22 22 16   2455523.74 2010 11 23  5 45   2455524.05 2010 11 23 13 14
 2455525.67 2010 11 25  4  9   2455525.99 2010 11 25 11 39   2455526.30 2010 11 25 19  8
 2455527.92 2010 11 27 10  3   2455528.23 2010 11 27 17 33   2455528.54 2010 11 28  1  3
 2455530.16 2010 11 29 15 56   2455530.48 2010 11 29 23 26   2455530.79 2010 11 30  6 57
 2455532.41 2010 12  1 21 50   2455532.72 2010 12  2  5 20   2455533.04 2010 12  2 12 51
 2455534.66 2010 12  4  3 43   2455534.97 2010 12  4 11 14   2455535.28 2010 12  4 18 45
 2455536.90 2010 12  6  9 36   2455537.21 2010 12  6 17  8   2455537.53 2010 12  7  0 40
 2455539.15 2010 12  8 15 30   2455539.46 2010 12  8 23  2   2455539.77 2010 12  9  6 34
 2455541.39 2010 12 10 21 23   2455541.71 2010 12 11  4 56   2455542.02 2010 12 11 12 28
 2455543.64 2010 12 13  3 17   2455543.95 2010 12 13 10 49   2455544.27 2010 12 13 18 22
 2455545.88 2010 12 15  9 10   2455546.20 2010 12 15 16 43   2455546.51 2010 12 16  0 16
 2455548.13 2010 12 17 15  4   2455548.44 2010 12 17 22 37   2455548.76 2010 12 18  6 11
 2455550.37 2010 12 19 20 57   2455550.69 2010 12 20  4 31   2455551.00 2010 12 20 12  5
 2455552.62 2010 12 22  2 50   2455552.93 2010 12 22 10 25   2455553.25 2010 12 22 17 59
 2455554.86 2010 12 24  8 44   2455555.18 2010 12 24 16 19   2455555.50 2010 12 24 23 53
 2455557.11 2010 12 26 14 37   2455557.43 2010 12 26 22 12   2455557.74 2010 12 27  5 48
 2455559.35 2010 12 28 20 31   2455559.67 2010 12 29  4  6   2455559.99 2010 12 29 11 42
 2455561.60 2010 12 31  2 24   2455561.92 2010 12 31 10  0   2455562.23 2010 12 31 17 36
 2455563.85 2011  1  2  8 17   2455564.16 2011  1  2 15 54   2455564.48 2011  1  2 23 30
 2455566.09 2011  1  4 14 11   2455566.41 2011  1  4 21 48   2455566.73 2011  1  5  5 25
 2455568.34 2011  1  6 20  4   2455568.65 2011  1  7  3 42   2455568.97 2011  1  7 11 19
 2455570.58 2011  1  9  1 58   2455570.90 2011  1  9  9 35   2455571.22 2011  1  9 17 13
 2455572.83 2011  1 11  7 51   2455573.15 2011  1 11 15 29   2455573.46 2011  1 11 23  7
 2455575.07 2011  1 13 13 45   2455575.39 2011  1 13 21 23   2455575.71 2011  1 14  5  1
 2455577.32 2011  1 15 19 38   2455577.64 2011  1 16  3 17   2455577.96 2011  1 16 10 56
 2455579.56 2011  1 18  1 31   2455579.88 2011  1 18  9 11   2455580.20 2011  1 18 16 50
 2455581.81 2011  1 20  7 25   2455582.13 2011  1 20 15  5   2455582.45 2011  1 20 22 44
 2455584.05 2011  1 22 13 18   2455584.37 2011  1 22 20 58   2455584.69 2011  1 23  4 38
 2455586.30 2011  1 24 19 12   2455586.62 2011  1 25  2 52   2455586.94 2011  1 25 10 33
 2455588.55 2011  1 27  1  5   2455588.87 2011  1 27  8 46   2455589.19 2011  1 27 16 27
 2455590.79 2011  1 29  6 59   2455591.11 2011  1 29 14 40   2455591.43 2011  1 29 22 21
 2455593.04 2011  1 31 12 52   2455593.36 2011  1 31 20 34   2455593.68 2011  2  1  4 15
 2455595.28 2011  2  2 18 45   2455595.60 2011  2  3  2 28   2455595.92 2011  2  3 10 10
 2455597.53 2011  2  5  0 39   2455597.85 2011  2  5  8 21   2455598.17 2011  2  5 16  4
 2455599.77 2011  2  7  6 32   2455600.09 2011  2  7 14 15   2455600.42 2011  2  7 21 58
 2455602.02 2011  2  9 12 26   2455602.34 2011  2  9 20  9   2455602.66 2011  2 10  3 52
 2455604.26 2011  2 11 18 19   2455604.59 2011  2 12  2  3   2455604.91 2011  2 12  9 47
 2455606.51 2011  2 14  0 13   2455606.83 2011  2 14  7 57   2455607.15 2011  2 14 15 41
 2455608.75 2011  2 16  6  6   2455609.08 2011  2 16 13 51   2455609.40 2011  2 16 21 35
 2455611.00 2011  2 18 11 59   2455611.32 2011  2 18 19 44   2455611.65 2011  2 19  3 29
 2455613.25 2011  2 20 17 53   2455613.57 2011  2 21  1 38   2455613.89 2011  2 21  9 23
 2455615.49 2011  2 22 23 46   2455615.81 2011  2 23  7 32   2455616.14 2011  2 23 15 18
 2455617.74 2011  2 25  5 40   2455618.06 2011  2 25 13 26   2455618.38 2011  2 25 21 12
 2455619.98 2011  2 27 11 33   2455620.31 2011  2 27 19 20   2455620.63 2011  2 28  3  6
 2455622.23 2011  3  1 17 27   2455622.55 2011  3  2  1 13   2455622.88 2011  3  2  9  0
 2455624.47 2011  3  3 23 20   2455624.80 2011  3  4  7  7   2455625.12 2011  3  4 14 55
 2455626.72 2011  3  6  5 13   2455627.04 2011  3  6 13  1   2455627.37 2011  3  6 20 49
 2455628.96 2011  3  8 11  7   2455629.29 2011  3  8 18 55   2455629.61 2011  3  9  2 43
 2455631.21 2011  3 10 17  0   2455631.53 2011  3 11  0 49   2455631.86 2011  3 11  8 37
 2455633.45 2011  3 12 22 54   2455633.78 2011  3 13  6 43   2455634.11 2011  3 13 14 32
 2455635.70 2011  3 15  4 47   2455636.03 2011  3 15 12 36   2455636.35 2011  3 15 20 26
 2455637.95 2011  3 17 10 41   2455638.27 2011  3 17 18 30   2455638.60 2011  3 18  2 20
 2455640.19 2011  3 19 16 34   2455640.52 2011  3 20  0 24   2455640.84 2011  3 20  8 14
 2455642.44 2011  3 21 22 27   2455642.76 2011  3 22  6 18   2455643.09 2011  3 22 14  8
 2455644.68 2011  3 24  4 21   2455645.01 2011  3 24 12 12   2455645.34 2011  3 24 20  3
 2455646.93 2011  3 26 10 14   2455647.25 2011  3 26 18  6   2455647.58 2011  3 27  1 57
 2455649.17 2011  3 28 16  8   2455649.50 2011  3 28 23 59   2455649.83 2011  3 29  7 51
 2455651.42 2011  3 30 22  1   2455651.75 2011  3 31  5 53   2455652.07 2011  3 31 13 45
 2455653.66 2011  4  2  3 55   2455653.99 2011  4  2 11 47   2455654.32 2011  4  2 19 40
 2455655.91 2011  4  4  9 48   2455656.24 2011  4  4 17 41   2455656.57 2011  4  5  1 34
 2455658.15 2011  4  6 15 41   2455658.48 2011  4  6 23 35   2455658.81 2011  4  7  7 28
 2455660.40 2011  4  8 21 35   2455660.73 2011  4  9  5 29   2455661.06 2011  4  9 13 22
 2455662.64 2011  4 11  3 28   2455662.97 2011  4 11 11 22   2455663.30 2011  4 11 19 17
 2455664.89 2011  4 13  9 22   2455665.22 2011  4 13 17 16   2455665.55 2011  4 14  1 11
 2455667.14 2011  4 15 15 15   2455667.47 2011  4 15 23 10   2455667.80 2011  4 16  7  5
 2455669.38 2011  4 17 21  9   2455669.71 2011  4 18  5  4   2455670.04 2011  4 18 12 59
 2455671.63 2011  4 20  3  2   2455671.96 2011  4 20 10 58   2455672.29 2011  4 20 18 53
 2455673.87 2011  4 22  8 55   2455674.20 2011  4 22 16 52   2455674.53 2011  4 23  0 48
 2455676.12 2011  4 24 14 49   2455676.45 2011  4 24 22 45   2455676.78 2011  4 25  6 42
 2455678.36 2011  4 26 20 42   2455678.69 2011  4 27  4 39   2455679.03 2011  4 27 12 36
 2455680.61 2011  4 29  2 36   2455680.94 2011  4 29 10 33   2455681.27 2011  4 29 18 30
 2455682.85 2011  5  1  8 29   2455683.19 2011  5  1 16 27   2455683.52 2011  5  2  0 25
 2455685.10 2011  5  3 14 23   2455685.43 2011  5  3 22 21   2455685.76 2011  5  4  6 19
 2455687.34 2011  5  5 20 16   2455687.68 2011  5  6  4 15   2455688.01 2011  5  6 12 13
 2455689.59 2011  5  8  2  9   2455689.92 2011  5  8 10  8   2455690.26 2011  5  8 18  7
 2455691.84 2011  5 10  8  3   2455692.17 2011  5 10 16  2   2455692.50 2011  5 11  0  2
 2455694.08 2011  5 12 13 56   2455694.41 2011  5 12 21 56   2455694.75 2011  5 13  5 56
 2455696.33 2011  5 14 19 50   2455696.66 2011  5 15  3 50   2455696.99 2011  5 15 11 50
 2455698.57 2011  5 17  1 43   2455698.91 2011  5 17  9 44   2455699.24 2011  5 17 17 44
 2455700.82 2011  5 19  7 37   2455701.15 2011  5 19 15 38   2455701.49 2011  5 19 23 39
 2455703.06 2011  5 21 13 30   2455703.40 2011  5 21 21 31   2455703.73 2011  5 22  5 33
 2455705.31 2011  5 23 19 23   2455705.64 2011  5 24  3 25   2455705.98 2011  5 24 11 27
 2455707.55 2011  5 26  1 17   2455707.89 2011  5 26  9 19   2455708.22 2011  5 26 17 21
 2455709.80 2011  5 28  7 10   2455710.13 2011  5 28 15 13   2455710.47 2011  5 28 23 15
 2455712.04 2011  5 30 13  4   2455712.38 2011  5 30 21  7   2455712.72 2011  5 31  5 10
 2455714.29 2011  6  1 18 57   2455714.63 2011  6  2  3  0   2455714.96 2011  6  2 11  4
 2455716.54 2011  6  4  0 50   2455716.87 2011  6  4  8 54   2455717.21 2011  6  4 16 58
 2455718.78 2011  6  6  6 44   2455719.12 2011  6  6 14 48   2455719.45 2011  6  6 22 52
 2455721.03 2011  6  8 12 37   2455721.36 2011  6  8 20 42   2455721.70 2011  6  9  4 47
 2455723.27 2011  6 10 18 31   2455723.61 2011  6 11  2 36   2455723.95 2011  6 11 10 41
 2455725.52 2011  6 13  0 24   2455725.85 2011  6 13  8 30   2455726.19 2011  6 13 16 35
 2455727.76 2011  6 15  6 18   2455728.10 2011  6 15 14 23   2455728.44 2011  6 15 22 29
 2455730.01 2011  6 17 12 11   2455730.35 2011  6 17 20 17   2455730.68 2011  6 18  4 24
 2455732.25 2011  6 19 18  4   2455732.59 2011  6 20  2 11   2455732.93 2011  6 20 10 18
 2455734.50 2011  6 21 23 58   2455734.84 2011  6 22  8  5   2455735.18 2011  6 22 16 12
 2455736.74 2011  6 24  5 51   2455737.08 2011  6 24 13 59   2455737.42 2011  6 24 22  6
 2455738.99 2011  6 26 11 45   2455739.33 2011  6 26 19 53   2455739.67 2011  6 27  4  0
 2455741.24 2011  6 28 17 38   2455741.57 2011  6 29  1 46   2455741.91 2011  6 29  9 55
 2455743.48 2011  6 30 23 32   2455743.82 2011  7  1  7 40   2455744.16 2011  7  1 15 49
 2455745.73 2011  7  3  5 25   2455746.07 2011  7  3 13 34   2455746.41 2011  7  3 21 43
 2455747.97 2011  7  5 11 18   2455748.31 2011  7  5 19 28   2455748.65 2011  7  6  3 37
 2455750.22 2011  7  7 17 12   2455750.56 2011  7  8  1 22   2455750.90 2011  7  8  9 32
 2455752.46 2011  7  9 23  5   2455752.80 2011  7 10  7 16   2455753.14 2011  7 10 15 26
 2455754.71 2011  7 12  4 59   2455755.05 2011  7 12 13  9   2455755.39 2011  7 12 21 20
 2455756.95 2011  7 14 10 52   2455757.29 2011  7 14 19  3   2455757.64 2011  7 15  3 14
 2455759.20 2011  7 16 16 46   2455759.54 2011  7 17  0 57   2455759.88 2011  7 17  9  9
 2455761.44 2011  7 18 22 39   2455761.79 2011  7 19  6 51   2455762.13 2011  7 19 15  3
 2455763.69 2011  7 21  4 32   2455764.03 2011  7 21 12 45   2455764.37 2011  7 21 20 57
 2455765.93 2011  7 23 10 26   2455766.28 2011  7 23 18 39   2455766.62 2011  7 24  2 51
 2455768.18 2011  7 25 16 19   2455768.52 2011  7 26  0 32   2455768.87 2011  7 26  8 46
 2455770.43 2011  7 27 22 13   2455770.77 2011  7 28  6 26   2455771.11 2011  7 28 14 40
 2455772.67 2011  7 30  4  6   2455773.01 2011  7 30 12 20   2455773.36 2011  7 30 20 34
 2455774.92 2011  8  1 10  0   2455775.26 2011  8  1 18 14   2455775.60 2011  8  2  2 28
