 Predicted Transit Epochs: HD219828_ b

 Predicted Duration of a Central Transit:   274. Minutes

 Begin Transit Window           PREDICTED CENTRAL TRANSIT     End Transit Window
                                     All Times UT

                               HJD        Year M  D  H  M
 2454926.45 2009  4  4 22 46   2454926.97 2009  4  5 11  9   2454927.48 2009  4  5 23 32
 2454930.28 2009  4  8 18 45   2454930.80 2009  4  9  7 10   2454931.32 2009  4  9 19 35
 2454934.11 2009  4 12 14 43   2454934.63 2009  4 13  3 10   2454935.15 2009  4 13 15 37
 2454937.95 2009  4 16 10 42   2454938.47 2009  4 16 23 10   2454938.99 2009  4 17 11 39
 2454941.78 2009  4 20  6 40   2454942.30 2009  4 20 19 10   2454942.82 2009  4 21  7 41
 2454945.61 2009  4 24  2 38   2454946.13 2009  4 24 15 11   2454946.66 2009  4 25  3 43
 2454949.44 2009  4 27 22 37   2454949.97 2009  4 28 11 11   2454950.49 2009  4 28 23 45
 2454953.27 2009  5  1 18 35   2454953.80 2009  5  2  7 11   2454954.32 2009  5  2 19 47
 2454957.11 2009  5  5 14 33   2454957.63 2009  5  6  3 11   2454958.16 2009  5  6 15 49
 2454960.94 2009  5  9 10 32   2454961.47 2009  5  9 23 12   2454961.99 2009  5 10 11 52
 2454964.77 2009  5 13  6 30   2454965.30 2009  5 13 19 12   2454965.83 2009  5 14  7 54
 2454968.60 2009  5 17  2 29   2454969.13 2009  5 17 15 12   2454969.66 2009  5 18  3 56
 2454972.44 2009  5 20 22 27   2454972.97 2009  5 21 11 12   2454973.50 2009  5 21 23 58
 2454976.27 2009  5 24 18 25   2454976.80 2009  5 25  7 13   2454977.33 2009  5 25 20  0
 2454980.10 2009  5 28 14 24   2454980.63 2009  5 29  3 13   2454981.17 2009  5 29 16  2
 2454983.93 2009  6  1 10 22   2454984.47 2009  6  1 23 13   2454985.00 2009  6  2 12  4
 2454987.76 2009  6  5  6 20   2454988.30 2009  6  5 19 13   2454988.84 2009  6  6  8  6
 2454991.60 2009  6  9  2 19   2454992.13 2009  6  9 15 14   2454992.67 2009  6 10  4  8
 2454995.43 2009  6 12 22 17   2454995.97 2009  6 13 11 14   2454996.51 2009  6 14  0 11
 2454999.26 2009  6 16 18 15   2454999.80 2009  6 17  7 14   2455000.34 2009  6 17 20 13
 2455003.09 2009  6 20 14 14   2455003.64 2009  6 21  3 14   2455004.18 2009  6 21 16 15
 2455006.93 2009  6 24 10 12   2455007.47 2009  6 24 23 15   2455008.01 2009  6 25 12 17
 2455010.76 2009  6 28  6 11   2455011.30 2009  6 28 19 15   2455011.85 2009  6 29  8 19
 2455014.59 2009  7  2  2  9   2455015.14 2009  7  2 15 15   2455015.68 2009  7  3  4 21
 2455018.42 2009  7  5 22  7   2455018.97 2009  7  6 11 15   2455019.52 2009  7  7  0 23
 2455022.25 2009  7  9 18  6   2455022.80 2009  7 10  7 15   2455023.35 2009  7 10 20 25
 2455026.09 2009  7 13 14  4   2455026.64 2009  7 14  3 16   2455027.19 2009  7 14 16 27
 2455029.92 2009  7 17 10  2   2455030.47 2009  7 17 23 16   2455031.02 2009  7 18 12 30
 2455033.75 2009  7 21  6  1   2455034.30 2009  7 21 19 16   2455034.86 2009  7 22  8 32
 2455037.58 2009  7 25  1 59   2455038.14 2009  7 25 15 16   2455038.69 2009  7 26  4 34
 2455041.42 2009  7 28 21 58   2455041.97 2009  7 29 11 17   2455042.53 2009  7 30  0 36
 2455045.25 2009  8  1 17 56   2455045.80 2009  8  2  7 17   2455046.36 2009  8  2 20 38
 2455049.08 2009  8  5 13 54   2455049.64 2009  8  6  3 17   2455050.19 2009  8  6 16 40
 2455052.91 2009  8  9  9 53   2455053.47 2009  8  9 23 17   2455054.03 2009  8 10 12 42
 2455056.74 2009  8 13  5 51   2455057.30 2009  8 13 19 18   2455057.86 2009  8 14  8 44
 2455060.58 2009  8 17  1 49   2455061.14 2009  8 17 15 18   2455061.70 2009  8 18  4 46
 2455064.41 2009  8 20 21 48   2455064.97 2009  8 21 11 18   2455065.53 2009  8 22  0 49
 2455068.24 2009  8 24 17 46   2455068.80 2009  8 25  7 18   2455069.37 2009  8 25 20 51
 2455072.07 2009  8 28 13 44   2455072.64 2009  8 29  3 19   2455073.20 2009  8 29 16 53
 2455075.91 2009  9  1  9 43   2455076.47 2009  9  1 23 19   2455077.04 2009  9  2 12 55
 2455079.74 2009  9  5  5 41   2455080.31 2009  9  5 19 19   2455080.87 2009  9  6  8 57
 2455083.57 2009  9  9  1 40   2455084.14 2009  9  9 15 19   2455084.71 2009  9 10  4 59
 2455087.40 2009  9 12 21 38   2455087.97 2009  9 13 11 20   2455088.54 2009  9 14  1  1
 2455091.23 2009  9 16 17 36   2455091.81 2009  9 17  7 20   2455092.38 2009  9 17 21  3
 2455095.07 2009  9 20 13 35   2455095.64 2009  9 21  3 20   2455096.21 2009  9 21 17  5
 2455098.90 2009  9 24  9 33   2455099.47 2009  9 24 23 20   2455100.05 2009  9 25 13  8
 2455102.73 2009  9 28  5 31   2455103.31 2009  9 28 19 21   2455103.88 2009  9 29  9 10
 2455106.56 2009 10  2  1 30   2455107.14 2009 10  2 15 21   2455107.72 2009 10  3  5 12
 2455110.39 2009 10  5 21 28   2455110.97 2009 10  6 11 21   2455111.55 2009 10  7  1 14
 2455114.23 2009 10  9 17 27   2455114.81 2009 10 10  7 21   2455115.39 2009 10 10 21 16
 2455118.06 2009 10 13 13 25   2455118.64 2009 10 14  3 21   2455119.22 2009 10 14 17 18
 2455121.89 2009 10 17  9 23   2455122.47 2009 10 17 23 22   2455123.06 2009 10 18 13 20
 2455125.72 2009 10 21  5 22   2455126.31 2009 10 21 19 22   2455126.89 2009 10 22  9 22
 2455129.56 2009 10 25  1 20   2455130.14 2009 10 25 15 22   2455130.73 2009 10 26  5 24
 2455133.39 2009 10 28 21 18   2455133.97 2009 10 29 11 22   2455134.56 2009 10 30  1 27
 2455137.22 2009 11  1 17 17   2455137.81 2009 11  2  7 23   2455138.40 2009 11  2 21 29
 2455141.05 2009 11  5 13 15   2455141.64 2009 11  6  3 23   2455142.23 2009 11  6 17 31
 2455144.88 2009 11  9  9 13   2455145.47 2009 11  9 23 23   2455146.06 2009 11 10 13 33
 2455148.72 2009 11 13  5 12   2455149.31 2009 11 13 19 23   2455149.90 2009 11 14  9 35
 2455152.55 2009 11 17  1 10   2455153.14 2009 11 17 15 24   2455153.73 2009 11 18  5 37
 2455156.38 2009 11 20 21  9   2455156.98 2009 11 21 11 24   2455157.57 2009 11 22  1 39
 2455160.21 2009 11 24 17  7   2455160.81 2009 11 25  7 24   2455161.40 2009 11 25 21 41
 2455164.05 2009 11 28 13  5   2455164.64 2009 11 29  3 24   2455165.24 2009 11 29 17 43
 2455167.88 2009 12  2  9  4   2455168.48 2009 12  2 23 25   2455169.07 2009 12  3 13 46
 2455171.71 2009 12  6  5  2   2455172.31 2009 12  6 19 25   2455172.91 2009 12  7  9 48
 2455175.54 2009 12 10  1  0   2455176.14 2009 12 10 15 25   2455176.74 2009 12 11  5 50
 2455179.37 2009 12 13 20 59   2455179.98 2009 12 14 11 25   2455180.58 2009 12 15  1 52
 2455183.21 2009 12 17 16 57   2455183.81 2009 12 18  7 26   2455184.41 2009 12 18 21 54
 2455187.04 2009 12 21 12 56   2455187.64 2009 12 22  3 26   2455188.25 2009 12 22 17 56
 2455190.87 2009 12 25  8 54   2455191.48 2009 12 25 23 26   2455192.08 2009 12 26 13 58
 2455194.70 2009 12 29  4 52   2455195.31 2009 12 29 19 26   2455195.92 2009 12 30 10  0
 2455198.54 2010  1  2  0 51   2455199.14 2010  1  2 15 27   2455199.75 2010  1  3  6  2
 2455202.37 2010  1  5 20 49   2455202.98 2010  1  6 11 27   2455203.59 2010  1  7  2  5
 2455206.20 2010  1  9 16 47   2455206.81 2010  1 10  7 27   2455207.42 2010  1 10 22  7
 2455210.03 2010  1 13 12 46   2455210.64 2010  1 14  3 27   2455211.26 2010  1 14 18  9
 2455213.86 2010  1 17  8 44   2455214.48 2010  1 17 23 27   2455215.09 2010  1 18 14 11
 2455217.70 2010  1 21  4 42   2455218.31 2010  1 21 19 28   2455218.93 2010  1 22 10 13
 2455221.53 2010  1 25  0 41   2455222.14 2010  1 25 15 28   2455222.76 2010  1 26  6 15
 2455225.36 2010  1 28 20 39   2455225.98 2010  1 29 11 28   2455226.60 2010  1 30  2 17
 2455229.19 2010  2  1 16 38   2455229.81 2010  2  2  7 28   2455230.43 2010  2  2 22 19
 2455233.03 2010  2  5 12 36   2455233.65 2010  2  6  3 29   2455234.27 2010  2  6 18 21
 2455236.86 2010  2  9  8 34   2455237.48 2010  2  9 23 29   2455238.10 2010  2 10 14 24
 2455240.69 2010  2 13  4 33   2455241.31 2010  2 13 19 29   2455241.93 2010  2 14 10 26
 2455244.52 2010  2 17  0 31   2455245.15 2010  2 17 15 29   2455245.77 2010  2 18  6 28
 2455248.35 2010  2 20 20 29   2455248.98 2010  2 21 11 30   2455249.60 2010  2 22  2 30
 2455252.19 2010  2 24 16 28   2455252.81 2010  2 25  7 30   2455253.44 2010  2 25 22 32
 2455256.02 2010  2 28 12 26   2455256.65 2010  3  1  3 30   2455257.27 2010  3  1 18 34
 2455259.85 2010  3  4  8 25   2455260.48 2010  3  4 23 30   2455261.11 2010  3  5 14 36
 2455263.68 2010  3  8  4 23   2455264.31 2010  3  8 19 31   2455264.94 2010  3  9 10 38
 2455267.52 2010  3 12  0 21   2455268.15 2010  3 12 15 31   2455268.78 2010  3 13  6 40
 2455271.35 2010  3 15 20 20   2455271.98 2010  3 16 11 31   2455272.61 2010  3 17  2 43
 2455275.18 2010  3 19 16 18   2455275.81 2010  3 20  7 31   2455276.45 2010  3 20 22 45
 2455279.01 2010  3 23 12 16   2455279.65 2010  3 24  3 32   2455280.28 2010  3 24 18 47
 2455282.84 2010  3 27  8 15   2455283.48 2010  3 27 23 32   2455284.12 2010  3 28 14 49
 2455286.68 2010  3 31  4 13   2455287.31 2010  3 31 19 32   2455287.95 2010  4  1 10 51
 2455290.51 2010  4  4  0 11   2455291.15 2010  4  4 15 32   2455291.79 2010  4  5  6 53
 2455294.34 2010  4  7 20 10   2455294.98 2010  4  8 11 33   2455295.62 2010  4  9  2 55
 2455298.17 2010  4 11 16  8   2455298.81 2010  4 12  7 33   2455299.46 2010  4 12 22 57
 2455302.00 2010  4 15 12  7   2455302.65 2010  4 16  3 33   2455303.29 2010  4 16 18 59
 2455305.84 2010  4 19  8  5   2455306.48 2010  4 19 23 33   2455307.13 2010  4 20 15  2
 2455309.67 2010  4 23  4  3   2455310.32 2010  4 23 19 33   2455310.96 2010  4 24 11  4
 2455313.50 2010  4 27  0  2   2455314.15 2010  4 27 15 34   2455314.80 2010  4 28  7  6
 2455317.33 2010  4 30 20  0   2455317.98 2010  5  1 11 34   2455318.63 2010  5  2  3  8
 2455321.17 2010  5  4 15 58   2455321.82 2010  5  5  7 34   2455322.47 2010  5  5 23 10
 2455325.00 2010  5  8 11 57   2455325.65 2010  5  9  3 34   2455326.30 2010  5  9 19 12
 2455328.83 2010  5 12  7 55   2455329.48 2010  5 12 23 35   2455330.14 2010  5 13 15 14
 2455332.66 2010  5 16  3 54   2455333.32 2010  5 16 19 35   2455333.97 2010  5 17 11 16
 2455336.49 2010  5 19 23 52   2455337.15 2010  5 20 15 35   2455337.80 2010  5 21  7 18
 2455340.33 2010  5 23 19 50   2455340.98 2010  5 24 11 35   2455341.64 2010  5 25  3 21
 2455344.16 2010  5 27 15 49   2455344.82 2010  5 28  7 36   2455345.47 2010  5 28 23 23
 2455347.99 2010  5 31 11 47   2455348.65 2010  6  1  3 36   2455349.31 2010  6  1 19 25
 2455351.82 2010  6  4  7 45   2455352.48 2010  6  4 23 36   2455353.14 2010  6  5 15 27
 2455355.66 2010  6  8  3 44   2455356.32 2010  6  8 19 36   2455356.98 2010  6  9 11 29
 2455359.49 2010  6 11 23 42   2455360.15 2010  6 12 15 37   2455360.81 2010  6 13  7 31
 2455363.32 2010  6 15 19 40   2455363.98 2010  6 16 11 37   2455364.65 2010  6 17  3 33
 2455367.15 2010  6 19 15 39   2455367.82 2010  6 20  7 37   2455368.48 2010  6 20 23 35
 2455370.98 2010  6 23 11 37   2455371.65 2010  6 24  3 37   2455372.32 2010  6 24 19 37
 2455374.82 2010  6 27  7 36   2455375.48 2010  6 27 23 38   2455376.15 2010  6 28 15 40
 2455378.65 2010  7  1  3 34   2455379.32 2010  7  1 19 38   2455379.99 2010  7  2 11 42
 2455382.48 2010  7  4 23 32   2455383.15 2010  7  5 15 38   2455383.82 2010  7  6  7 44
 2455386.31 2010  7  8 19 31   2455386.99 2010  7  9 11 38   2455387.66 2010  7 10  3 46
 2455390.15 2010  7 12 15 29   2455390.82 2010  7 13  7 39   2455391.49 2010  7 13 23 48
 2455393.98 2010  7 16 11 27   2455394.65 2010  7 17  3 39   2455395.33 2010  7 17 19 50
 2455397.81 2010  7 20  7 26   2455398.49 2010  7 20 23 39   2455399.16 2010  7 21 15 52
 2455401.64 2010  7 24  3 24   2455402.32 2010  7 24 19 39   2455403.00 2010  7 25 11 54
 2455405.47 2010  7 27 23 22   2455406.15 2010  7 28 15 39   2455406.83 2010  7 29  7 56
 2455409.31 2010  7 31 19 21   2455409.99 2010  8  1 11 40   2455410.67 2010  8  2  3 59
 2455413.14 2010  8  4 15 19   2455413.82 2010  8  5  7 40   2455414.50 2010  8  6  0  1
 2455416.97 2010  8  8 11 18   2455417.65 2010  8  9  3 40   2455418.34 2010  8  9 20  3
 2455420.80 2010  8 12  7 16   2455421.49 2010  8 12 23 40   2455422.17 2010  8 13 16  5
 2455424.64 2010  8 16  3 14   2455425.32 2010  8 16 19 41   2455426.01 2010  8 17 12  7
 2455428.47 2010  8 19 23 13   2455429.15 2010  8 20 15 41   2455429.84 2010  8 21  8  9
 2455432.30 2010  8 23 19 11   2455432.99 2010  8 24 11 41   2455433.67 2010  8 25  4 11
 2455436.13 2010  8 27 15  9   2455436.82 2010  8 28  7 41   2455437.51 2010  8 29  0 13
 2455439.96 2010  8 31 11  8   2455440.65 2010  9  1  3 42   2455441.34 2010  9  1 20 16
 2455443.80 2010  9  4  7  6   2455444.49 2010  9  4 23 42   2455445.18 2010  9  5 16 18
 2455447.63 2010  9  8  3  5   2455448.32 2010  9  8 19 42   2455449.01 2010  9  9 12 20
 2455451.46 2010  9 11 23  3   2455452.15 2010  9 12 15 42   2455452.85 2010  9 13  8 22
 2455455.29 2010  9 15 19  1   2455455.99 2010  9 16 11 43   2455456.68 2010  9 17  4 24
 2455459.13 2010  9 19 15  0   2455459.82 2010  9 20  7 43   2455460.52 2010  9 21  0 26
 2455462.96 2010  9 23 10 58   2455463.66 2010  9 24  3 43   2455464.35 2010  9 24 20 28
 2455466.79 2010  9 27  6 56   2455467.49 2010  9 27 23 43   2455468.19 2010  9 28 16 30
 2455470.62 2010 10  1  2 55   2455471.32 2010 10  1 19 44   2455472.02 2010 10  2 12 32
 2455474.45 2010 10  4 22 53   2455475.16 2010 10  5 15 44   2455475.86 2010 10  6  8 35
 2455478.29 2010 10  8 18 51   2455478.99 2010 10  9 11 44   2455479.69 2010 10 10  4 37
 2455482.12 2010 10 12 14 50   2455482.82 2010 10 13  7 44   2455483.53 2010 10 14  0 39
 2455485.95 2010 10 16 10 48   2455486.66 2010 10 17  3 45   2455487.36 2010 10 17 20 41
 2455489.78 2010 10 20  6 47   2455490.49 2010 10 20 23 45   2455491.20 2010 10 21 16 43
 2455493.61 2010 10 24  2 45   2455494.32 2010 10 24 19 45   2455495.03 2010 10 25 12 45
 2455497.45 2010 10 27 22 43   2455498.16 2010 10 28 15 45   2455498.87 2010 10 29  8 47
 2455501.28 2010 10 31 18 42   2455501.99 2010 11  1 11 45   2455502.70 2010 11  2  4 49
 2455505.11 2010 11  4 14 40   2455505.82 2010 11  5  7 46   2455506.54 2010 11  6  0 51
 2455508.94 2010 11  8 10 38   2455509.66 2010 11  9  3 46   2455510.37 2010 11  9 20 54
 2455512.78 2010 11 12  6 37   2455513.49 2010 11 12 23 46   2455514.21 2010 11 13 16 56
 2455516.61 2010 11 16  2 35   2455517.32 2010 11 16 19 46   2455518.04 2010 11 17 12 58
 2455520.44 2010 11 19 22 34   2455521.16 2010 11 20 15 47   2455521.88 2010 11 21  9  0
 2455524.27 2010 11 23 18 32   2455524.99 2010 11 24 11 47   2455525.71 2010 11 25  5  2
 2455528.10 2010 11 27 14 30   2455528.82 2010 11 28  7 47   2455529.54 2010 11 29  1  4
 2455531.94 2010 12  1 10 29   2455532.66 2010 12  2  3 47   2455533.38 2010 12  2 21  6
 2455535.77 2010 12  5  6 27   2455536.49 2010 12  5 23 48   2455537.21 2010 12  6 17  8
 2455539.60 2010 12  9  2 25   2455540.33 2010 12  9 19 48   2455541.05 2010 12 10 13 10
 2455543.43 2010 12 12 22 24   2455544.16 2010 12 13 15 48   2455544.88 2010 12 14  9 13
 2455547.27 2010 12 16 18 22   2455547.99 2010 12 17 11 48   2455548.72 2010 12 18  5 15
 2455551.10 2010 12 20 14 20   2455551.83 2010 12 21  7 49   2455552.55 2010 12 22  1 17
 2455554.93 2010 12 24 10 19   2455555.66 2010 12 25  3 49   2455556.39 2010 12 25 21 19
 2455558.76 2010 12 28  6 17   2455559.49 2010 12 28 23 49   2455560.22 2010 12 29 17 21
 2455562.59 2011  1  1  2 16   2455563.33 2011  1  1 19 49   2455564.06 2011  1  2 13 23
 2455566.43 2011  1  4 22 14   2455567.16 2011  1  5 15 50   2455567.89 2011  1  6  9 25
 2455570.26 2011  1  8 18 12   2455570.99 2011  1  9 11 50   2455571.73 2011  1 10  5 27
 2455574.09 2011  1 12 14 11   2455574.83 2011  1 13  7 50   2455575.56 2011  1 14  1 29
 2455577.92 2011  1 16 10  9   2455578.66 2011  1 17  3 50   2455579.40 2011  1 17 21 32
 2455581.76 2011  1 20  6  7   2455582.49 2011  1 20 23 51   2455583.23 2011  1 21 17 34
 2455585.59 2011  1 24  2  6   2455586.33 2011  1 24 19 51   2455587.07 2011  1 25 13 36
 2455589.42 2011  1 27 22  4   2455590.16 2011  1 28 15 51   2455590.90 2011  1 29  9 38
 2455593.25 2011  1 31 18  3   2455593.99 2011  2  1 11 51   2455594.74 2011  2  2  5 40
 2455597.08 2011  2  4 14  1   2455597.83 2011  2  5  7 51   2455598.57 2011  2  6  1 42
 2455600.92 2011  2  8  9 59   2455601.66 2011  2  9  3 52   2455602.41 2011  2  9 21 44
 2455604.75 2011  2 12  5 58   2455605.49 2011  2 12 23 52   2455606.24 2011  2 13 17 46
 2455608.58 2011  2 16  1 56   2455609.33 2011  2 16 19 52   2455610.08 2011  2 17 13 48
 2455612.41 2011  2 19 21 54   2455613.16 2011  2 20 15 52   2455613.91 2011  2 21  9 51
 2455616.25 2011  2 23 17 53   2455617.00 2011  2 24 11 53   2455617.75 2011  2 25  5 53
 2455620.08 2011  2 27 13 51   2455620.83 2011  2 28  7 53   2455621.58 2011  3  1  1 55
 2455623.91 2011  3  3  9 49   2455624.66 2011  3  4  3 53   2455625.41 2011  3  4 21 57
 2455627.74 2011  3  7  5 48   2455628.50 2011  3  7 23 53   2455629.25 2011  3  8 17 59
 2455631.57 2011  3 11  1 46   2455632.33 2011  3 11 19 54   2455633.08 2011  3 12 14  1
 2455635.41 2011  3 14 21 45   2455636.16 2011  3 15 15 54   2455636.92 2011  3 16 10  3
 2455639.24 2011  3 18 17 43   2455640.00 2011  3 19 11 54   2455640.75 2011  3 20  6  5
 2455643.07 2011  3 22 13 41   2455643.83 2011  3 23  7 54   2455644.59 2011  3 24  2  7
 2455646.90 2011  3 26  9 40   2455647.66 2011  3 27  3 55   2455648.42 2011  3 27 22 10
 2455650.74 2011  3 30  5 38   2455651.50 2011  3 30 23 55   2455652.26 2011  3 31 18 12
 2455654.57 2011  4  3  1 36   2455655.33 2011  4  3 19 55   2455656.09 2011  4  4 14 14
 2455658.40 2011  4  6 21 35   2455659.16 2011  4  7 15 55   2455659.93 2011  4  8 10 16
 2455662.23 2011  4 10 17 33   2455663.00 2011  4 11 11 56   2455663.76 2011  4 12  6 18
 2455666.06 2011  4 14 13 32   2455666.83 2011  4 15  7 56   2455667.60 2011  4 16  2 20
 2455669.90 2011  4 18  9 30   2455670.66 2011  4 19  3 56   2455671.43 2011  4 19 22 22
 2455673.73 2011  4 22  5 28   2455674.50 2011  4 22 23 56   2455675.27 2011  4 23 18 24
 2455677.56 2011  4 26  1 27   2455678.33 2011  4 26 19 57   2455679.10 2011  4 27 14 26
 2455681.39 2011  4 29 21 25   2455682.16 2011  4 30 15 57   2455682.94 2011  5  1 10 29
 2455685.22 2011  5  3 17 23   2455686.00 2011  5  4 11 57   2455686.77 2011  5  5  6 31
 2455689.06 2011  5  7 13 22   2455689.83 2011  5  8  7 57   2455690.61 2011  5  9  2 33
 2455692.89 2011  5 11  9 20   2455693.67 2011  5 12  3 57   2455694.44 2011  5 12 22 35
 2455696.72 2011  5 15  5 18   2455697.50 2011  5 15 23 58   2455698.28 2011  5 16 18 37
 2455700.55 2011  5 19  1 17   2455701.33 2011  5 19 19 58   2455702.11 2011  5 20 14 39
 2455704.39 2011  5 22 21 15   2455705.17 2011  5 23 15 58   2455705.95 2011  5 24 10 41
 2455708.22 2011  5 26 17 14   2455709.00 2011  5 27 11 58   2455709.78 2011  5 28  6 43
 2455712.05 2011  5 30 13 12   2455712.83 2011  5 31  7 59   2455713.62 2011  6  1  2 45
 2455715.88 2011  6  3  9 10   2455716.67 2011  6  4  3 59   2455717.45 2011  6  4 22 48
 2455719.71 2011  6  7  5  9   2455720.50 2011  6  7 23 59   2455721.28 2011  6  8 18 50
 2455723.55 2011  6 11  1  7   2455724.33 2011  6 11 19 59   2455725.12 2011  6 12 14 52
 2455727.38 2011  6 14 21  5   2455728.17 2011  6 15 16  0   2455728.95 2011  6 16 10 54
 2455731.21 2011  6 18 17  4   2455732.00 2011  6 19 12  0   2455732.79 2011  6 20  6 56
 2455735.04 2011  6 22 13  2   2455735.83 2011  6 23  8  0   2455736.62 2011  6 24  2 58
 2455738.88 2011  6 26  9  1   2455739.67 2011  6 27  4  0   2455740.46 2011  6 27 23  0
 2455742.71 2011  6 30  4 59   2455743.50 2011  7  1  0  1   2455744.29 2011  7  1 19  2
 2455746.54 2011  7  4  0 57   2455747.33 2011  7  4 20  1   2455748.13 2011  7  5 15  4
 2455750.37 2011  7  7 20 56   2455751.17 2011  7  8 16  1   2455751.96 2011  7  9 11  7
 2455754.20 2011  7 11 16 54   2455755.00 2011  7 12 12  1   2455755.80 2011  7 13  7  9
 2455758.04 2011  7 15 12 52   2455758.83 2011  7 16  8  2   2455759.63 2011  7 17  3 11
 2455761.87 2011  7 19  8 51   2455762.67 2011  7 20  4  2   2455763.47 2011  7 20 23 13
 2455765.70 2011  7 23  4 49   2455766.50 2011  7 24  0  2   2455767.30 2011  7 24 19 15
 2455769.53 2011  7 27  0 47   2455770.34 2011  7 27 20  2   2455771.14 2011  7 28 15 17
 2455773.37 2011  7 30 20 46   2455774.17 2011  7 31 16  3   2455774.97 2011  8  1 11 19
 2455777.20 2011  8  3 16 44   2455778.00 2011  8  4 12  3   2455778.81 2011  8  5  7 21
