 Predicted Transit Epochs: HD216770_ b

 Predicted Duration of a Central Transit:    13.   Hours

 Begin Transit Window           PREDICTED CENTRAL TRANSIT     End Transit Window
                                     All Times UT

                               HJD        Year M  D  H  M
 2456846.45 2014  7  7 22 48   2456869.72 2014  7 31  5  9   2456892.98 2014  8 23 11 31
 2456964.35 2014 11  2 20 24   2456988.17 2014 11 26 15 57   2457011.98 2014 12 20 11 31
 2457082.25 2015  2 28 18  0   2457106.62 2015  3 25  2 45   2457130.98 2015  4 18 11 31
 2457200.15 2015  6 26 15 36   2457225.07 2015  7 21 13 33   2457249.98 2015  8 15 11 31
 2457318.05 2015 10 22 13 12   2457343.52 2015 11 17  0 21   2457368.98 2015 12 12 11 31
 2457435.95 2016  2 17 10 48   2457461.97 2016  3 14 11  9   2457487.98 2016  4  9 11 31
 2457553.85 2016  6 14  8 24   2457580.42 2016  7 10 21 57   2457606.98 2016  8  6 11 31
 2457671.75 2016 10 10  6  0   2457698.87 2016 11  6  8 45   2457725.98 2016 12  3 11 31
 2457789.65 2017  2  5  3 36   2457817.32 2017  3  4 19 33   2457844.98 2017  4  1 11 31
 2457907.55 2017  6  3  1 12   2457935.77 2017  7  1  6 21   2457963.98 2017  7 29 11 31
 2458025.45 2017  9 28 22 48   2458054.22 2017 10 27 17  9   2458082.98 2017 11 25 11 31
 2458143.35 2018  1 24 20 24   2458172.67 2018  2 23  3 57   2458201.98 2018  3 24 11 31
 2458261.25 2018  5 22 18  0   2458291.12 2018  6 21 14 45   2458320.98 2018  7 21 11 31
 2458379.15 2018  9 17 15 36   2458409.57 2018 10 18  1 33   2458439.98 2018 11 17 11 31
 2458497.05 2019  1 13 13 12   2458528.02 2019  2 13 12 21   2458558.98 2019  3 16 11 31
 2458614.95 2019  5 11 10 48   2458646.47 2019  6 11 23  9   2458677.98 2019  7 13 11 31
 2458732.85 2019  9  6  8 24   2458764.92 2019 10  8  9 57   2458796.98 2019 11  9 11 31
 2458850.75 2020  1  2  6  0   2458883.37 2020  2  3 20 45   2458915.98 2020  3  7 11 31
 2458968.65 2020  4 29  3 36   2459001.82 2020  6  1  7 33   2459034.98 2020  7  4 11 31
 2459086.55 2020  8 25  1 12   2459120.27 2020  9 27 18 21   2459153.98 2020 10 31 11 31
 2459204.45 2020 12 20 22 48   2459238.72 2021  1 24  5  9   2459272.98 2021  2 27 11 31
 2459322.35 2021  4 17 20 24   2459357.17 2021  5 22 15 57   2459391.98 2021  6 26 11 31
 2459440.25 2021  8 13 18  0   2459475.62 2021  9 18  2 45   2459510.98 2021 10 23 11 31
 2459558.15 2021 12  9 15 36   2459594.07 2022  1 14 13 33   2459629.98 2022  2 19 11 31
 2459676.05 2022  4  6 13 12   2459712.52 2022  5 13  0 21   2459748.98 2022  6 18 11 31
 2459793.95 2022  8  2 10 48   2459830.97 2022  9  8 11  9   2459867.98 2022 10 15 11 31
 2459911.85 2022 11 28  8 24   2459949.42 2023  1  4 21 57   2459986.98 2023  2 11 11 31
 2460029.75 2023  3 26  6  0   2460067.87 2023  5  3  8 45   2460105.98 2023  6 10 11 31
 2460147.65 2023  7 22  3 36   2460186.32 2023  8 29 19 33   2460224.98 2023 10  7 11 31
 2460265.55 2023 11 17  1 12   2460304.77 2023 12 26  6 21   2460343.98 2024  2  3 11 31
 2460383.45 2024  3 13 22 48   2460423.22 2024  4 22 17  9   2460462.98 2024  6  1 11 31
 2460501.35 2024  7  9 20 24   2460541.67 2024  8 19  3 57   2460581.98 2024  9 28 11 31
 2460619.25 2024 11  4 18  0   2460660.12 2024 12 15 14 45   2460700.98 2025  1 25 11 31
 2460737.15 2025  3  2 15 36   2460778.57 2025  4 13  1 33   2460819.98 2025  5 24 11 31
 2460855.05 2025  6 28 13 12   2460897.02 2025  8  9 12 21   2460938.98 2025  9 20 11 31
 2460972.95 2025 10 24 10 48   2461015.47 2025 12  5 23  9   2461057.98 2026  1 17 11 31
 2461090.85 2026  2 19  8 24   2461133.92 2026  4  3  9 57   2461176.98 2026  5 16 11 31
 2461208.75 2026  6 17  6  0   2461252.37 2026  7 30 20 45   2461295.98 2026  9 12 11 31
 2461326.65 2026 10 13  3 36   2461370.82 2026 11 26  7 33   2461414.98 2027  1  9 11 31
 2461444.55 2027  2  8  1 12   2461489.27 2027  3 24 18 21   2461533.98 2027  5  8 11 31
 2461562.45 2027  6  5 22 48   2461607.72 2027  7 21  5  9   2461652.98 2027  9  4 11 31
 2461680.35 2027 10  1 20 24   2461726.17 2027 11 16 15 57   2461771.98 2028  1  1 11 31
 2461798.25 2028  1 27 18  0   2461844.62 2028  3 14  2 45   2461890.98 2028  4 29 11 31
 2461916.15 2028  5 24 15 36   2461963.07 2028  7 10 13 33   2462009.98 2028  8 26 11 31
 2462034.05 2028  9 19 13 12   2462081.52 2028 11  6  0 21   2462128.98 2028 12 23 11 31
 2462151.95 2029  1 15 10 48   2462199.97 2029  3  4 11  9   2462247.98 2029  4 21 11 31
 2462269.85 2029  5 13  8 24   2462318.42 2029  6 30 21 57   2462366.98 2029  8 18 11 31
 2462387.75 2029  9  8  6  0   2462436.87 2029 10 27  8 45   2462485.98 2029 12 15 11 31
 2462505.65 2030  1  4  3 36   2462555.32 2030  2 22 19 33   2462604.98 2030  4 13 11 31
 2462623.55 2030  5  2  1 12   2462673.77 2030  6 21  6 21   2462723.98 2030  8 10 11 31
 2462741.45 2030  8 27 22 48   2462792.22 2030 10 17 17  9   2462842.98 2030 12  7 11 31
 2462859.35 2030 12 23 20 24   2462910.67 2031  2 13  3 57   2462961.98 2031  4  5 11 31
 2462977.25 2031  4 20 18  0   2463029.12 2031  6 11 14 45   2463080.98 2031  8  2 11 31
 2463095.15 2031  8 16 15 36   2463147.57 2031 10  8  1 33   2463199.98 2031 11 29 11 31
 2463213.05 2031 12 12 13 12   2463266.02 2032  2  3 12 21   2463318.98 2032  3 27 11 31
 2463330.95 2032  4  8 10 48   2463384.47 2032  5 31 23  9   2463437.98 2032  7 24 11 31
 2463448.85 2032  8  4  8 24   2463502.92 2032  9 27  9 57   2463556.98 2032 11 20 11 31
 2463566.75 2032 11 30  6  0   2463621.37 2033  1 23 20 45   2463675.98 2033  3 19 11 31
 2463684.65 2033  3 28  3 36   2463739.82 2033  5 22  7 33   2463794.98 2033  7 16 11 31
 2463802.55 2033  7 24  1 12   2463858.27 2033  9 17 18 21   2463913.98 2033 11 12 11 31
 2463920.45 2033 11 18 22 48   2463976.72 2034  1 14  5  9   2464032.98 2034  3 11 11 31
 2464038.35 2034  3 16 20 24   2464095.17 2034  5 12 15 57   2464151.98 2034  7  8 11 31
 2464156.25 2034  7 12 18  0   2464213.62 2034  9  8  2 45   2464270.98 2034 11  4 11 31
