 Predicted Transit Epochs: HD216435_ b

 Predicted Duration of a Central Transit:    47.   Hours

 Begin Transit Window           PREDICTED CENTRAL TRANSIT     End Transit Window
                                     All Times UT

                               HJD        Year M  D  H  M
 2456953.42 2014 10 22 22  1   2457170.66 2015  5 28  3 50   2457387.90 2015 12 31  9 39
 2458313.42 2018  7 13 22  1   2458575.66 2019  4  2  3 50   2458837.90 2019 12 20  9 39
 2459673.42 2022  4  3 22  1   2459980.66 2023  2  5  3 50   2460287.90 2023 12  9  9 39
 2461033.42 2025 12 23 22  1   2461385.66 2026 12 11  3 50   2461737.90 2027 11 28  9 39
 2462393.42 2029  9 13 22  1   2462790.66 2030 10 16  3 50   2463187.90 2031 11 17  9 39
 2463753.42 2033  6  4 22  1   2464195.66 2034  8 21  3 50   2464637.90 2035 11  6  9 39
