 Predicted Transit Epochs: HD224693_ b

 Predicted Duration of a Central Transit:   391. Minutes

 Begin Transit Window           PREDICTED CENTRAL TRANSIT     End Transit Window
                                     All Times UT

                               HJD        Year M  D  H  M
 2456775.72 2014  4 28  5 10   2456781.54 2014  5  4  0 51   2456787.36 2014  5  9 20 32
 2456802.43 2014  5 24 22 12   2456808.27 2014  5 30 18 22   2456814.11 2014  6  5 14 32
 2456829.14 2014  6 20 15 15   2456835.00 2014  6 26 11 53   2456840.86 2014  7  2  8 32
 2456855.85 2014  7 17  8 17   2456861.73 2014  7 23  5 25   2456867.61 2014  7 29  2 32
 2456882.56 2014  8 13  1 19   2456888.46 2014  8 18 22 56   2456894.36 2014  8 24 20 32
 2456909.27 2014  9  8 18 22   2456915.19 2014  9 14 16 27   2456921.11 2014  9 20 14 32
 2456935.98 2014 10  5 11 24   2456941.92 2014 10 11  9 58   2456947.86 2014 10 17  8 32
 2456962.69 2014 11  1  4 27   2456968.65 2014 11  7  3 29   2456974.61 2014 11 13  2 32
 2456989.40 2014 11 27 21 29   2456995.38 2014 12  3 21  1   2457001.36 2014 12  9 20 32
 2457016.11 2014 12 24 14 31   2457022.11 2014 12 30 14 32   2457028.11 2015  1  5 14 32
 2457042.82 2015  1 20  7 34   2457048.84 2015  1 26  8  3   2457054.86 2015  2  1  8 32
 2457069.53 2015  2 16  0 36   2457075.57 2015  2 22  1 34   2457081.61 2015  2 28  2 32
 2457096.24 2015  3 14 17 39   2457102.30 2015  3 20 19  5   2457108.36 2015  3 26 20 32
 2457122.95 2015  4 10 10 41   2457129.03 2015  4 16 12 37   2457135.11 2015  4 22 14 32
 2457149.66 2015  5  7  3 43   2457155.76 2015  5 13  6  8   2457161.86 2015  5 19  8 32
 2457176.37 2015  6  2 20 46   2457182.49 2015  6  8 23 39   2457188.61 2015  6 15  2 32
 2457203.08 2015  6 29 13 48   2457209.22 2015  7  5 17 10   2457215.36 2015  7 11 20 32
 2457229.79 2015  7 26  6 51   2457235.95 2015  8  1 10 41   2457242.11 2015  8  7 14 32
 2457256.50 2015  8 21 23 53   2457262.68 2015  8 28  4 13   2457268.86 2015  9  3  8 32
 2457283.21 2015  9 17 16 55   2457289.41 2015  9 23 21 44   2457295.61 2015  9 30  2 32
 2457309.92 2015 10 14  9 58   2457316.14 2015 10 20 15 15   2457322.36 2015 10 26 20 32
 2457336.63 2015 11 10  3  0   2457342.87 2015 11 16  8 46   2457349.11 2015 11 22 14 32
 2457363.34 2015 12  6 20  3   2457369.60 2015 12 13  2 17   2457375.86 2015 12 19  8 32
 2457390.05 2016  1  2 13  5   2457396.33 2016  1  8 19 49   2457402.61 2016  1 15  2 32
 2457416.76 2016  1 29  6  7   2457423.06 2016  2  4 13 20   2457429.36 2016  2 10 20 32
 2457443.47 2016  2 24 23 10   2457449.79 2016  3  2  6 51   2457456.11 2016  3  8 14 32
 2457470.18 2016  3 22 16 12   2457476.52 2016  3 29  0 22   2457482.86 2016  4  4  8 32
 2457496.89 2016  4 18  9 15   2457503.25 2016  4 24 17 53   2457509.61 2016  5  1  2 32
 2457523.60 2016  5 15  2 17   2457529.98 2016  5 21 11 25   2457536.36 2016  5 27 20 32
 2457550.31 2016  6 10 19 19   2457556.71 2016  6 17  4 56   2457563.11 2016  6 23 14 32
 2457577.02 2016  7  7 12 22   2457583.44 2016  7 13 22 27   2457589.86 2016  7 20  8 32
 2457603.73 2016  8  3  5 24   2457610.17 2016  8  9 15 58   2457616.61 2016  8 16  2 32
 2457630.44 2016  8 29 22 27   2457636.90 2016  9  5  9 29   2457643.36 2016  9 11 20 32
 2457657.15 2016  9 25 15 29   2457663.63 2016 10  2  3  1   2457670.11 2016 10  8 14 32
 2457683.86 2016 10 22  8 31   2457690.36 2016 10 28 20 32   2457696.86 2016 11  4  8 32
 2457710.57 2016 11 18  1 34   2457717.09 2016 11 24 14  3   2457723.61 2016 12  1  2 32
 2457737.28 2016 12 14 18 36   2457743.82 2016 12 21  7 34   2457750.36 2016 12 27 20 32
 2457763.99 2017  1 10 11 39   2457770.55 2017  1 17  1  5   2457777.11 2017  1 23 14 32
 2457790.70 2017  2  6  4 41   2457797.28 2017  2 12 18 37   2457803.86 2017  2 19  8 32
 2457817.41 2017  3  4 21 43   2457824.01 2017  3 11 12  8   2457830.61 2017  3 18  2 32
 2457844.12 2017  3 31 14 46   2457850.74 2017  4  7  5 39   2457857.36 2017  4 13 20 32
 2457870.83 2017  4 27  7 48   2457877.47 2017  5  3 23 10   2457884.11 2017  5 10 14 32
 2457897.54 2017  5 24  0 51   2457904.20 2017  5 30 16 41   2457910.86 2017  6  6  8 32
 2457924.25 2017  6 19 17 53   2457930.93 2017  6 26 10 13   2457937.61 2017  7  3  2 32
 2457950.96 2017  7 16 10 55   2457957.66 2017  7 23  3 44   2457964.36 2017  7 29 20 32
 2457977.67 2017  8 12  3 58   2457984.39 2017  8 18 21 15   2457991.11 2017  8 25 14 32
 2458004.38 2017  9  7 21  0   2458011.12 2017  9 14 14 46   2458017.86 2017  9 21  8 32
 2458031.09 2017 10  4 14  3   2458037.85 2017 10 11  8 17   2458044.61 2017 10 18  2 32
 2458057.80 2017 10 31  7  5   2458064.58 2017 11  7  1 49   2458071.36 2017 11 13 20 32
 2458084.51 2017 11 27  0  7   2458091.31 2017 12  3 19 20   2458098.11 2017 12 10 14 32
 2458111.22 2017 12 23 17 10   2458118.04 2017 12 30 12 51   2458124.86 2018  1  6  8 32
 2458137.93 2018  1 19 10 12   2458144.77 2018  1 26  6 22   2458151.61 2018  2  2  2 32
 2458164.64 2018  2 15  3 15   2458171.50 2018  2 21 23 53   2458178.36 2018  2 28 20 32
 2458191.35 2018  3 13 20 17   2458198.23 2018  3 20 17 25   2458205.11 2018  3 27 14 32
 2458218.06 2018  4  9 13 19   2458224.96 2018  4 16 10 56   2458231.86 2018  4 23  8 32
 2458244.77 2018  5  6  6 22   2458251.69 2018  5 13  4 27   2458258.61 2018  5 20  2 32
 2458271.48 2018  6  1 23 24   2458278.42 2018  6  8 21 58   2458285.36 2018  6 15 20 32
 2458298.19 2018  6 28 16 27   2458305.15 2018  7  5 15 29   2458312.11 2018  7 12 14 32
 2458324.90 2018  7 25  9 29   2458331.88 2018  8  1  9  1   2458338.86 2018  8  8  8 32
 2458351.61 2018  8 21  2 31   2458358.61 2018  8 28  2 32   2458365.61 2018  9  4  2 32
 2458378.32 2018  9 16 19 34   2458385.34 2018  9 23 20  3   2458392.36 2018  9 30 20 32
 2458405.03 2018 10 13 12 36   2458412.07 2018 10 20 13 34   2458419.11 2018 10 27 14 32
 2458431.74 2018 11  9  5 39   2458438.80 2018 11 16  7  5   2458445.86 2018 11 23  8 32
 2458458.45 2018 12  5 22 41   2458465.53 2018 12 13  0 37   2458472.61 2018 12 20  2 32
 2458485.16 2019  1  1 15 43   2458492.26 2019  1  8 18  8   2458499.36 2019  1 15 20 32
 2458511.87 2019  1 28  8 46   2458518.99 2019  2  4 11 39   2458526.11 2019  2 11 14 32
 2458538.58 2019  2 24  1 48   2458545.72 2019  3  3  5 10   2458552.86 2019  3 10  8 32
 2458565.29 2019  3 22 18 51   2458572.45 2019  3 29 22 41   2458579.61 2019  4  6  2 32
 2458592.00 2019  4 18 11 53   2458599.18 2019  4 25 16 13   2458606.36 2019  5  2 20 32
 2458618.71 2019  5 15  4 55   2458625.91 2019  5 22  9 44   2458633.11 2019  5 29 14 32
 2458645.42 2019  6 10 21 58   2458652.64 2019  6 18  3 15   2458659.86 2019  6 25  8 32
 2458672.13 2019  7  7 15  0   2458679.37 2019  7 14 20 46   2458686.61 2019  7 22  2 32
 2458698.84 2019  8  3  8  3   2458706.10 2019  8 10 14 17   2458713.36 2019  8 17 20 32
 2458725.55 2019  8 30  1  5   2458732.83 2019  9  6  7 49   2458740.11 2019  9 13 14 32
 2458752.26 2019  9 25 18  7   2458759.56 2019 10  3  1 20   2458766.86 2019 10 10  8 32
 2458778.97 2019 10 22 11 10   2458786.29 2019 10 29 18 51   2458793.61 2019 11  6  2 32
 2458805.68 2019 11 18  4 12   2458813.02 2019 11 25 12 22   2458820.36 2019 12  2 20 32
 2458832.39 2019 12 14 21 15   2458839.75 2019 12 22  5 53   2458847.11 2019 12 29 14 32
 2458859.10 2020  1 10 14 17   2458866.48 2020  1 17 23 25   2458873.86 2020  1 25  8 32
 2458885.81 2020  2  6  7 19   2458893.21 2020  2 13 16 56   2458900.61 2020  2 21  2 32
 2458912.52 2020  3  4  0 22   2458919.94 2020  3 11 10 27   2458927.36 2020  3 18 20 32
 2458939.23 2020  3 30 17 24   2458946.67 2020  4  7  3 58   2458954.11 2020  4 14 14 32
 2458965.94 2020  4 26 10 27   2458973.40 2020  5  3 21 29   2458980.86 2020  5 11  8 32
 2458992.65 2020  5 23  3 29   2459000.13 2020  5 30 15  1   2459007.61 2020  6  7  2 32
 2459019.36 2020  6 18 20 31   2459026.86 2020  6 26  8 32   2459034.36 2020  7  3 20 32
 2459046.07 2020  7 15 13 34   2459053.59 2020  7 23  2  3   2459061.11 2020  7 30 14 32
 2459072.78 2020  8 11  6 36   2459080.32 2020  8 18 19 34   2459087.86 2020  8 26  8 32
 2459099.49 2020  9  6 23 39   2459107.05 2020  9 14 13  5   2459114.61 2020  9 22  2 32
 2459126.20 2020 10  3 16 41   2459133.78 2020 10 11  6 37   2459141.36 2020 10 18 20 32
 2459152.91 2020 10 30  9 43   2459160.51 2020 11  7  0  8   2459168.11 2020 11 14 14 32
 2459179.62 2020 11 26  2 46   2459187.24 2020 12  3 17 39   2459194.86 2020 12 11  8 32
 2459206.33 2020 12 22 19 48   2459213.97 2020 12 30 11 10   2459221.61 2021  1  7  2 32
 2459233.04 2021  1 18 12 51   2459240.70 2021  1 26  4 41   2459248.36 2021  2  2 20 32
 2459259.75 2021  2 14  5 53   2459267.43 2021  2 21 22 13   2459275.11 2021  3  1 14 32
 2459286.46 2021  3 12 22 55   2459294.16 2021  3 20 15 44   2459301.86 2021  3 28  8 32
 2459313.17 2021  4  8 15 58   2459320.89 2021  4 16  9 15   2459328.61 2021  4 24  2 32
 2459339.88 2021  5  5  9  0   2459347.62 2021  5 13  2 46   2459355.36 2021  5 20 20 32
 2459366.59 2021  6  1  2  3   2459374.35 2021  6  8 20 17   2459382.11 2021  6 16 14 32
 2459393.30 2021  6 27 19  5   2459401.08 2021  7  5 13 49   2459408.86 2021  7 13  8 32
 2459420.01 2021  7 24 12  7   2459427.81 2021  8  1  7 20   2459435.61 2021  8  9  2 32
 2459446.72 2021  8 20  5 10   2459454.54 2021  8 28  0 51   2459462.36 2021  9  4 20 32
 2459473.43 2021  9 15 22 12   2459481.27 2021  9 23 18 22   2459489.11 2021 10  1 14 32
 2459500.14 2021 10 12 15 15   2459508.00 2021 10 20 11 53   2459515.86 2021 10 28  8 32
 2459526.85 2021 11  8  8 17   2459534.73 2021 11 16  5 25   2459542.61 2021 11 24  2 32
 2459553.56 2021 12  5  1 19   2459561.46 2021 12 12 22 56   2459569.36 2021 12 20 20 32
 2459580.27 2021 12 31 18 22   2459588.19 2022  1  8 16 27   2459596.11 2022  1 16 14 32
 2459606.98 2022  1 27 11 24   2459614.92 2022  2  4  9 58   2459622.86 2022  2 12  8 32
 2459633.69 2022  2 23  4 27   2459641.65 2022  3  3  3 29   2459649.61 2022  3 11  2 32
 2459660.40 2022  3 21 21 29   2459668.38 2022  3 29 21  1   2459676.36 2022  4  6 20 32
 2459687.11 2022  4 17 14 31   2459695.11 2022  4 25 14 32   2459703.11 2022  5  3 14 32
 2459713.82 2022  5 14  7 34   2459721.84 2022  5 22  8  3   2459729.86 2022  5 30  8 32
 2459740.53 2022  6 10  0 36   2459748.57 2022  6 18  1 34   2459756.61 2022  6 26  2 32
 2459767.24 2022  7  6 17 39   2459775.30 2022  7 14 19  5   2459783.36 2022  7 22 20 32
 2459793.95 2022  8  2 10 41   2459802.03 2022  8 10 12 37   2459810.11 2022  8 18 14 32
 2459820.66 2022  8 29  3 43   2459828.76 2022  9  6  6  8   2459836.86 2022  9 14  8 32
 2459847.37 2022  9 24 20 46   2459855.49 2022 10  2 23 39   2459863.61 2022 10 11  2 32
 2459874.08 2022 10 21 13 48   2459882.22 2022 10 29 17 10   2459890.36 2022 11  6 20 32
 2459900.79 2022 11 17  6 51   2459908.95 2022 11 25 10 41   2459917.11 2022 12  3 14 32
 2459927.50 2022 12 13 23 53   2459935.68 2022 12 22  4 13   2459943.86 2022 12 30  8 32
 2459954.21 2023  1  9 16 55   2459962.41 2023  1 17 21 44   2459970.61 2023  1 26  2 32
 2459980.92 2023  2  5  9 58   2459989.14 2023  2 13 15 15   2459997.36 2023  2 21 20 32
 2460007.63 2023  3  4  3  0   2460015.87 2023  3 12  8 46   2460024.11 2023  3 20 14 32
 2460034.34 2023  3 30 20  3   2460042.60 2023  4  8  2 17   2460050.86 2023  4 16  8 32
 2460061.05 2023  4 26 13  5   2460069.33 2023  5  4 19 49   2460077.61 2023  5 13  2 32
 2460087.76 2023  5 23  6  7   2460096.06 2023  5 31 13 20   2460104.36 2023  6  8 20 32
 2460114.47 2023  6 18 23 10   2460122.79 2023  6 27  6 51   2460131.11 2023  7  5 14 32
 2460141.18 2023  7 15 16 12   2460149.52 2023  7 24  0 22   2460157.86 2023  8  1  8 32
 2460167.89 2023  8 11  9 15   2460176.25 2023  8 19 17 53   2460184.61 2023  8 28  2 32
 2460194.60 2023  9  7  2 17   2460202.98 2023  9 15 11 25   2460211.36 2023  9 23 20 32
 2460221.31 2023 10  3 19 19   2460229.71 2023 10 12  4 56   2460238.11 2023 10 20 14 32
 2460248.02 2023 10 30 12 22   2460256.44 2023 11  7 22 27   2460264.86 2023 11 16  8 32
 2460274.73 2023 11 26  5 24   2460283.17 2023 12  4 15 58   2460291.61 2023 12 13  2 32
 2460301.44 2023 12 22 22 27   2460309.90 2023 12 31  9 29   2460318.36 2024  1  8 20 32
 2460328.15 2024  1 18 15 29   2460336.63 2024  1 27  3  1   2460345.11 2024  2  4 14 32
 2460354.86 2024  2 14  8 31   2460363.36 2024  2 22 20 32   2460371.86 2024  3  2  8 32
 2460381.57 2024  3 12  1 34   2460390.09 2024  3 20 14  3   2460398.61 2024  3 29  2 32
 2460408.28 2024  4  7 18 36   2460416.82 2024  4 16  7 34   2460425.36 2024  4 24 20 32
 2460434.99 2024  5  4 11 39   2460443.55 2024  5 13  1  5   2460452.11 2024  5 21 14 32
 2460461.70 2024  5 31  4 41   2460470.28 2024  6  8 18 37   2460478.86 2024  6 17  8 32
 2460488.41 2024  6 26 21 43   2460497.01 2024  7  5 12  8   2460505.61 2024  7 14  2 32
 2460515.12 2024  7 23 14 46   2460523.74 2024  8  1  5 39   2460532.36 2024  8  9 20 32
 2460541.83 2024  8 19  7 48   2460550.47 2024  8 27 23 10   2460559.11 2024  9  5 14 32
 2460568.54 2024  9 15  0 51   2460577.20 2024  9 23 16 41   2460585.86 2024 10  2  8 32
 2460595.25 2024 10 11 17 53   2460603.93 2024 10 20 10 13   2460612.61 2024 10 29  2 32
 2460621.96 2024 11  7 10 55   2460630.66 2024 11 16  3 44   2460639.36 2024 11 24 20 32
 2460648.67 2024 12  4  3 58   2460657.39 2024 12 12 21 15   2460666.11 2024 12 21 14 32
 2460675.38 2024 12 30 21  0   2460684.12 2025  1  8 14 46   2460692.86 2025  1 17  8 32
 2460702.09 2025  1 26 14  3   2460710.85 2025  2  4  8 17   2460719.61 2025  2 13  2 32
 2460728.80 2025  2 22  7  5   2460737.58 2025  3  3  1 49   2460746.36 2025  3 11 20 32
 2460755.51 2025  3 21  0  7   2460764.31 2025  3 29 19 20   2460773.11 2025  4  7 14 32
 2460782.22 2025  4 16 17 10   2460791.04 2025  4 25 12 51   2460799.86 2025  5  4  8 32
 2460808.93 2025  5 13 10 12   2460817.77 2025  5 22  6 22   2460826.61 2025  5 31  2 32
 2460835.64 2025  6  9  3 15   2460844.50 2025  6 17 23 53   2460853.36 2025  6 26 20 32
 2460862.35 2025  7  5 20 17   2460871.23 2025  7 14 17 25   2460880.11 2025  7 23 14 32
 2460889.06 2025  8  1 13 19   2460897.96 2025  8 10 10 56   2460906.86 2025  8 19  8 32
 2460915.77 2025  8 28  6 22   2460924.69 2025  9  6  4 27   2460933.61 2025  9 15  2 32
 2460942.48 2025  9 23 23 24   2460951.42 2025 10  2 21 58   2460960.36 2025 10 11 20 32
 2460969.19 2025 10 20 16 27   2460978.15 2025 10 29 15 29   2460987.11 2025 11  7 14 32
 2460995.90 2025 11 16  9 29   2461004.88 2025 11 25  9  1   2461013.86 2025 12  4  8 32
 2461022.61 2025 12 13  2 31   2461031.61 2025 12 22  2 32   2461040.61 2025 12 31  2 32
 2461049.32 2026  1  8 19 34   2461058.34 2026  1 17 20  3   2461067.36 2026  1 26 20 32
 2461076.03 2026  2  4 12 36   2461085.07 2026  2 13 13 34   2461094.11 2026  2 22 14 32
 2461102.74 2026  3  3  5 39   2461111.80 2026  3 12  7  5   2461120.86 2026  3 21  8 32
 2461129.45 2026  3 29 22 41   2461138.53 2026  4  8  0 37   2461147.61 2026  4 17  2 32
 2461156.16 2026  4 25 15 43   2461165.26 2026  5  4 18  8   2461174.36 2026  5 13 20 32
 2461182.87 2026  5 22  8 46   2461191.99 2026  5 31 11 39   2461201.11 2026  6  9 14 32
 2461209.58 2026  6 18  1 48   2461218.72 2026  6 27  5 10   2461227.86 2026  7  6  8 32
 2461236.29 2026  7 14 18 51   2461245.45 2026  7 23 22 41   2461254.61 2026  8  2  2 32
 2461263.00 2026  8 10 11 53   2461272.18 2026  8 19 16 13   2461281.36 2026  8 28 20 32
 2461289.71 2026  9  6  4 55   2461298.91 2026  9 15  9 44   2461308.11 2026  9 24 14 32
 2461316.42 2026 10  2 21 58   2461325.64 2026 10 12  3 15   2461334.86 2026 10 21  8 32
 2461343.13 2026 10 29 15  0   2461352.37 2026 11  7 20 46   2461361.61 2026 11 17  2 32
 2461369.84 2026 11 25  8  3   2461379.10 2026 12  4 14 17   2461388.36 2026 12 13 20 32
 2461396.55 2026 12 22  1  5   2461405.83 2026 12 31  7 49   2461415.11 2027  1  9 14 32
 2461423.26 2027  1 17 18  7   2461432.56 2027  1 27  1 20   2461441.86 2027  2  5  8 32
 2461449.97 2027  2 13 11 10   2461459.29 2027  2 22 18 51   2461468.61 2027  3  4  2 32
 2461476.68 2027  3 12  4 12   2461486.02 2027  3 21 12 22   2461495.36 2027  3 30 20 32
 2461503.39 2027  4  7 21 15   2461512.75 2027  4 17  5 53   2461522.11 2027  4 26 14 32
 2461530.10 2027  5  4 14 17   2461539.48 2027  5 13 23 25   2461548.86 2027  5 23  8 32
 2461556.81 2027  5 31  7 19   2461566.21 2027  6  9 16 56   2461575.61 2027  6 19  2 32
 2461583.52 2027  6 27  0 22   2461592.94 2027  7  6 10 27   2461602.36 2027  7 15 20 32
 2461610.23 2027  7 23 17 24   2461619.67 2027  8  2  3 58   2461629.11 2027  8 11 14 32
 2461636.94 2027  8 19 10 27   2461646.40 2027  8 28 21 29   2461655.86 2027  9  7  8 32
 2461663.65 2027  9 15  3 29   2461673.13 2027  9 24 15  1   2461682.61 2027 10  4  2 32
 2461690.36 2027 10 11 20 31   2461699.86 2027 10 21  8 32   2461709.36 2027 10 30 20 32
 2461717.07 2027 11  7 13 34   2461726.59 2027 11 17  2  3   2461736.11 2027 11 26 14 32
 2461743.78 2027 12  4  6 36   2461753.32 2027 12 13 19 34   2461762.86 2027 12 23  8 32
 2461770.49 2027 12 30 23 39   2461780.05 2028  1  9 13  5   2461789.61 2028  1 19  2 32
 2461797.20 2028  1 26 16 41   2461806.78 2028  2  5  6 37   2461816.36 2028  2 14 20 32
 2461823.91 2028  2 22  9 43   2461833.51 2028  3  3  0  8   2461843.11 2028  3 12 14 32
 2461850.62 2028  3 20  2 46   2461860.24 2028  3 29 17 39   2461869.86 2028  4  8  8 32
 2461877.33 2028  4 15 19 48   2461886.97 2028  4 25 11 10   2461896.61 2028  5  5  2 32
 2461904.04 2028  5 12 12 51   2461913.70 2028  5 22  4 41   2461923.36 2028  5 31 20 32
 2461930.75 2028  6  8  5 53   2461940.43 2028  6 17 22 13   2461950.11 2028  6 27 14 32
 2461957.46 2028  7  4 22 55   2461967.16 2028  7 14 15 44   2461976.86 2028  7 24  8 32
 2461984.17 2028  7 31 15 58   2461993.89 2028  8 10  9 15   2462003.61 2028  8 20  2 32
 2462010.88 2028  8 27  9  0   2462020.62 2028  9  6  2 46   2462030.36 2028  9 15 20 32
 2462037.59 2028  9 23  2  3   2462047.35 2028 10  2 20 17   2462057.11 2028 10 12 14 32
 2462064.30 2028 10 19 19  5   2462074.08 2028 10 29 13 49   2462083.86 2028 11  8  8 32
 2462091.01 2028 11 15 12  7   2462100.81 2028 11 25  7 20   2462110.61 2028 12  5  2 32
 2462117.72 2028 12 12  5 10   2462127.54 2028 12 22  0 51   2462137.36 2028 12 31 20 32
 2462144.43 2029  1  7 22 12   2462154.27 2029  1 17 18 22   2462164.11 2029  1 27 14 32
 2462171.14 2029  2  3 15 15   2462181.00 2029  2 13 11 53   2462190.86 2029  2 23  8 32
 2462197.85 2029  3  2  8 17   2462207.73 2029  3 12  5 25   2462217.61 2029  3 22  2 32
 2462224.56 2029  3 29  1 19   2462234.46 2029  4  7 22 56   2462244.36 2029  4 17 20 32
 2462251.27 2029  4 24 18 22   2462261.19 2029  5  4 16 27   2462271.11 2029  5 14 14 32
 2462277.98 2029  5 21 11 24   2462287.92 2029  5 31  9 58   2462297.86 2029  6 10  8 32
 2462304.69 2029  6 17  4 27   2462314.65 2029  6 27  3 29   2462324.61 2029  7  7  2 32
 2462331.40 2029  7 13 21 29   2462341.38 2029  7 23 21  1   2462351.36 2029  8  2 20 32
 2462358.11 2029  8  9 14 31   2462368.11 2029  8 19 14 32   2462378.11 2029  8 29 14 32
 2462384.82 2029  9  5  7 34   2462394.84 2029  9 15  8  3   2462404.86 2029  9 25  8 32
 2462411.53 2029 10  2  0 36   2462421.57 2029 10 12  1 34   2462431.61 2029 10 22  2 32
 2462438.24 2029 10 28 17 39   2462448.30 2029 11  7 19  5   2462458.36 2029 11 17 20 32
 2462464.95 2029 11 24 10 41   2462475.03 2029 12  4 12 37   2462485.11 2029 12 14 14 32
 2462491.66 2029 12 21  3 43   2462501.76 2029 12 31  6  8   2462511.86 2030  1 10  8 32
 2462518.37 2030  1 16 20 46   2462528.49 2030  1 26 23 39   2462538.61 2030  2  6  2 32
 2462545.08 2030  2 12 13 48   2462555.22 2030  2 22 17 10   2462565.36 2030  3  4 20 32
 2462571.79 2030  3 11  6 51   2462581.95 2030  3 21 10 41   2462592.11 2030  3 31 14 32
 2462598.50 2030  4  6 23 53   2462608.68 2030  4 17  4 13   2462618.86 2030  4 27  8 32
 2462625.21 2030  5  3 16 55   2462635.41 2030  5 13 21 44   2462645.61 2030  5 24  2 32
 2462651.92 2030  5 30  9 58   2462662.14 2030  6  9 15 15   2462672.36 2030  6 19 20 32
 2462678.63 2030  6 26  3  0   2462688.87 2030  7  6  8 46   2462699.11 2030  7 16 14 32
 2462705.34 2030  7 22 20  3   2462715.60 2030  8  2  2 17   2462725.86 2030  8 12  8 32
 2462732.05 2030  8 18 13  5   2462742.33 2030  8 28 19 49   2462752.61 2030  9  8  2 32
 2462758.76 2030  9 14  6  7   2462769.06 2030  9 24 13 20   2462779.36 2030 10  4 20 32
 2462785.47 2030 10 10 23 10   2462795.79 2030 10 21  6 51   2462806.11 2030 10 31 14 32
 2462812.18 2030 11  6 16 12   2462822.52 2030 11 17  0 22   2462832.86 2030 11 27  8 32
 2462838.89 2030 12  3  9 15   2462849.25 2030 12 13 17 53   2462859.61 2030 12 24  2 32
 2462865.60 2030 12 30  2 17   2462875.98 2031  1  9 11 25   2462886.36 2031  1 19 20 32
 2462892.31 2031  1 25 19 19   2462902.71 2031  2  5  4 56   2462913.11 2031  2 15 14 32
 2462919.02 2031  2 21 12 22   2462929.44 2031  3  3 22 27   2462939.86 2031  3 14  8 32
 2462945.73 2031  3 20  5 24   2462956.17 2031  3 30 15 58   2462966.61 2031  4 10  2 32
 2462972.44 2031  4 15 22 27   2462982.90 2031  4 26  9 29   2462993.36 2031  5  6 20 32
 2462999.15 2031  5 12 15 29   2463009.63 2031  5 23  3  1   2463020.11 2031  6  2 14 32
 2463025.86 2031  6  8  8 31   2463036.36 2031  6 18 20 32   2463046.86 2031  6 29  8 32
 2463052.57 2031  7  5  1 34   2463063.09 2031  7 15 14  3   2463073.61 2031  7 26  2 32
 2463079.28 2031  7 31 18 36   2463089.82 2031  8 11  7 34   2463100.36 2031  8 21 20 32
 2463105.99 2031  8 27 11 39   2463116.55 2031  9  7  1  5   2463127.11 2031  9 17 14 32
 2463132.70 2031  9 23  4 41   2463143.28 2031 10  3 18 37   2463153.86 2031 10 14  8 32
 2463159.41 2031 10 19 21 43   2463170.01 2031 10 30 12  8   2463180.61 2031 11 10  2 32
 2463186.12 2031 11 15 14 46   2463196.74 2031 11 26  5 39   2463207.36 2031 12  6 20 32
 2463212.83 2031 12 12  7 48   2463223.47 2031 12 22 23 10   2463234.11 2032  1  2 14 32
 2463239.54 2032  1  8  0 51   2463250.20 2032  1 18 16 41   2463260.86 2032  1 29  8 32
 2463266.25 2032  2  3 17 53   2463276.93 2032  2 14 10 13   2463287.61 2032  2 25  2 32
 2463292.96 2032  3  1 10 55   2463303.66 2032  3 12  3 44   2463314.36 2032  3 22 20 32
 2463319.67 2032  3 28  3 58   2463330.39 2032  4  7 21 15   2463341.11 2032  4 18 14 32
 2463346.38 2032  4 23 21  0   2463357.12 2032  5  4 14 46   2463367.86 2032  5 15  8 32
 2463373.09 2032  5 20 14  3   2463383.85 2032  5 31  8 17   2463394.61 2032  6 11  2 32
 2463399.80 2032  6 16  7  5   2463410.58 2032  6 27  1 49   2463421.36 2032  7  7 20 32
 2463426.51 2032  7 13  0  7   2463437.31 2032  7 23 19 20   2463448.11 2032  8  3 14 32
 2463453.22 2032  8  8 17 10   2463464.04 2032  8 19 12 51   2463474.86 2032  8 30  8 32
 2463479.93 2032  9  4 10 12   2463490.77 2032  9 15  6 22   2463501.61 2032  9 26  2 32
 2463506.64 2032 10  1  3 15   2463517.50 2032 10 11 23 53   2463528.36 2032 10 22 20 32
 2463533.35 2032 10 27 20 17   2463544.23 2032 11  7 17 25   2463555.11 2032 11 18 14 32
 2463560.06 2032 11 23 13 19   2463570.96 2032 12  4 10 56   2463581.86 2032 12 15  8 32
 2463586.77 2032 12 20  6 22   2463597.69 2032 12 31  4 27   2463608.61 2033  1 11  2 32
 2463613.48 2033  1 15 23 24   2463624.42 2033  1 26 21 58   2463635.36 2033  2  6 20 32
 2463640.19 2033  2 11 16 27   2463651.15 2033  2 22 15 29   2463662.11 2033  3  5 14 32
 2463666.90 2033  3 10  9 29   2463677.88 2033  3 21  9  1   2463688.86 2033  4  1  8 32
 2463693.61 2033  4  6  2 31   2463704.61 2033  4 17  2 32   2463715.61 2033  4 28  2 32
 2463720.32 2033  5  2 19 34   2463731.34 2033  5 13 20  3   2463742.36 2033  5 24 20 32
 2463747.03 2033  5 29 12 36   2463758.07 2033  6  9 13 34   2463769.11 2033  6 20 14 32
 2463773.74 2033  6 25  5 39   2463784.80 2033  7  6  7  5   2463795.86 2033  7 17  8 32
 2463800.45 2033  7 21 22 41   2463811.53 2033  8  2  0 37   2463822.61 2033  8 13  2 32
 2463827.16 2033  8 17 15 43   2463838.26 2033  8 28 18  8   2463849.36 2033  9  8 20 32
 2463853.87 2033  9 13  8 46   2463864.99 2033  9 24 11 39   2463876.11 2033 10  5 14 32
 2463880.58 2033 10 10  1 48   2463891.72 2033 10 21  5 10   2463902.86 2033 11  1  8 32
 2463907.29 2033 11  5 18 51   2463918.45 2033 11 16 22 41   2463929.61 2033 11 28  2 32
 2463934.00 2033 12  2 11 53   2463945.18 2033 12 13 16 13   2463956.36 2033 12 24 20 32
 2463960.71 2033 12 29  4 55   2463971.91 2034  1  9  9 44   2463983.11 2034  1 20 14 32
 2463987.42 2034  1 24 21 58   2463998.64 2034  2  5  3 15   2464009.86 2034  2 16  8 32
 2464014.13 2034  2 20 15  0   2464025.37 2034  3  3 20 46   2464036.61 2034  3 15  2 32
 2464040.84 2034  3 19  8  3   2464052.10 2034  3 30 14 17   2464063.36 2034  4 10 20 32
 2464067.55 2034  4 15  1  5   2464078.83 2034  4 26  7 49   2464090.11 2034  5  7 14 32
 2464094.26 2034  5 11 18  7   2464105.56 2034  5 23  1 20   2464116.86 2034  6  3  8 32
 2464120.97 2034  6  7 11 10   2464132.29 2034  6 18 18 51   2464143.61 2034  6 30  2 32
 2464147.68 2034  7  4  4 12   2464159.02 2034  7 15 12 22   2464170.36 2034  7 26 20 32
 2464174.39 2034  7 30 21 15   2464185.75 2034  8 11  5 53   2464197.11 2034  8 22 14 32
