 Predicted Transit Epochs: HD221287_ b

 Predicted Duration of a Central Transit:    16.   Hours

 Begin Transit Window           PREDICTED CENTRAL TRANSIT     End Transit Window
                                     All Times UT

                               HJD        Year M  D  H  M
 2454948.79 2009  4 27  7  4   2455078.79 2009  9  4  6 56   2455208.78 2010  1 12  6 49
 2455397.19 2010  7 19 16 40   2455534.89 2010 12  4  9 20   2455672.58 2011  4 21  2  1
 2455845.59 2011 10 11  2 16   2455990.99 2012  3  4 11 44   2456136.38 2012  7 27 21 13
 2456293.99 2013  1  1 11 52   2456447.09 2013  6  3 14  8   2456600.18 2013 11  3 16 25
 2456742.39 2014  3 25 21 28   2456903.19 2014  9  2 16 32   2457063.98 2015  2 10 11 37
 2457190.79 2015  6 17  7  4   2457359.29 2015 12  2 18 56   2457527.78 2016  5 19  6 49
 2457639.19 2016  9  7 16 40   2457815.39 2017  3  2 21 20   2457991.58 2017  8 26  2  1
 2458087.59 2017 11 30  2 16   2458271.49 2018  6  1 23 44   2458455.38 2018 12  2 21 13
 2458535.99 2019  2 21 11 52   2458727.59 2019  9  1  2  8   2458919.18 2020  3 10 16 25
 2458984.39 2020  5 14 21 28   2459183.69 2020 11 30  4 32   2459382.98 2021  6 17 11 37
 2459432.79 2021  8  6  7  4   2459639.79 2022  3  1  6 56   2459846.78 2022  9 24  6 49
 2459881.19 2022 10 28 16 40   2460095.89 2023  5 31  9 20   2460310.58 2024  1  1  2  1
 2460329.59 2024  1 20  2 16   2460551.99 2024  8 29 11 44   2460774.38 2025  4  8 21 13
 2460777.99 2025  4 12 11 52   2461008.09 2025 11 28 14  8   2461238.18 2026  7 16 16 25
 2461226.39 2026  7  4 21 28   2461464.19 2027  2 27 16 32   2461701.98 2027 10 23 11 37
 2461674.79 2027  9 26  7  4   2461920.29 2028  5 28 18 56   2462165.78 2029  1 29  6 49
 2462123.19 2028 12 17 16 40   2462376.39 2029  8 27 21 20   2462629.58 2030  5  8  2  1
