 Predicted Transit Epochs: HD222582_ b

 Predicted Duration of a Central Transit:    35.   Hours

 Begin Transit Window           PREDICTED CENTRAL TRANSIT     End Transit Window
                                     All Times UT

                               HJD        Year M  D  H  M
 2454844.51 2009  1 13  0 14   2454886.63 2009  2 24  3  3   2454928.74 2009  4  7  5 52
 2455411.51 2010  8  3  0 14   2455458.63 2010  9 19  3  3   2455505.74 2010 11  5  5 52
 2455978.51 2012  2 21  0 14   2456030.63 2012  4 13  3  3   2456082.74 2012  6  4  5 52
 2456545.51 2013  9 10  0 14   2456602.63 2013 11  6  3  3   2456659.74 2014  1  2  5 52
 2457112.51 2015  3 31  0 14   2457174.63 2015  6  1  3  3   2457236.74 2015  8  2  5 52
 2457679.51 2016 10 18  0 14   2457746.63 2016 12 24  3  3   2457813.74 2017  3  1  5 52
 2458246.51 2018  5  8  0 14   2458318.63 2018  7 19  3  3   2458390.74 2018  9 29  5 52
 2458813.51 2019 11 26  0 14   2458890.63 2020  2 11  3  3   2458967.74 2020  4 28  5 52
 2459380.51 2021  6 15  0 14   2459462.63 2021  9  5  3  3   2459544.74 2021 11 26  5 52
 2459947.51 2023  1  3  0 14   2460034.63 2023  3 31  3  3   2460121.74 2023  6 26  5 52
 2460514.51 2024  7 23  0 14   2460606.63 2024 10 23  3  3   2460698.74 2025  1 23  5 52
 2461081.51 2026  2 10  0 14   2461178.63 2026  5 18  3  3   2461275.74 2026  8 23  5 52
 2461648.51 2027  8 31  0 14   2461750.63 2027 12 11  3  3   2461852.74 2028  3 22  5 52
 2462215.51 2029  3 20  0 14   2462322.63 2029  7  5  3  3   2462429.74 2029 10 20  5 52
