 Predicted Transit Epochs: HD23127__ b

 Predicted Duration of a Central Transit:    24.   Hours

 Begin Transit Window           PREDICTED CENTRAL TRANSIT     End Transit Window
                                     All Times UT

                               HJD        Year M  D  H  M
 2456831.22 2014  6 22 17 20   2456970.91 2014 11  9  9 51   2457110.60 2015  3 29  2 22
 2458016.82 2017  9 20  7 44   2458180.51 2018  3  3  0 15   2458344.20 2018  8 13 16 46
 2459202.42 2020 12 18 22  8   2459390.11 2021  6 24 14 39   2459577.80 2021 12 29  7 10
 2460388.02 2024  3 18 12 32   2460599.71 2024 10 16  5  3   2460811.40 2025  5 15 21 34
 2461573.62 2027  6 17  2 56   2461809.31 2028  2  7 19 27   2462045.00 2028  9 30 11 58
 2462759.22 2030  9 14 17 20   2463018.91 2031  6  1  9 51   2463278.60 2032  2 16  2 22
 2463944.82 2033 12 13  7 44   2464228.51 2034  9 23  0 15   2464512.20 2035  7  3 16 46
