 Predicted Transit Epochs: HD231701_ b

 Predicted Duration of a Central Transit:    12.   Hours

 Begin Transit Window           PREDICTED CENTRAL TRANSIT     End Transit Window
                                     All Times UT

                               HJD        Year M  D  H  M
 2455064.18 2009  8 20 16 16   2455119.95 2009 10 15 10 45   2455175.72 2009 12 10  5 13
 2455299.28 2010  4 12 18 40   2455360.05 2010  6 12 13  9   2455420.82 2010  8 12  7 37
 2455534.38 2010 12  3 21  4   2455600.15 2011  2  7 15 33   2455665.92 2011  4 14 10  1
 2455769.48 2011  7 26 23 28   2455840.25 2011 10  5 17 57   2455911.02 2011 12 15 12 25
 2456004.58 2012  3 18  1 52   2456080.35 2012  6  1 20 21   2456156.12 2012  8 16 14 49
 2456239.68 2012 11  8  4 16   2456320.45 2013  1 27 22 45   2456401.22 2013  4 18 17 13
 2456474.78 2013  7  1  6 40   2456560.55 2013  9 25  1  9   2456646.32 2013 12 19 19 37
 2456709.88 2014  2 21  9  4   2456800.65 2014  5 23  3 33   2456891.42 2014  8 21 22  1
 2456944.98 2014 10 14 11 28   2457040.75 2015  1 18  5 57   2457136.52 2015  4 24  0 25
 2457180.08 2015  6  6 13 52   2457280.85 2015  9 15  8 21   2457381.62 2015 12 25  2 49
 2457415.18 2016  1 27 16 16   2457520.95 2016  5 12 10 45   2457626.72 2016  8 26  5 13
 2457650.28 2016  9 18 18 40   2457761.05 2017  1  7 13  9   2457871.82 2017  4 28  7 37
 2457885.38 2017  5 11 21  4   2458001.15 2017  9  4 15 33   2458116.92 2017 12 29 10  1
 2458120.48 2018  1  1 23 28   2458241.25 2018  5  2 17 57   2458362.02 2018  8 31 12 25
 2458355.58 2018  8 25  1 52   2458481.35 2018 12 28 20 21   2458607.12 2019  5  3 14 49
 2458590.68 2019  4 17  4 16   2458721.45 2019  8 25 22 45   2458852.22 2020  1  3 17 13
 2458825.78 2019 12  8  6 40   2458961.55 2020  4 22  1  9   2459097.32 2020  9  4 19 37
 2459060.88 2020  7 30  9  4   2459201.65 2020 12 18  3 33   2459342.42 2021  5  7 22  1
 2459295.98 2021  3 22 11 28   2459441.75 2021  8 15  5 57   2459587.52 2022  1  8  0 25
 2459531.08 2021 11 12 13 52   2459681.85 2022  4 12  8 21   2459832.62 2022  9 10  2 49
 2459766.18 2022  7  5 16 16   2459921.95 2022 12  8 10 45   2460077.72 2023  5 13  5 13
 2460001.28 2023  2 25 18 40   2460162.05 2023  8  5 13  9   2460322.82 2024  1 13  7 37
 2460236.38 2023 10 18 21  4   2460402.15 2024  4  1 15 33   2460567.92 2024  9 14 10  1
 2460471.48 2024  6  9 23 28   2460642.25 2024 11 27 17 57   2460813.02 2025  5 17 12 25
 2460706.58 2025  1 31  1 52   2460882.35 2025  7 25 20 21   2461058.12 2026  1 17 14 49
 2460941.68 2025  9 23  4 16   2461122.45 2026  3 22 22 45   2461303.22 2026  9 19 17 13
 2461176.78 2026  5 16  6 40   2461362.55 2026 11 18  1  9   2461548.32 2027  5 22 19 37
 2461411.88 2027  1  6  9  4   2461602.65 2027  7 16  3 33   2461793.42 2028  1 22 22  1
 2461646.98 2027  8 29 11 28   2461842.75 2028  3 12  5 57   2462038.52 2028  9 24  0 25
 2461882.08 2028  4 20 13 52   2462082.85 2028 11  7  8 21   2462283.62 2029  5 27  2 49
 2462117.18 2028 12 11 16 16   2462322.95 2029  7  5 10 45   2462528.72 2030  1 27  5 13
 2462352.28 2029  8  3 18 40   2462563.05 2030  3  2 13  9   2462773.82 2030  9 29  7 37
