 Predicted Transit Epochs: HD23079__ b

 Predicted Duration of a Central Transit:    23.   Hours

 Begin Transit Window           PREDICTED CENTRAL TRANSIT     End Transit Window
                                     All Times UT

                               HJD        Year M  D  H  M
 2456942.70 2014 10 12  4 51   2456967.02 2014 11  5 12 35   2456991.35 2014 11 29 20 19
 2457654.52 2016  9 23  0 31   2457679.15 2016 10 17 15 42   2457703.79 2016 11 11  6 53
 2458366.34 2018  9  4 20 12   2458391.28 2018  9 29 18 49   2458416.23 2018 10 24 17 26
 2459078.16 2020  8 16 15 53   2459103.41 2020  9 10 21 56   2459128.67 2020 10  6  4  0
 2459789.98 2022  7 29 11 34   2459815.54 2022  8 24  1  4   2459841.11 2022  9 18 14 34
 2460501.80 2024  7 10  7 15   2460527.67 2024  8  5  4 11   2460553.55 2024  8 31  1  7
 2461213.62 2026  6 22  2 55   2461239.80 2026  7 18  7 18   2461265.99 2026  8 13 11 41
 2461925.44 2028  6  2 22 36   2461951.93 2028  6 29 10 25   2461978.43 2028  7 25 22 14
 2462637.26 2030  5 15 18 17   2462664.06 2030  6 11 13 32   2462690.87 2030  7  8  8 48
 2463349.08 2032  4 26 13 58   2463376.19 2032  5 23 16 40   2463403.31 2032  6 19 19 22
 2464060.90 2034  4  8  9 39   2464088.32 2034  5  5 19 47   2464115.75 2034  6  2  5 55
 2464772.72 2036  3 20  5 19   2464800.45 2036  4 16 22 54   2464828.19 2036  5 14 16 29
