 Predicted Transit Epochs: HD2638___ b

 Predicted Duration of a Central Transit:   170. Minutes

 Begin Transit Window           PREDICTED CENTRAL TRANSIT     End Transit Window
                                     All Times UT

                               HJD        Year M  D  H  M
 2454463.97 2007 12 29 11 16   2454464.10 2007 12 29 14 20   2454464.22 2007 12 29 17 23
 2454467.41 2008  1  1 21 56   2454467.54 2008  1  2  0 59   2454467.67 2008  1  2  4  3
 2454470.86 2008  1  5  8 35   2454470.99 2008  1  5 11 39   2454471.11 2008  1  5 14 43
 2454474.30 2008  1  8 19 14   2454474.43 2008  1  8 22 18   2454474.56 2008  1  9  1 23
 2454477.75 2008  1 12  5 54   2454477.87 2008  1 12  8 58   2454478.00 2008  1 12 12  3
 2454481.19 2008  1 15 16 33   2454481.32 2008  1 15 19 38   2454481.45 2008  1 15 22 43
 2454484.63 2008  1 19  3 12   2454484.76 2008  1 19  6 17   2454484.89 2008  1 19  9 22
 2454488.08 2008  1 22 13 52   2454488.21 2008  1 22 16 57   2454488.34 2008  1 22 20  2
 2454491.52 2008  1 26  0 31   2454491.65 2008  1 26  3 37   2454491.78 2008  1 26  6 42
 2454494.97 2008  1 29 11 10   2454495.10 2008  1 29 14 16   2454495.22 2008  1 29 17 22
 2454498.41 2008  2  1 21 50   2454498.54 2008  2  2  0 56   2454498.67 2008  2  2  4  2
 2454501.85 2008  2  5  8 29   2454501.98 2008  2  5 11 36   2454502.11 2008  2  5 14 42
 2454505.30 2008  2  8 19  9   2454505.43 2008  2  8 22 15   2454505.56 2008  2  9  1 22
 2454508.74 2008  2 12  5 48   2454508.87 2008  2 12  8 55   2454509.00 2008  2 12 12  2
 2454512.19 2008  2 15 16 27   2454512.32 2008  2 15 19 35   2454512.45 2008  2 15 22 42
 2454515.63 2008  2 19  3  7   2454515.76 2008  2 19  6 14   2454515.89 2008  2 19  9 22
 2454519.07 2008  2 22 13 46   2454519.20 2008  2 22 16 54   2454519.33 2008  2 22 20  2
 2454522.52 2008  2 26  0 25   2454522.65 2008  2 26  3 34   2454522.78 2008  2 26  6 42
 2454525.96 2008  2 29 11  5   2454526.09 2008  2 29 14 13   2454526.22 2008  2 29 17 22
 2454529.41 2008  3  3 21 44   2454529.54 2008  3  4  0 53   2454529.67 2008  3  4  4  2
 2454532.85 2008  3  7  8 23   2454532.98 2008  3  7 11 32   2454533.11 2008  3  7 14 42
 2454536.29 2008  3 10 19  3   2454536.43 2008  3 10 22 12   2454536.56 2008  3 11  1 22
 2454539.74 2008  3 14  5 42   2454539.87 2008  3 14  8 52   2454540.00 2008  3 14 12  1
 2454543.18 2008  3 17 16 22   2454543.31 2008  3 17 19 31   2454543.45 2008  3 17 22 41
 2454546.63 2008  3 21  3  1   2454546.76 2008  3 21  6 11   2454546.89 2008  3 21  9 21
 2454550.07 2008  3 24 13 40   2454550.20 2008  3 24 16 51   2454550.33 2008  3 24 20  1
 2454553.51 2008  3 28  0 20   2454553.65 2008  3 28  3 30   2454553.78 2008  3 28  6 41
 2454556.96 2008  3 31 10 59   2454557.09 2008  3 31 14 10   2454557.22 2008  3 31 17 21
 2454560.40 2008  4  3 21 38   2454560.53 2008  4  4  0 50   2454560.67 2008  4  4  4  1
 2454563.85 2008  4  7  8 18   2454563.98 2008  4  7 11 29   2454564.11 2008  4  7 14 41
 2454567.29 2008  4 10 18 57   2454567.42 2008  4 10 22  9   2454567.56 2008  4 11  1 21
 2454570.73 2008  4 14  5 36   2454570.87 2008  4 14  8 49   2454571.00 2008  4 14 12  1
 2454574.18 2008  4 17 16 16   2454574.31 2008  4 17 19 28   2454574.45 2008  4 17 22 41
 2454577.62 2008  4 21  2 55   2454577.76 2008  4 21  6  8   2454577.89 2008  4 21  9 21
 2454581.07 2008  4 24 13 34   2454581.20 2008  4 24 16 48   2454581.33 2008  4 24 20  1
 2454584.51 2008  4 28  0 14   2454584.64 2008  4 28  3 27   2454584.78 2008  4 28  6 41
 2454587.95 2008  5  1 10 53   2454588.09 2008  5  1 14  7   2454588.22 2008  5  1 17 21
 2454591.40 2008  5  4 21 33   2454591.53 2008  5  5  0 47   2454591.67 2008  5  5  4  0
 2454594.84 2008  5  8  8 12   2454594.98 2008  5  8 11 26   2454595.11 2008  5  8 14 40
 2454598.29 2008  5 11 18 51   2454598.42 2008  5 11 22  6   2454598.56 2008  5 12  1 20
 2454601.73 2008  5 15  5 31   2454601.87 2008  5 15  8 45   2454602.00 2008  5 15 12  0
 2454605.17 2008  5 18 16 10   2454605.31 2008  5 18 19 25   2454605.44 2008  5 18 22 40
 2454608.62 2008  5 22  2 49   2454608.75 2008  5 22  6  5   2454608.89 2008  5 22  9 20
 2454612.06 2008  5 25 13 29   2454612.20 2008  5 25 16 44   2454612.33 2008  5 25 20  0
 2454615.51 2008  5 29  0  8   2454615.64 2008  5 29  3 24   2454615.78 2008  5 29  6 40
 2454618.95 2008  6  1 10 47   2454619.09 2008  6  1 14  4   2454619.22 2008  6  1 17 20
 2454622.39 2008  6  4 21 27   2454622.53 2008  6  5  0 43   2454622.67 2008  6  5  4  0
 2454625.84 2008  6  8  8  6   2454625.97 2008  6  8 11 23   2454626.11 2008  6  8 14 40
 2454629.28 2008  6 11 18 46   2454629.42 2008  6 11 22  3   2454629.56 2008  6 12  1 20
 2454632.73 2008  6 15  5 25   2454632.86 2008  6 15  8 42   2454633.00 2008  6 15 12  0
 2454636.17 2008  6 18 16  4   2454636.31 2008  6 18 19 22   2454636.44 2008  6 18 22 40
 2454639.61 2008  6 22  2 44   2454639.75 2008  6 22  6  2   2454639.89 2008  6 22  9 20
 2454643.06 2008  6 25 13 23   2454643.20 2008  6 25 16 41   2454643.33 2008  6 25 20  0
 2454646.50 2008  6 29  0  2   2454646.64 2008  6 29  3 21   2454646.78 2008  6 29  6 39
 2454649.95 2008  7  2 10 42   2454650.08 2008  7  2 14  1   2454650.22 2008  7  2 17 19
 2454653.39 2008  7  5 21 21   2454653.53 2008  7  6  0 40   2454653.67 2008  7  6  3 59
 2454656.83 2008  7  9  8  0   2454656.97 2008  7  9 11 20   2454657.11 2008  7  9 14 39
 2454660.28 2008  7 12 18 40   2454660.42 2008  7 12 21 59   2454660.56 2008  7 13  1 19
 2454663.72 2008  7 16  5 19   2454663.86 2008  7 16  8 39   2454664.00 2008  7 16 11 59
 2454667.17 2008  7 19 15 58   2454667.31 2008  7 19 19 19   2454667.44 2008  7 19 22 39
 2454670.61 2008  7 23  2 38   2454670.75 2008  7 23  5 58   2454670.89 2008  7 23  9 19
 2454674.05 2008  7 26 13 17   2454674.19 2008  7 26 16 38   2454674.33 2008  7 26 19 59
 2454677.50 2008  7 29 23 57   2454677.64 2008  7 30  3 18   2454677.78 2008  7 30  6 39
 2454680.94 2008  8  2 10 36   2454681.08 2008  8  2 13 57   2454681.22 2008  8  2 17 19
 2454684.39 2008  8  5 21 15   2454684.53 2008  8  6  0 37   2454684.67 2008  8  6  3 59
 2454687.83 2008  8  9  7 55   2454687.97 2008  8  9 11 17   2454688.11 2008  8  9 14 39
 2454691.27 2008  8 12 18 34   2454691.41 2008  8 12 21 56   2454691.55 2008  8 13  1 19
 2454694.72 2008  8 16  5 13   2454694.86 2008  8 16  8 36   2454695.00 2008  8 16 11 59
 2454698.16 2008  8 19 15 53   2454698.30 2008  8 19 19 16   2454698.44 2008  8 19 22 38
 2454701.61 2008  8 23  2 32   2454701.75 2008  8 23  5 55   2454701.89 2008  8 23  9 18
 2454705.05 2008  8 26 13 11   2454705.19 2008  8 26 16 35   2454705.33 2008  8 26 19 58
 2454708.49 2008  8 29 23 51   2454708.64 2008  8 30  3 15   2454708.78 2008  8 30  6 38
 2454711.94 2008  9  2 10 30   2454712.08 2008  9  2 13 54   2454712.22 2008  9  2 17 18
 2454715.38 2008  9  5 21 10   2454715.52 2008  9  6  0 34   2454715.67 2008  9  6  3 58
 2454718.83 2008  9  9  7 49   2454718.97 2008  9  9 11 13   2454719.11 2008  9  9 14 38
 2454722.27 2008  9 12 18 28   2454722.41 2008  9 12 21 53   2454722.55 2008  9 13  1 18
 2454725.71 2008  9 16  5  8   2454725.86 2008  9 16  8 33   2454726.00 2008  9 16 11 58
 2454729.16 2008  9 19 15 47   2454729.30 2008  9 19 19 12   2454729.44 2008  9 19 22 38
 2454732.60 2008  9 23  2 26   2454732.74 2008  9 23  5 52   2454732.89 2008  9 23  9 18
 2454736.05 2008  9 26 13  6   2454736.19 2008  9 26 16 32   2454736.33 2008  9 26 19 58
 2454739.49 2008  9 29 23 45   2454739.63 2008  9 30  3 11   2454739.78 2008  9 30  6 38
 2454742.93 2008 10  3 10 24   2454743.08 2008 10  3 13 51   2454743.22 2008 10  3 17 18
 2454746.38 2008 10  6 21  4   2454746.52 2008 10  7  0 31   2454746.67 2008 10  7  3 58
 2454749.82 2008 10 10  7 43   2454749.97 2008 10 10 11 10   2454750.11 2008 10 10 14 38
 2454753.27 2008 10 13 18 22   2454753.41 2008 10 13 21 50   2454753.55 2008 10 14  1 17
 2454756.71 2008 10 17  5  2   2454756.85 2008 10 17  8 30   2454757.00 2008 10 17 11 57
 2454760.15 2008 10 20 15 41   2454760.30 2008 10 20 19  9   2454760.44 2008 10 20 22 37
 2454763.60 2008 10 24  2 21   2454763.74 2008 10 24  5 49   2454763.89 2008 10 24  9 17
 2454767.04 2008 10 27 13  0   2454767.19 2008 10 27 16 29   2454767.33 2008 10 27 19 57
 2454770.49 2008 10 30 23 39   2454770.63 2008 10 31  3  8   2454770.78 2008 10 31  6 37
 2454773.93 2008 11  3 10 19   2454774.08 2008 11  3 13 48   2454774.22 2008 11  3 17 17
 2454777.37 2008 11  6 20 58   2454777.52 2008 11  7  0 28   2454777.66 2008 11  7  3 57
 2454780.82 2008 11 10  7 37   2454780.96 2008 11 10 11  7   2454781.11 2008 11 10 14 37
 2454784.26 2008 11 13 18 17   2454784.41 2008 11 13 21 47   2454784.55 2008 11 14  1 17
 2454787.71 2008 11 17  4 56   2454787.85 2008 11 17  8 26   2454788.00 2008 11 17 11 57
 2454791.15 2008 11 20 15 35   2454791.30 2008 11 20 19  6   2454791.44 2008 11 20 22 37
 2454794.59 2008 11 24  2 15   2454794.74 2008 11 24  5 46   2454794.89 2008 11 24  9 17
 2454798.04 2008 11 27 12 54   2454798.18 2008 11 27 16 25   2454798.33 2008 11 27 19 57
 2454801.48 2008 11 30 23 34   2454801.63 2008 12  1  3  5   2454801.78 2008 12  1  6 37
 2454804.93 2008 12  4 10 13   2454805.07 2008 12  4 13 45   2454805.22 2008 12  4 17 17
 2454808.37 2008 12  7 20 52   2454808.52 2008 12  8  0 24   2454808.66 2008 12  8  3 56
 2454811.81 2008 12 11  7 32   2454811.96 2008 12 11 11  4   2454812.11 2008 12 11 14 36
 2454815.26 2008 12 14 18 11   2454815.41 2008 12 14 21 44   2454815.55 2008 12 15  1 16
 2454818.70 2008 12 18  4 50   2454818.85 2008 12 18  8 23   2454819.00 2008 12 18 11 56
 2454822.15 2008 12 21 15 30   2454822.29 2008 12 21 19  3   2454822.44 2008 12 21 22 36
 2454825.59 2008 12 25  2  9   2454825.74 2008 12 25  5 43   2454825.89 2008 12 25  9 16
 2454829.03 2008 12 28 12 48   2454829.18 2008 12 28 16 22   2454829.33 2008 12 28 19 56
 2454832.48 2008 12 31 23 28   2454832.63 2009  1  1  3  2   2454832.78 2009  1  1  6 36
 2454835.92 2009  1  4 10  7   2454836.07 2009  1  4 13 42   2454836.22 2009  1  4 17 16
 2454839.37 2009  1  7 20 46   2454839.52 2009  1  8  0 21   2454839.66 2009  1  8  3 56
 2454842.81 2009  1 11  7 26   2454842.96 2009  1 11 11  1   2454843.11 2009  1 11 14 36
 2454846.25 2009  1 14 18  5   2454846.40 2009  1 14 21 40   2454846.55 2009  1 15  1 16
 2454849.70 2009  1 18  4 45   2454849.85 2009  1 18  8 20   2454850.00 2009  1 18 11 56
 2454853.14 2009  1 21 15 24   2454853.29 2009  1 21 19  0   2454853.44 2009  1 21 22 36
 2454856.59 2009  1 25  2  3   2454856.74 2009  1 25  5 39   2454856.89 2009  1 25  9 16
 2454860.03 2009  1 28 12 43   2454860.18 2009  1 28 16 19   2454860.33 2009  1 28 19 55
 2454863.47 2009  1 31 23 22   2454863.62 2009  2  1  2 59   2454863.77 2009  2  1  6 35
 2454866.92 2009  2  4 10  1   2454867.07 2009  2  4 13 38   2454867.22 2009  2  4 17 15
 2454870.36 2009  2  7 20 41   2454870.51 2009  2  8  0 18   2454870.66 2009  2  8  3 55
 2454873.81 2009  2 11  7 20   2454873.96 2009  2 11 10 58   2454874.11 2009  2 11 14 35
 2454877.25 2009  2 14 17 59   2454877.40 2009  2 14 21 37   2454877.55 2009  2 15  1 15
 2454880.69 2009  2 18  4 39   2454880.85 2009  2 18  8 17   2454881.00 2009  2 18 11 55
 2454884.14 2009  2 21 15 18   2454884.29 2009  2 21 18 57   2454884.44 2009  2 21 22 35
 2454887.58 2009  2 25  1 58   2454887.73 2009  2 25  5 36   2454887.89 2009  2 25  9 15
 2454891.03 2009  2 28 12 37   2454891.18 2009  2 28 16 16   2454891.33 2009  2 28 19 55
 2454894.47 2009  3  3 23 16   2454894.62 2009  3  4  2 56   2454894.77 2009  3  4  6 35
 2454897.91 2009  3  7  9 56   2454898.07 2009  3  7 13 35   2454898.22 2009  3  7 17 15
 2454901.36 2009  3 10 20 35   2454901.51 2009  3 11  0 15   2454901.66 2009  3 11  3 55
 2454904.80 2009  3 14  7 14   2454904.95 2009  3 14 10 54   2454905.11 2009  3 14 14 35
 2454908.25 2009  3 17 17 54   2454908.40 2009  3 17 21 34   2454908.55 2009  3 18  1 15
 2454911.69 2009  3 21  4 33   2454911.84 2009  3 21  8 14   2454912.00 2009  3 21 11 55
 2454915.13 2009  3 24 15 12   2454915.29 2009  3 24 18 53   2454915.44 2009  3 24 22 34
 2454918.58 2009  3 28  1 52   2454918.73 2009  3 28  5 33   2454918.89 2009  3 28  9 14
 2454922.02 2009  3 31 12 31   2454922.18 2009  3 31 16 13   2454922.33 2009  3 31 19 54
 2454925.47 2009  4  3 23 10   2454925.62 2009  4  4  2 52   2454925.77 2009  4  4  6 34
 2454928.91 2009  4  7  9 50   2454929.06 2009  4  7 13 32   2454929.22 2009  4  7 17 14
 2454932.35 2009  4 10 20 29   2454932.51 2009  4 11  0 12   2454932.66 2009  4 11  3 54
 2454935.80 2009  4 14  7  9   2454935.95 2009  4 14 10 51   2454936.11 2009  4 14 14 34
 2454939.24 2009  4 17 17 48   2454939.40 2009  4 17 21 31   2454939.55 2009  4 18  1 14
 2454942.69 2009  4 21  4 27   2454942.84 2009  4 21  8 11   2454943.00 2009  4 21 11 54
 2454946.13 2009  4 24 15  7   2454946.29 2009  4 24 18 50   2454946.44 2009  4 24 22 34
 2454949.57 2009  4 28  1 46   2454949.73 2009  4 28  5 30   2454949.88 2009  4 28  9 14
 2454953.02 2009  5  1 12 25   2454953.17 2009  5  1 16 10   2454953.33 2009  5  1 19 54
 2454956.46 2009  5  4 23  5   2454956.62 2009  5  5  2 49   2454956.77 2009  5  5  6 34
 2454959.91 2009  5  8  9 44   2454960.06 2009  5  8 13 29   2454960.22 2009  5  8 17 14
 2454963.35 2009  5 11 20 23   2454963.51 2009  5 12  0  8   2454963.66 2009  5 12  3 54
 2454966.79 2009  5 15  7  3   2454966.95 2009  5 15 10 48   2454967.11 2009  5 15 14 34
 2454970.24 2009  5 18 17 42   2454970.39 2009  5 18 21 28   2454970.55 2009  5 19  1 13
 2454973.68 2009  5 22  4 22   2454973.84 2009  5 22  8  7   2454974.00 2009  5 22 11 53
 2454977.13 2009  5 25 15  1   2454977.28 2009  5 25 18 47   2454977.44 2009  5 25 22 33
 2454980.57 2009  5 29  1 40   2454980.73 2009  5 29  5 27   2454980.88 2009  5 29  9 13
 2454984.01 2009  6  1 12 20   2454984.17 2009  6  1 16  6   2454984.33 2009  6  1 19 53
 2454987.46 2009  6  4 22 59   2454987.62 2009  6  5  2 46   2454987.77 2009  6  5  6 33
 2454990.90 2009  6  8  9 38   2454991.06 2009  6  8 13 26   2454991.22 2009  6  8 17 13
 2454994.35 2009  6 11 20 18   2454994.50 2009  6 12  0  5   2454994.66 2009  6 12  3 53
 2454997.79 2009  6 15  6 57   2454997.95 2009  6 15 10 45   2454998.11 2009  6 15 14 33
 2455001.23 2009  6 18 17 36   2455001.39 2009  6 18 21 25   2455001.55 2009  6 19  1 13
 2455004.68 2009  6 22  4 16   2455004.84 2009  6 22  8  4   2455005.00 2009  6 22 11 53
 2455008.12 2009  6 25 14 55   2455008.28 2009  6 25 18 44   2455008.44 2009  6 25 22 33
 2455011.57 2009  6 29  1 34   2455011.73 2009  6 29  5 24   2455011.88 2009  6 29  9 13
 2455015.01 2009  7  2 12 14   2455015.17 2009  7  2 16  3   2455015.33 2009  7  2 19 53
 2455018.45 2009  7  5 22 53   2455018.61 2009  7  6  2 43   2455018.77 2009  7  6  6 33
 2455021.90 2009  7  9  9 33   2455022.06 2009  7  9 13 23   2455022.22 2009  7  9 17 12
 2455025.34 2009  7 12 20 12   2455025.50 2009  7 13  0  2   2455025.66 2009  7 13  3 52
 2455028.79 2009  7 16  6 51   2455028.95 2009  7 16 10 42   2455029.11 2009  7 16 14 32
 2455032.23 2009  7 19 17 31   2455032.39 2009  7 19 21 21   2455032.55 2009  7 20  1 12
 2455035.67 2009  7 23  4 10   2455035.83 2009  7 23  8  1   2455035.99 2009  7 23 11 52
 2455039.12 2009  7 26 14 49   2455039.28 2009  7 26 18 41   2455039.44 2009  7 26 22 32
 2455042.56 2009  7 30  1 29   2455042.72 2009  7 30  5 20   2455042.88 2009  7 30  9 12
 2455046.01 2009  8  2 12  8   2455046.17 2009  8  2 16  0   2455046.33 2009  8  2 19 52
 2455049.45 2009  8  5 22 47   2455049.61 2009  8  6  2 40   2455049.77 2009  8  6  6 32
 2455052.89 2009  8  9  9 27   2455053.06 2009  8  9 13 19   2455053.22 2009  8  9 17 12
 2455056.34 2009  8 12 20  6   2455056.50 2009  8 12 23 59   2455056.66 2009  8 13  3 52
 2455059.78 2009  8 16  6 46   2455059.94 2009  8 16 10 39   2455060.11 2009  8 16 14 32
 2455063.23 2009  8 19 17 25   2455063.39 2009  8 19 21 18   2455063.55 2009  8 20  1 12
 2455066.67 2009  8 23  4  4   2455066.83 2009  8 23  7 58   2455066.99 2009  8 23 11 52
 2455070.11 2009  8 26 14 44   2455070.28 2009  8 26 18 38   2455070.44 2009  8 26 22 32
 2455073.56 2009  8 30  1 23   2455073.72 2009  8 30  5 17   2455073.88 2009  8 30  9 12
 2455077.00 2009  9  2 12  2   2455077.16 2009  9  2 15 57   2455077.33 2009  9  2 19 51
 2455080.45 2009  9  5 22 42   2455080.61 2009  9  6  2 37   2455080.77 2009  9  6  6 31
 2455083.89 2009  9  9  9 21   2455084.05 2009  9  9 13 16   2455084.22 2009  9  9 17 11
 2455087.33 2009  9 12 20  0   2455087.50 2009  9 12 23 56   2455087.66 2009  9 13  3 51
 2455090.78 2009  9 16  6 40   2455090.94 2009  9 16 10 35   2455091.11 2009  9 16 14 31
 2455094.22 2009  9 19 17 19   2455094.39 2009  9 19 21 15   2455094.55 2009  9 20  1 11
 2455097.67 2009  9 23  3 58   2455097.83 2009  9 23  7 55   2455097.99 2009  9 23 11 51
 2455101.11 2009  9 26 14 38   2455101.27 2009  9 26 18 34   2455101.44 2009  9 26 22 31
 2455104.55 2009  9 30  1 17   2455104.72 2009  9 30  5 14   2455104.88 2009  9 30  9 11
 2455108.00 2009 10  3 11 57   2455108.16 2009 10  3 15 54   2455108.33 2009 10  3 19 51
 2455111.44 2009 10  6 22 36   2455111.61 2009 10  7  2 33   2455111.77 2009 10  7  6 31
 2455114.89 2009 10 10  9 15   2455115.05 2009 10 10 13 13   2455115.22 2009 10 10 17 11
 2455118.33 2009 10 13 19 55   2455118.50 2009 10 13 23 53   2455118.66 2009 10 14  3 51
 2455121.77 2009 10 17  6 34   2455121.94 2009 10 17 10 32   2455122.10 2009 10 17 14 31
 2455125.22 2009 10 20 17 13   2455125.38 2009 10 20 21 12   2455125.55 2009 10 21  1 11
 2455128.66 2009 10 24  3 53   2455128.83 2009 10 24  7 52   2455128.99 2009 10 24 11 50
 2455132.11 2009 10 27 14 32   2455132.27 2009 10 27 18 31   2455132.44 2009 10 27 22 30
 2455135.55 2009 10 31  1 11   2455135.72 2009 10 31  5 11   2455135.88 2009 10 31  9 10
 2455138.99 2009 11  3 11 51   2455139.16 2009 11  3 15 51   2455139.33 2009 11  3 19 50
 2455142.44 2009 11  6 22 30   2455142.60 2009 11  7  2 30   2455142.77 2009 11  7  6 30
 2455145.88 2009 11 10  9 10   2455146.05 2009 11 10 13 10   2455146.22 2009 11 10 17 10
 2455149.33 2009 11 13 19 49   2455149.49 2009 11 13 23 49   2455149.66 2009 11 14  3 50
 2455152.77 2009 11 17  6 28   2455152.94 2009 11 17 10 29   2455153.10 2009 11 17 14 30
 2455156.21 2009 11 20 17  8   2455156.38 2009 11 20 21  9   2455156.55 2009 11 21  1 10
 2455159.66 2009 11 24  3 47   2455159.83 2009 11 24  7 48   2455159.99 2009 11 24 11 50
 2455163.10 2009 11 27 14 26   2455163.27 2009 11 27 18 28   2455163.44 2009 11 27 22 30
 2455166.55 2009 12  1  1  6   2455166.71 2009 12  1  5  8   2455166.88 2009 12  1  9 10
 2455169.99 2009 12  4 11 45   2455170.16 2009 12  4 15 47   2455170.33 2009 12  4 19 50
 2455173.43 2009 12  7 22 24   2455173.60 2009 12  8  2 27   2455173.77 2009 12  8  6 30
 2455176.88 2009 12 11  9  4   2455177.05 2009 12 11 13  7   2455177.22 2009 12 11 17 10
 2455180.32 2009 12 14 19 43   2455180.49 2009 12 14 23 46   2455180.66 2009 12 15  3 50
 2455183.77 2009 12 18  6 22   2455183.94 2009 12 18 10 26   2455184.10 2009 12 18 14 29
 2455187.21 2009 12 21 17  2   2455187.38 2009 12 21 21  6   2455187.55 2009 12 22  1  9
 2455190.65 2009 12 25  3 41   2455190.82 2009 12 25  7 45   2455190.99 2009 12 25 11 49
 2455194.10 2009 12 28 14 21   2455194.27 2009 12 28 18 25   2455194.44 2009 12 28 22 29
 2455197.54 2010  1  1  1  0   2455197.71 2010  1  1  5  5   2455197.88 2010  1  1  9  9
 2455200.99 2010  1  4 11 39   2455201.16 2010  1  4 15 44   2455201.33 2010  1  4 19 49
 2455204.43 2010  1  7 22 19   2455204.60 2010  1  8  2 24   2455204.77 2010  1  8  6 29
 2455207.87 2010  1 11  8 58   2455208.04 2010  1 11 13  4   2455208.21 2010  1 11 17  9
 2455211.32 2010  1 14 19 37   2455211.49 2010  1 14 23 43   2455211.66 2010  1 15  3 49
 2455214.76 2010  1 18  6 17   2455214.93 2010  1 18 10 23   2455215.10 2010  1 18 14 29
 2455218.21 2010  1 21 16 56   2455218.38 2010  1 21 21  2   2455218.55 2010  1 22  1  9
 2455221.65 2010  1 25  3 35   2455221.82 2010  1 25  7 42   2455221.99 2010  1 25 11 49
 2455225.09 2010  1 28 14 15   2455225.27 2010  1 28 18 22   2455225.44 2010  1 28 22 29
 2455228.54 2010  2  1  0 54   2455228.71 2010  2  1  5  1   2455228.88 2010  2  1  9  9
 2455231.98 2010  2  4 11 34   2455232.15 2010  2  4 15 41   2455232.33 2010  2  4 19 49
 2455235.43 2010  2  7 22 13   2455235.60 2010  2  8  2 21   2455235.77 2010  2  8  6 29
 2455238.87 2010  2 11  8 52   2455239.04 2010  2 11 13  0   2455239.21 2010  2 11 17  8
 2455242.31 2010  2 14 19 32   2455242.49 2010  2 14 23 40   2455242.66 2010  2 15  3 48
 2455245.76 2010  2 18  6 11   2455245.93 2010  2 18 10 20   2455246.10 2010  2 18 14 28
 2455249.20 2010  2 21 16 50   2455249.37 2010  2 21 20 59   2455249.55 2010  2 22  1  8
 2455252.65 2010  2 25  3 30   2455252.82 2010  2 25  7 39   2455252.99 2010  2 25 11 48
 2455256.09 2010  2 28 14  9   2455256.26 2010  2 28 18 19   2455256.44 2010  2 28 22 28
 2455259.53 2010  3  4  0 48   2455259.71 2010  3  4  4 58   2455259.88 2010  3  4  9  8
 2455262.98 2010  3  7 11 28   2455263.15 2010  3  7 15 38   2455263.33 2010  3  7 19 48
 2455266.42 2010  3 10 22  7   2455266.60 2010  3 11  2 18   2455266.77 2010  3 11  6 28
 2455269.87 2010  3 14  8 46   2455270.04 2010  3 14 12 57   2455270.21 2010  3 14 17  8
 2455273.31 2010  3 17 19 26   2455273.48 2010  3 17 23 37   2455273.66 2010  3 18  3 48
 2455276.75 2010  3 21  6  5   2455276.93 2010  3 21 10 16   2455277.10 2010  3 21 14 28
 2455280.20 2010  3 24 16 45   2455280.37 2010  3 24 20 56   2455280.55 2010  3 25  1  8
 2455283.64 2010  3 28  3 24   2455283.82 2010  3 28  7 36   2455283.99 2010  3 28 11 48
 2455287.09 2010  3 31 14  3   2455287.26 2010  3 31 18 15   2455287.44 2010  3 31 22 28
 2455290.53 2010  4  4  0 43   2455290.71 2010  4  4  4 55   2455290.88 2010  4  4  9  7
 2455293.97 2010  4  7 11 22   2455294.15 2010  4  7 15 35   2455294.32 2010  4  7 19 47
 2455297.42 2010  4 10 22  1   2455297.59 2010  4 11  2 14   2455297.77 2010  4 11  6 27
 2455300.86 2010  4 14  8 41   2455301.04 2010  4 14 12 54   2455301.21 2010  4 14 17  7
 2455304.31 2010  4 17 19 20   2455304.48 2010  4 17 23 34   2455304.66 2010  4 18  3 47
 2455307.75 2010  4 21  5 59   2455307.93 2010  4 21 10 13   2455308.10 2010  4 21 14 27
 2455311.19 2010  4 24 16 39   2455311.37 2010  4 24 20 53   2455311.55 2010  4 25  1  7
 2455314.64 2010  4 28  3 18   2455314.81 2010  4 28  7 33   2455314.99 2010  4 28 11 47
