 Predicted Transit Epochs: HD27442__ b

 Predicted Duration of a Central Transit:    20.   Hours

 Begin Transit Window           PREDICTED CENTRAL TRANSIT     End Transit Window
                                     All Times UT

                               HJD        Year M  D  H  M
 2454444.15 2007 12  9 15 31   2454506.73 2008  2 10  5 26   2454569.31 2008  4 12 19 22
 2454857.99 2009  1 26 11 42   2454930.57 2009  4  9  1 37   2455003.15 2009  6 20 15 33
 2455271.83 2010  3 16  7 53   2455354.41 2010  6  6 21 48   2455436.99 2010  8 28 11 44
 2455685.67 2011  5  4  4  4   2455778.25 2011  8  4 18  0   2455870.83 2011 11  5  7 55
 2456099.51 2012  6 21  0 15   2456202.09 2012 10  1 14 11   2456304.67 2013  1 12  4  6
 2456513.35 2013  8  8 20 26   2456625.93 2013 11 29 10 22   2456738.51 2014  3 22  0 17
 2456927.19 2014  9 26 16 37   2457049.77 2015  1 27  6 33   2457172.35 2015  5 29 20 28
 2457341.03 2015 11 14 12 48   2457473.61 2016  3 26  2 44   2457606.19 2016  8  5 16 39
 2457754.87 2017  1  1  8 59   2457897.46 2017  5 23 22 55   2458040.04 2017 10 13 12 50
 2458168.72 2018  2 19  5 11   2458321.30 2018  7 21 19  6   2458473.88 2018 12 21  9  1
 2458582.56 2019  4  9  1 22   2458745.14 2019  9 18 15 17   2458907.72 2020  2 28  5 12
 2458996.40 2020  5 26 21 33   2459168.98 2020 11 15 11 28   2459341.56 2021  5  7  1 23
 2459410.24 2021  7 14 17 44   2459592.82 2022  1 13  7 39   2459775.40 2022  7 14 21 34
 2459824.08 2022  9  1 13 55   2460016.66 2023  3 13  3 50   2460209.24 2023  9 21 17 45
 2460237.92 2023 10 20 10  6   2460440.50 2024  5 10  0  1   2460643.08 2024 11 28 13 56
 2460651.76 2024 12  7  6 17   2460864.34 2025  7  7 20 12   2461076.92 2026  2  5 10  7
 2461065.60 2026  1 25  2 28   2461288.18 2026  9  4 16 23   2461510.76 2027  4 15  6 18
 2461479.44 2027  3 14 22 39   2461712.02 2027 11  2 12 34   2461944.60 2028  6 22  2 29
 2461893.28 2028  5  1 18 50   2462135.87 2028 12 30  8 45   2462378.45 2029  8 29 22 40
