 Predicted Transit Epochs: HD27894__ b

 Predicted Duration of a Central Transit:   252. Minutes

 Begin Transit Window           PREDICTED CENTRAL TRANSIT     End Transit Window
                                     All Times UT

                               HJD        Year M  D  H  M
 2454477.86 2008  1 12  8 43   2454478.90 2008  1 13  9 34   2454479.93 2008  1 14 10 26
 2454495.85 2008  1 30  8 20   2454496.89 2008  1 31  9 21   2454497.93 2008  2  1 10 23
 2454513.83 2008  2 17  7 57   2454514.88 2008  2 18  9  8   2454515.93 2008  2 19 10 20
 2454531.82 2008  3  6  7 34   2454532.87 2008  3  7  8 55   2454533.93 2008  3  8 10 17
 2454549.80 2008  3 24  7 10   2454550.86 2008  3 25  8 42   2454551.93 2008  3 26 10 14
 2454567.78 2008  4 11  6 47   2454568.85 2008  4 12  8 29   2454569.92 2008  4 13 10 11
 2454585.77 2008  4 29  6 24   2454586.85 2008  4 30  8 16   2454587.92 2008  5  1 10  8
 2454603.75 2008  5 17  6  1   2454604.84 2008  5 18  8  3   2454605.92 2008  5 19 10  5
 2454621.74 2008  6  4  5 38   2454622.83 2008  6  5  7 50   2454623.92 2008  6  6 10  3
 2454639.72 2008  6 22  5 15   2454640.82 2008  6 23  7 37   2454641.92 2008  6 24 10  0
 2454657.70 2008  7 10  4 52   2454658.81 2008  7 11  7 25   2454659.91 2008  7 12  9 57
 2454675.69 2008  7 28  4 29   2454676.80 2008  7 29  7 12   2454677.91 2008  7 30  9 54
 2454693.67 2008  8 15  4  6   2454694.79 2008  8 16  6 59   2454695.91 2008  8 17  9 51
 2454711.66 2008  9  2  3 43   2454712.78 2008  9  3  6 46   2454713.91 2008  9  4  9 48
 2454729.64 2008  9 20  3 20   2454730.77 2008  9 21  6 33   2454731.91 2008  9 22  9 45
 2454747.62 2008 10  8  2 57   2454748.76 2008 10  9  6 20   2454749.90 2008 10 10  9 42
 2454765.61 2008 10 26  2 34   2454766.76 2008 10 27  6  7   2454767.90 2008 10 28  9 39
 2454783.59 2008 11 13  2 11   2454784.75 2008 11 14  5 54   2454785.90 2008 11 15  9 37
 2454801.58 2008 12  1  1 48   2454802.74 2008 12  2  5 41   2454803.90 2008 12  3  9 34
 2454819.56 2008 12 19  1 25   2454820.73 2008 12 20  5 28   2454821.90 2008 12 21  9 31
 2454837.54 2009  1  6  1  2   2454838.72 2009  1  7  5 15   2454839.89 2009  1  8  9 28
 2454855.53 2009  1 24  0 39   2454856.71 2009  1 25  5  2   2454857.89 2009  1 26  9 25
 2454873.51 2009  2 11  0 16   2454874.70 2009  2 12  4 49   2454875.89 2009  2 13  9 22
 2454891.50 2009  2 28 23 53   2454892.69 2009  3  2  4 36   2454893.89 2009  3  3  9 19
 2454909.48 2009  3 18 23 30   2454910.68 2009  3 20  4 23   2454911.89 2009  3 21  9 16
 2454927.46 2009  4  5 23  7   2454928.67 2009  4  7  4 10   2454929.88 2009  4  8  9 14
 2454945.45 2009  4 23 22 44   2454946.67 2009  4 25  3 57   2454947.88 2009  4 26  9 11
 2454963.43 2009  5 11 22 21   2454964.66 2009  5 13  3 44   2454965.88 2009  5 14  9  8
 2454981.42 2009  5 29 21 58   2454982.65 2009  5 31  3 31   2454983.88 2009  6  1  9  5
 2454999.40 2009  6 16 21 34   2455000.64 2009  6 18  3 18   2455001.88 2009  6 19  9  2
 2455017.38 2009  7  4 21 11   2455018.63 2009  7  6  3  5   2455019.87 2009  7  7  8 59
 2455035.37 2009  7 22 20 48   2455036.62 2009  7 24  2 52   2455037.87 2009  7 25  8 56
 2455053.35 2009  8  9 20 25   2455054.61 2009  8 11  2 39   2455055.87 2009  8 12  8 53
 2455071.34 2009  8 27 20  2   2455072.60 2009  8 29  2 26   2455073.87 2009  8 30  8 51
 2455089.32 2009  9 14 19 39   2455090.59 2009  9 16  2 13   2455091.87 2009  9 17  8 48
 2455107.30 2009 10  2 19 16   2455108.58 2009 10  4  2  1   2455109.86 2009 10  5  8 45
 2455125.29 2009 10 20 18 53   2455126.58 2009 10 22  1 48   2455127.86 2009 10 23  8 42
 2455143.27 2009 11  7 18 30   2455144.57 2009 11  9  1 35   2455145.86 2009 11 10  8 39
 2455161.26 2009 11 25 18  7   2455162.56 2009 11 27  1 22   2455163.86 2009 11 28  8 36
 2455179.24 2009 12 13 17 44   2455180.55 2009 12 15  1  9   2455181.86 2009 12 16  8 33
 2455197.22 2009 12 31 17 21   2455198.54 2010  1  2  0 56   2455199.85 2010  1  3  8 30
 2455215.21 2010  1 18 16 58   2455216.53 2010  1 20  0 43   2455217.85 2010  1 21  8 27
 2455233.19 2010  2  5 16 35   2455234.52 2010  2  7  0 30   2455235.85 2010  2  8  8 25
 2455251.18 2010  2 23 16 12   2455252.51 2010  2 25  0 17   2455253.85 2010  2 26  8 22
 2455269.16 2010  3 13 15 49   2455270.50 2010  3 15  0  4   2455271.85 2010  3 16  8 19
 2455287.14 2010  3 31 15 26   2455288.49 2010  4  1 23 51   2455289.84 2010  4  3  8 16
 2455305.13 2010  4 18 15  3   2455306.49 2010  4 19 23 38   2455307.84 2010  4 21  8 13
 2455323.11 2010  5  6 14 40   2455324.48 2010  5  7 23 25   2455325.84 2010  5  9  8 10
