 Predicted Transit Epochs: HD28185__ b

 Predicted Duration of a Central Transit:    14.   Hours

 Begin Transit Window           PREDICTED CENTRAL TRANSIT     End Transit Window
                                     All Times UT

                               HJD        Year M  D  H  M
 2455052.74 2009  8  9  5 40   2455070.45 2009  8 26 22 41   2455088.15 2009  9 13 15 43
 2455439.09 2010  8 30 14  4   2455458.80 2010  9 19  7  5   2455478.50 2010 10  9  0  7
 2455825.44 2011  9 20 22 28   2455847.15 2011 10 12 15 29   2455868.85 2011 11  3  8 31
 2456211.79 2012 10 11  6 52   2456235.50 2012 11  3 23 53   2456259.20 2012 11 27 16 55
 2456598.14 2013 11  1 15 16   2456623.85 2013 11 27  8 17   2456649.55 2013 12 23  1 19
 2456984.49 2014 11 22 23 40   2457012.20 2014 12 20 16 41   2457039.90 2015  1 17  9 43
 2457370.84 2015 12 14  8  4   2457400.55 2016  1 13  1  5   2457430.25 2016  2 11 18  7
 2457757.19 2017  1  3 16 28   2457788.90 2017  2  4  9 29   2457820.60 2017  3  8  2 31
 2458143.54 2018  1 25  0 52   2458177.25 2018  2 27 17 53   2458210.95 2018  4  2 10 55
 2458529.89 2019  2 15  9 16   2458565.60 2019  3 23  2 17   2458601.30 2019  4 27 19 19
 2458916.24 2020  3  7 17 40   2458953.95 2020  4 14 10 41   2458991.65 2020  5 22  3 43
 2459302.59 2021  3 29  2  4   2459342.30 2021  5  7 19  5   2459382.00 2021  6 16 12  7
 2459688.94 2022  4 19 10 28   2459730.65 2022  5 31  3 29   2459772.35 2022  7 11 20 31
 2460075.29 2023  5 10 18 52   2460119.00 2023  6 23 11 53   2460162.70 2023  8  6  4 55
 2460461.64 2024  5 31  3 16   2460507.35 2024  7 15 20 17   2460553.05 2024  8 30 13 19
 2460847.99 2025  6 21 11 40   2460895.70 2025  8  8  4 41   2460943.40 2025  9 24 21 43
 2461234.34 2026  7 12 20  4   2461284.05 2026  8 31 13  5   2461333.75 2026 10 20  6  7
 2461620.69 2027  8  3  4 28   2461672.40 2027  9 23 21 29   2461724.10 2027 11 14 14 31
 2462007.04 2028  8 23 12 52   2462060.75 2028 10 16  5 53   2462114.45 2028 12  8 22 55
 2462393.39 2029  9 13 21 16   2462449.10 2029 11  8 14 17   2462504.80 2030  1  3  7 19
