 Predicted Transit Epochs: HD285968_ b

 Predicted Duration of a Central Transit:   151. Minutes

 Begin Transit Window           PREDICTED CENTRAL TRANSIT     End Transit Window
                                     All Times UT

                               HJD        Year M  D  H  M
 2454928.29 2009  4  6 19  3   2454929.00 2009  4  7 12  2   2454929.71 2009  4  8  5  2
 2454937.07 2009  4 15 13 43   2454937.79 2009  4 16  6 51   2454938.50 2009  4 16 23 58
 2454945.85 2009  4 24  8 24   2454946.57 2009  4 25  1 39   2454947.29 2009  4 25 18 54
 2454954.63 2009  5  3  3  5   2454955.35 2009  5  3 20 27   2454956.08 2009  5  4 13 50
 2454963.41 2009  5 11 21 45   2454964.14 2009  5 12 15 16   2454964.87 2009  5 13  8 46
 2454972.18 2009  5 20 16 26   2454972.92 2009  5 21 10  4   2454973.65 2009  5 22  3 42
 2454980.96 2009  5 29 11  6   2454981.70 2009  5 30  4 53   2454982.44 2009  5 30 22 39
 2454989.74 2009  6  7  5 47   2454990.49 2009  6  7 23 41   2454991.23 2009  6  8 17 35
 2454998.52 2009  6 16  0 28   2454999.27 2009  6 16 18 29   2455000.02 2009  6 17 12 31
 2455007.30 2009  6 24 19  8   2455008.05 2009  6 25 13 18   2455008.81 2009  6 26  7 27
 2455016.08 2009  7  3 13 49   2455016.84 2009  7  4  8  6   2455017.60 2009  7  5  2 23
 2455024.85 2009  7 12  8 30   2455025.62 2009  7 13  2 54   2455026.39 2009  7 13 21 19
 2455033.63 2009  7 21  3 10   2455034.41 2009  7 21 21 43   2455035.18 2009  7 22 16 16
 2455042.41 2009  7 29 21 51   2455043.19 2009  7 30 16 31   2455043.97 2009  7 31 11 12
 2455051.19 2009  8  7 16 31   2455051.97 2009  8  8 11 20   2455052.76 2009  8  9  6  8
 2455059.97 2009  8 16 11 12   2455060.76 2009  8 17  6  8   2455061.54 2009  8 18  1  4
 2455068.75 2009  8 25  5 53   2455069.54 2009  8 26  0 56   2455070.33 2009  8 26 20  0
 2455077.52 2009  9  3  0 33   2455078.32 2009  9  3 19 45   2455079.12 2009  9  4 14 56
 2455086.30 2009  9 11 19 14   2455087.11 2009  9 12 14 33   2455087.91 2009  9 13  9 53
 2455095.08 2009  9 20 13 54   2455095.89 2009  9 21  9 22   2455096.70 2009  9 22  4 49
 2455103.86 2009  9 29  8 35   2455104.67 2009  9 30  4 10   2455105.49 2009  9 30 23 45
 2455112.64 2009 10  8  3 16   2455113.46 2009 10  8 22 58   2455114.28 2009 10  9 18 41
 2455121.41 2009 10 16 21 56   2455122.24 2009 10 17 17 47   2455123.07 2009 10 18 13 37
 2455130.19 2009 10 25 16 37   2455131.02 2009 10 26 12 35   2455131.86 2009 10 27  8 33
 2455138.97 2009 11  3 11 17   2455139.81 2009 11  4  7 23   2455140.65 2009 11  5  3 29
 2455147.75 2009 11 12  5 58   2455148.59 2009 11 13  2 12   2455149.43 2009 11 13 22 26
 2455156.53 2009 11 21  0 39   2455157.38 2009 11 21 21  0   2455158.22 2009 11 22 17 22
 2455165.31 2009 11 29 19 19   2455166.16 2009 11 30 15 49   2455167.01 2009 12  1 12 18
 2455174.08 2009 12  8 14  0   2455174.94 2009 12  9 10 37   2455175.80 2009 12 10  7 14
 2455182.86 2009 12 17  8 40   2455183.73 2009 12 18  5 25   2455184.59 2009 12 19  2 10
 2455191.64 2009 12 26  3 21   2455192.51 2009 12 27  0 14   2455193.38 2009 12 27 21  6
 2455200.42 2010  1  3 22  2   2455201.29 2010  1  4 19  2   2455202.17 2010  1  5 16  3
 2455209.20 2010  1 12 16 42   2455210.08 2010  1 13 13 51   2455210.96 2010  1 14 10 59
 2455217.97 2010  1 21 11 23   2455218.86 2010  1 22  8 39   2455219.75 2010  1 23  5 55
 2455226.75 2010  1 30  6  4   2455227.64 2010  1 31  3 27   2455228.54 2010  2  1  0 51
 2455235.53 2010  2  8  0 44   2455236.43 2010  2  8 22 16   2455237.32 2010  2  9 19 47
 2455244.31 2010  2 16 19 25   2455245.21 2010  2 17 17  4   2455246.11 2010  2 18 14 43
 2455253.09 2010  2 25 14  5   2455254.00 2010  2 26 11 52   2455254.90 2010  2 27  9 40
 2455261.87 2010  3  6  8 46   2455262.78 2010  3  7  6 41   2455263.69 2010  3  8  4 36
 2455270.64 2010  3 15  3 27   2455271.56 2010  3 16  1 29   2455272.48 2010  3 16 23 32
 2455279.42 2010  3 23 22  7   2455280.35 2010  3 24 20 18   2455281.27 2010  3 25 18 28
 2455288.20 2010  4  1 16 48   2455289.13 2010  4  2 15  6   2455290.06 2010  4  3 13 24
 2455296.98 2010  4 10 11 28   2455297.91 2010  4 11  9 54   2455298.85 2010  4 12  8 20
 2455305.76 2010  4 19  6  9   2455306.70 2010  4 20  4 43   2455307.64 2010  4 21  3 17
 2455314.53 2010  4 28  0 50   2455315.48 2010  4 28 23 31   2455316.43 2010  4 29 22 13
 2455323.31 2010  5  6 19 30   2455324.26 2010  5  7 18 20   2455325.21 2010  5  8 17  9
 2455332.09 2010  5 15 14 11   2455333.05 2010  5 16 13  8   2455334.00 2010  5 17 12  5
 2455340.87 2010  5 24  8 51   2455341.83 2010  5 25  7 56   2455342.79 2010  5 26  7  1
 2455349.65 2010  6  2  3 32   2455350.61 2010  6  3  2 45   2455351.58 2010  6  4  1 57
 2455358.43 2010  6 10 22 13   2455359.40 2010  6 11 21 33   2455360.37 2010  6 12 20 53
 2455367.20 2010  6 19 16 53   2455368.18 2010  6 20 16 21   2455369.16 2010  6 21 15 50
 2455375.98 2010  6 28 11 34   2455376.97 2010  6 29 11 10   2455377.95 2010  6 30 10 46
 2455384.76 2010  7  7  6 14   2455385.75 2010  7  8  5 58   2455386.74 2010  7  9  5 42
 2455393.54 2010  7 16  0 55   2455394.53 2010  7 17  0 47   2455395.53 2010  7 18  0 38
 2455402.32 2010  7 24 19 36   2455403.32 2010  7 25 19 35   2455404.32 2010  7 26 19 34
 2455411.09 2010  8  2 14 16   2455412.10 2010  8  3 14 23   2455413.10 2010  8  4 14 30
 2455419.87 2010  8 11  8 57   2455420.88 2010  8 12  9 12   2455421.89 2010  8 13  9 27
 2455428.65 2010  8 20  3 38   2455429.67 2010  8 21  4  0   2455430.68 2010  8 22  4 23
 2455437.43 2010  8 28 22 18   2455438.45 2010  8 29 22 49   2455439.47 2010  8 30 23 19
 2455446.21 2010  9  6 16 59   2455447.23 2010  9  7 17 37   2455448.26 2010  9  8 18 15
 2455454.99 2010  9 15 11 39   2455456.02 2010  9 16 12 25   2455457.05 2010  9 17 13 11
 2455463.76 2010  9 24  6 20   2455464.80 2010  9 25  7 14   2455465.84 2010  9 26  8  7
 2455472.54 2010 10  3  1  1   2455473.59 2010 10  4  2  2   2455474.63 2010 10  5  3  4
 2455481.32 2010 10 11 19 41   2455482.37 2010 10 12 20 50   2455483.42 2010 10 13 22  0
 2455490.10 2010 10 20 14 22   2455491.15 2010 10 21 15 39   2455492.21 2010 10 22 16 56
 2455498.88 2010 10 29  9  2   2455499.94 2010 10 30 10 27   2455500.99 2010 10 31 11 52
 2455507.66 2010 11  7  3 43   2455508.72 2010 11  8  5 16   2455509.78 2010 11  9  6 48
 2455516.43 2010 11 15 22 24   2455517.50 2010 11 17  0  4   2455518.57 2010 11 18  1 44
 2455525.21 2010 11 24 17  4   2455526.29 2010 11 25 18 52   2455527.36 2010 11 26 20 41
 2455533.99 2010 12  3 11 45   2455535.07 2010 12  4 13 41   2455536.15 2010 12  5 15 37
 2455542.77 2010 12 12  6 25   2455543.85 2010 12 13  8 29   2455544.94 2010 12 14 10 33
 2455551.55 2010 12 21  1  6   2455552.64 2010 12 22  3 18   2455553.73 2010 12 23  5 29
 2455560.32 2010 12 29 19 47   2455561.42 2010 12 30 22  6   2455562.52 2011  1  1  0 25
 2455569.10 2011  1  7 14 27   2455570.20 2011  1  8 16 54   2455571.31 2011  1  9 19 21
 2455577.88 2011  1 16  9  8   2455578.99 2011  1 17 11 43   2455580.10 2011  1 18 14 17
 2455586.66 2011  1 25  3 48   2455587.77 2011  1 26  6 31   2455588.88 2011  1 27  9 14
 2455595.44 2011  2  2 22 29   2455596.56 2011  2  4  1 19   2455597.67 2011  2  5  4 10
 2455604.22 2011  2 11 17 10   2455605.34 2011  2 12 20  8   2455606.46 2011  2 13 23  6
 2455612.99 2011  2 20 11 50   2455614.12 2011  2 21 14 56   2455615.25 2011  2 22 18  2
 2455621.77 2011  3  1  6 31   2455622.91 2011  3  2  9 45   2455624.04 2011  3  3 12 58
 2455630.55 2011  3 10  1 11   2455631.69 2011  3 11  4 33   2455632.83 2011  3 12  7 54
 2455639.33 2011  3 18 19 52   2455640.47 2011  3 19 23 21   2455641.62 2011  3 21  2 51
 2455648.11 2011  3 27 14 33   2455649.26 2011  3 28 18 10   2455650.41 2011  3 29 21 47
 2455656.88 2011  4  5  9 13   2455658.04 2011  4  6 12 58   2455659.20 2011  4  7 16 43
 2455665.66 2011  4 14  3 54   2455666.82 2011  4 15  7 46   2455667.99 2011  4 16 11 39
 2455674.44 2011  4 22 22 35   2455675.61 2011  4 24  2 35   2455676.77 2011  4 25  6 35
 2455683.22 2011  5  1 17 15   2455684.39 2011  5  2 21 23   2455685.56 2011  5  4  1 31
 2455692.00 2011  5 10 11 56   2455693.18 2011  5 11 16 12   2455694.35 2011  5 12 20 28
 2455700.78 2011  5 19  6 36   2455701.96 2011  5 20 11  0   2455703.14 2011  5 21 15 24
 2455709.55 2011  5 28  1 17   2455710.74 2011  5 29  5 48   2455711.93 2011  5 30 10 20
 2455718.33 2011  6  5 19 58   2455719.53 2011  6  7  0 37   2455720.72 2011  6  8  5 16
 2455727.11 2011  6 14 14 38   2455728.31 2011  6 15 19 25   2455729.51 2011  6 17  0 12
 2455735.89 2011  6 23  9 19   2455737.09 2011  6 24 14 14   2455738.30 2011  6 25 19  8
 2455744.67 2011  7  2  3 59   2455745.88 2011  7  3  9  2   2455747.09 2011  7  4 14  5
 2455753.44 2011  7 10 22 40   2455754.66 2011  7 12  3 50   2455755.88 2011  7 13  9  1
 2455762.22 2011  7 19 17 21   2455763.44 2011  7 20 22 39   2455764.66 2011  7 22  3 57
 2455771.00 2011  7 28 12  1   2455772.23 2011  7 29 17 27   2455773.45 2011  7 30 22 53
 2455779.78 2011  8  6  6 42   2455781.01 2011  8  7 12 15   2455782.24 2011  8  8 17 49
