 Predicted Transit Epochs: HD30177__ b

 Predicted Duration of a Central Transit:    19.   Hours

 Begin Transit Window           PREDICTED CENTRAL TRANSIT     End Transit Window
                                     All Times UT

                               HJD        Year M  D  H  M
 2456713.59 2014  2 25  2  2   2456875.99 2014  8  6 11 51   2457038.40 2015  1 15 21 40
 2458203.59 2018  3 26  2  2   2458405.99 2018 10 14 11 51   2458608.40 2019  5  4 21 40
 2459693.59 2022  4 24  2  2   2459935.99 2022 12 22 11 51   2460178.40 2023  8 21 21 40
 2461183.59 2026  5 23  2  2   2461465.99 2027  3  1 11 51   2461748.40 2027 12  8 21 40
 2462673.59 2030  6 21  2  2   2462995.99 2031  5  9 11 51   2463318.40 2032  3 26 21 40
 2464163.59 2034  7 20  2  2   2464525.99 2035  7 17 11 51   2464888.40 2036  7 13 21 40
