 Predicted Transit Epochs: HD33283__ b

 Predicted Duration of a Central Transit:   242. Minutes

 Begin Transit Window           PREDICTED CENTRAL TRANSIT     End Transit Window
                                     All Times UT

                               HJD        Year M  D  H  M
 2456759.46 2014  4 11 22 59   2456761.28 2014  4 13 18 48   2456763.11 2014  4 15 14 37
 2456777.63 2014  4 30  3  7   2456779.46 2014  5  1 23  6   2456781.30 2014  5  3 19  4
 2456795.80 2014  5 18  7 15   2456797.64 2014  5 20  3 24   2456799.48 2014  5 21 23 32
 2456813.97 2014  6  5 11 22   2456815.82 2014  6  7  7 41   2456817.67 2014  6  9  4  0
 2456832.15 2014  6 23 15 30   2456834.00 2014  6 25 11 59   2456835.85 2014  6 27  8 28
 2456850.32 2014  7 11 19 38   2456852.18 2014  7 13 16 17   2456854.04 2014  7 15 12 56
 2456868.49 2014  7 29 23 45   2456870.36 2014  7 31 20 35   2456872.23 2014  8  2 17 24
 2456886.66 2014  8 17  3 53   2456888.54 2014  8 19  0 52   2456890.41 2014  8 20 21 52
 2456904.83 2014  9  4  8  1   2456906.72 2014  9  6  5 10   2456908.60 2014  9  8  2 19
 2456923.01 2014  9 22 12  8   2456924.89 2014  9 24  9 28   2456926.78 2014  9 26  6 47
 2456941.18 2014 10 10 16 16   2456943.07 2014 10 12 13 46   2456944.97 2014 10 14 11 15
 2456959.35 2014 10 28 20 24   2456961.25 2014 10 30 18  3   2456963.16 2014 11  1 15 43
 2456977.52 2014 11 16  0 32   2456979.43 2014 11 17 22 21   2456981.34 2014 11 19 20 11
 2456995.69 2014 12  4  4 39   2456997.61 2014 12  6  2 39   2456999.53 2014 12  8  0 39
 2457013.87 2014 12 22  8 47   2457015.79 2014 12 24  6 57   2457017.71 2014 12 26  5  6
 2457032.04 2015  1  9 12 55   2457033.97 2015  1 11 11 14   2457035.90 2015  1 13  9 34
 2457050.21 2015  1 27 17  2   2457052.15 2015  1 29 15 32   2457054.09 2015  1 31 14  2
 2457068.38 2015  2 14 21 10   2457070.33 2015  2 16 19 50   2457072.27 2015  2 18 18 30
 2457086.55 2015  3  5  1 18   2457088.51 2015  3  7  0  8   2457090.46 2015  3  8 22 58
 2457104.73 2015  3 23  5 25   2457106.68 2015  3 25  4 25   2457108.64 2015  3 27  3 26
 2457122.90 2015  4 10  9 33   2457124.86 2015  4 12  8 43   2457126.83 2015  4 14  7 53
 2457141.07 2015  4 28 13 41   2457143.04 2015  4 30 13  1   2457145.02 2015  5  2 12 21
 2457159.24 2015  5 16 17 48   2457161.22 2015  5 18 17 19   2457163.20 2015  5 20 16 49
 2457177.41 2015  6  3 21 56   2457179.40 2015  6  5 21 36   2457181.39 2015  6  7 21 17
 2457195.59 2015  6 22  2  4   2457197.58 2015  6 24  1 54   2457199.57 2015  6 26  1 45
 2457213.76 2015  7 10  6 11   2457215.76 2015  7 12  6 12   2457217.76 2015  7 14  6 13
 2457231.93 2015  7 28 10 19   2457233.94 2015  7 30 10 30   2457235.95 2015  8  1 10 40
 2457250.10 2015  8 15 14 27   2457252.12 2015  8 17 14 48   2457254.13 2015  8 19 15  8
 2457268.27 2015  9  2 18 34   2457270.30 2015  9  4 19  5   2457272.32 2015  9  6 19 36
 2457286.45 2015  9 20 22 42   2457288.47 2015  9 22 23 23   2457290.50 2015  9 25  0  4
 2457304.62 2015 10  9  2 50   2457306.65 2015 10 11  3 41   2457308.69 2015 10 13  4 32
 2457322.79 2015 10 27  6 57   2457324.83 2015 10 29  7 59   2457326.88 2015 10 31  9  0
 2457340.96 2015 11 14 11  5   2457343.01 2015 11 16 12 16   2457345.06 2015 11 18 13 28
 2457359.13 2015 12  2 15 13   2457361.19 2015 12  4 16 34   2457363.25 2015 12  6 17 55
 2457377.31 2015 12 20 19 20   2457379.37 2015 12 22 20 52   2457381.43 2015 12 24 22 23
 2457395.48 2016  1  7 23 28   2457397.55 2016  1 10  1 10   2457399.62 2016  1 12  2 51
 2457413.65 2016  1 26  3 36   2457415.73 2016  1 28  5 27   2457417.81 2016  1 30  7 19
 2457431.82 2016  2 13  7 44   2457433.91 2016  2 15  9 45   2457435.99 2016  2 17 11 47
 2457449.99 2016  3  2 11 51   2457452.09 2016  3  4 14  3   2457454.18 2016  3  6 16 15
 2457468.17 2016  3 20 15 59   2457470.26 2016  3 22 18 21   2457472.36 2016  3 24 20 42
 2457486.34 2016  4  7 20  7   2457488.44 2016  4  9 22 38   2457490.55 2016  4 12  1 10
 2457504.51 2016  4 26  0 14   2457506.62 2016  4 28  2 56   2457508.74 2016  4 30  5 38
 2457522.68 2016  5 14  4 22   2457524.80 2016  5 16  7 14   2457526.92 2016  5 18 10  6
 2457540.85 2016  6  1  8 30   2457542.98 2016  6  3 11 32   2457545.11 2016  6  5 14 34
 2457559.03 2016  6 19 12 37   2457561.16 2016  6 21 15 49   2457563.29 2016  6 23 19  2
 2457577.20 2016  7  7 16 45   2457579.34 2016  7  9 20  7   2457581.48 2016  7 11 23 29
 2457595.37 2016  7 25 20 53   2457597.52 2016  7 28  0 25   2457599.67 2016  7 30  3 57
 2457613.54 2016  8 13  1  0   2457615.70 2016  8 15  4 43   2457617.85 2016  8 17  8 25
