 Predicted Transit Epochs: HD330075_ b

 Predicted Duration of a Central Transit:   147. Minutes

 Begin Transit Window           PREDICTED CENTRAL TRANSIT     End Transit Window
                                     All Times UT

                               HJD        Year M  D  H  M
 2456758.47 2014  4 10 23 12   2456758.61 2014  4 11  2 42   2456758.76 2014  4 11  6 12
 2456761.85 2014  4 14  8 30   2456762.00 2014  4 14 12  0   2456762.15 2014  4 14 15 30
 2456765.24 2014  4 17 17 49   2456765.39 2014  4 17 21 19   2456765.53 2014  4 18  0 49
 2456768.63 2014  4 21  3  7   2456768.78 2014  4 21  6 37   2456768.92 2014  4 21 10  7
 2456772.02 2014  4 24 12 25   2456772.16 2014  4 24 15 55   2456772.31 2014  4 24 19 26
 2456775.41 2014  4 27 21 43   2456775.55 2014  4 28  1 14   2456775.70 2014  4 28  4 44
 2456778.79 2014  5  1  7  1   2456778.94 2014  5  1 10 32   2456779.09 2014  5  1 14  2
 2456782.18 2014  5  4 16 20   2456782.33 2014  5  4 19 50   2456782.47 2014  5  4 23 21
 2456785.57 2014  5  8  1 38   2456785.71 2014  5  8  5  9   2456785.86 2014  5  8  8 39
 2456788.96 2014  5 11 10 56   2456789.10 2014  5 11 14 27   2456789.25 2014  5 11 17 58
 2456792.34 2014  5 14 20 14   2456792.49 2014  5 14 23 45   2456792.64 2014  5 15  3 16
 2456795.73 2014  5 18  5 32   2456795.88 2014  5 18  9  4   2456796.02 2014  5 18 12 35
 2456799.12 2014  5 21 14 51   2456799.27 2014  5 21 18 22   2456799.41 2014  5 21 21 53
 2456802.51 2014  5 25  0  9   2456802.65 2014  5 25  3 40   2456802.80 2014  5 25  7 12
 2456805.89 2014  5 28  9 27   2456806.04 2014  5 28 12 59   2456806.19 2014  5 28 16 30
 2456809.28 2014  5 31 18 45   2456809.43 2014  5 31 22 17   2456809.58 2014  6  1  1 48
 2456812.67 2014  6  4  4  4   2456812.82 2014  6  4  7 35   2456812.96 2014  6  4 11  7
 2456816.06 2014  6  7 13 22   2456816.20 2014  6  7 16 54   2456816.35 2014  6  7 20 25
 2456819.44 2014  6 10 22 40   2456819.59 2014  6 11  2 12   2456819.74 2014  6 11  5 44
 2456822.83 2014  6 14  7 58   2456822.98 2014  6 14 11 30   2456823.13 2014  6 14 15  2
 2456826.22 2014  6 17 17 16   2456826.37 2014  6 17 20 49   2456826.51 2014  6 18  0 21
 2456829.61 2014  6 21  2 35   2456829.76 2014  6 21  6  7   2456829.90 2014  6 21  9 39
 2456833.00 2014  6 24 11 53   2456833.14 2014  6 24 15 25   2456833.29 2014  6 24 18 58
 2456836.38 2014  6 27 21 11   2456836.53 2014  6 28  0 44   2456836.68 2014  6 28  4 16
 2456839.77 2014  7  1  6 29   2456839.92 2014  7  1 10  2   2456840.07 2014  7  1 13 34
 2456843.16 2014  7  4 15 47   2456843.31 2014  7  4 19 20   2456843.45 2014  7  4 22 53
 2456846.55 2014  7  8  1  6   2456846.69 2014  7  8  4 39   2456846.84 2014  7  8  8 11
 2456849.93 2014  7 11 10 24   2456850.08 2014  7 11 13 57   2456850.23 2014  7 11 17 30
 2456853.32 2014  7 14 19 42   2456853.47 2014  7 14 23 15   2456853.62 2014  7 15  2 48
 2456856.71 2014  7 18  5  0   2456856.86 2014  7 18  8 34   2456857.00 2014  7 18 12  7
 2456860.10 2014  7 21 14 19   2456860.24 2014  7 21 17 52   2456860.39 2014  7 21 21 25
 2456863.48 2014  7 24 23 37   2456863.63 2014  7 25  3 10   2456863.78 2014  7 25  6 44
 2456866.87 2014  7 28  8 55   2456867.02 2014  7 28 12 29   2456867.17 2014  7 28 16  2
 2456870.26 2014  7 31 18 13   2456870.41 2014  7 31 21 47   2456870.56 2014  8  1  1 20
 2456873.65 2014  8  4  3 31   2456873.80 2014  8  4  7  5   2456873.94 2014  8  4 10 39
 2456877.03 2014  8  7 12 50   2456877.18 2014  8  7 16 23   2456877.33 2014  8  7 19 57
 2456880.42 2014  8 10 22  8   2456880.57 2014  8 11  1 42   2456880.72 2014  8 11  5 16
 2456883.81 2014  8 14  7 26   2456883.96 2014  8 14 11  0   2456884.11 2014  8 14 14 34
 2456887.20 2014  8 17 16 44   2456887.35 2014  8 17 20 18   2456887.50 2014  8 17 23 53
 2456890.59 2014  8 21  2  3   2456890.73 2014  8 21  5 37   2456890.88 2014  8 21  9 11
 2456893.97 2014  8 24 11 21   2456894.12 2014  8 24 14 55   2456894.27 2014  8 24 18 30
 2456897.36 2014  8 27 20 39   2456897.51 2014  8 28  0 13   2456897.66 2014  8 28  3 48
 2456900.75 2014  8 31  5 57   2456900.90 2014  8 31  9 32   2456901.05 2014  8 31 13  6
 2456904.14 2014  9  3 15 15   2456904.29 2014  9  3 18 50   2456904.43 2014  9  3 22 25
 2456907.52 2014  9  7  0 34   2456907.67 2014  9  7  4  8   2456907.82 2014  9  7  7 43
 2456910.91 2014  9 10  9 52   2456911.06 2014  9 10 13 27   2456911.21 2014  9 10 17  2
 2456914.30 2014  9 13 19 10   2456914.45 2014  9 13 22 45   2456914.60 2014  9 14  2 20
 2456917.69 2014  9 17  4 28   2456917.84 2014  9 17  8  3   2456917.99 2014  9 17 11 39
 2456921.07 2014  9 20 13 46   2456921.22 2014  9 20 17 22   2456921.37 2014  9 20 20 57
 2456924.46 2014  9 23 23  5   2456924.61 2014  9 24  2 40   2456924.76 2014  9 24  6 16
 2456927.85 2014  9 27  8 23   2456928.00 2014  9 27 11 58   2456928.15 2014  9 27 15 34
 2456931.24 2014  9 30 17 41   2456931.39 2014  9 30 21 17   2456931.54 2014 10  1  0 52
 2456934.62 2014 10  4  2 59   2456934.77 2014 10  4  6 35   2456934.92 2014 10  4 10 11
 2456938.01 2014 10  7 12 18   2456938.16 2014 10  7 15 53   2456938.31 2014 10  7 19 29
 2456941.40 2014 10 10 21 36   2456941.55 2014 10 11  1 12   2456941.70 2014 10 11  4 48
 2456944.79 2014 10 14  6 54   2456944.94 2014 10 14 10 30   2456945.09 2014 10 14 14  6
 2456948.18 2014 10 17 16 12   2456948.33 2014 10 17 19 48   2456948.48 2014 10 17 23 25
 2456951.56 2014 10 21  1 30   2456951.71 2014 10 21  5  7   2456951.86 2014 10 21  8 43
 2456954.95 2014 10 24 10 49   2456955.10 2014 10 24 14 25   2456955.25 2014 10 24 18  2
 2456958.34 2014 10 27 20  7   2456958.49 2014 10 27 23 43   2456958.64 2014 10 28  3 20
 2456961.73 2014 10 31  5 25   2456961.88 2014 10 31  9  2   2456962.03 2014 10 31 12 39
 2456965.11 2014 11  3 14 43   2456965.26 2014 11  3 18 20   2456965.41 2014 11  3 21 57
 2456968.50 2014 11  7  0  1   2456968.65 2014 11  7  3 38   2456968.80 2014 11  7  7 15
 2456971.89 2014 11 10  9 20   2456972.04 2014 11 10 12 57   2456972.19 2014 11 10 16 34
 2456975.28 2014 11 13 18 38   2456975.43 2014 11 13 22 15   2456975.58 2014 11 14  1 52
 2456978.66 2014 11 17  3 56   2456978.82 2014 11 17  7 33   2456978.97 2014 11 17 11 11
 2456982.05 2014 11 20 13 14   2456982.20 2014 11 20 16 52   2456982.35 2014 11 20 20 29
 2456985.44 2014 11 23 22 33   2456985.59 2014 11 24  2 10   2456985.74 2014 11 24  5 48
 2456988.83 2014 11 27  7 51   2456988.98 2014 11 27 11 28   2456989.13 2014 11 27 15  6
 2456992.21 2014 11 30 17  9   2456992.37 2014 11 30 20 47   2456992.52 2014 12  1  0 25
 2456995.60 2014 12  4  2 27   2456995.75 2014 12  4  6  5   2456995.91 2014 12  4  9 43
 2456998.99 2014 12  7 11 45   2456999.14 2014 12  7 15 23   2456999.29 2014 12  7 19  1
 2457002.38 2014 12 10 21  4   2457002.53 2014 12 11  0 42   2457002.68 2014 12 11  4 20
 2457005.77 2014 12 14  6 22   2457005.92 2014 12 14 10  0   2457006.07 2014 12 14 13 38
 2457009.15 2014 12 17 15 40   2457009.30 2014 12 17 19 18   2457009.46 2014 12 17 22 57
 2457012.54 2014 12 21  0 58   2457012.69 2014 12 21  4 37   2457012.84 2014 12 21  8 15
 2457015.93 2014 12 24 10 17   2457016.08 2014 12 24 13 55   2457016.23 2014 12 24 17 34
 2457019.32 2014 12 27 19 35   2457019.47 2014 12 27 23 13   2457019.62 2014 12 28  2 52
 2457022.70 2014 12 31  4 53   2457022.86 2014 12 31  8 32   2457023.01 2014 12 31 12 11
 2457026.09 2015  1  3 14 11   2457026.24 2015  1  3 17 50   2457026.40 2015  1  3 21 29
 2457029.48 2015  1  6 23 29   2457029.63 2015  1  7  3  8   2457029.78 2015  1  7  6 47
 2457032.87 2015  1 10  8 48   2457033.02 2015  1 10 12 27   2457033.17 2015  1 10 16  6
 2457036.25 2015  1 13 18  6   2457036.41 2015  1 13 21 45   2457036.56 2015  1 14  1 24
 2457039.64 2015  1 17  3 24   2457039.79 2015  1 17  7  3   2457039.95 2015  1 17 10 43
 2457043.03 2015  1 20 12 42   2457043.18 2015  1 20 16 22   2457043.33 2015  1 20 20  1
 2457046.42 2015  1 23 22  0   2457046.57 2015  1 24  1 40   2457046.72 2015  1 24  5 20
 2457049.80 2015  1 27  7 19   2457049.96 2015  1 27 10 58   2457050.11 2015  1 27 14 38
 2457053.19 2015  1 30 16 37   2457053.35 2015  1 30 20 17   2457053.50 2015  1 30 23 57
 2457056.58 2015  2  3  1 55   2457056.73 2015  2  3  5 35   2457056.89 2015  2  3  9 15
 2457059.97 2015  2  6 11 13   2457060.12 2015  2  6 14 53   2457060.27 2015  2  6 18 33
 2457063.36 2015  2  9 20 32   2457063.51 2015  2 10  0 12   2457063.66 2015  2 10  3 52
 2457066.74 2015  2 13  5 50   2457066.90 2015  2 13  9 30   2457067.05 2015  2 13 13 10
 2457070.13 2015  2 16 15  8   2457070.28 2015  2 16 18 48   2457070.44 2015  2 16 22 29
 2457073.52 2015  2 20  0 26   2457073.67 2015  2 20  4  7   2457073.82 2015  2 20  7 47
 2457076.91 2015  2 23  9 44   2457077.06 2015  2 23 13 25   2457077.21 2015  2 23 17  6
 2457080.29 2015  2 26 19  3   2457080.45 2015  2 26 22 43   2457080.60 2015  2 27  2 24
 2457083.68 2015  3  2  4 21   2457083.83 2015  3  2  8  2   2457083.99 2015  3  2 11 43
 2457087.07 2015  3  5 13 39   2457087.22 2015  3  5 17 20   2457087.38 2015  3  5 21  1
 2457090.46 2015  3  8 22 57   2457090.61 2015  3  9  2 38   2457090.76 2015  3  9  6 19
 2457093.84 2015  3 12  8 15   2457094.00 2015  3 12 11 57   2457094.15 2015  3 12 15 38
 2457097.23 2015  3 15 17 34   2457097.39 2015  3 15 21 15   2457097.54 2015  3 16  0 56
 2457100.62 2015  3 19  2 52   2457100.77 2015  3 19  6 33   2457100.93 2015  3 19 10 15
 2457104.01 2015  3 22 12 10   2457104.16 2015  3 22 15 52   2457104.32 2015  3 22 19 33
 2457107.40 2015  3 25 21 28   2457107.55 2015  3 26  1 10   2457107.70 2015  3 26  4 52
 2457110.78 2015  3 29  6 47   2457110.94 2015  3 29 10 28   2457111.09 2015  3 29 14 10
 2457114.17 2015  4  1 16  5   2457114.32 2015  4  1 19 47   2457114.48 2015  4  1 23 29
 2457117.56 2015  4  5  1 23   2457117.71 2015  4  5  5  5   2457117.87 2015  4  5  8 47
 2457120.95 2015  4  8 10 41   2457121.10 2015  4  8 14 23   2457121.25 2015  4  8 18  5
 2457124.33 2015  4 11 19 59   2457124.49 2015  4 11 23 42   2457124.64 2015  4 12  3 24
 2457127.72 2015  4 15  5 18   2457127.88 2015  4 15  9  0   2457128.03 2015  4 15 12 42
 2457131.11 2015  4 18 14 36   2457131.26 2015  4 18 18 18   2457131.42 2015  4 18 22  1
 2457134.50 2015  4 21 23 54   2457134.65 2015  4 22  3 37   2457134.81 2015  4 22  7 19
 2457137.88 2015  4 25  9 12   2457138.04 2015  4 25 12 55   2457138.19 2015  4 25 16 38
 2457141.27 2015  4 28 18 30   2457141.43 2015  4 28 22 13   2457141.58 2015  4 29  1 56
 2457144.66 2015  5  2  3 49   2457144.81 2015  5  2  7 32   2457144.97 2015  5  2 11 15
 2457148.05 2015  5  5 13  7   2457148.20 2015  5  5 16 50   2457148.36 2015  5  5 20 33
 2457151.43 2015  5  8 22 25   2457151.59 2015  5  9  2  8   2457151.74 2015  5  9  5 52
 2457154.82 2015  5 12  7 43   2457154.98 2015  5 12 11 27   2457155.13 2015  5 12 15 10
 2457158.21 2015  5 15 17  2   2457158.36 2015  5 15 20 45   2457158.52 2015  5 16  0 28
 2457161.60 2015  5 19  2 20   2457161.75 2015  5 19  6  3   2457161.91 2015  5 19  9 47
 2457164.99 2015  5 22 11 38   2457165.14 2015  5 22 15 22   2457165.30 2015  5 22 19  5
 2457168.37 2015  5 25 20 56   2457168.53 2015  5 26  0 40   2457168.68 2015  5 26  4 24
 2457171.76 2015  5 29  6 14   2457171.92 2015  5 29  9 58   2457172.07 2015  5 29 13 42
 2457175.15 2015  6  1 15 33   2457175.30 2015  6  1 19 17   2457175.46 2015  6  1 23  1
 2457178.54 2015  6  5  0 51   2457178.69 2015  6  5  4 35   2457178.85 2015  6  5  8 19
 2457181.92 2015  6  8 10  9   2457182.08 2015  6  8 13 53   2457182.23 2015  6  8 17 38
 2457185.31 2015  6 11 19 27   2457185.47 2015  6 11 23 12   2457185.62 2015  6 12  2 56
 2457188.70 2015  6 15  4 46   2457188.85 2015  6 15  8 30   2457189.01 2015  6 15 12 14
 2457192.09 2015  6 18 14  4   2457192.24 2015  6 18 17 48   2457192.40 2015  6 18 21 33
 2457195.47 2015  6 21 23 22   2457195.63 2015  6 22  3  7   2457195.79 2015  6 22  6 51
 2457198.86 2015  6 25  8 40   2457199.02 2015  6 25 12 25   2457199.17 2015  6 25 16 10
 2457202.25 2015  6 28 17 58   2457202.41 2015  6 28 21 43   2457202.56 2015  6 29  1 28
 2457205.64 2015  7  2  3 17   2457205.79 2015  7  2  7  2   2457205.95 2015  7  2 10 47
 2457209.02 2015  7  5 12 35   2457209.18 2015  7  5 16 20   2457209.34 2015  7  5 20  5
 2457212.41 2015  7  8 21 53   2457212.57 2015  7  9  1 38   2457212.73 2015  7  9  5 24
 2457215.80 2015  7 12  7 11   2457215.96 2015  7 12 10 57   2457216.11 2015  7 12 14 42
 2457219.19 2015  7 15 16 29   2457219.34 2015  7 15 20 15   2457219.50 2015  7 16  0  0
 2457222.58 2015  7 19  1 48   2457222.73 2015  7 19  5 33   2457222.89 2015  7 19  9 19
 2457225.96 2015  7 22 11  6   2457226.12 2015  7 22 14 52   2457226.28 2015  7 22 18 37
 2457229.35 2015  7 25 20 24   2457229.51 2015  7 26  0 10   2457229.66 2015  7 26  3 56
 2457232.74 2015  7 29  5 42   2457232.89 2015  7 29  9 28   2457233.05 2015  7 29 13 14
 2457236.13 2015  8  1 15  1   2457236.28 2015  8  1 18 47   2457236.44 2015  8  1 22 33
 2457239.51 2015  8  5  0 19   2457239.67 2015  8  5  4  5   2457239.83 2015  8  5  7 51
 2457242.90 2015  8  8  9 37   2457243.06 2015  8  8 13 23   2457243.22 2015  8  8 17 10
 2457246.29 2015  8 11 18 55   2457246.45 2015  8 11 22 42   2457246.60 2015  8 12  2 28
 2457249.68 2015  8 15  4 13   2457249.83 2015  8 15  8  0   2457249.99 2015  8 15 11 46
 2457253.06 2015  8 18 13 32   2457253.22 2015  8 18 17 18   2457253.38 2015  8 18 21  5
 2457256.45 2015  8 21 22 50   2457256.61 2015  8 22  2 37   2457256.77 2015  8 22  6 23
 2457259.84 2015  8 25  8  8   2457260.00 2015  8 25 11 55   2457260.15 2015  8 25 15 42
 2457263.23 2015  8 28 17 26   2457263.38 2015  8 28 21 13   2457263.54 2015  8 29  1  0
 2457266.61 2015  9  1  2 44   2457266.77 2015  9  1  6 32   2457266.93 2015  9  1 10 19
 2457270.00 2015  9  4 12  3   2457270.16 2015  9  4 15 50   2457270.32 2015  9  4 19 37
 2457273.39 2015  9  7 21 21   2457273.55 2015  9  8  1  8   2457273.71 2015  9  8  4 56
 2457276.78 2015  9 11  6 39   2457276.94 2015  9 11 10 27   2457277.09 2015  9 11 14 14
 2457280.17 2015  9 14 15 57   2457280.32 2015  9 14 19 45   2457280.48 2015  9 14 23 32
 2457283.55 2015  9 18  1 16   2457283.71 2015  9 18  5  3   2457283.87 2015  9 18  8 51
 2457286.94 2015  9 21 10 34   2457287.10 2015  9 21 14 22   2457287.26 2015  9 21 18  9
 2457290.33 2015  9 24 19 52   2457290.49 2015  9 24 23 40   2457290.64 2015  9 25  3 28
 2457293.72 2015  9 28  5 10   2457293.87 2015  9 28  8 58   2457294.03 2015  9 28 12 46
 2457297.10 2015 10  1 14 28   2457297.26 2015 10  1 18 17   2457297.42 2015 10  1 22  5
 2457300.49 2015 10  4 23 47   2457300.65 2015 10  5  3 35   2457300.81 2015 10  5  7 23
 2457303.88 2015 10  8  9  5   2457304.04 2015 10  8 12 53   2457304.20 2015 10  8 16 42
 2457307.27 2015 10 11 18 23   2457307.43 2015 10 11 22 12   2457307.58 2015 10 12  2  0
 2457310.65 2015 10 15  3 41   2457310.81 2015 10 15  7 30   2457310.97 2015 10 15 11 18
 2457314.04 2015 10 18 13  0   2457314.20 2015 10 18 16 48   2457314.36 2015 10 18 20 37
 2457317.43 2015 10 21 22 18   2457317.59 2015 10 22  2  7   2457317.75 2015 10 22  5 55
 2457320.82 2015 10 25  7 36   2457320.98 2015 10 25 11 25   2457321.13 2015 10 25 15 14
 2457324.20 2015 10 28 16 54   2457324.36 2015 10 28 20 43   2457324.52 2015 10 29  0 32
 2457327.59 2015 11  1  2 12   2457327.75 2015 11  1  6  2   2457327.91 2015 11  1  9 51
 2457330.98 2015 11  4 11 31   2457331.14 2015 11  4 15 20   2457331.30 2015 11  4 19  9
 2457334.37 2015 11  7 20 49   2457334.53 2015 11  8  0 38   2457334.69 2015 11  8  4 28
 2457337.76 2015 11 11  6  7   2457337.91 2015 11 11  9 57   2457338.07 2015 11 11 13 46
 2457341.14 2015 11 14 15 25   2457341.30 2015 11 14 19 15   2457341.46 2015 11 14 23  5
 2457344.53 2015 11 18  0 43   2457344.69 2015 11 18  4 33   2457344.85 2015 11 18  8 23
 2457347.92 2015 11 21 10  2   2457348.08 2015 11 21 13 52   2457348.24 2015 11 21 17 41
 2457351.31 2015 11 24 19 20   2457351.47 2015 11 24 23 10   2457351.63 2015 11 25  3  0
 2457354.69 2015 11 28  4 38   2457354.85 2015 11 28  8 28   2457355.01 2015 11 28 12 18
 2457358.08 2015 12  1 13 56   2457358.24 2015 12  1 17 47   2457358.40 2015 12  1 21 37
 2457361.47 2015 12  4 23 15   2457361.63 2015 12  5  3  5   2457361.79 2015 12  5  6 55
 2457364.86 2015 12  8  8 33   2457365.02 2015 12  8 12 23   2457365.18 2015 12  8 16 14
 2457368.24 2015 12 11 17 51   2457368.40 2015 12 11 21 42   2457368.56 2015 12 12  1 32
 2457371.63 2015 12 15  3  9   2457371.79 2015 12 15  7  0   2457371.95 2015 12 15 10 51
 2457375.02 2015 12 18 12 27   2457375.18 2015 12 18 16 18   2457375.34 2015 12 18 20  9
 2457378.41 2015 12 21 21 46   2457378.57 2015 12 22  1 37   2457378.73 2015 12 22  5 27
 2457381.79 2015 12 25  7  4   2457381.96 2015 12 25 10 55   2457382.12 2015 12 25 14 46
 2457385.18 2015 12 28 16 22   2457385.34 2015 12 28 20 13   2457385.50 2015 12 29  0  4
 2457388.57 2016  1  1  1 40   2457388.73 2016  1  1  5 32   2457388.89 2016  1  1  9 23
 2457391.96 2016  1  4 10 58   2457392.12 2016  1  4 14 50   2457392.28 2016  1  4 18 41
 2457395.35 2016  1  7 20 17   2457395.51 2016  1  8  0  8   2457395.67 2016  1  8  4  0
 2457398.73 2016  1 11  5 35   2457398.89 2016  1 11  9 27   2457399.05 2016  1 11 13 18
 2457402.12 2016  1 14 14 53   2457402.28 2016  1 14 18 45   2457402.44 2016  1 14 22 37
 2457405.51 2016  1 18  0 11   2457405.67 2016  1 18  4  3   2457405.83 2016  1 18  7 55
 2457408.90 2016  1 21  9 30   2457409.06 2016  1 21 13 21   2457409.22 2016  1 21 17 13
 2457412.28 2016  1 24 18 48   2457412.44 2016  1 24 22 40   2457412.61 2016  1 25  2 32
 2457415.67 2016  1 28  4  6   2457415.83 2016  1 28  7 58   2457415.99 2016  1 28 11 50
 2457419.06 2016  1 31 13 24   2457419.22 2016  1 31 17 16   2457419.38 2016  1 31 21  9
 2457422.45 2016  2  3 22 42   2457422.61 2016  2  4  2 35   2457422.77 2016  2  4  6 27
 2457425.83 2016  2  7  8  1   2457426.00 2016  2  7 11 53   2457426.16 2016  2  7 15 46
 2457429.22 2016  2 10 17 19   2457429.38 2016  2 10 21 11   2457429.54 2016  2 11  1  4
 2457432.61 2016  2 14  2 37   2457432.77 2016  2 14  6 30   2457432.93 2016  2 14 10 23
 2457436.00 2016  2 17 11 55   2457436.16 2016  2 17 15 48   2457436.32 2016  2 17 19 41
 2457439.38 2016  2 20 21 14   2457439.55 2016  2 21  1  6   2457439.71 2016  2 21  4 59
 2457442.77 2016  2 24  6 32   2457442.93 2016  2 24 10 25   2457443.10 2016  2 24 14 18
 2457446.16 2016  2 27 15 50   2457446.32 2016  2 27 19 43   2457446.48 2016  2 27 23 36
 2457449.55 2016  3  2  1  8   2457449.71 2016  3  2  5  1   2457449.87 2016  3  2  8 55
 2457452.94 2016  3  5 10 26   2457453.10 2016  3  5 14 20   2457453.26 2016  3  5 18 13
 2457456.32 2016  3  8 19 45   2457456.49 2016  3  8 23 38   2457456.65 2016  3  9  3 32
 2457459.71 2016  3 12  5  3   2457459.87 2016  3 12  8 56   2457460.04 2016  3 12 12 50
 2457463.10 2016  3 15 14 21   2457463.26 2016  3 15 18 15   2457463.42 2016  3 15 22  9
 2457466.49 2016  3 18 23 39   2457466.65 2016  3 19  3 33   2457466.81 2016  3 19  7 27
 2457469.87 2016  3 22  8 57   2457470.04 2016  3 22 12 51   2457470.20 2016  3 22 16 45
 2457473.26 2016  3 25 18 16   2457473.42 2016  3 25 22 10   2457473.59 2016  3 26  2  4
 2457476.65 2016  3 29  3 34   2457476.81 2016  3 29  7 28   2457476.97 2016  3 29 11 22
 2457480.04 2016  4  1 12 52   2457480.20 2016  4  1 16 46   2457480.36 2016  4  1 20 41
 2457483.42 2016  4  4 22 10   2457483.59 2016  4  5  2  5   2457483.75 2016  4  5  5 59
 2457486.81 2016  4  8  7 29   2457486.97 2016  4  8 11 23   2457487.14 2016  4  8 15 18
 2457490.20 2016  4 11 16 47   2457490.36 2016  4 11 20 41   2457490.53 2016  4 12  0 36
 2457493.59 2016  4 15  2  5   2457493.75 2016  4 15  6  0   2457493.91 2016  4 15  9 55
 2457496.97 2016  4 18 11 23   2457497.14 2016  4 18 15 18   2457497.30 2016  4 18 19 13
 2457500.36 2016  4 21 20 41   2457500.53 2016  4 22  0 36   2457500.69 2016  4 22  4 31
 2457503.75 2016  4 25  6  0   2457503.91 2016  4 25  9 55   2457504.08 2016  4 25 13 50
 2457507.14 2016  4 28 15 18   2457507.30 2016  4 28 19 13   2457507.46 2016  4 28 23  8
 2457510.53 2016  5  2  0 36   2457510.69 2016  5  2  4 31   2457510.85 2016  5  2  8 27
 2457513.91 2016  5  5  9 54   2457514.08 2016  5  5 13 50   2457514.24 2016  5  5 17 45
 2457517.30 2016  5  8 19 12   2457517.46 2016  5  8 23  8   2457517.63 2016  5  9  3  4
 2457520.69 2016  5 12  4 31   2457520.85 2016  5 12  8 26   2457521.02 2016  5 12 12 22
 2457524.08 2016  5 15 13 49   2457524.24 2016  5 15 17 45   2457524.40 2016  5 15 21 41
 2457527.46 2016  5 18 23  7   2457527.63 2016  5 19  3  3   2457527.79 2016  5 19  6 59
 2457530.85 2016  5 22  8 25   2457531.02 2016  5 22 12 21   2457531.18 2016  5 22 16 18
 2457534.24 2016  5 25 17 44   2457534.40 2016  5 25 21 40   2457534.57 2016  5 26  1 36
 2457537.63 2016  5 29  3  2   2457537.79 2016  5 29  6 58   2457537.95 2016  5 29 10 54
 2457541.01 2016  6  1 12 20   2457541.18 2016  6  1 16 16   2457541.34 2016  6  1 20 13
 2457544.40 2016  6  4 21 38   2457544.57 2016  6  5  1 35   2457544.73 2016  6  5  5 31
 2457547.79 2016  6  8  6 56   2457547.95 2016  6  8 10 53   2457548.12 2016  6  8 14 50
 2457551.18 2016  6 11 16 15   2457551.34 2016  6 11 20 11   2457551.51 2016  6 12  0  8
 2457554.56 2016  6 15  1 33   2457554.73 2016  6 15  5 30   2457554.89 2016  6 15  9 27
 2457557.95 2016  6 18 10 51   2457558.12 2016  6 18 14 48   2457558.28 2016  6 18 18 45
 2457561.34 2016  6 21 20  9   2457561.50 2016  6 22  0  6   2457561.67 2016  6 22  4  4
 2457564.73 2016  6 25  5 27   2457564.89 2016  6 25  9 25   2457565.06 2016  6 25 13 22
 2457568.12 2016  6 28 14 46   2457568.28 2016  6 28 18 43   2457568.45 2016  6 28 22 40
 2457571.50 2016  7  2  0  4   2457571.67 2016  7  2  4  1   2457571.83 2016  7  2  7 59
 2457574.89 2016  7  5  9 22   2457575.06 2016  7  5 13 20   2457575.22 2016  7  5 17 17
 2457578.28 2016  7  8 18 40   2457578.44 2016  7  8 22 38   2457578.61 2016  7  9  2 36
 2457581.67 2016  7 12  3 59   2457581.83 2016  7 12  7 56   2457582.00 2016  7 12 11 54
 2457585.05 2016  7 15 13 17   2457585.22 2016  7 15 17 15   2457585.38 2016  7 15 21 13
 2457588.44 2016  7 18 22 35   2457588.61 2016  7 19  2 33   2457588.77 2016  7 19  6 31
 2457591.83 2016  7 22  7 53   2457591.99 2016  7 22 11 51   2457592.16 2016  7 22 15 50
 2457595.22 2016  7 25 17 11   2457595.38 2016  7 25 21 10   2457595.55 2016  7 26  1  8
 2457598.60 2016  7 29  2 30   2457598.77 2016  7 29  6 28   2457598.94 2016  7 29 10 26
 2457601.99 2016  8  1 11 48   2457602.16 2016  8  1 15 46   2457602.32 2016  8  1 19 45
 2457605.38 2016  8  4 21  6   2457605.55 2016  8  5  1  5   2457605.71 2016  8  5  5  3
 2457608.77 2016  8  8  6 24   2457608.93 2016  8  8 10 23   2457609.10 2016  8  8 14 22
