 Predicted Transit Epochs: HD3651___ b

 Predicted Duration of a Central Transit:    12.   Hours

 Begin Transit Window           PREDICTED CENTRAL TRANSIT     End Transit Window
                                     All Times UT

                               HJD        Year M  D  H  M
 2456778.01 2014  4 30 12 16   2456781.53 2014  5  4  0 49   2456785.06 2014  5  7 13 22
 2456840.21 2014  7  1 17  4   2456843.76 2014  7  5  6 20   2456847.32 2014  7  8 19 37
 2456902.41 2014  9  1 21 52   2456905.99 2014  9  5 11 51   2456909.58 2014  9  9  1 51
 2456964.61 2014 11  3  2 40   2456968.22 2014 11  6 17 23   2456971.84 2014 11 10  8  5
 2457026.81 2015  1  4  7 28   2457030.45 2015  1  7 22 54   2457034.10 2015  1 11 14 20
 2457089.01 2015  3  7 12 16   2457092.68 2015  3 11  4 25   2457096.36 2015  3 14 20 34
 2457151.21 2015  5  8 17  4   2457154.91 2015  5 12  9 56   2457158.62 2015  5 16  2 49
 2457213.41 2015  7  9 21 52   2457217.14 2015  7 13 15 27   2457220.88 2015  7 17  9  3
 2457275.61 2015  9 10  2 40   2457279.37 2015  9 13 20 59   2457283.14 2015  9 17 15 17
 2457337.81 2015 11 11  7 28   2457341.60 2015 11 15  2 30   2457345.40 2015 11 18 21 32
 2457400.01 2016  1 12 12 16   2457403.83 2016  1 16  8  1   2457407.66 2016  1 20  3 46
 2457462.21 2016  3 14 17  4   2457466.06 2016  3 18 13 32   2457469.92 2016  3 22 10  1
 2457524.41 2016  5 15 21 52   2457528.29 2016  5 19 19  3   2457532.18 2016  5 23 16 15
 2457586.61 2016  7 17  2 40   2457590.52 2016  7 21  0 35   2457594.44 2016  7 24 22 29
 2457648.81 2016  9 17  7 28   2457652.75 2016  9 21  6  6   2457656.70 2016  9 25  4 44
 2457711.01 2016 11 18 12 16   2457714.98 2016 11 22 11 37   2457718.96 2016 11 26 10 58
 2457773.21 2017  1 19 17  4   2457777.21 2017  1 23 17  8   2457781.22 2017  1 27 17 13
 2457835.41 2017  3 22 21 52   2457839.44 2017  3 26 22 39   2457843.48 2017  3 30 23 27
 2457897.61 2017  5 24  2 40   2457901.67 2017  5 28  4 11   2457905.74 2017  6  1  5 41
 2457959.81 2017  7 25  7 28   2457963.90 2017  7 29  9 42   2457968.00 2017  8  2 11 56
 2458022.01 2017  9 25 12 16   2458026.13 2017  9 29 15 13   2458030.26 2017 10  3 18 10
 2458084.21 2017 11 26 17  4   2458088.36 2017 11 30 20 44   2458092.52 2017 12  5  0 25
 2458146.41 2018  1 27 21 52   2458150.59 2018  2  1  2 15   2458154.78 2018  2  5  6 39
 2458208.61 2018  3 31  2 40   2458212.82 2018  4  4  7 47   2458217.04 2018  4  8 12 53
 2458270.81 2018  6  1  7 28   2458275.05 2018  6  5 13 18   2458279.30 2018  6  9 19  8
 2458333.01 2018  8  2 12 16   2458337.28 2018  8  6 18 49   2458341.56 2018  8 11  1 22
 2458395.21 2018 10  3 17  4   2458399.51 2018 10  8  0 20   2458403.82 2018 10 12  7 37
 2458457.41 2018 12  4 21 52   2458461.74 2018 12  9  5 51   2458466.08 2018 12 13 13 51
 2458519.61 2019  2  5  2 40   2458523.97 2019  2  9 11 23   2458528.34 2019  2 13 20  5
 2458581.81 2019  4  8  7 28   2458586.20 2019  4 12 16 54   2458590.60 2019  4 17  2 20
 2458644.01 2019  6  9 12 16   2458648.43 2019  6 13 22 25   2458652.86 2019  6 18  8 34
 2458706.21 2019  8 10 17  4   2458710.66 2019  8 15  3 56   2458715.12 2019  8 19 14 49
 2458768.41 2019 10 11 21 52   2458772.89 2019 10 16  9 27   2458777.38 2019 10 20 21  3
 2458830.61 2019 12 13  2 40   2458835.12 2019 12 17 14 59   2458839.64 2019 12 22  3 17
 2458892.81 2020  2 13  7 28   2458897.35 2020  2 17 20 30   2458901.90 2020  2 22  9 32
 2458955.01 2020  4 15 12 16   2458959.58 2020  4 20  2  1   2458964.16 2020  4 24 15 46
 2459017.21 2020  6 16 17  4   2459021.81 2020  6 21  7 32   2459026.42 2020  6 25 22  1
 2459079.41 2020  8 17 21 52   2459084.04 2020  8 22 13  3   2459088.68 2020  8 27  4 15
 2459141.61 2020 10 19  2 40   2459146.27 2020 10 23 18 35   2459150.94 2020 10 28 10 29
 2459203.81 2020 12 20  7 28   2459208.50 2020 12 25  0  6   2459213.20 2020 12 29 16 44
 2459266.01 2021  2 20 12 16   2459270.73 2021  2 25  5 37   2459275.46 2021  3  1 22 58
 2459328.21 2021  4 23 17  4   2459332.96 2021  4 28 11  8   2459337.72 2021  5  3  5 13
 2459390.41 2021  6 24 21 52   2459395.19 2021  6 29 16 39   2459399.98 2021  7  4 11 27
 2459452.61 2021  8 26  2 40   2459457.42 2021  8 30 22 11   2459462.24 2021  9  4 17 41
 2459514.81 2021 10 27  7 28   2459519.65 2021 11  1  3 42   2459524.50 2021 11  5 23 56
 2459577.01 2021 12 28 12 16   2459581.88 2022  1  2  9 13   2459586.76 2022  1  7  6 10
 2459639.21 2022  2 28 17  4   2459644.11 2022  3  5 14 44   2459649.02 2022  3 10 12 25
 2459701.41 2022  5  1 21 52   2459706.34 2022  5  6 20 15   2459711.28 2022  5 11 18 39
 2459763.61 2022  7  3  2 40   2459768.57 2022  7  8  1 47   2459773.54 2022  7 13  0 53
 2459825.81 2022  9  3  7 28   2459830.80 2022  9  8  7 18   2459835.80 2022  9 13  7  8
 2459888.01 2022 11  4 12 16   2459893.03 2022 11  9 12 49   2459898.06 2022 11 14 13 22
 2459950.21 2023  1  5 17  4   2459955.26 2023  1 10 18 20   2459960.32 2023  1 15 19 37
 2460012.41 2023  3  8 21 52   2460017.49 2023  3 13 23 51   2460022.58 2023  3 19  1 51
 2460074.61 2023  5 10  2 40   2460079.72 2023  5 15  5 23   2460084.84 2023  5 20  8  5
 2460136.81 2023  7 11  7 28   2460141.95 2023  7 16 10 54   2460147.10 2023  7 21 14 20
 2460199.01 2023  9 11 12 16   2460204.18 2023  9 16 16 25   2460209.36 2023  9 21 20 34
 2460261.21 2023 11 12 17  4   2460266.41 2023 11 17 21 56   2460271.62 2023 11 23  2 49
 2460323.41 2024  1 13 21 52   2460328.64 2024  1 19  3 27   2460333.88 2024  1 24  9  3
 2460385.61 2024  3 16  2 40   2460390.87 2024  3 21  8 59   2460396.14 2024  3 26 15 17
 2460447.81 2024  5 17  7 28   2460453.10 2024  5 22 14 30   2460458.40 2024  5 27 21 32
 2460510.01 2024  7 18 12 16   2460515.33 2024  7 23 20  1   2460520.66 2024  7 29  3 46
 2460572.21 2024  9 18 17  4   2460577.56 2024  9 24  1 32   2460582.92 2024  9 29 10  1
 2460634.41 2024 11 19 21 52   2460639.79 2024 11 25  7  3   2460645.18 2024 11 30 16 15
 2460696.61 2025  1 21  2 40   2460702.02 2025  1 26 12 35   2460707.44 2025  1 31 22 29
 2460758.81 2025  3 24  7 28   2460764.25 2025  3 29 18  6   2460769.70 2025  4  4  4 44
 2460821.01 2025  5 25 12 16   2460826.48 2025  5 30 23 37   2460831.96 2025  6  5 10 58
 2460883.21 2025  7 26 17  4   2460888.71 2025  8  1  5  8   2460894.22 2025  8  6 17 13
 2460945.41 2025  9 26 21 52   2460950.94 2025 10  2 10 39   2460956.48 2025 10  7 23 27
 2461007.61 2025 11 28  2 40   2461013.17 2025 12  3 16 11   2461018.74 2025 12  9  5 41
 2461069.81 2026  1 29  7 28   2461075.40 2026  2  3 21 42   2461081.00 2026  2  9 11 56
 2461132.01 2026  4  1 12 16   2461137.63 2026  4  7  3 13   2461143.26 2026  4 12 18 10
 2461194.21 2026  6  2 17  4   2461199.86 2026  6  8  8 44   2461205.52 2026  6 14  0 25
 2461256.41 2026  8  3 21 52   2461262.09 2026  8  9 14 15   2461267.78 2026  8 15  6 39
 2461318.61 2026 10  5  2 40   2461324.32 2026 10 10 19 47   2461330.04 2026 10 16 12 53
 2461380.81 2026 12  6  7 28   2461386.55 2026 12 12  1 18   2461392.30 2026 12 17 19  8
 2461443.01 2027  2  6 12 16   2461448.78 2027  2 12  6 49   2461454.56 2027  2 18  1 22
 2461505.21 2027  4  9 17  4   2461511.01 2027  4 15 12 20   2461516.82 2027  4 21  7 37
 2461567.41 2027  6 10 21 52   2461573.24 2027  6 16 17 51   2461579.08 2027  6 22 13 51
 2461629.61 2027  8 12  2 40   2461635.47 2027  8 17 23 23   2461641.34 2027  8 23 20  5
 2461691.81 2027 10 13  7 28   2461697.70 2027 10 19  4 54   2461703.60 2027 10 25  2 20
 2461754.01 2027 12 14 12 16   2461759.93 2027 12 20 10 25   2461765.86 2027 12 26  8 34
 2461816.21 2028  2 14 17  4   2461822.16 2028  2 20 15 56   2461828.12 2028  2 26 14 49
 2461878.41 2028  4 16 21 52   2461884.39 2028  4 22 21 27   2461890.38 2028  4 28 21  3
 2461940.61 2028  6 18  2 40   2461946.62 2028  6 24  2 59   2461952.64 2028  6 30  3 17
 2462002.81 2028  8 19  7 28   2462008.85 2028  8 25  8 30   2462014.90 2028  8 31  9 32
 2462065.01 2028 10 20 12 16   2462071.08 2028 10 26 14  1   2462077.16 2028 11  1 15 46
 2462127.21 2028 12 21 17  4   2462133.31 2028 12 27 19 32   2462139.42 2029  1  2 22  1
 2462189.41 2029  2 21 21 52   2462195.54 2029  2 28  1  3   2462201.68 2029  3  6  4 15
 2462251.61 2029  4 25  2 40   2462257.77 2029  5  1  6 35   2462263.94 2029  5  7 10 29
 2462313.81 2029  6 26  7 28   2462320.00 2029  7  2 12  6   2462326.20 2029  7  8 16 44
 2462376.01 2029  8 27 12 16   2462382.23 2029  9  2 17 37   2462388.46 2029  9  8 22 58
 2462438.21 2029 10 28 17  4   2462444.46 2029 11  3 23  8   2462450.72 2029 11 10  5 13
 2462500.41 2029 12 29 21 52   2462506.69 2030  1  5  4 39   2462512.98 2030  1 11 11 27
 2462562.61 2030  3  2  2 40   2462568.92 2030  3  8 10 11   2462575.24 2030  3 14 17 41
 2462624.81 2030  5  3  7 28   2462631.15 2030  5  9 15 42   2462637.50 2030  5 15 23 56
 2462687.01 2030  7  4 12 16   2462693.38 2030  7 10 21 13   2462699.76 2030  7 17  6 10
 2462749.21 2030  9  4 17  4   2462755.61 2030  9 11  2 44   2462762.02 2030  9 17 12 25
 2462811.41 2030 11  5 21 52   2462817.84 2030 11 12  8 15   2462824.28 2030 11 18 18 39
 2462873.61 2031  1  7  2 40   2462880.07 2031  1 13 13 47   2462886.54 2031  1 20  0 53
 2462935.81 2031  3 10  7 28   2462942.30 2031  3 16 19 18   2462948.80 2031  3 23  7  8
 2462998.01 2031  5 11 12 16   2463004.53 2031  5 18  0 49   2463011.06 2031  5 24 13 22
 2463060.21 2031  7 12 17  4   2463066.76 2031  7 19  6 20   2463073.32 2031  7 25 19 37
 2463122.41 2031  9 12 21 52   2463128.99 2031  9 19 11 51   2463135.58 2031  9 26  1 51
 2463184.61 2031 11 14  2 40   2463191.22 2031 11 20 17 23   2463197.84 2031 11 27  8  5
 2463246.81 2032  1 15  7 28   2463253.45 2032  1 21 22 54   2463260.10 2032  1 28 14 20
 2463309.01 2032  3 17 12 16   2463315.68 2032  3 24  4 25   2463322.36 2032  3 30 20 34
 2463371.21 2032  5 18 17  4   2463377.91 2032  5 25  9 56   2463384.62 2032  6  1  2 49
 2463433.41 2032  7 19 21 52   2463440.14 2032  7 26 15 27   2463446.88 2032  8  2  9  3
 2463495.61 2032  9 20  2 40   2463502.37 2032  9 26 20 59   2463509.14 2032 10  3 15 17
 2463557.81 2032 11 21  7 28   2463564.60 2032 11 28  2 30   2463571.40 2032 12  4 21 32
 2463620.01 2033  1 22 12 16   2463626.83 2033  1 29  8  1   2463633.66 2033  2  5  3 46
 2463682.21 2033  3 25 17  4   2463689.06 2033  4  1 13 32   2463695.92 2033  4  8 10  1
 2463744.41 2033  5 26 21 52   2463751.29 2033  6  2 19  3   2463758.18 2033  6  9 16 15
 2463806.61 2033  7 28  2 40   2463813.52 2033  8  4  0 35   2463820.44 2033  8 10 22 29
 2463868.81 2033  9 28  7 28   2463875.75 2033 10  5  6  6   2463882.70 2033 10 12  4 44
 2463931.01 2033 11 29 12 16   2463937.98 2033 12  6 11 37   2463944.96 2033 12 13 10 58
 2463993.21 2034  1 30 17  4   2464000.21 2034  2  6 17  8   2464007.22 2034  2 13 17 13
 2464055.41 2034  4  2 21 52   2464062.44 2034  4  9 22 39   2464069.48 2034  4 16 23 27
 2464117.61 2034  6  4  2 40   2464124.67 2034  6 11  4 11   2464131.74 2034  6 18  5 41
 2464179.81 2034  8  5  7 28   2464186.90 2034  8 12  9 42   2464194.00 2034  8 19 11 56
