 Predicted Transit Epochs: HD37124__ c

 Predicted Duration of a Central Transit:    18.   Hours

 Begin Transit Window           PREDICTED CENTRAL TRANSIT     End Transit Window
                                     All Times UT

                               HJD        Year M  D  H  M
 2456962.21 2014 10 31 16 56   2456981.56 2014 11 20  1 29   2457000.92 2014 12  9 10  2
 2457772.30 2017  1 18 19 16   2457793.76 2017  2  9  6 13   2457815.22 2017  3  2 17 10
 2458582.40 2019  4  8 21 36   2458605.96 2019  5  2 10 57   2458629.51 2019  5 26  0 18
 2459392.50 2021  6 26 23 55   2459418.15 2021  7 22 15 40   2459443.81 2021  8 17  7 25
 2460202.59 2023  9 15  2 15   2460230.35 2023 10 12 20 24   2460258.11 2023 11  9 14 33
 2461012.69 2025 12  3  4 35   2461042.55 2026  1  2  1  8   2461072.40 2026  1 31 21 41
 2461822.79 2028  2 21  6 54   2461854.74 2028  3 24  5 51   2461886.70 2028  4 25  4 48
 2462632.89 2030  5 11  9 14   2462666.94 2030  6 14 10 35   2462701.00 2030  7 18 11 56
 2463442.98 2032  7 29 11 34   2463479.14 2032  9  3 15 19   2463515.29 2032 10  9 19  4
 2464253.08 2034 10 17 13 53   2464291.34 2034 11 24 20  2   2464329.59 2035  1  2  2 11
