 Predicted Transit Epochs: HD37605__ b

 Predicted Duration of a Central Transit:   436. Minutes

 Begin Transit Window           PREDICTED CENTRAL TRANSIT     End Transit Window
                                     All Times UT

                               HJD        Year M  D  H  M
 2454501.00 2008  2  4 11 59   2454508.05 2008  2 11 13 10   2454515.10 2008  2 18 14 22
 2454555.00 2008  3 29 11 58   2454562.28 2008  4  5 18 42   2454569.56 2008  4 13  1 26
 2454609.00 2008  5 22 11 56   2454616.51 2008  5 30  0 13   2454624.02 2008  6  6 12 29
 2454663.00 2008  7 15 11 55   2454670.74 2008  7 23  5 44   2454678.48 2008  7 30 23 33
 2454717.00 2008  9  7 11 53   2454724.97 2008  9 15 11 15   2454732.94 2008  9 23 10 37
 2454770.99 2008 10 31 11 52   2454779.20 2008 11  8 16 46   2454787.40 2008 11 16 21 41
 2454824.99 2008 12 24 11 50   2454833.43 2009  1  1 22 18   2454841.86 2009  1 10  8 45
 2454878.99 2009  2 16 11 49   2454887.66 2009  2 25  3 49   2454896.33 2009  3  5 19 49
 2454932.99 2009  4 11 11 48   2454941.89 2009  4 20  9 20   2454950.79 2009  4 29  6 52
 2454986.99 2009  6  4 11 46   2454996.12 2009  6 13 14 51   2455005.25 2009  6 22 17 56
 2455040.99 2009  7 28 11 45   2455050.35 2009  8  6 20 22   2455059.71 2009  8 16  5  0
 2455094.99 2009  9 20 11 43   2455104.58 2009  9 30  1 54   2455114.17 2009 10  9 16  4
 2455148.99 2009 11 13 11 42   2455158.81 2009 11 23  7 25   2455168.63 2009 12  3  3  8
 2455202.99 2010  1  6 11 40   2455213.04 2010  1 16 12 56   2455223.09 2010  1 26 14 12
 2455256.99 2010  3  1 11 39   2455267.27 2010  3 11 18 27   2455277.55 2010  3 22  1 16
 2455310.98 2010  4 24 11 38   2455321.50 2010  5  4 23 58   2455332.01 2010  5 15 12 19
 2455364.98 2010  6 17 11 36   2455375.73 2010  6 28  5 30   2455386.47 2010  7  8 23 23
 2455418.98 2010  8 10 11 35   2455429.96 2010  8 21 11  1   2455440.94 2010  9  1 10 27
 2455472.98 2010 10  3 11 33   2455484.19 2010 10 14 16 32   2455495.40 2010 10 25 21 31
 2455526.98 2010 11 26 11 32   2455538.42 2010 12  7 22  3   2455549.86 2010 12 19  8 35
 2455580.98 2011  1 19 11 30   2455592.65 2011  1 31  3 34   2455604.32 2011  2 11 19 39
 2455634.98 2011  3 14 11 29   2455646.88 2011  3 26  9  6   2455658.78 2011  4  7  6 42
 2455688.98 2011  5  7 11 27   2455701.11 2011  5 19 14 37   2455713.24 2011  5 31 17 46
 2455742.98 2011  6 30 11 26   2455755.34 2011  7 12 20  8   2455767.70 2011  7 25  4 50
 2455796.98 2011  8 23 11 25   2455809.57 2011  9  5  1 39   2455822.16 2011  9 17 15 54
 2455850.97 2011 10 16 11 23   2455863.80 2011 10 29  7 10   2455876.62 2011 11 11  2 58
 2455904.97 2011 12  9 11 22   2455918.03 2011 12 22 12 42   2455931.08 2012  1  4 14  2
 2455958.97 2012  2  1 11 20   2455972.26 2012  2 14 18 13   2455985.55 2012  2 28  1  5
 2456012.97 2012  3 26 11 19   2456026.49 2012  4  8 23 44   2456040.01 2012  4 22 12  9
 2456066.97 2012  5 19 11 17   2456080.72 2012  6  2  5 15   2456094.47 2012  6 15 23 13
 2456120.97 2012  7 12 11 16   2456134.95 2012  7 26 10 46   2456148.93 2012  8  9 10 17
 2456174.97 2012  9  4 11 14   2456189.18 2012  9 18 16 18   2456203.39 2012 10  2 21 21
 2456228.97 2012 10 28 11 13   2456243.41 2012 11 11 21 49   2456257.85 2012 11 26  8 25
 2456282.97 2012 12 21 11 12   2456297.64 2013  1  5  3 20   2456312.31 2013  1 19 19 28
 2456336.97 2013  2 13 11 10   2456351.87 2013  2 28  8 51   2456366.77 2013  3 15  6 32
 2456390.96 2013  4  8 11  9   2456406.10 2013  4 23 14 22   2456421.23 2013  5  8 17 36
 2456444.96 2013  6  1 11  7   2456460.33 2013  6 16 19 54   2456475.69 2013  7  2  4 40
 2456498.96 2013  7 25 11  6   2456514.56 2013  8 10  1 25   2456530.16 2013  8 25 15 44
 2456552.96 2013  9 17 11  4   2456568.79 2013 10  3  6 56   2456584.62 2013 10 19  2 48
 2456606.96 2013 11 10 11  3   2456623.02 2013 11 26 12 27   2456639.08 2013 12 12 13 52
 2456660.96 2014  1  3 11  2   2456677.25 2014  1 19 17 58   2456693.54 2014  2  5  0 55
 2456714.96 2014  2 26 11  0   2456731.48 2014  3 14 23 30   2456748.00 2014  3 31 11 59
 2456768.96 2014  4 21 10 59   2456785.71 2014  5  8  5  1   2456802.46 2014  5 24 23  3
 2456822.96 2014  6 14 10 57   2456839.94 2014  7  1 10 32   2456856.92 2014  7 18 10  7
 2456876.96 2014  8  7 10 56   2456894.17 2014  8 24 16  3   2456911.38 2014  9 10 21 11
 2456930.95 2014  9 30 10 54   2456948.40 2014 10 17 21 34   2456965.84 2014 11  4  8 15
 2456984.95 2014 11 23 10 53   2457002.63 2014 12 11  3  6   2457020.30 2014 12 28 19 18
 2457038.95 2015  1 16 10 51   2457056.86 2015  2  3  8 37   2457074.77 2015  2 21  6 22
 2457092.95 2015  3 11 10 50   2457111.09 2015  3 29 14  8   2457129.23 2015  4 16 17 26
 2457146.95 2015  5  4 10 49   2457165.32 2015  5 22 19 39   2457183.69 2015  6 10  4 30
 2457200.95 2015  6 27 10 47   2457219.55 2015  7 16  1 10   2457238.15 2015  8  3 15 34
 2457254.95 2015  8 20 10 46   2457273.78 2015  9  8  6 42   2457292.61 2015  9 27  2 38
 2457308.95 2015 10 13 10 44   2457328.01 2015 11  1 12 13   2457347.07 2015 11 20 13 41
 2457362.95 2015 12  6 10 43   2457382.24 2015 12 25 17 44   2457401.53 2016  1 14  0 45
 2457416.95 2016  1 29 10 41   2457436.47 2016  2 17 23 15   2457455.99 2016  3  8 11 49
 2457470.94 2016  3 23 10 40   2457490.70 2016  4 12  4 46   2457510.45 2016  5  1 22 53
 2457524.94 2016  5 16 10 38   2457544.93 2016  6  5 10 18   2457564.91 2016  6 25  9 57
 2457578.94 2016  7  9 10 37   2457599.16 2016  7 29 15 49   2457619.38 2016  8 18 21  1
 2457632.94 2016  9  1 10 36   2457653.39 2016  9 21 21 20   2457673.84 2016 10 12  8  4
 2457686.94 2016 10 25 10 34   2457707.62 2016 11 15  2 51   2457728.30 2016 12  5 19  8
 2457740.94 2016 12 18 10 33   2457761.85 2017  1  8  8 22   2457782.76 2017  1 29  6 12
 2457794.94 2017  2 10 10 31   2457816.08 2017  3  3 13 54   2457837.22 2017  3 24 17 16
 2457848.94 2017  4  5 10 30   2457870.31 2017  4 26 19 25   2457891.68 2017  5 18  4 20
 2457902.94 2017  5 29 10 28   2457924.54 2017  6 20  0 56   2457946.14 2017  7 11 15 24
 2457956.94 2017  7 22 10 27   2457978.77 2017  8 13  6 27   2458000.60 2017  9  4  2 28
 2458010.93 2017  9 14 10 26   2458033.00 2017 10  6 11 58   2458055.06 2017 10 28 13 31
 2458064.93 2017 11  7 10 24   2458087.23 2017 11 29 17 30   2458109.52 2017 12 22  0 35
 2458118.93 2017 12 31 10 23   2458141.46 2018  1 22 23  1   2458163.99 2018  2 14 11 39
 2458172.93 2018  2 23 10 21   2458195.69 2018  3 18  4 32   2458218.45 2018  4  9 22 43
 2458226.93 2018  4 18 10 20   2458249.92 2018  5 11 10  3   2458272.91 2018  6  3  9 47
 2458280.93 2018  6 11 10 18   2458304.15 2018  7  4 15 34   2458327.37 2018  7 27 20 51
 2458334.93 2018  8  4 10 17   2458358.38 2018  8 27 21  6   2458381.83 2018  9 20  7 54
 2458388.93 2018  9 27 10 15   2458412.61 2018 10 21  2 37   2458436.29 2018 11 13 18 58
 2458442.93 2018 11 20 10 14   2458466.84 2018 12 14  8  8   2458490.75 2019  1  7  6  2
 2458496.93 2019  1 13 10 13   2458521.07 2019  2  6 13 39   2458545.21 2019  3  2 17  6
 2458550.92 2019  3  8 10 11   2458575.30 2019  4  1 19 10   2458599.67 2019  4 26  4 10
 2458604.92 2019  5  1 10 10   2458629.53 2019  5 26  0 42   2458654.13 2019  6 19 15 14
 2458658.92 2019  6 24 10  8   2458683.76 2019  7 19  6 13   2458708.60 2019  8 13  2 17
 2458712.92 2019  8 17 10  7   2458737.99 2019  9 11 11 44   2458763.06 2019 10  6 13 21
 2458766.92 2019 10 10 10  5   2458792.22 2019 11  4 17 15   2458817.52 2019 11 30  0 25
 2458820.92 2019 12  3 10  4   2458846.45 2019 12 28 22 46   2458871.98 2020  1 23 11 29
 2458874.92 2020  1 26 10  2   2458900.68 2020  2 21  4 18   2458926.44 2020  3 17 22 33
 2458928.92 2020  3 20 10  1   2458954.91 2020  4 15  9 49   2458980.90 2020  5 11  9 37
 2458982.92 2020  5 13 10  0   2459009.14 2020  6  8 15 20   2459035.36 2020  7  4 20 40
 2459036.92 2020  7  6  9 58   2459063.37 2020  8  1 20 51   2459089.82 2020  8 28  7 44
 2459090.91 2020  8 29  9 57   2459117.60 2020  9 25  2 22   2459144.28 2020 10 21 18 48
 2459144.91 2020 10 22  9 55   2459171.83 2020 11 18  7 54   2459198.74 2020 12 15  5 52
 2459198.91 2020 12 15  9 54   2459226.06 2021  1 11 13 25   2459253.21 2021  2  7 16 56
 2459252.91 2021  2  7  9 52   2459280.29 2021  3  6 18 56   2459307.67 2021  4  3  4  0
 2459306.91 2021  4  2  9 51   2459334.52 2021  4 30  0 27   2459362.13 2021  5 27 15  4
 2459360.91 2021  5 26  9 50   2459388.75 2021  6 23  5 58   2459416.59 2021  7 21  2  7
 2459414.91 2021  7 19  9 48   2459442.98 2021  8 16 11 30   2459471.05 2021  9 13 13 11
 2459468.91 2021  9 11  9 47   2459497.21 2021 10  9 17  1   2459525.51 2021 11  7  0 15
 2459522.91 2021 11  4  9 45   2459551.44 2021 12  2 22 32   2459579.97 2021 12 31 11 19
 2459576.91 2021 12 28  9 44   2459605.67 2022  1 26  4  3   2459634.43 2022  2 23 22 23
 2459630.90 2022  2 20  9 42   2459659.90 2022  3 21  9 34   2459688.89 2022  4 19  9 27
 2459684.90 2022  4 15  9 41   2459714.13 2022  5 14 15  6   2459743.35 2022  6 12 20 30
 2459738.90 2022  6  8  9 39   2459768.36 2022  7  7 20 37   2459797.82 2022  8  6  7 34
 2459792.90 2022  8  1  9 38   2459822.59 2022  8 31  2  8   2459852.28 2022  9 29 18 38
 2459846.90 2022  9 24  9 37   2459876.82 2022 10 24  7 39   2459906.74 2022 11 23  5 42
 2459900.90 2022 11 17  9 35   2459931.05 2022 12 17 13 10   2459961.20 2023  1 16 16 46
 2459954.90 2023  1 10  9 34   2459985.28 2023  2  9 18 42   2460015.66 2023  3 12  3 50
 2460008.90 2023  3  5  9 32   2460039.51 2023  4  5  0 13   2460070.12 2023  5  5 14 53
 2460062.90 2023  4 28  9 31   2460093.74 2023  5 29  5 44   2460124.58 2023  6 29  1 57
 2460116.90 2023  6 21  9 29   2460147.97 2023  7 22 11 15   2460179.04 2023  8 22 13  1
 2460170.89 2023  8 14  9 28   2460202.20 2023  9 14 16 46   2460233.50 2023 10 16  0  5
 2460224.89 2023 10  7  9 26   2460256.43 2023 11  7 22 18   2460287.96 2023 12  9 11  9
 2460278.89 2023 11 30  9 25   2460310.66 2024  1  1  3 49   2460342.43 2024  2  1 22 13
 2460332.89 2024  1 23  9 24   2460364.89 2024  2 24  9 20   2460396.89 2024  3 27  9 16
 2460386.89 2024  3 17  9 22   2460419.12 2024  4 18 14 51   2460451.35 2024  5 20 20 20
 2460440.89 2024  5 10  9 21   2460473.35 2024  6 11 20 22   2460505.81 2024  7 14  7 24
 2460494.89 2024  7  3  9 19   2460527.58 2024  8  5  1 54   2460560.27 2024  9  6 18 28
 2460548.89 2024  8 26  9 18   2460581.81 2024  9 28  7 25   2460614.73 2024 10 31  5 32
 2460602.89 2024 10 19  9 16   2460636.04 2024 11 21 12 56   2460669.19 2024 12 24 16 36
 2460656.89 2024 12 12  9 15   2460690.27 2025  1 14 18 27   2460723.65 2025  2 17  3 40
 2460710.88 2025  2  4  9 14   2460744.50 2025  3  9 23 58   2460778.11 2025  4 12 14 43
 2460764.88 2025  3 30  9 12   2460798.73 2025  5  3  5 30   2460832.57 2025  6  6  1 47
 2460818.88 2025  5 23  9 11   2460852.96 2025  6 26 11  1   2460887.04 2025  7 30 12 51
 2460872.88 2025  7 16  9  9   2460907.19 2025  8 19 16 32   2460941.50 2025  9 22 23 55
 2460926.88 2025  9  8  9  8   2460961.42 2025 10 12 22  3   2460995.96 2025 11 16 10 59
 2460980.88 2025 11  1  9  6   2461015.65 2025 12  6  3 34   2461050.42 2026  1  9 22  3
 2461034.88 2025 12 25  9  5   2461069.88 2026  1 29  9  6   2461104.88 2026  3  5  9  6
 2461088.88 2026  2 17  9  3   2461124.11 2026  3 24 14 37   2461159.34 2026  4 28 20 10
 2461142.88 2026  4 12  9  2   2461178.34 2026  5 17 20  8   2461213.80 2026  6 22  7 14
 2461196.88 2026  6  5  9  1   2461232.57 2026  7 11  1 39   2461268.26 2026  8 15 18 18
 2461250.87 2026  7 29  8 59   2461286.80 2026  9  3  7 10   2461322.72 2026 10  9  5 22
 2461304.87 2026  9 21  8 58   2461341.03 2026 10 27 12 42   2461377.18 2026 12  2 16 26
 2461358.87 2026 11 14  8 56   2461395.26 2026 12 20 18 13   2461431.65 2027  1 26  3 29
 2461412.87 2027  1  7  8 55   2461449.49 2027  2 12 23 44   2461486.11 2027  3 21 14 33
 2461466.87 2027  3  2  8 53   2461503.72 2027  4  8  5 15   2461540.57 2027  5 15  1 37
 2461520.87 2027  4 25  8 52   2461557.95 2027  6  1 10 46   2461595.03 2027  7  8 12 41
 2461574.87 2027  6 18  8 50   2461612.18 2027  7 25 16 18   2461649.49 2027  8 31 23 45
 2461628.87 2027  8 11  8 49   2461666.41 2027  9 17 21 49   2461703.95 2027 10 25 10 49
 2461682.87 2027 10  4  8 48   2461720.64 2027 11 11  3 20   2461758.41 2027 12 18 21 52
 2461736.87 2027 11 27  8 46   2461774.87 2028  1  4  8 51   2461812.87 2028  2 11  8 56
 2461790.86 2028  1 20  8 45   2461829.10 2028  2 27 14 22   2461867.33 2028  4  5 20  0
 2461844.86 2028  3 14  8 43   2461883.33 2028  4 21 19 54   2461921.79 2028  5 30  7  4
