 Predicted Transit Epochs: HD37124__ b

 Predicted Duration of a Central Transit:    10.   Hours

 Begin Transit Window           PREDICTED CENTRAL TRANSIT     End Transit Window
                                     All Times UT

                               HJD        Year M  D  H  M
 2455050.11 2009  8  6 14 37   2455076.72 2009  9  2  5 22   2455103.34 2009  9 28 20  7
 2455203.97 2010  1  7 11 15   2455231.08 2010  2  3 14  0   2455258.20 2010  3  2 16 45
 2455357.83 2010  6 10  7 53   2455385.44 2010  7  7 22 38   2455413.06 2010  8  4 13 23
 2455511.69 2010 11 11  4 32   2455539.80 2010 12  9  7 17   2455567.92 2011  1  6 10  2
 2455665.55 2011  4 14  1 10   2455694.16 2011  5 12 15 55   2455722.78 2011  6 10  6 40
 2455819.41 2011  9 14 21 49   2455848.52 2011 10 14  0 34   2455877.64 2011 11 12  3 19
 2455973.27 2012  2 15 18 27   2456002.88 2012  3 16  9 12   2456032.50 2012  4 14 23 57
 2456127.13 2012  7 18 15  5   2456157.24 2012  8 17 17 50   2456187.36 2012  9 16 20 35
 2456280.99 2012 12 19 11 44   2456311.60 2013  1 19  2 29   2456342.22 2013  2 18 17 14
 2456434.85 2013  5 22  8 22   2456465.96 2013  6 22 11  7   2456497.08 2013  7 23 13 52
 2456588.71 2013 10 23  5  1   2456620.32 2013 11 23 19 46   2456651.94 2013 12 25 10 31
 2456742.57 2014  3 26  1 39   2456774.68 2014  4 27  4 24   2456806.80 2014  5 29  7  9
 2456896.43 2014  8 26 22 17   2456929.04 2014  9 28 13  2   2456961.66 2014 10 31  3 47
 2457050.29 2015  1 27 18 56   2457083.40 2015  3  1 21 41   2457116.52 2015  4  4  0 26
 2457204.15 2015  6 30 15 34   2457237.76 2015  8  3  6 19   2457271.38 2015  9  5 21  4
 2457358.01 2015 12  1 12 13   2457392.12 2016  1  4 14 58   2457426.24 2016  2  7 17 43
 2457511.87 2016  5  3  8 51   2457546.48 2016  6  6 23 36   2457581.10 2016  7 11 14 21
 2457665.73 2016 10  4  5 29   2457700.84 2016 11  8  8 14   2457735.96 2016 12 13 10 59
 2457819.59 2017  3  7  2  8   2457855.20 2017  4 11 16 53   2457890.82 2017  5 17  7 38
 2457973.45 2017  8  7 22 46   2458009.56 2017  9 13  1 31   2458045.68 2017 10 19  4 16
 2458127.31 2018  1  8 19 25   2458163.92 2018  2 14 10 10   2458200.54 2018  3 23  0 55
 2458281.17 2018  6 11 16  3   2458318.28 2018  7 18 18 48   2458355.40 2018  8 24 21 33
 2458435.03 2018 11 12 12 41   2458472.64 2018 12 20  3 26   2458510.26 2019  1 26 18 11
 2458588.89 2019  4 15  9 20   2458627.00 2019  5 23 12  5   2458665.12 2019  6 30 14 50
 2458742.75 2019  9 16  5 58   2458781.36 2019 10 24 20 43   2458819.98 2019 12  2 11 28
 2458896.61 2020  2 17  2 37   2458935.72 2020  3 27  5 22   2458974.84 2020  5  5  8  7
 2459050.47 2020  7 19 23 15   2459090.08 2020  8 28 14  0   2459129.70 2020 10  7  4 45
 2459204.33 2020 12 20 19 53   2459244.44 2021  1 29 22 38   2459284.56 2021  3 11  1 23
 2459358.19 2021  5 23 16 32   2459398.80 2021  7  3  7 17   2459439.42 2021  8 12 22  2
 2459512.05 2021 10 24 13 10   2459553.16 2021 12  4 15 55   2459594.28 2022  1 14 18 40
 2459665.91 2022  3 27  9 49   2459707.52 2022  5  8  0 34   2459749.14 2022  6 18 15 19
 2459819.77 2022  8 28  6 27   2459861.88 2022 10  9  9 12   2459904.00 2022 11 20 11 57
 2459973.63 2023  1 29  3  5   2460016.24 2023  3 12 17 50   2460058.86 2023  4 24  8 35
 2460127.49 2023  7  1 23 44   2460170.60 2023  8 14  2 29   2460213.72 2023  9 26  5 14
 2460281.35 2023 12  2 20 22   2460324.96 2024  1 15 11  7   2460368.58 2024  2 28  1 52
 2460435.21 2024  5  4 17  1   2460479.32 2024  6 17 19 46   2460523.44 2024  7 31 22 31
 2460589.07 2024 10  5 13 39   2460633.68 2024 11 19  4 24   2460678.30 2025  1  2 19  9
 2460742.93 2025  3  8 10 17   2460788.04 2025  4 22 13  2   2460833.16 2025  6  6 15 47
 2460896.79 2025  8  9  6 56   2460942.40 2025  9 23 21 41   2460988.02 2025 11  8 12 26
 2461050.65 2026  1 10  3 34   2461096.76 2026  2 25  6 19   2461142.88 2026  4 12  9  4
 2461204.51 2026  6 13  0 13   2461251.12 2026  7 29 14 58   2461297.74 2026  9 14  5 43
 2461358.37 2026 11 13 20 51   2461405.48 2026 12 30 23 36   2461452.60 2027  2 16  2 21
 2461512.23 2027  4 16 17 29   2461559.84 2027  6  3  8 14   2461607.46 2027  7 20 22 59
 2461666.09 2027  9 17 14  8   2461714.20 2027 11  4 16 53   2461762.32 2027 12 22 19 38
 2461819.95 2028  2 18 10 46   2461868.56 2028  4  7  1 31   2461917.18 2028  5 25 16 16
 2461973.81 2028  7 21  7 25   2462022.92 2028  9  8 10 10   2462072.04 2028 10 27 12 55
 2462127.67 2028 12 22  4  3   2462177.28 2029  2  9 18 48   2462226.90 2029  3 31  9 33
 2462281.53 2029  5 25  0 41   2462331.64 2029  7 14  3 26   2462381.76 2029  9  2  6 11
 2462435.39 2029 10 25 21 20   2462486.00 2029 12 15 12  5   2462536.62 2030  2  4  2 50
