 Predicted Transit Epochs: HD38529__ b

 Predicted Duration of a Central Transit:     8.   Hours

 Begin Transit Window           PREDICTED CENTRAL TRANSIT     End Transit Window
                                     All Times UT

                               HJD        Year M  D  H  M
 2456759.17 2014  4 11 15 59   2456760.29 2014  4 12 18 52   2456761.41 2014  4 13 21 45
 2456773.48 2014  4 25 23 24   2456774.60 2014  4 27  2 19   2456775.72 2014  4 28  5 14
 2456787.79 2014  5 10  6 50   2456788.91 2014  5 11  9 46   2456790.03 2014  5 12 12 42
 2456802.09 2014  5 24 14 16   2456803.22 2014  5 25 17 13   2456804.34 2014  5 26 20 11
 2456816.40 2014  6  7 21 41   2456817.53 2014  6  9  0 40   2456818.65 2014  6 10  3 40
 2456830.71 2014  6 22  5  7   2456831.84 2014  6 23  8  8   2456832.96 2014  6 24 11  8
 2456845.02 2014  7  6 12 33   2456846.15 2014  7  7 15 35   2456847.28 2014  7  8 18 37
 2456859.33 2014  7 20 19 58   2456860.46 2014  7 21 23  2   2456861.59 2014  7 23  2  5
 2456873.64 2014  8  4  3 24   2456874.77 2014  8  5  6 29   2456875.90 2014  8  6  9 34
 2456887.95 2014  8 18 10 50   2456889.08 2014  8 19 13 56   2456890.21 2014  8 20 17  2
 2456902.26 2014  9  1 18 15   2456903.39 2014  9  2 21 23   2456904.52 2014  9  4  0 31
 2456916.57 2014  9 16  1 41   2456917.70 2014  9 17  4 50   2456918.83 2014  9 18  7 59
 2456930.88 2014  9 30  9  7   2456932.01 2014 10  1 12 17   2456933.14 2014 10  2 15 28
 2456945.19 2014 10 14 16 32   2456946.32 2014 10 15 19 44   2456947.46 2014 10 16 22 56
 2456959.50 2014 10 28 23 58   2456960.63 2014 10 30  3 11   2456961.77 2014 10 31  6 25
 2456973.81 2014 11 12  7 24   2456974.94 2014 11 13 10 39   2456976.08 2014 11 14 13 53
 2456988.12 2014 11 26 14 49   2456989.25 2014 11 27 18  6   2456990.39 2014 11 28 21 22
 2457002.43 2014 12 10 22 15   2457003.56 2014 12 12  1 33   2457004.70 2014 12 13  4 50
 2457016.74 2014 12 25  5 41   2457017.88 2014 12 26  9  0   2457019.01 2014 12 27 12 19
 2457031.05 2015  1  8 13  6   2457032.19 2015  1  9 16 27   2457033.33 2015  1 10 19 48
 2457045.36 2015  1 22 20 32   2457046.50 2015  1 23 23 54   2457047.64 2015  1 25  3 16
 2457059.67 2015  2  6  3 58   2457060.81 2015  2  7  7 21   2457061.95 2015  2  8 10 45
 2457073.97 2015  2 20 11 23   2457075.12 2015  2 21 14 48   2457076.26 2015  2 22 18 13
 2457088.28 2015  3  6 18 49   2457089.43 2015  3  7 22 15   2457090.57 2015  3  9  1 42
 2457102.59 2015  3 21  2 14   2457103.74 2015  3 22  5 42   2457104.88 2015  3 23  9 10
 2457116.90 2015  4  4  9 40   2457118.05 2015  4  5 13  9   2457119.19 2015  4  6 16 39
 2457131.21 2015  4 18 17  6   2457132.36 2015  4 19 20 37   2457133.51 2015  4 21  0  7
 2457145.52 2015  5  3  0 31   2457146.67 2015  5  4  4  4   2457147.82 2015  5  5  7 36
 2457159.83 2015  5 17  7 57   2457160.98 2015  5 18 11 31   2457162.13 2015  5 19 15  4
 2457174.14 2015  5 31 15 23   2457175.29 2015  6  1 18 58   2457176.44 2015  6  2 22 33
 2457188.45 2015  6 14 22 48   2457189.60 2015  6 16  2 25   2457190.75 2015  6 17  6  1
 2457202.76 2015  6 29  6 14   2457203.91 2015  6 30  9 52   2457205.06 2015  7  1 13 30
 2457217.07 2015  7 13 13 40   2457218.22 2015  7 14 17 19   2457219.37 2015  7 15 20 58
 2457231.38 2015  7 27 21  5   2457232.53 2015  7 29  0 46   2457233.69 2015  7 30  4 27
 2457245.69 2015  8 11  4 31   2457246.84 2015  8 12  8 13   2457248.00 2015  8 13 11 56
 2457260.00 2015  8 25 11 57   2457261.15 2015  8 26 15 40   2457262.31 2015  8 27 19 24
 2457274.31 2015  9  8 19 22   2457275.46 2015  9  9 23  7   2457276.62 2015  9 11  2 53
 2457288.62 2015  9 23  2 48   2457289.77 2015  9 24  6 35   2457290.93 2015  9 25 10 21
 2457302.93 2015 10  7 10 14   2457304.08 2015 10  8 14  2   2457305.24 2015 10  9 17 50
 2457317.24 2015 10 21 17 39   2457318.40 2015 10 22 21 29   2457319.55 2015 10 24  1 18
 2457331.55 2015 11  5  1  5   2457332.71 2015 11  6  4 56   2457333.87 2015 11  7  8 47
 2457345.85 2015 11 19  8 31   2457347.02 2015 11 20 12 23   2457348.18 2015 11 21 16 15
 2457360.16 2015 12  3 15 56   2457361.33 2015 12  4 19 50   2457362.49 2015 12  5 23 44
 2457374.47 2015 12 17 23 22   2457375.64 2015 12 19  3 17   2457376.80 2015 12 20  7 12
 2457388.78 2016  1  1  6 48   2457389.95 2016  1  2 10 44   2457391.11 2016  1  3 14 41
 2457403.09 2016  1 15 14 13   2457404.26 2016  1 16 18 11   2457405.42 2016  1 17 22  9
 2457417.40 2016  1 29 21 39   2457418.57 2016  1 31  1 38   2457419.74 2016  2  1  5 38
 2457431.71 2016  2 13  5  4   2457432.88 2016  2 14  9  5   2457434.05 2016  2 15 13  6
 2457446.02 2016  2 27 12 30   2457447.19 2016  2 28 16 33   2457448.36 2016  2 29 20 35
 2457460.33 2016  3 12 19 56   2457461.50 2016  3 14  0  0   2457462.67 2016  3 15  4  4
 2457474.64 2016  3 27  3 21   2457475.81 2016  3 28  7 27   2457476.98 2016  3 29 11 32
 2457488.95 2016  4 10 10 47   2457490.12 2016  4 11 14 54   2457491.29 2016  4 12 19  1
 2457503.26 2016  4 24 18 13   2457504.43 2016  4 25 22 21   2457505.60 2016  4 27  2 29
 2457517.57 2016  5  9  1 38   2457518.74 2016  5 10  5 48   2457519.92 2016  5 11  9 58
 2457531.88 2016  5 23  9  4   2457533.05 2016  5 24 13 15   2457534.23 2016  5 25 17 26
 2457546.19 2016  6  6 16 30   2457547.36 2016  6  7 20 42   2457548.54 2016  6  9  0 55
 2457560.50 2016  6 20 23 55   2457561.67 2016  6 22  4  9   2457562.85 2016  6 23  8 23
 2457574.81 2016  7  5  7 21   2457575.98 2016  7  6 11 36   2457577.16 2016  7  7 15 52
 2457589.12 2016  7 19 14 47   2457590.29 2016  7 20 19  3   2457591.47 2016  7 21 23 20
 2457603.43 2016  8  2 22 12   2457604.60 2016  8  4  2 31   2457605.78 2016  8  5  6 49
 2457617.74 2016  8 17  5 38   2457618.92 2016  8 18  9 58   2457620.10 2016  8 19 14 17
