 Predicted Transit Epochs: HD40307__ d

 Predicted Duration of a Central Transit:   227. Minutes

 Begin Transit Window           PREDICTED CENTRAL TRANSIT     End Transit Window
                                     All Times UT

                               HJD        Year M  D  H  M
 2454925.71 2009  4  4  5  7   2454926.28 2009  4  4 18 36   2454926.84 2009  4  5  8  4
 2454946.16 2009  4 24 15 55   2454946.74 2009  4 25  5 38   2454947.31 2009  4 25 19 21
 2454966.61 2009  5 15  2 43   2454967.20 2009  5 15 16 40   2454967.78 2009  5 16  6 38
 2454987.06 2009  6  4 13 31   2454987.66 2009  6  5  3 43   2454988.25 2009  6  5 17 54
 2455007.51 2009  6 25  0 19   2455008.12 2009  6 25 14 45   2455008.72 2009  6 26  5 11
 2455027.96 2009  7 15 11  7   2455028.58 2009  7 16  1 48   2455029.19 2009  7 16 16 28
 2455048.41 2009  8  4 21 55   2455049.04 2009  8  5 12 50   2455049.66 2009  8  6  3 45
 2455068.86 2009  8 25  8 43   2455069.50 2009  8 25 23 52   2455070.13 2009  8 26 15  2
 2455089.31 2009  9 14 19 31   2455089.96 2009  9 15 10 55   2455090.60 2009  9 16  2 18
 2455109.76 2009 10  5  6 19   2455110.42 2009 10  5 21 57   2455111.07 2009 10  6 13 35
 2455130.21 2009 10 25 17  7   2455130.88 2009 10 26  9  0   2455131.54 2009 10 27  0 52
 2455150.66 2009 11 15  3 55   2455151.33 2009 11 15 20  2   2455152.01 2009 11 16 12  9
 2455171.11 2009 12  5 14 43   2455171.79 2009 12  6  7  4   2455172.48 2009 12  6 23 26
 2455191.56 2009 12 26  1 31   2455192.26 2009 12 26 18  7   2455192.95 2009 12 27 10 42
 2455212.01 2010  1 15 12 19   2455212.72 2010  1 16  5  9   2455213.42 2010  1 16 21 59
 2455232.46 2010  2  4 23  7   2455233.18 2010  2  5 16 12   2455233.89 2010  2  6  9 16
 2455252.91 2010  2 25  9 55   2455253.64 2010  2 26  3 14   2455254.36 2010  2 26 20 33
 2455273.36 2010  3 17 20 43   2455274.10 2010  3 18 14 16   2455274.83 2010  3 19  7 50
 2455293.81 2010  4  7  7 31   2455294.56 2010  4  8  1 19   2455295.30 2010  4  8 19  6
 2455314.26 2010  4 27 18 19   2455315.02 2010  4 28 12 21   2455315.77 2010  4 29  6 23
 2455334.71 2010  5 18  5  7   2455335.48 2010  5 18 23 24   2455336.24 2010  5 19 17 40
 2455355.16 2010  6  7 15 55   2455355.94 2010  6  8 10 26   2455356.71 2010  6  9  4 57
 2455375.61 2010  6 28  2 43   2455376.40 2010  6 28 21 28   2455377.18 2010  6 29 16 14
 2455396.06 2010  7 18 13 31   2455396.85 2010  7 19  8 31   2455397.65 2010  7 20  3 30
 2455416.51 2010  8  8  0 19   2455417.31 2010  8  8 19 33   2455418.12 2010  8  9 14 47
 2455436.96 2010  8 28 11  7   2455437.78 2010  8 29  6 36   2455438.59 2010  8 30  2  4
 2455457.41 2010  9 17 21 55   2455458.24 2010  9 18 17 38   2455459.06 2010  9 19 13 21
 2455477.86 2010 10  8  8 43   2455478.70 2010 10  9  4 40   2455479.53 2010 10 10  0 38
 2455498.31 2010 10 28 19 31   2455499.16 2010 10 29 15 43   2455500.00 2010 10 30 11 54
 2455518.76 2010 11 18  6 19   2455519.62 2010 11 19  2 45   2455520.47 2010 11 19 23 11
 2455539.21 2010 12  8 17  7   2455540.08 2010 12  9 13 48   2455540.94 2010 12 10 10 28
 2455559.66 2010 12 29  3 55   2455560.54 2010 12 30  0 50   2455561.41 2010 12 30 21 45
 2455580.11 2011  1 18 14 43   2455581.00 2011  1 19 11 52   2455581.88 2011  1 20  9  2
 2455600.56 2011  2  8  1 31   2455601.46 2011  2  8 22 55   2455602.35 2011  2  9 20 18
 2455621.01 2011  2 28 12 19   2455621.92 2011  3  1  9 57   2455622.82 2011  3  2  7 35
 2455641.46 2011  3 20 23  7   2455642.38 2011  3 21 21  0   2455643.29 2011  3 22 18 52
 2455661.91 2011  4 10  9 55   2455662.83 2011  4 11  8  2   2455663.76 2011  4 12  6  9
 2455682.36 2011  4 30 20 43   2455683.29 2011  5  1 19  4   2455684.23 2011  5  2 17 26
 2455702.81 2011  5 21  7 31   2455703.76 2011  5 22  6  7   2455704.70 2011  5 23  4 42
 2455723.26 2011  6 10 18 19   2455724.22 2011  6 11 17  9   2455725.17 2011  6 12 15 59
 2455743.71 2011  7  1  5  7   2455744.68 2011  7  2  4 12   2455745.64 2011  7  3  3 16
 2455764.16 2011  7 21 15 55   2455765.14 2011  7 22 15 14   2455766.11 2011  7 23 14 33
 2455784.61 2011  8 11  2 43   2455785.60 2011  8 12  2 16   2455786.58 2011  8 13  1 50
 2455805.06 2011  8 31 13 31   2455806.06 2011  9  1 13 19   2455807.05 2011  9  2 13  6
 2455825.51 2011  9 21  0 19   2455826.52 2011  9 22  0 21   2455827.52 2011  9 23  0 23
 2455845.96 2011 10 11 11  7   2455846.98 2011 10 12 11 24   2455847.99 2011 10 13 11 40
 2455866.41 2011 10 31 21 55   2455867.44 2011 11  1 22 26   2455868.46 2011 11  2 22 57
 2455886.86 2011 11 21  8 43   2455887.90 2011 11 22  9 28   2455888.93 2011 11 23 10 14
 2455907.31 2011 12 11 19 31   2455908.35 2011 12 12 20 31   2455909.40 2011 12 13 21 30
 2455927.76 2012  1  1  6 19   2455928.81 2012  1  2  7 33   2455929.87 2012  1  3  8 47
 2455948.21 2012  1 21 17  7   2455949.28 2012  1 22 18 36   2455950.34 2012  1 23 20  4
 2455968.66 2012  2 11  3 55   2455969.74 2012  2 12  5 38   2455970.81 2012  2 13  7 21
 2455989.11 2012  3  2 14 43   2455990.20 2012  3  3 16 40   2455991.28 2012  3  4 18 38
 2456009.56 2012  3 23  1 31   2456010.66 2012  3 24  3 43   2456011.75 2012  3 25  5 54
 2456030.01 2012  4 12 12 19   2456031.12 2012  4 13 14 45   2456032.22 2012  4 14 17 11
 2456050.46 2012  5  2 23  7   2456051.58 2012  5  4  1 48   2456052.69 2012  5  5  4 28
 2456070.91 2012  5 23  9 55   2456072.04 2012  5 24 12 50   2456073.16 2012  5 25 15 45
 2456091.36 2012  6 12 20 43   2456092.50 2012  6 13 23 52   2456093.63 2012  6 15  3  2
 2456111.81 2012  7  3  7 31   2456112.96 2012  7  4 10 55   2456114.10 2012  7  5 14 18
 2456132.26 2012  7 23 18 19   2456133.42 2012  7 24 21 57   2456134.57 2012  7 26  1 35
 2456152.71 2012  8 13  5  7   2456153.88 2012  8 14  9  0   2456155.04 2012  8 15 12 52
 2456173.16 2012  9  2 15 55   2456174.33 2012  9  3 20  2   2456175.51 2012  9  5  0  9
 2456193.61 2012  9 23  2 43   2456194.79 2012  9 24  7  4   2456195.98 2012  9 25 11 26
 2456214.06 2012 10 13 13 31   2456215.26 2012 10 14 18  7   2456216.45 2012 10 15 22 42
 2456234.51 2012 11  3  0 19   2456235.72 2012 11  4  5  9   2456236.92 2012 11  5  9 59
 2456254.96 2012 11 23 11  7   2456256.18 2012 11 24 16 12   2456257.39 2012 11 25 21 16
 2456275.41 2012 12 13 21 55   2456276.64 2012 12 15  3 14   2456277.86 2012 12 16  8 33
 2456295.86 2013  1  3  8 43   2456297.10 2013  1  4 14 16   2456298.33 2013  1  5 19 50
 2456316.31 2013  1 23 19 31   2456317.56 2013  1 25  1 19   2456318.80 2013  1 26  7  6
 2456336.76 2013  2 13  6 19   2456338.02 2013  2 14 12 21   2456339.27 2013  2 15 18 23
 2456357.21 2013  3  5 17  7   2456358.48 2013  3  6 23 24   2456359.74 2013  3  8  5 40
 2456377.66 2013  3 26  3 55   2456378.94 2013  3 27 10 26   2456380.21 2013  3 28 16 57
 2456398.11 2013  4 15 14 43   2456399.40 2013  4 16 21 28   2456400.68 2013  4 18  4 14
 2456418.56 2013  5  6  1 31   2456419.85 2013  5  7  8 31   2456421.15 2013  5  8 15 30
 2456439.01 2013  5 26 12 19   2456440.31 2013  5 27 19 33   2456441.62 2013  5 29  2 47
 2456459.46 2013  6 15 23  7   2456460.78 2013  6 17  6 36   2456462.09 2013  6 18 14  4
 2456479.91 2013  7  6  9 55   2456481.24 2013  7  7 17 38   2456482.56 2013  7  9  1 21
 2456500.36 2013  7 26 20 43   2456501.70 2013  7 28  4 40   2456503.03 2013  7 29 12 38
 2456520.81 2013  8 16  7 31   2456522.16 2013  8 17 15 43   2456523.50 2013  8 18 23 54
 2456541.26 2013  9  5 18 19   2456542.62 2013  9  7  2 45   2456543.97 2013  9  8 11 11
 2456561.71 2013  9 26  5  7   2456563.08 2013  9 27 13 48   2456564.44 2013  9 28 22 28
 2456582.16 2013 10 16 15 55   2456583.54 2013 10 18  0 50   2456584.91 2013 10 19  9 45
 2456602.61 2013 11  6  2 43   2456604.00 2013 11  7 11 52   2456605.38 2013 11  8 21  2
 2456623.06 2013 11 26 13 31   2456624.46 2013 11 27 22 55   2456625.85 2013 11 29  8 18
 2456643.51 2013 12 17  0 19   2456644.92 2013 12 18  9 57   2456646.32 2013 12 19 19 35
 2456663.96 2014  1  6 11  7   2456665.38 2014  1  7 21  0   2456666.79 2014  1  9  6 52
 2456684.41 2014  1 26 21 55   2456685.83 2014  1 28  8  2   2456687.26 2014  1 29 18  9
 2456704.86 2014  2 16  8 43   2456706.29 2014  2 17 19  4   2456707.73 2014  2 19  5 26
 2456725.31 2014  3  8 19 31   2456726.76 2014  3 10  6  7   2456728.20 2014  3 11 16 42
 2456745.76 2014  3 29  6 19   2456747.22 2014  3 30 17  9   2456748.67 2014  4  1  3 59
 2456766.21 2014  4 18 17  7   2456767.68 2014  4 20  4 12   2456769.14 2014  4 21 15 16
 2456786.66 2014  5  9  3 55   2456788.14 2014  5 10 15 14   2456789.61 2014  5 12  2 33
 2456807.11 2014  5 29 14 43   2456808.60 2014  5 31  2 16   2456810.08 2014  6  1 13 50
 2456827.56 2014  6 19  1 31   2456829.06 2014  6 20 13 19   2456830.55 2014  6 22  1  6
 2456848.01 2014  7  9 12 19   2456849.52 2014  7 11  0 21   2456851.02 2014  7 12 12 23
 2456868.46 2014  7 29 23  7   2456869.98 2014  7 31 11 24   2456871.49 2014  8  1 23 40
 2456888.91 2014  8 19  9 55   2456890.44 2014  8 20 22 26   2456891.96 2014  8 22 10 57
 2456909.36 2014  9  8 20 43   2456910.90 2014  9 10  9 28   2456912.43 2014  9 11 22 14
 2456929.81 2014  9 29  7 31   2456931.35 2014  9 30 20 31   2456932.90 2014 10  2  9 30
 2456950.26 2014 10 19 18 19   2456951.81 2014 10 21  7 33   2456953.37 2014 10 22 20 47
 2456970.71 2014 11  9  5  7   2456972.28 2014 11 10 18 36   2456973.84 2014 11 12  8  4
 2456991.16 2014 11 29 15 55   2456992.74 2014 12  1  5 38   2456994.31 2014 12  2 19 21
 2457011.61 2014 12 20  2 43   2457013.20 2014 12 21 16 40   2457014.78 2014 12 23  6 38
 2457032.06 2015  1  9 13 31   2457033.66 2015  1 11  3 43   2457035.25 2015  1 12 17 54
 2457052.51 2015  1 30  0 19   2457054.12 2015  1 31 14 45   2457055.72 2015  2  2  5 11
 2457072.96 2015  2 19 11  7   2457074.58 2015  2 21  1 48   2457076.19 2015  2 22 16 28
 2457093.41 2015  3 11 21 55   2457095.04 2015  3 13 12 50   2457096.66 2015  3 15  3 45
 2457113.86 2015  4  1  8 43   2457115.50 2015  4  2 23 52   2457117.13 2015  4  4 15  2
 2457134.31 2015  4 21 19 31   2457135.96 2015  4 23 10 55   2457137.60 2015  4 25  2 18
 2457154.76 2015  5 12  6 19   2457156.42 2015  5 13 21 57   2457158.07 2015  5 15 13 35
 2457175.21 2015  6  1 17  7   2457176.88 2015  6  3  9  0   2457178.54 2015  6  5  0 52
 2457195.66 2015  6 22  3 55   2457197.33 2015  6 23 20  2   2457199.01 2015  6 25 12  9
 2457216.11 2015  7 12 14 43   2457217.79 2015  7 14  7  4   2457219.48 2015  7 15 23 26
 2457236.56 2015  8  2  1 31   2457238.26 2015  8  3 18  7   2457239.95 2015  8  5 10 42
 2457257.01 2015  8 22 12 19   2457258.72 2015  8 24  5  9   2457260.42 2015  8 25 21 59
 2457277.46 2015  9 11 23  7   2457279.18 2015  9 13 16 12   2457280.89 2015  9 15  9 16
 2457297.91 2015 10  2  9 55   2457299.64 2015 10  4  3 14   2457301.36 2015 10  5 20 33
 2457318.36 2015 10 22 20 43   2457320.10 2015 10 24 14 16   2457321.83 2015 10 26  7 50
 2457338.81 2015 11 12  7 31   2457340.56 2015 11 14  1 19   2457342.30 2015 11 15 19  6
 2457359.26 2015 12  2 18 19   2457361.02 2015 12  4 12 21   2457362.77 2015 12  6  6 23
 2457379.71 2015 12 23  5  7   2457381.48 2015 12 24 23 24   2457383.24 2015 12 26 17 40
 2457400.16 2016  1 12 15 55   2457401.94 2016  1 14 10 26   2457403.71 2016  1 16  4 57
 2457420.61 2016  2  2  2 43   2457422.40 2016  2  3 21 28   2457424.18 2016  2  5 16 14
 2457441.06 2016  2 22 13 31   2457442.85 2016  2 24  8 31   2457444.65 2016  2 26  3 30
 2457461.51 2016  3 14  0 19   2457463.31 2016  3 15 19 33   2457465.12 2016  3 17 14 47
 2457481.96 2016  4  3 11  7   2457483.78 2016  4  5  6 36   2457485.59 2016  4  7  2  4
 2457502.41 2016  4 23 21 55   2457504.24 2016  4 25 17 38   2457506.06 2016  4 27 13 21
 2457522.86 2016  5 14  8 43   2457524.70 2016  5 16  4 40   2457526.53 2016  5 18  0 38
 2457543.31 2016  6  3 19 31   2457545.16 2016  6  5 15 43   2457547.00 2016  6  7 11 54
 2457563.76 2016  6 24  6 19   2457565.62 2016  6 26  2 45   2457567.47 2016  6 27 23 11
 2457584.21 2016  7 14 17  7   2457586.08 2016  7 16 13 48   2457587.94 2016  7 18 10 28
 2457604.66 2016  8  4  3 55   2457606.54 2016  8  6  0 50   2457608.41 2016  8  7 21 45
 2457625.11 2016  8 24 14 43   2457627.00 2016  8 26 11 52   2457628.88 2016  8 28  9  2
 2457645.56 2016  9 14  1 31   2457647.46 2016  9 15 22 55   2457649.35 2016  9 17 20 18
 2457666.01 2016 10  4 12 19   2457667.92 2016 10  6  9 57   2457669.82 2016 10  8  7 35
 2457686.46 2016 10 24 23  7   2457688.38 2016 10 26 21  0   2457690.29 2016 10 28 18 52
 2457706.91 2016 11 14  9 55   2457708.83 2016 11 16  8  2   2457710.76 2016 11 18  6  9
 2457727.36 2016 12  4 20 43   2457729.29 2016 12  6 19  4   2457731.23 2016 12  8 17 26
 2457747.81 2016 12 25  7 31   2457749.76 2016 12 27  6  7   2457751.70 2016 12 29  4 42
 2457768.26 2017  1 14 18 19   2457770.22 2017  1 16 17  9   2457772.17 2017  1 18 15 59
 2457788.71 2017  2  4  5  7   2457790.68 2017  2  6  4 12   2457792.64 2017  2  8  3 16
 2457809.16 2017  2 24 15 55   2457811.14 2017  2 26 15 14   2457813.11 2017  2 28 14 33
 2457829.61 2017  3 17  2 43   2457831.60 2017  3 19  2 16   2457833.58 2017  3 21  1 50
 2457850.06 2017  4  6 13 31   2457852.06 2017  4  8 13 19   2457854.05 2017  4 10 13  6
 2457870.51 2017  4 27  0 19   2457872.52 2017  4 29  0 21   2457874.52 2017  5  1  0 23
 2457890.96 2017  5 17 11  7   2457892.98 2017  5 19 11 24   2457894.99 2017  5 21 11 40
 2457911.41 2017  6  6 21 55   2457913.44 2017  6  8 22 26   2457915.46 2017  6 10 22 57
 2457931.86 2017  6 27  8 43   2457933.90 2017  6 29  9 28   2457935.93 2017  7  1 10 14
 2457952.31 2017  7 17 19 31   2457954.35 2017  7 19 20 31   2457956.40 2017  7 21 21 30
 2457972.76 2017  8  7  6 19   2457974.81 2017  8  9  7 33   2457976.87 2017  8 11  8 47
 2457993.21 2017  8 27 17  7   2457995.28 2017  8 29 18 36   2457997.34 2017  8 31 20  4
 2458013.66 2017  9 17  3 55   2458015.74 2017  9 19  5 38   2458017.81 2017  9 21  7 21
 2458034.11 2017 10  7 14 43   2458036.20 2017 10  9 16 40   2458038.28 2017 10 11 18 38
 2458054.56 2017 10 28  1 31   2458056.66 2017 10 30  3 43   2458058.75 2017 11  1  5 54
 2458075.01 2017 11 17 12 19   2458077.12 2017 11 19 14 45   2458079.22 2017 11 21 17 11
 2458095.46 2017 12  7 23  7   2458097.58 2017 12 10  1 48   2458099.69 2017 12 12  4 28
 2458115.91 2017 12 28  9 55   2458118.04 2017 12 30 12 50   2458120.16 2018  1  1 15 45
 2458136.36 2018  1 17 20 43   2458138.50 2018  1 19 23 52   2458140.63 2018  1 22  3  2
 2458156.81 2018  2  7  7 31   2458158.96 2018  2  9 10 55   2458161.10 2018  2 11 14 18
 2458177.26 2018  2 27 18 19   2458179.42 2018  3  1 21 57   2458181.57 2018  3  4  1 35
 2458197.71 2018  3 20  5  7   2458199.88 2018  3 22  9  0   2458202.04 2018  3 24 12 52
 2458218.16 2018  4  9 15 55   2458220.33 2018  4 11 20  2   2458222.51 2018  4 14  0  9
 2458238.61 2018  4 30  2 43   2458240.79 2018  5  2  7  4   2458242.98 2018  5  4 11 26
 2458259.06 2018  5 20 13 31   2458261.26 2018  5 22 18  7   2458263.45 2018  5 24 22 42
 2458279.51 2018  6 10  0 19   2458281.72 2018  6 12  5  9   2458283.92 2018  6 14  9 59
 2458299.96 2018  6 30 11  7   2458302.18 2018  7  2 16 12   2458304.39 2018  7  4 21 16
 2458320.41 2018  7 20 21 55   2458322.64 2018  7 23  3 14   2458324.86 2018  7 25  8 33
 2458340.86 2018  8 10  8 43   2458343.10 2018  8 12 14 16   2458345.33 2018  8 14 19 50
 2458361.31 2018  8 30 19 31   2458363.56 2018  9  2  1 19   2458365.80 2018  9  4  7  6
 2458381.76 2018  9 20  6 19   2458384.02 2018  9 22 12 21   2458386.27 2018  9 24 18 23
 2458402.21 2018 10 10 17  7   2458404.48 2018 10 12 23 24   2458406.74 2018 10 15  5 40
 2458422.66 2018 10 31  3 55   2458424.94 2018 11  2 10 26   2458427.21 2018 11  4 16 57
 2458443.11 2018 11 20 14 43   2458445.40 2018 11 22 21 28   2458447.68 2018 11 25  4 14
 2458463.56 2018 12 11  1 31   2458465.85 2018 12 13  8 31   2458468.15 2018 12 15 15 30
 2458484.01 2018 12 31 12 19   2458486.31 2019  1  2 19 33   2458488.62 2019  1  5  2 47
 2458504.46 2019  1 20 23  7   2458506.78 2019  1 23  6 36   2458509.09 2019  1 25 14  4
 2458524.91 2019  2 10  9 55   2458527.24 2019  2 12 17 38   2458529.56 2019  2 15  1 21
 2458545.36 2019  3  2 20 43   2458547.70 2019  3  5  4 40   2458550.03 2019  3  7 12 38
 2458565.81 2019  3 23  7 31   2458568.16 2019  3 25 15 43   2458570.50 2019  3 27 23 54
 2458586.26 2019  4 12 18 19   2458588.62 2019  4 15  2 45   2458590.97 2019  4 17 11 11
 2458606.71 2019  5  3  5  7   2458609.08 2019  5  5 13 48   2458611.44 2019  5  7 22 28
 2458627.16 2019  5 23 15 55   2458629.54 2019  5 26  0 50   2458631.91 2019  5 28  9 45
 2458647.61 2019  6 13  2 43   2458650.00 2019  6 15 11 52   2458652.38 2019  6 17 21  2
 2458668.06 2019  7  3 13 31   2458670.46 2019  7  5 22 55   2458672.85 2019  7  8  8 18
 2458688.51 2019  7 24  0 19   2458690.92 2019  7 26  9 57   2458693.32 2019  7 28 19 35
 2458708.96 2019  8 13 11  7   2458711.38 2019  8 15 21  0   2458713.79 2019  8 18  6 52
 2458729.41 2019  9  2 21 55   2458731.83 2019  9  5  8  2   2458734.26 2019  9  7 18  9
 2458749.86 2019  9 23  8 43   2458752.29 2019  9 25 19  4   2458754.73 2019  9 28  5 26
 2458770.31 2019 10 13 19 31   2458772.76 2019 10 16  6  7   2458775.20 2019 10 18 16 42
 2458790.76 2019 11  3  6 19   2458793.22 2019 11  5 17  9   2458795.67 2019 11  8  3 59
 2458811.21 2019 11 23 17  7   2458813.68 2019 11 26  4 12   2458816.14 2019 11 28 15 16
 2458831.66 2019 12 14  3 55   2458834.14 2019 12 16 15 14   2458836.61 2019 12 19  2 33
 2458852.11 2020  1  3 14 43   2458854.60 2020  1  6  2 16   2458857.08 2020  1  8 13 50
 2458872.56 2020  1 24  1 31   2458875.06 2020  1 26 13 19   2458877.55 2020  1 29  1  6
 2458893.01 2020  2 13 12 19   2458895.52 2020  2 16  0 21   2458898.02 2020  2 18 12 23
 2458913.46 2020  3  4 23  7   2458915.98 2020  3  7 11 24   2458918.49 2020  3  9 23 40
 2458933.91 2020  3 25  9 55   2458936.44 2020  3 27 22 26   2458938.96 2020  3 30 10 57
 2458954.36 2020  4 14 20 43   2458956.90 2020  4 17  9 28   2458959.43 2020  4 19 22 14
 2458974.81 2020  5  5  7 31   2458977.35 2020  5  7 20 31   2458979.90 2020  5 10  9 30
 2458995.26 2020  5 25 18 19   2458997.81 2020  5 28  7 33   2459000.37 2020  5 30 20 47
 2459015.71 2020  6 15  5  7   2459018.28 2020  6 17 18 36   2459020.84 2020  6 20  8  4
 2459036.16 2020  7  5 15 55   2459038.74 2020  7  8  5 38   2459041.31 2020  7 10 19 21
 2459056.61 2020  7 26  2 43   2459059.20 2020  7 28 16 40   2459061.78 2020  7 31  6 38
 2459077.06 2020  8 15 13 31   2459079.66 2020  8 18  3 43   2459082.25 2020  8 20 17 54
 2459097.51 2020  9  5  0 19   2459100.12 2020  9  7 14 45   2459102.72 2020  9 10  5 11
 2459117.96 2020  9 25 11  7   2459120.58 2020  9 28  1 48   2459123.19 2020  9 30 16 28
 2459138.41 2020 10 15 21 55   2459141.04 2020 10 18 12 50   2459143.66 2020 10 21  3 45
 2459158.86 2020 11  5  8 43   2459161.50 2020 11  7 23 52   2459164.13 2020 11 10 15  2
 2459179.31 2020 11 25 19 31   2459181.96 2020 11 28 10 55   2459184.60 2020 12  1  2 18
 2459199.76 2020 12 16  6 19   2459202.42 2020 12 18 21 57   2459205.07 2020 12 21 13 35
 2459220.21 2021  1  5 17  7   2459222.88 2021  1  8  9  0   2459225.54 2021  1 11  0 52
 2459240.66 2021  1 26  3 55   2459243.33 2021  1 28 20  2   2459246.01 2021  1 31 12  9
 2459261.11 2021  2 15 14 43   2459263.79 2021  2 18  7  4   2459266.48 2021  2 20 23 26
 2459281.56 2021  3  8  1 31   2459284.26 2021  3 10 18  7   2459286.95 2021  3 13 10 42
 2459302.01 2021  3 28 12 19   2459304.72 2021  3 31  5  9   2459307.42 2021  4  2 21 59
 2459322.46 2021  4 17 23  7   2459325.18 2021  4 20 16 12   2459327.89 2021  4 23  9 16
 2459342.91 2021  5  8  9 55   2459345.64 2021  5 11  3 14   2459348.36 2021  5 13 20 33
 2459363.36 2021  5 28 20 43   2459366.10 2021  5 31 14 16   2459368.83 2021  6  3  7 50
 2459383.81 2021  6 18  7 31   2459386.56 2021  6 21  1 19   2459389.30 2021  6 23 19  6
 2459404.26 2021  7  8 18 19   2459407.02 2021  7 11 12 21   2459409.77 2021  7 14  6 23
 2459424.71 2021  7 29  5  7   2459427.48 2021  7 31 23 24   2459430.24 2021  8  3 17 40
 2459445.16 2021  8 18 15 55   2459447.94 2021  8 21 10 26   2459450.71 2021  8 24  4 57
 2459465.61 2021  9  8  2 43   2459468.40 2021  9 10 21 28   2459471.18 2021  9 13 16 14
 2459486.06 2021  9 28 13 31   2459488.85 2021 10  1  8 31   2459491.65 2021 10  4  3 30
 2459506.51 2021 10 19  0 19   2459509.31 2021 10 21 19 33   2459512.12 2021 10 24 14 47
 2459526.96 2021 11  8 11  7   2459529.78 2021 11 11  6 36   2459532.59 2021 11 14  2  4
 2459547.41 2021 11 28 21 55   2459550.24 2021 12  1 17 38   2459553.06 2021 12  4 13 21
 2459567.86 2021 12 19  8 43   2459570.70 2021 12 22  4 40   2459573.53 2021 12 25  0 38
 2459588.31 2022  1  8 19 31   2459591.16 2022  1 11 15 43   2459594.00 2022  1 14 11 54
 2459608.76 2022  1 29  6 19   2459611.62 2022  2  1  2 45   2459614.47 2022  2  3 23 11
 2459629.21 2022  2 18 17  7   2459632.08 2022  2 21 13 48   2459634.94 2022  2 24 10 28
 2459649.66 2022  3 11  3 55   2459652.54 2022  3 14  0 50   2459655.41 2022  3 16 21 45
 2459670.11 2022  3 31 14 43   2459673.00 2022  4  3 11 52   2459675.88 2022  4  6  9  2
 2459690.56 2022  4 21  1 31   2459693.46 2022  4 23 22 55   2459696.35 2022  4 26 20 18
 2459711.01 2022  5 11 12 19   2459713.92 2022  5 14  9 57   2459716.82 2022  5 17  7 35
 2459731.46 2022  5 31 23  7   2459734.38 2022  6  3 21  0   2459737.29 2022  6  6 18 52
 2459751.91 2022  6 21  9 55   2459754.83 2022  6 24  8  2   2459757.76 2022  6 27  6  9
 2459772.36 2022  7 11 20 43   2459775.29 2022  7 14 19  4   2459778.23 2022  7 17 17 26
 2459792.81 2022  8  1  7 31   2459795.76 2022  8  4  6  7   2459798.70 2022  8  7  4 42
 2459813.26 2022  8 21 18 19   2459816.22 2022  8 24 17  9   2459819.17 2022  8 27 15 59
 2459833.71 2022  9 11  5  7   2459836.68 2022  9 14  4 12   2459839.64 2022  9 17  3 16
 2459854.16 2022 10  1 15 55   2459857.14 2022 10  4 15 14   2459860.11 2022 10  7 14 33
 2459874.61 2022 10 22  2 43   2459877.60 2022 10 25  2 16   2459880.58 2022 10 28  1 50
 2459895.06 2022 11 11 13 31   2459898.06 2022 11 14 13 19   2459901.05 2022 11 17 13  6
 2459915.51 2022 12  2  0 19   2459918.52 2022 12  5  0 21   2459921.52 2022 12  8  0 23
 2459935.96 2022 12 22 11  7   2459938.98 2022 12 25 11 24   2459941.99 2022 12 28 11 40
 2459956.41 2023  1 11 21 55   2459959.44 2023  1 14 22 26   2459962.46 2023  1 17 22 57
 2459976.86 2023  2  1  8 43   2459979.90 2023  2  4  9 28   2459982.93 2023  2  7 10 14
 2459997.31 2023  2 21 19 31   2460000.35 2023  2 24 20 31   2460003.40 2023  2 27 21 30
 2460017.76 2023  3 14  6 19   2460020.81 2023  3 17  7 33   2460023.87 2023  3 20  8 47
 2460038.21 2023  4  3 17  7   2460041.28 2023  4  6 18 36   2460044.34 2023  4  9 20  4
 2460058.66 2023  4 24  3 55   2460061.74 2023  4 27  5 38   2460064.81 2023  4 30  7 21
 2460079.11 2023  5 14 14 43   2460082.20 2023  5 17 16 40   2460085.28 2023  5 20 18 38
 2460099.56 2023  6  4  1 31   2460102.66 2023  6  7  3 43   2460105.75 2023  6 10  5 54
 2460120.01 2023  6 24 12 19   2460123.12 2023  6 27 14 45   2460126.22 2023  6 30 17 11
 2460140.46 2023  7 14 23  7   2460143.58 2023  7 18  1 48   2460146.69 2023  7 21  4 28
 2460160.91 2023  8  4  9 55   2460164.04 2023  8  7 12 50   2460167.16 2023  8 10 15 45
 2460181.36 2023  8 24 20 43   2460184.50 2023  8 27 23 52   2460187.63 2023  8 31  3  2
 2460201.81 2023  9 14  7 31   2460204.96 2023  9 17 10 55   2460208.10 2023  9 20 14 18
 2460222.26 2023 10  4 18 19   2460225.42 2023 10  7 21 57   2460228.57 2023 10 11  1 35
 2460242.71 2023 10 25  5  7   2460245.88 2023 10 28  9  0   2460249.04 2023 10 31 12 52
 2460263.16 2023 11 14 15 55   2460266.33 2023 11 17 20  2   2460269.51 2023 11 21  0  9
 2460283.61 2023 12  5  2 43   2460286.79 2023 12  8  7  4   2460289.98 2023 12 11 11 26
 2460304.06 2023 12 25 13 31   2460307.26 2023 12 28 18  7   2460310.45 2023 12 31 22 42
 2460324.51 2024  1 15  0 19   2460327.72 2024  1 18  5  9   2460330.92 2024  1 21  9 59
 2460344.96 2024  2  4 11  7   2460348.18 2024  2  7 16 12   2460351.39 2024  2 10 21 16
 2460365.41 2024  2 24 21 55   2460368.64 2024  2 28  3 14   2460371.86 2024  3  2  8 33
 2460385.86 2024  3 16  8 43   2460389.10 2024  3 19 14 16   2460392.33 2024  3 22 19 50
 2460406.31 2024  4  5 19 31   2460409.56 2024  4  9  1 19   2460412.80 2024  4 12  7  6
 2460426.76 2024  4 26  6 19   2460430.02 2024  4 29 12 21   2460433.27 2024  5  2 18 23
 2460447.21 2024  5 16 17  7   2460450.48 2024  5 19 23 24   2460453.74 2024  5 23  5 40
 2460467.66 2024  6  6  3 55   2460470.94 2024  6  9 10 26   2460474.21 2024  6 12 16 57
 2460488.11 2024  6 26 14 43   2460491.40 2024  6 29 21 28   2460494.68 2024  7  3  4 14
 2460508.56 2024  7 17  1 31   2460511.85 2024  7 20  8 31   2460515.15 2024  7 23 15 30
 2460529.01 2024  8  6 12 19   2460532.31 2024  8  9 19 33   2460535.62 2024  8 13  2 47
 2460549.46 2024  8 26 23  7   2460552.78 2024  8 30  6 36   2460556.09 2024  9  2 14  4
 2460569.91 2024  9 16  9 55   2460573.24 2024  9 19 17 38   2460576.56 2024  9 23  1 21
 2460590.36 2024 10  6 20 43   2460593.70 2024 10 10  4 40   2460597.03 2024 10 13 12 38
 2460610.81 2024 10 27  7 31   2460614.16 2024 10 30 15 43   2460617.50 2024 11  2 23 54
 2460631.26 2024 11 16 18 19   2460634.62 2024 11 20  2 45   2460637.97 2024 11 23 11 11
 2460651.71 2024 12  7  5  7   2460655.08 2024 12 10 13 48   2460658.44 2024 12 13 22 28
 2460672.16 2024 12 27 15 55   2460675.54 2024 12 31  0 50   2460678.91 2025  1  3  9 45
 2460692.61 2025  1 17  2 43   2460696.00 2025  1 20 11 52   2460699.38 2025  1 23 21  2
 2460713.06 2025  2  6 13 31   2460716.46 2025  2  9 22 55   2460719.85 2025  2 13  8 18
 2460733.51 2025  2 27  0 19   2460736.92 2025  3  2  9 57   2460740.32 2025  3  5 19 35
 2460753.96 2025  3 19 11  7   2460757.38 2025  3 22 21  0   2460760.79 2025  3 26  6 52
 2460774.41 2025  4  8 21 55   2460777.83 2025  4 12  8  2   2460781.26 2025  4 15 18  9
 2460794.86 2025  4 29  8 43   2460798.29 2025  5  2 19  4   2460801.73 2025  5  6  5 26
 2460815.31 2025  5 19 19 31   2460818.76 2025  5 23  6  7   2460822.20 2025  5 26 16 42
 2460835.76 2025  6  9  6 19   2460839.22 2025  6 12 17  9   2460842.67 2025  6 16  3 59
 2460856.21 2025  6 29 17  7   2460859.68 2025  7  3  4 12   2460863.14 2025  7  6 15 16
 2460876.66 2025  7 20  3 55   2460880.14 2025  7 23 15 14   2460883.61 2025  7 27  2 33
 2460897.11 2025  8  9 14 43   2460900.60 2025  8 13  2 16   2460904.08 2025  8 16 13 50
 2460917.56 2025  8 30  1 31   2460921.06 2025  9  2 13 19   2460924.55 2025  9  6  1  6
 2460938.01 2025  9 19 12 19   2460941.52 2025  9 23  0 21   2460945.02 2025  9 26 12 23
 2460958.46 2025 10  9 23  7   2460961.98 2025 10 13 11 24   2460965.49 2025 10 16 23 40
 2460978.91 2025 10 30  9 55   2460982.44 2025 11  2 22 26   2460985.96 2025 11  6 10 57
 2460999.36 2025 11 19 20 43   2461002.90 2025 11 23  9 28   2461006.43 2025 11 26 22 14
 2461019.81 2025 12 10  7 31   2461023.35 2025 12 13 20 31   2461026.90 2025 12 17  9 30
 2461040.26 2025 12 30 18 19   2461043.81 2026  1  3  7 33   2461047.37 2026  1  6 20 47
 2461060.71 2026  1 20  5  7   2461064.28 2026  1 23 18 36   2461067.84 2026  1 27  8  4
 2461081.16 2026  2  9 15 55   2461084.74 2026  2 13  5 38   2461088.31 2026  2 16 19 21
 2461101.61 2026  3  2  2 43   2461105.20 2026  3  5 16 40   2461108.78 2026  3  9  6 38
 2461122.06 2026  3 22 13 31   2461125.66 2026  3 26  3 43   2461129.25 2026  3 29 17 54
 2461142.51 2026  4 12  0 19   2461146.12 2026  4 15 14 45   2461149.72 2026  4 19  5 11
 2461162.96 2026  5  2 11  7   2461166.58 2026  5  6  1 48   2461170.19 2026  5  9 16 28
 2461183.41 2026  5 22 21 55   2461187.04 2026  5 26 12 50   2461190.66 2026  5 30  3 45
 2461203.86 2026  6 12  8 43   2461207.50 2026  6 15 23 52   2461211.13 2026  6 19 15  2
 2461224.31 2026  7  2 19 31   2461227.96 2026  7  6 10 55   2461231.60 2026  7 10  2 18
 2461244.76 2026  7 23  6 19   2461248.42 2026  7 26 21 57   2461252.07 2026  7 30 13 35
 2461265.21 2026  8 12 17  7   2461268.88 2026  8 16  9  0   2461272.54 2026  8 20  0 52
 2461285.66 2026  9  2  3 55   2461289.33 2026  9  5 20  2   2461293.01 2026  9  9 12  9
 2461306.11 2026  9 22 14 43   2461309.79 2026  9 26  7  4   2461313.48 2026  9 29 23 26
 2461326.56 2026 10 13  1 31   2461330.26 2026 10 16 18  7   2461333.95 2026 10 20 10 42
 2461347.01 2026 11  2 12 19   2461350.72 2026 11  6  5  9   2461354.42 2026 11  9 21 59
 2461367.46 2026 11 22 23  7   2461371.18 2026 11 26 16 12   2461374.89 2026 11 30  9 16
 2461387.91 2026 12 13  9 55   2461391.64 2026 12 17  3 14   2461395.36 2026 12 20 20 33
 2461408.36 2027  1  2 20 43   2461412.10 2027  1  6 14 16   2461415.83 2027  1 10  7 50
 2461428.81 2027  1 23  7 31   2461432.56 2027  1 27  1 19   2461436.30 2027  1 30 19  6
 2461449.26 2027  2 12 18 19   2461453.02 2027  2 16 12 21   2461456.77 2027  2 20  6 23
 2461469.71 2027  3  5  5  7   2461473.48 2027  3  8 23 24   2461477.24 2027  3 12 17 40
 2461490.16 2027  3 25 15 55   2461493.94 2027  3 29 10 26   2461497.71 2027  4  2  4 57
 2461510.61 2027  4 15  2 43   2461514.40 2027  4 18 21 28   2461518.18 2027  4 22 16 14
 2461531.06 2027  5  5 13 31   2461534.85 2027  5  9  8 31   2461538.65 2027  5 13  3 30
 2461551.51 2027  5 26  0 19   2461555.31 2027  5 29 19 33   2461559.12 2027  6  2 14 47
 2461571.96 2027  6 15 11  7   2461575.78 2027  6 19  6 36   2461579.59 2027  6 23  2  4
 2461592.41 2027  7  5 21 55   2461596.24 2027  7  9 17 38   2461600.06 2027  7 13 13 21
 2461612.86 2027  7 26  8 43   2461616.70 2027  7 30  4 40   2461620.53 2027  8  3  0 38
 2461633.31 2027  8 15 19 31   2461637.16 2027  8 19 15 43   2461641.00 2027  8 23 11 54
 2461653.76 2027  9  5  6 19   2461657.62 2027  9  9  2 45   2461661.47 2027  9 12 23 11
 2461674.21 2027  9 25 17  7   2461678.08 2027  9 29 13 48   2461681.94 2027 10  3 10 28
 2461694.66 2027 10 16  3 55   2461698.54 2027 10 20  0 50   2461702.41 2027 10 23 21 45
 2461715.11 2027 11  5 14 43   2461719.00 2027 11  9 11 52   2461722.88 2027 11 13  9  2
 2461735.56 2027 11 26  1 31   2461739.46 2027 11 29 22 55   2461743.35 2027 12  3 20 18
 2461756.01 2027 12 16 12 19   2461759.92 2027 12 20  9 57   2461763.82 2027 12 24  7 35
 2461776.46 2028  1  5 23  7   2461780.38 2028  1  9 21  0   2461784.29 2028  1 13 18 52
 2461796.91 2028  1 26  9 55   2461800.83 2028  1 30  8  2   2461804.76 2028  2  3  6  9
 2461817.36 2028  2 15 20 43   2461821.29 2028  2 19 19  4   2461825.23 2028  2 23 17 26
 2461837.81 2028  3  7  7 31   2461841.76 2028  3 11  6  7   2461845.70 2028  3 15  4 42
 2461858.26 2028  3 27 18 19   2461862.22 2028  3 31 17  9   2461866.17 2028  4  4 15 59
 2461878.71 2028  4 17  5  7   2461882.68 2028  4 21  4 12   2461886.64 2028  4 25  3 16
 2461899.16 2028  5  7 15 55   2461903.14 2028  5 11 15 14   2461907.11 2028  5 15 14 33
 2461919.61 2028  5 28  2 43   2461923.60 2028  6  1  2 16   2461927.58 2028  6  5  1 50
 2461940.06 2028  6 17 13 31   2461944.06 2028  6 21 13 19   2461948.05 2028  6 25 13  6
 2461960.51 2028  7  8  0 19   2461964.52 2028  7 12  0 21   2461968.52 2028  7 16  0 23
 2461980.96 2028  7 28 11  7   2461984.98 2028  8  1 11 24   2461988.99 2028  8  5 11 40
 2462001.41 2028  8 17 21 55   2462005.44 2028  8 21 22 26   2462009.46 2028  8 25 22 57
 2462021.86 2028  9  7  8 43   2462025.90 2028  9 11  9 28   2462029.93 2028  9 15 10 14
 2462042.31 2028  9 27 19 31   2462046.35 2028 10  1 20 31   2462050.40 2028 10  5 21 30
 2462062.76 2028 10 18  6 19   2462066.81 2028 10 22  7 33   2462070.87 2028 10 26  8 47
 2462083.21 2028 11  7 17  7   2462087.28 2028 11 11 18 36   2462091.34 2028 11 15 20  4
 2462103.66 2028 11 28  3 55   2462107.74 2028 12  2  5 38   2462111.81 2028 12  6  7 21
 2462124.11 2028 12 18 14 43   2462128.20 2028 12 22 16 40   2462132.28 2028 12 26 18 38
 2462144.56 2029  1  8  1 31   2462148.66 2029  1 12  3 43   2462152.75 2029  1 16  5 54
 2462165.01 2029  1 28 12 19   2462169.12 2029  2  1 14 45   2462173.22 2029  2  5 17 11
 2462185.46 2029  2 17 23  7   2462189.58 2029  2 22  1 48   2462193.69 2029  2 26  4 28
 2462205.91 2029  3 10  9 55   2462210.04 2029  3 14 12 50   2462214.16 2029  3 18 15 45
 2462226.36 2029  3 30 20 43   2462230.50 2029  4  3 23 52   2462234.63 2029  4  8  3  2
 2462246.81 2029  4 20  7 31   2462250.96 2029  4 24 10 55   2462255.10 2029  4 28 14 18
 2462267.26 2029  5 10 18 19   2462271.42 2029  5 14 21 57   2462275.57 2029  5 19  1 35
 2462287.71 2029  5 31  5  7   2462291.88 2029  6  4  9  0   2462296.04 2029  6  8 12 52
 2462308.16 2029  6 20 15 55   2462312.33 2029  6 24 20  2   2462316.51 2029  6 29  0  9
 2462328.61 2029  7 11  2 43   2462332.79 2029  7 15  7  4   2462336.98 2029  7 19 11 26
 2462349.06 2029  7 31 13 31   2462353.26 2029  8  4 18  7   2462357.45 2029  8  8 22 42
