 Predicted Transit Epochs: HD40307__ c

 Predicted Duration of a Central Transit:   175. Minutes

 Begin Transit Window           PREDICTED CENTRAL TRANSIT     End Transit Window
                                     All Times UT

                               HJD        Year M  D  H  M
 2454928.83 2009  4  7  7 49   2454929.11 2009  4  7 14 45   2454929.40 2009  4  7 21 42
 2454938.44 2009  4 16 22 39   2454938.73 2009  4 17  5 38   2454939.03 2009  4 17 12 37
 2454948.06 2009  4 26 13 28   2454948.35 2009  4 26 20 31   2454948.65 2009  4 27  3 33
 2454957.68 2009  5  6  4 18   2454957.97 2009  5  6 11 23   2454958.27 2009  5  6 18 29
 2454967.30 2009  5 15 19  8   2454967.59 2009  5 16  2 16   2454967.89 2009  5 16  9 24
 2454976.92 2009  5 25  9 58   2454977.21 2009  5 25 17  9   2454977.51 2009  5 26  0 20
 2454986.53 2009  6  4  0 48   2454986.83 2009  6  4  8  2   2454987.14 2009  6  4 15 16
 2454996.15 2009  6 13 15 38   2454996.45 2009  6 13 22 55   2454996.76 2009  6 14  6 11
 2455005.77 2009  6 23  6 28   2455006.07 2009  6 23 13 47   2455006.38 2009  6 23 21  7
 2455015.39 2009  7  2 21 18   2455015.69 2009  7  3  4 40   2455016.00 2009  7  3 12  3
 2455025.01 2009  7 12 12  8   2455025.31 2009  7 12 19 33   2455025.62 2009  7 13  2 58
 2455034.62 2009  7 22  2 58   2455034.93 2009  7 22 10 26   2455035.25 2009  7 22 17 54
 2455044.24 2009  7 31 17 48   2455044.55 2009  8  1  1 19   2455044.87 2009  8  1  8 50
 2455053.86 2009  8 10  8 38   2455054.17 2009  8 10 16 11   2455054.49 2009  8 10 23 45
 2455063.48 2009  8 19 23 28   2455063.79 2009  8 20  7  4   2455064.11 2009  8 20 14 41
 2455073.10 2009  8 29 14 17   2455073.41 2009  8 29 21 57   2455073.73 2009  8 30  5 37
 2455082.71 2009  9  8  5  7   2455083.03 2009  9  8 12 50   2455083.36 2009  9  8 20 32
 2455092.33 2009  9 17 19 57   2455092.65 2009  9 18  3 43   2455092.98 2009  9 18 11 28
 2455101.95 2009  9 27 10 47   2455102.27 2009  9 27 18 35   2455102.60 2009  9 28  2 24
 2455111.57 2009 10  7  1 37   2455111.89 2009 10  7  9 28   2455112.22 2009 10  7 17 19
 2455121.19 2009 10 16 16 27   2455121.51 2009 10 17  0 21   2455121.84 2009 10 17  8 15
 2455130.80 2009 10 26  7 17   2455131.13 2009 10 26 15 14   2455131.47 2009 10 26 23 11
 2455140.42 2009 11  4 22  7   2455140.75 2009 11  5  6  7   2455141.09 2009 11  5 14  7
 2455150.04 2009 11 14 12 57   2455150.37 2009 11 14 20 59   2455150.71 2009 11 15  5  2
 2455159.66 2009 11 24  3 47   2455159.99 2009 11 24 11 52   2455160.33 2009 11 24 19 58
 2455169.28 2009 12  3 18 37   2455169.61 2009 12  4  2 45   2455169.95 2009 12  4 10 54
 2455178.89 2009 12 13  9 27   2455179.23 2009 12 13 17 38   2455179.58 2009 12 14  1 49
 2455188.51 2009 12 23  0 16   2455188.85 2009 12 23  8 31   2455189.20 2009 12 23 16 45
 2455198.13 2010  1  1 15  6   2455198.47 2010  1  1 23 23   2455198.82 2010  1  2  7 41
 2455207.75 2010  1 11  5 56   2455208.09 2010  1 11 14 16   2455208.44 2010  1 11 22 36
 2455217.37 2010  1 20 20 46   2455217.71 2010  1 21  5  9   2455218.06 2010  1 21 13 32
 2455226.98 2010  1 30 11 36   2455227.33 2010  1 30 20  2   2455227.69 2010  1 31  4 28
 2455236.60 2010  2  9  2 26   2455236.95 2010  2  9 10 55   2455237.31 2010  2  9 19 23
 2455246.22 2010  2 18 17 16   2455246.57 2010  2 19  1 47   2455246.93 2010  2 19 10 19
 2455255.84 2010  2 28  8  6   2455256.19 2010  2 28 16 40   2455256.55 2010  3  1  1 15
 2455265.46 2010  3  9 22 56   2455265.81 2010  3 10  7 33   2455266.17 2010  3 10 16 10
 2455275.07 2010  3 19 13 46   2455275.43 2010  3 19 22 26   2455275.80 2010  3 20  7  6
 2455284.69 2010  3 29  4 36   2455285.05 2010  3 29 13 19   2455285.42 2010  3 29 22  2
 2455294.31 2010  4  7 19 26   2455294.67 2010  4  8  4 11   2455295.04 2010  4  8 12 57
 2455303.93 2010  4 17 10 16   2455304.29 2010  4 17 19  4   2455304.66 2010  4 18  3 53
 2455313.55 2010  4 27  1  5   2455313.91 2010  4 27  9 57   2455314.28 2010  4 27 18 49
 2455323.16 2010  5  6 15 55   2455323.53 2010  5  7  0 50   2455323.91 2010  5  7  9 44
 2455332.78 2010  5 16  6 45   2455333.15 2010  5 16 15 43   2455333.53 2010  5 17  0 40
 2455342.40 2010  5 25 21 35   2455342.77 2010  5 26  6 35   2455343.15 2010  5 26 15 36
 2455352.02 2010  6  4 12 25   2455352.39 2010  6  4 21 28   2455352.77 2010  6  5  6 31
 2455361.64 2010  6 14  3 15   2455362.01 2010  6 14 12 21   2455362.39 2010  6 14 21 27
 2455371.25 2010  6 23 18  5   2455371.63 2010  6 24  3 14   2455372.02 2010  6 24 12 23
 2455380.87 2010  7  3  8 55   2455381.25 2010  7  3 18  7   2455381.64 2010  7  4  3 19
 2455390.49 2010  7 12 23 45   2455390.87 2010  7 13  8 59   2455391.26 2010  7 13 18 14
 2455400.11 2010  7 22 14 35   2455400.49 2010  7 22 23 52   2455400.88 2010  7 23  9 10
 2455409.73 2010  8  1  5 25   2455410.11 2010  8  1 14 45   2455410.50 2010  8  2  0  6
 2455419.34 2010  8 10 20 15   2455419.73 2010  8 11  5 38   2455420.13 2010  8 11 15  1
 2455428.96 2010  8 20 11  4   2455429.35 2010  8 20 20 31   2455429.75 2010  8 21  5 57
 2455438.58 2010  8 30  1 54   2455438.97 2010  8 30 11 23   2455439.37 2010  8 30 20 53
 2455448.20 2010  9  8 16 44   2455448.59 2010  9  9  2 16   2455448.99 2010  9  9 11 48
 2455457.82 2010  9 18  7 34   2455458.21 2010  9 18 17  9   2455458.61 2010  9 19  2 44
 2455467.43 2010  9 27 22 24   2455467.83 2010  9 28  8  2   2455468.24 2010  9 28 17 40
 2455477.05 2010 10  7 13 14   2455477.45 2010 10  7 22 55   2455477.86 2010 10  8  8 35
 2455486.67 2010 10 17  4  4   2455487.07 2010 10 17 13 47   2455487.48 2010 10 17 23 31
 2455496.29 2010 10 26 18 54   2455496.69 2010 10 27  4 40   2455497.10 2010 10 27 14 27
 2455505.91 2010 11  5  9 44   2455506.31 2010 11  5 19 33   2455506.72 2010 11  6  5 22
 2455515.52 2010 11 15  0 34   2455515.93 2010 11 15 10 26   2455516.35 2010 11 15 20 18
 2455525.14 2010 11 24 15 24   2455525.55 2010 11 25  1 19   2455525.97 2010 11 25 11 14
 2455534.76 2010 12  4  6 14   2455535.17 2010 12  4 16 11   2455535.59 2010 12  5  2  9
 2455544.38 2010 12 13 21  4   2455544.79 2010 12 14  7  4   2455545.21 2010 12 14 17  5
 2455554.00 2010 12 23 11 53   2455554.41 2010 12 23 21 57   2455554.83 2010 12 24  8  1
 2455563.61 2011  1  2  2 43   2455564.03 2011  1  2 12 50   2455564.46 2011  1  2 22 56
 2455573.23 2011  1 11 17 33   2455573.65 2011  1 12  3 43   2455574.08 2011  1 12 13 52
 2455582.85 2011  1 21  8 23   2455583.27 2011  1 21 18 35   2455583.70 2011  1 22  4 48
 2455592.47 2011  1 30 23 13   2455592.89 2011  1 31  9 28   2455593.32 2011  1 31 19 43
 2455602.09 2011  2  9 14  3   2455602.51 2011  2 10  0 21   2455602.94 2011  2 10 10 39
 2455611.70 2011  2 19  4 53   2455612.13 2011  2 19 15 14   2455612.57 2011  2 20  1 35
 2455621.32 2011  2 28 19 43   2455621.75 2011  3  1  6  7   2455622.19 2011  3  1 16 31
 2455630.94 2011  3 10 10 33   2455631.37 2011  3 10 20 59   2455631.81 2011  3 11  7 26
 2455640.56 2011  3 20  1 23   2455640.99 2011  3 20 11 52   2455641.43 2011  3 20 22 22
 2455650.18 2011  3 29 16 13   2455650.61 2011  3 30  2 45   2455651.05 2011  3 30 13 18
 2455659.79 2011  4  8  7  3   2455660.23 2011  4  8 17 38   2455660.68 2011  4  9  4 13
 2455669.41 2011  4 17 21 52   2455669.85 2011  4 18  8 31   2455670.30 2011  4 18 19  9
 2455679.03 2011  4 27 12 42   2455679.47 2011  4 27 23 23   2455679.92 2011  4 28 10  5
 2455688.65 2011  5  7  3 32   2455689.09 2011  5  7 14 16   2455689.54 2011  5  8  1  0
 2455698.27 2011  5 16 18 22   2455698.71 2011  5 17  5  9   2455699.16 2011  5 17 15 56
 2455707.88 2011  5 26  9 12   2455708.33 2011  5 26 20  2   2455708.79 2011  5 27  6 52
 2455717.50 2011  6  5  0  2   2455717.95 2011  6  5 10 55   2455718.41 2011  6  5 21 47
 2455727.12 2011  6 14 14 52   2455727.57 2011  6 15  1 47   2455728.03 2011  6 15 12 43
 2455736.74 2011  6 24  5 42   2455737.19 2011  6 24 16 40   2455737.65 2011  6 25  3 39
 2455746.36 2011  7  3 20 32   2455746.81 2011  7  4  7 33   2455747.27 2011  7  4 18 34
 2455755.97 2011  7 13 11 22   2455756.43 2011  7 13 22 26   2455756.90 2011  7 14  9 30
 2455765.59 2011  7 23  2 12   2455766.05 2011  7 23 13 19   2455766.52 2011  7 24  0 26
 2455775.21 2011  8  1 17  2   2455775.67 2011  8  2  4 11   2455776.14 2011  8  2 15 21
