 Predicted Transit Epochs: HD40307__ b

 Predicted Duration of a Central Transit:   133. Minutes

 Begin Transit Window           PREDICTED CENTRAL TRANSIT     End Transit Window
                                     All Times UT

                               HJD        Year M  D  H  M
 2456757.97 2014  4 10 11 16   2456758.40 2014  4 10 21 37   2456758.83 2014  4 11  7 59
 2456762.28 2014  4 14 18 43   2456762.71 2014  4 15  5  6   2456763.15 2014  4 15 15 29
 2456766.59 2014  4 19  2 11   2456767.02 2014  4 19 12 35   2456767.46 2014  4 19 22 58
 2456770.90 2014  4 23  9 39   2456771.34 2014  4 23 20  3   2456771.77 2014  4 24  6 28
 2456775.21 2014  4 27 17  6   2456775.65 2014  4 28  3 32   2456776.08 2014  4 28 13 57
 2456779.52 2014  5  2  0 34   2456779.96 2014  5  2 11  0   2456780.39 2014  5  2 21 26
 2456783.83 2014  5  6  8  2   2456784.27 2014  5  6 18 29   2456784.71 2014  5  7  4 56
 2456788.15 2014  5 10 15 29   2456788.58 2014  5 11  1 57   2456789.02 2014  5 11 12 25
 2456792.46 2014  5 14 22 57   2456792.89 2014  5 15  9 26   2456793.33 2014  5 15 19 55
 2456796.77 2014  5 19  6 25   2456797.20 2014  5 19 16 55   2456797.64 2014  5 20  3 24
 2456801.08 2014  5 23 13 53   2456801.52 2014  5 24  0 23   2456801.95 2014  5 24 10 54
 2456805.39 2014  5 27 21 20   2456805.83 2014  5 28  7 52   2456806.27 2014  5 28 18 23
 2456809.70 2014  6  1  4 48   2456810.14 2014  6  1 15 20   2456810.58 2014  6  2  1 52
 2456814.01 2014  6  5 12 16   2456814.45 2014  6  5 22 49   2456814.89 2014  6  6  9 22
 2456818.32 2014  6  9 19 43   2456818.76 2014  6 10  6 17   2456819.20 2014  6 10 16 51
 2456822.63 2014  6 14  3 11   2456823.07 2014  6 14 13 46   2456823.51 2014  6 15  0 21
 2456826.94 2014  6 18 10 39   2456827.39 2014  6 18 21 14   2456827.83 2014  6 19  7 50
 2456831.25 2014  6 22 18  6   2456831.70 2014  6 23  4 43   2456832.14 2014  6 23 15 20
 2456835.57 2014  6 27  1 34   2456836.01 2014  6 27 12 12   2456836.45 2014  6 27 22 49
 2456839.88 2014  7  1  9  2   2456840.32 2014  7  1 19 40   2456840.76 2014  7  2  6 18
 2456844.19 2014  7  5 16 30   2456844.63 2014  7  6  3  9   2456845.08 2014  7  6 13 48
 2456848.50 2014  7  9 23 57   2456848.94 2014  7 10 10 37   2456849.39 2014  7 10 21 17
 2456852.81 2014  7 14  7 25   2456853.25 2014  7 14 18  6   2456853.70 2014  7 15  4 47
 2456857.12 2014  7 18 14 53   2456857.57 2014  7 19  1 34   2456858.01 2014  7 19 12 16
 2456861.43 2014  7 22 22 20   2456861.88 2014  7 23  9  3   2456862.32 2014  7 23 19 46
 2456865.74 2014  7 27  5 48   2456866.19 2014  7 27 16 31   2456866.64 2014  7 28  3 15
 2456870.05 2014  7 31 13 16   2456870.50 2014  8  1  0  0   2456870.95 2014  8  1 10 44
 2456874.36 2014  8  4 20 43   2456874.81 2014  8  5  7 29   2456875.26 2014  8  5 18 14
 2456878.67 2014  8  9  4 11   2456879.12 2014  8  9 14 57   2456879.57 2014  8 10  1 43
 2456882.99 2014  8 13 11 39   2456883.43 2014  8 13 22 26   2456883.88 2014  8 14  9 13
 2456887.30 2014  8 17 19  6   2456887.75 2014  8 18  5 54   2456888.20 2014  8 18 16 42
 2456891.61 2014  8 22  2 34   2456892.06 2014  8 22 13 23   2456892.51 2014  8 23  0 12
 2456895.92 2014  8 26 10  2   2456896.37 2014  8 26 20 51   2456896.82 2014  8 27  7 41
 2456900.23 2014  8 30 17 30   2456900.68 2014  8 31  4 20   2456901.13 2014  8 31 15 10
 2456904.54 2014  9  4  0 57   2456904.99 2014  9  4 11 49   2456905.44 2014  9  4 22 40
 2456908.85 2014  9  8  8 25   2456909.30 2014  9  8 19 17   2456909.76 2014  9  9  6  9
 2456913.16 2014  9 12 15 53   2456913.62 2014  9 13  2 46   2456914.07 2014  9 13 13 39
 2456917.47 2014  9 16 23 20   2456917.93 2014  9 17 10 14   2456918.38 2014  9 17 21  8
 2456921.78 2014  9 21  6 48   2456922.24 2014  9 21 17 43   2456922.69 2014  9 22  4 37
 2456926.09 2014  9 25 14 16   2456926.55 2014  9 26  1 11   2456927.01 2014  9 26 12  7
 2456930.41 2014  9 29 21 43   2456930.86 2014  9 30  8 40   2456931.32 2014  9 30 19 36
 2456934.72 2014 10  4  5 11   2456935.17 2014 10  4 16  8   2456935.63 2014 10  5  3  6
 2456939.03 2014 10  8 12 39   2456939.48 2014 10  8 23 37   2456939.94 2014 10  9 10 35
 2456943.34 2014 10 12 20  7   2456943.80 2014 10 13  7  6   2456944.25 2014 10 13 18  5
 2456947.65 2014 10 17  3 34   2456948.11 2014 10 17 14 34   2456948.57 2014 10 18  1 34
 2456951.96 2014 10 21 11  2   2456952.42 2014 10 21 22  3   2456952.88 2014 10 22  9  3
 2456956.27 2014 10 25 18 30   2456956.73 2014 10 26  5 31   2456957.19 2014 10 26 16 33
 2456960.58 2014 10 30  1 57   2456961.04 2014 10 30 13  0   2456961.50 2014 10 31  0  2
 2456964.89 2014 11  3  9 25   2456965.35 2014 11  3 20 28   2456965.81 2014 11  4  7 32
 2456969.20 2014 11  7 16 53   2456969.66 2014 11  8  3 57   2456970.13 2014 11  8 15  1
 2456973.51 2014 11 12  0 20   2456973.98 2014 11 12 11 25   2456974.44 2014 11 12 22 31
 2456977.83 2014 11 16  7 48   2456978.29 2014 11 16 18 54   2456978.75 2014 11 17  6  0
 2456982.14 2014 11 20 15 16   2456982.60 2014 11 21  2 23   2456983.06 2014 11 21 13 29
 2456986.45 2014 11 24 22 43   2456986.91 2014 11 25  9 51   2456987.37 2014 11 25 20 59
 2456990.76 2014 11 29  6 11   2456991.22 2014 11 29 17 20   2456991.69 2014 11 30  4 28
 2456995.07 2014 12  3 13 39   2456995.53 2014 12  4  0 48   2456996.00 2014 12  4 11 58
 2456999.38 2014 12  7 21  7   2456999.85 2014 12  8  8 17   2457000.31 2014 12  8 19 27
 2457003.69 2014 12 12  4 34   2457004.16 2014 12 12 15 45   2457004.62 2014 12 13  2 57
 2457008.00 2014 12 16 12  2   2457008.47 2014 12 16 23 14   2457008.94 2014 12 17 10 26
 2457012.31 2014 12 20 19 30   2457012.78 2014 12 21  6 43   2457013.25 2014 12 21 17 55
 2457016.62 2014 12 25  2 57   2457017.09 2014 12 25 14 11   2457017.56 2014 12 26  1 25
 2457020.93 2014 12 29 10 25   2457021.40 2014 12 29 21 40   2457021.87 2014 12 30  8 54
 2457025.25 2015  1  2 17 53   2457025.71 2015  1  3  5  8   2457026.18 2015  1  3 16 24
 2457029.56 2015  1  7  1 20   2457030.03 2015  1  7 12 37   2457030.50 2015  1  7 23 53
 2457033.87 2015  1 11  8 48   2457034.34 2015  1 11 20  5   2457034.81 2015  1 12  7 23
 2457038.18 2015  1 15 16 16   2457038.65 2015  1 16  3 34   2457039.12 2015  1 16 14 52
 2457042.49 2015  1 19 23 44   2457042.96 2015  1 20 11  2   2457043.43 2015  1 20 22 21
 2457046.80 2015  1 24  7 11   2457047.27 2015  1 24 18 31   2457047.74 2015  1 25  5 51
 2457051.11 2015  1 28 14 39   2457051.58 2015  1 29  2  0   2457052.06 2015  1 29 13 20
 2457055.42 2015  2  1 22  7   2457055.89 2015  2  2  9 28   2457056.37 2015  2  2 20 50
 2457059.73 2015  2  6  5 34   2457060.21 2015  2  6 16 57   2457060.68 2015  2  7  4 19
 2457064.04 2015  2 10 13  2   2457064.52 2015  2 11  0 25   2457064.99 2015  2 11 11 48
 2457068.35 2015  2 14 20 30   2457068.83 2015  2 15  7 54   2457069.30 2015  2 15 19 18
 2457072.67 2015  2 19  3 57   2457073.14 2015  2 19 15 22   2457073.62 2015  2 20  2 47
 2457076.98 2015  2 23 11 25   2457077.45 2015  2 23 22 51   2457077.93 2015  2 24 10 17
 2457081.29 2015  2 27 18 53   2457081.76 2015  2 28  6 19   2457082.24 2015  2 28 17 46
 2457085.60 2015  3  4  2 20   2457086.08 2015  3  4 13 48   2457086.55 2015  3  5  1 16
 2457089.91 2015  3  8  9 48   2457090.39 2015  3  8 21 17   2457090.86 2015  3  9  8 45
 2457094.22 2015  3 12 17 16   2457094.70 2015  3 13  4 45   2457095.18 2015  3 13 16 14
 2457098.53 2015  3 17  0 44   2457099.01 2015  3 17 12 14   2457099.49 2015  3 17 23 44
 2457102.84 2015  3 21  8 11   2457103.32 2015  3 21 19 42   2457103.80 2015  3 22  7 13
 2457107.15 2015  3 25 15 39   2457107.63 2015  3 26  3 11   2457108.11 2015  3 26 14 43
 2457111.46 2015  3 29 23  7   2457111.94 2015  3 30 10 39   2457112.43 2015  3 30 22 12
 2457115.77 2015  4  3  6 34   2457116.26 2015  4  3 18  8   2457116.74 2015  4  4  5 42
 2457120.09 2015  4  7 14  2   2457120.57 2015  4  8  1 37   2457121.05 2015  4  8 13 11
 2457124.40 2015  4 11 21 30   2457124.88 2015  4 12  9  5   2457125.36 2015  4 12 20 40
 2457128.71 2015  4 16  4 57   2457129.19 2015  4 16 16 34   2457129.67 2015  4 17  4 10
 2457133.02 2015  4 20 12 25   2457133.50 2015  4 21  0  2   2457133.99 2015  4 21 11 39
 2457137.33 2015  4 24 19 53   2457137.81 2015  4 25  7 31   2457138.30 2015  4 25 19  9
 2457141.64 2015  4 29  3 21   2457142.12 2015  4 29 14 59   2457142.61 2015  4 30  2 38
 2457145.95 2015  5  3 10 48   2457146.44 2015  5  3 22 28   2457146.92 2015  5  4 10  8
 2457150.26 2015  5  7 18 16   2457150.75 2015  5  8  5 56   2457151.23 2015  5  8 17 37
 2457154.57 2015  5 12  1 44   2457155.06 2015  5 12 13 25   2457155.55 2015  5 13  1  6
 2457158.88 2015  5 16  9 11   2457159.37 2015  5 16 20 54   2457159.86 2015  5 17  8 36
 2457163.19 2015  5 20 16 39   2457163.68 2015  5 21  4 22   2457164.17 2015  5 21 16  5
 2457167.51 2015  5 25  0  7   2457167.99 2015  5 25 11 51   2457168.48 2015  5 25 23 35
 2457171.82 2015  5 29  7 34   2457172.31 2015  5 29 19 19   2457172.79 2015  5 30  7  4
 2457176.13 2015  6  2 15  2   2457176.62 2015  6  3  2 48   2457177.11 2015  6  3 14 33
 2457180.44 2015  6  6 22 30   2457180.93 2015  6  7 10 16   2457181.42 2015  6  7 22  3
 2457184.75 2015  6 11  5 57   2457185.24 2015  6 11 17 45   2457185.73 2015  6 12  5 32
 2457189.06 2015  6 15 13 25   2457189.55 2015  6 16  1 13   2457190.04 2015  6 16 13  2
 2457193.37 2015  6 19 20 53   2457193.86 2015  6 20  8 42   2457194.36 2015  6 20 20 31
 2457197.68 2015  6 24  4 21   2457198.17 2015  6 24 16 11   2457198.67 2015  6 25  4  1
 2457201.99 2015  6 28 11 48   2457202.49 2015  6 28 23 39   2457202.98 2015  6 29 11 30
 2457206.30 2015  7  2 19 16   2457206.80 2015  7  3  7  8   2457207.29 2015  7  3 18 59
 2457210.61 2015  7  7  2 44   2457211.11 2015  7  7 14 36   2457211.60 2015  7  8  2 29
 2457214.92 2015  7 11 10 11   2457215.42 2015  7 11 22  5   2457215.92 2015  7 12  9 58
 2457219.24 2015  7 15 17 39   2457219.73 2015  7 16  5 33   2457220.23 2015  7 16 17 28
 2457223.55 2015  7 20  1  7   2457224.04 2015  7 20 13  2   2457224.54 2015  7 21  0 57
 2457227.86 2015  7 24  8 34   2457228.35 2015  7 24 20 31   2457228.85 2015  7 25  8 27
 2457232.17 2015  7 28 16  2   2457232.67 2015  7 29  3 59   2457233.16 2015  7 29 15 56
 2457236.48 2015  8  1 23 30   2457236.98 2015  8  2 11 28   2457237.48 2015  8  2 23 25
 2457240.79 2015  8  6  6 58   2457241.29 2015  8  6 18 56   2457241.79 2015  8  7  6 55
 2457245.10 2015  8 10 14 25   2457245.60 2015  8 11  2 25   2457246.10 2015  8 11 14 24
 2457249.41 2015  8 14 21 53   2457249.91 2015  8 15  9 53   2457250.41 2015  8 15 21 54
 2457253.72 2015  8 19  5 21   2457254.22 2015  8 19 17 22   2457254.72 2015  8 20  5 23
 2457258.03 2015  8 23 12 48   2457258.54 2015  8 24  0 50   2457259.04 2015  8 24 12 53
 2457262.34 2015  8 27 20 16   2457262.85 2015  8 28  8 19   2457263.35 2015  8 28 20 22
 2457266.66 2015  9  1  3 44   2457267.16 2015  9  1 15 48   2457267.66 2015  9  2  3 51
 2457270.97 2015  9  5 11 11   2457271.47 2015  9  5 23 16   2457271.97 2015  9  6 11 21
 2457275.28 2015  9  9 18 39   2457275.78 2015  9 10  6 45   2457276.29 2015  9 10 18 50
 2457279.59 2015  9 14  2  7   2457280.09 2015  9 14 14 13   2457280.60 2015  9 15  2 20
 2457283.90 2015  9 18  9 35   2457284.40 2015  9 18 21 42   2457284.91 2015  9 19  9 49
 2457288.21 2015  9 22 17  2   2457288.72 2015  9 23  5 10   2457289.22 2015  9 23 17 19
 2457292.52 2015  9 27  0 30   2457293.03 2015  9 27 12 39   2457293.53 2015  9 28  0 48
 2457296.83 2015 10  1  7 58   2457297.34 2015 10  1 20  7   2457297.85 2015 10  2  8 17
 2457301.14 2015 10  5 15 25   2457301.65 2015 10  6  3 36   2457302.16 2015 10  6 15 47
 2457305.45 2015 10  9 22 53   2457305.96 2015 10 10 11  5   2457306.47 2015 10 10 23 16
 2457309.76 2015 10 14  6 21   2457310.27 2015 10 14 18 33   2457310.78 2015 10 15  6 46
 2457314.08 2015 10 18 13 48   2457314.58 2015 10 19  2  2   2457315.09 2015 10 19 14 15
 2457318.39 2015 10 22 21 16   2457318.90 2015 10 23  9 30   2457319.41 2015 10 23 21 44
 2457322.70 2015 10 27  4 44   2457323.21 2015 10 27 16 59   2457323.72 2015 10 28  5 14
 2457327.01 2015 10 31 12 11   2457327.52 2015 11  1  0 27   2457328.03 2015 11  1 12 43
 2457331.32 2015 11  4 19 39   2457331.83 2015 11  5  7 56   2457332.34 2015 11  5 20 13
 2457335.63 2015 11  9  3  7   2457336.14 2015 11  9 15 25   2457336.65 2015 11 10  3 42
 2457339.94 2015 11 13 10 35   2457340.45 2015 11 13 22 53   2457340.97 2015 11 14 11 12
 2457344.25 2015 11 17 18  2   2457344.77 2015 11 18  6 22   2457345.28 2015 11 18 18 41
 2457348.56 2015 11 22  1 30   2457349.08 2015 11 22 13 50   2457349.59 2015 11 23  2 10
 2457352.87 2015 11 26  8 58   2457353.39 2015 11 26 21 19   2457353.90 2015 11 27  9 40
 2457357.18 2015 11 30 16 25   2457357.70 2015 12  1  4 47   2457358.22 2015 12  1 17  9
 2457361.50 2015 12  4 23 53   2457362.01 2015 12  5 12 16   2457362.53 2015 12  6  0 39
 2457365.81 2015 12  9  7 21   2457366.32 2015 12  9 19 44   2457366.84 2015 12 10  8  8
 2457370.12 2015 12 13 14 48   2457370.63 2015 12 14  3 13   2457371.15 2015 12 14 15 38
 2457374.43 2015 12 17 22 16   2457374.95 2015 12 18 10 42   2457375.46 2015 12 18 23  7
 2457378.74 2015 12 22  5 44   2457379.26 2015 12 22 18 10   2457379.78 2015 12 23  6 36
 2457383.05 2015 12 26 13 12   2457383.57 2015 12 27  1 39   2457384.09 2015 12 27 14  6
 2457387.36 2015 12 30 20 39   2457387.88 2015 12 31  9  7   2457388.40 2015 12 31 21 35
 2457391.67 2016  1  4  4  7   2457392.19 2016  1  4 16 36   2457392.71 2016  1  5  5  5
 2457395.98 2016  1  8 11 35   2457396.50 2016  1  9  0  4   2457397.02 2016  1  9 12 34
 2457400.29 2016  1 12 19  2   2457400.81 2016  1 13  7 33   2457401.34 2016  1 13 20  4
 2457404.60 2016  1 17  2 30   2457405.13 2016  1 17 15  1   2457405.65 2016  1 18  3 33
 2457408.92 2016  1 21  9 58   2457409.44 2016  1 21 22 30   2457409.96 2016  1 22 11  2
 2457413.23 2016  1 25 17 25   2457413.75 2016  1 26  5 59   2457414.27 2016  1 26 18 32
 2457417.54 2016  1 30  0 53   2457418.06 2016  1 30 13 27   2457418.58 2016  1 31  2  1
 2457421.85 2016  2  3  8 21   2457422.37 2016  2  3 20 56   2457422.90 2016  2  4  9 31
 2457426.16 2016  2  7 15 48   2457426.68 2016  2  8  4 24   2457427.21 2016  2  8 17  0
 2457430.47 2016  2 11 23 16   2457431.00 2016  2 12 11 53   2457431.52 2016  2 13  0 30
 2457434.78 2016  2 16  6 44   2457435.31 2016  2 16 19 21   2457435.83 2016  2 17  7 59
 2457439.09 2016  2 20 14 12   2457439.62 2016  2 21  2 50   2457440.15 2016  2 21 15 28
 2457443.40 2016  2 24 21 39   2457443.93 2016  2 25 10 19   2457444.46 2016  2 25 22 58
 2457447.71 2016  2 29  5  7   2457448.24 2016  2 29 17 47   2457448.77 2016  3  1  6 27
 2457452.02 2016  3  4 12 35   2457452.55 2016  3  5  1 16   2457453.08 2016  3  5 13 57
 2457456.34 2016  3  8 20  2   2457456.86 2016  3  9  8 44   2457457.39 2016  3  9 21 26
 2457460.65 2016  3 13  3 30   2457461.18 2016  3 13 16 13   2457461.71 2016  3 14  4 55
 2457464.96 2016  3 17 10 58   2457465.49 2016  3 17 23 41   2457466.02 2016  3 18 12 25
 2457469.27 2016  3 21 18 25   2457469.80 2016  3 22  7 10   2457470.33 2016  3 22 19 54
 2457473.58 2016  3 26  1 53   2457474.11 2016  3 26 14 38   2457474.64 2016  3 27  3 24
 2457477.89 2016  3 30  9 21   2457478.42 2016  3 30 22  7   2457478.95 2016  3 31 10 53
 2457482.20 2016  4  3 16 49   2457482.73 2016  4  4  5 36   2457483.27 2016  4  4 18 23
 2457486.51 2016  4  8  0 16   2457487.04 2016  4  8 13  4   2457487.58 2016  4  9  1 52
 2457490.82 2016  4 12  7 44   2457491.36 2016  4 12 20 33   2457491.89 2016  4 13  9 21
 2457495.13 2016  4 16 15 12   2457495.67 2016  4 17  4  1   2457496.20 2016  4 17 16 51
 2457499.44 2016  4 20 22 39   2457499.98 2016  4 21 11 30   2457500.51 2016  4 22  0 20
 2457503.76 2016  4 25  6  7   2457504.29 2016  4 25 18 58   2457504.83 2016  4 26  7 50
 2457508.07 2016  4 29 13 35   2457508.60 2016  4 30  2 27   2457509.14 2016  4 30 15 19
 2457512.38 2016  5  3 21  2   2457512.91 2016  5  4  9 55   2457513.45 2016  5  4 22 49
 2457516.69 2016  5  8  4 30   2457517.23 2016  5  8 17 24   2457517.76 2016  5  9  6 18
 2457521.00 2016  5 12 11 58   2457521.54 2016  5 13  0 53   2457522.07 2016  5 13 13 47
 2457525.31 2016  5 16 19 25   2457525.85 2016  5 17  8 21   2457526.39 2016  5 17 21 17
 2457529.62 2016  5 21  2 53   2457530.16 2016  5 21 15 50   2457530.70 2016  5 22  4 46
 2457533.93 2016  5 25 10 21   2457534.47 2016  5 25 23 18   2457535.01 2016  5 26 12 16
 2457538.24 2016  5 29 17 49   2457538.78 2016  5 30  6 47   2457539.32 2016  5 30 19 45
 2457542.55 2016  6  3  1 16   2457543.09 2016  6  3 14 15   2457543.64 2016  6  4  3 15
 2457546.86 2016  6  7  8 44   2457547.41 2016  6  7 21 44   2457547.95 2016  6  8 10 44
 2457551.18 2016  6 11 16 12   2457551.72 2016  6 12  5 13   2457552.26 2016  6 12 18 13
 2457555.49 2016  6 15 23 39   2457556.03 2016  6 16 12 41   2457556.57 2016  6 17  1 43
 2457559.80 2016  6 20  7  7   2457560.34 2016  6 20 20 10   2457560.88 2016  6 21  9 12
 2457564.11 2016  6 24 14 35   2457564.65 2016  6 25  3 38   2457565.20 2016  6 25 16 42
 2457568.42 2016  6 28 22  2   2457568.96 2016  6 29 11  7   2457569.51 2016  6 30  0 11
 2457572.73 2016  7  3  5 30   2457573.27 2016  7  3 18 35   2457573.82 2016  7  4  7 41
 2457577.04 2016  7  7 12 58   2457577.59 2016  7  8  2  4   2457578.13 2016  7  8 15 10
 2457581.35 2016  7 11 20 26   2457581.90 2016  7 12  9 32   2457582.44 2016  7 12 22 39
 2457585.66 2016  7 16  3 53   2457586.21 2016  7 16 17  1   2457586.76 2016  7 17  6  9
 2457589.97 2016  7 20 11 21   2457590.52 2016  7 21  0 30   2457591.07 2016  7 21 13 38
 2457594.28 2016  7 24 18 49   2457594.83 2016  7 25  7 58   2457595.38 2016  7 25 21  8
 2457598.60 2016  7 29  2 16   2457599.14 2016  7 29 15 27   2457599.69 2016  7 30  4 37
 2457602.91 2016  8  2  9 44   2457603.46 2016  8  2 22 55   2457604.00 2016  8  3 12  6
 2457607.22 2016  8  6 17 12   2457607.77 2016  8  7  6 24   2457608.32 2016  8  7 19 36
