 Predicted Transit Epochs: HD40979__ b

 Predicted Duration of a Central Transit:    17.   Hours

 Begin Transit Window           PREDICTED CENTRAL TRANSIT     End Transit Window
                                     All Times UT

                               HJD        Year M  D  H  M
 2456906.51 2014  9  6  0 18   2456961.36 2014 10 30 20 42   2457016.21 2014 12 24 17  7
 2457170.71 2015  5 28  5  6   2457228.56 2015  7 25  1 30   2457286.41 2015  9 20 21 55
 2457434.91 2016  2 16  9 54   2457495.76 2016  4 17  6 18   2457556.61 2016  6 17  2 43
 2457699.11 2016 11  6 14 42   2457762.96 2017  1  9 11  6   2457826.81 2017  3 14  7 31
 2457963.31 2017  7 28 19 30   2458030.16 2017 10  3 15 54   2458097.01 2017 12  9 12 19
 2458227.51 2018  4 19  0 18   2458297.36 2018  6 27 20 42   2458367.21 2018  9  5 17  7
 2458491.71 2019  1  8  5  6   2458564.56 2019  3 22  1 30   2458637.41 2019  6  2 21 55
 2458755.91 2019  9 29  9 54   2458831.76 2019 12 14  6 18   2458907.61 2020  2 28  2 43
 2459020.11 2020  6 19 14 42   2459098.96 2020  9  6 11  6   2459177.81 2020 11 24  7 31
 2459284.31 2021  3 10 19 30   2459366.16 2021  5 31 15 54   2459448.01 2021  8 21 12 19
 2459548.51 2021 11 30  0 18   2459633.36 2022  2 22 20 42   2459718.21 2022  5 18 17  7
 2459812.71 2022  8 21  5  6   2459900.56 2022 11 17  1 30   2459988.41 2023  2 12 21 55
 2460076.91 2023  5 12  9 54   2460167.76 2023  8 11  6 18   2460258.61 2023 11 10  2 43
 2460341.11 2024  1 31 14 42   2460434.96 2024  5  4 11  6   2460528.81 2024  8  6  7 31
 2460605.31 2024 10 21 19 30   2460702.16 2025  1 26 15 54   2460799.01 2025  5  3 12 19
 2460869.51 2025  7 13  0 18   2460969.36 2025 10 20 20 42   2461069.21 2026  1 28 17  7
 2461133.71 2026  4  3  5  6   2461236.56 2026  7 15  1 30   2461339.41 2026 10 25 21 55
 2461397.91 2026 12 23  9 54   2461503.76 2027  4  8  6 18   2461609.61 2027  7 23  2 43
 2461662.11 2027  9 13 14 42   2461770.96 2027 12 31 11  6   2461879.81 2028  4 18  7 31
 2461926.31 2028  6  3 19 30   2462038.16 2028  9 23 15 54   2462150.01 2029  1 13 12 19
 2462190.51 2029  2 23  0 18   2462305.36 2029  6 17 20 42   2462420.21 2029 10 10 17  7
 2462454.71 2029 11 14  5  6   2462572.56 2030  3 12  1 30   2462690.41 2030  7  7 21 55
 2462718.91 2030  8  5  9 54   2462839.76 2030 12  4  6 18   2462960.61 2031  4  4  2 43
 2462983.11 2031  4 26 14 42   2463106.96 2031  8 28 11  6   2463230.81 2031 12 30  7 31
 2463247.31 2032  1 15 19 30   2463374.16 2032  5 21 15 54   2463501.01 2032  9 25 12 19
 2463511.51 2032 10  6  0 18   2463641.36 2033  2 12 20 42   2463771.21 2033  6 22 17  7
 2463775.71 2033  6 27  5  6   2463908.56 2033 11  7  1 30   2464041.41 2034  3 19 21 55
 2464039.91 2034  3 18  9 54   2464175.76 2034  8  1  6 18   2464311.61 2034 12 15  2 43
 2464304.11 2034 12  7 14 42   2464442.96 2035  4 25 11  6   2464581.81 2035  9 11  7 31
