 Predicted Transit Epochs: HD41004A_ b

 Predicted Duration of a Central Transit:    14.   Hours

 Begin Transit Window           PREDICTED CENTRAL TRANSIT     End Transit Window
                                     All Times UT

                               HJD        Year M  D  H  M
 2456969.61 2014 11  8  2 34   2456981.38 2014 11 19 21 11   2456993.16 2014 12  1 15 48
 2457621.62 2016  8 21  2 49   2457634.60 2016  9  3  2 28   2457647.59 2016  9 16  2  7
 2458273.63 2018  6  4  3  3   2458287.82 2018  6 18  7 45   2458302.02 2018  7  2 12 26
 2458925.64 2020  3 17  3 17   2458941.04 2020  4  1 13  1   2458956.45 2020  4 16 22 46
 2459577.65 2021 12 29  3 32   2459594.26 2022  1 14 18 18   2459610.88 2022  1 31  9  5
 2460229.66 2023 10 12  3 46   2460247.48 2023 10 29 23 35   2460265.31 2023 11 16 19 24
 2460881.67 2025  7 25  4  1   2460900.70 2025  8 13  4 52   2460919.74 2025  9  1  5 43
 2461533.68 2027  5  8  4 15   2461553.92 2027  5 28 10  9   2461574.17 2027  6 17 16  2
 2462185.69 2029  2 18  4 29   2462207.14 2029  3 11 15 25   2462228.60 2029  4  2  2 22
 2462837.70 2030 12  2  4 44   2462860.36 2030 12 24 20 42   2462883.03 2031  1 16 12 41
 2463489.71 2032  9 14  4 58   2463513.58 2032 10  8  1 59   2463537.46 2032 10 31 23  0
 2464141.72 2034  6 28  5 13   2464166.80 2034  7 23  7 16   2464191.89 2034  8 17  9 19
 2464793.73 2036  4 10  5 27   2464820.02 2036  5  6 12 33   2464846.32 2036  6  1 19 38
