 Predicted Transit Epochs: HD41004B_ b

 Predicted Duration of a Central Transit:    79. Minutes

 Begin Transit Window           PREDICTED CENTRAL TRANSIT     End Transit Window
                                     All Times UT

                               HJD        Year M  D  H  M
 2454925.07 2009  4  3 13 42   2454925.15 2009  4  3 15 36   2454925.23 2009  4  3 17 29
 2454926.40 2009  4  4 21 35   2454926.48 2009  4  4 23 28   2454926.56 2009  4  5  1 22
 2454927.73 2009  4  6  5 27   2454927.81 2009  4  6  7 21   2454927.89 2009  4  6  9 15
 2454929.06 2009  4  7 13 20   2454929.14 2009  4  7 15 14   2454929.21 2009  4  7 17  8
 2454930.38 2009  4  8 21 13   2454930.46 2009  4  8 23  7   2454930.54 2009  4  9  1  0
 2454931.71 2009  4 10  5  6   2454931.79 2009  4 10  6 59   2454931.87 2009  4 10  8 53
 2454933.04 2009  4 11 12 58   2454933.12 2009  4 11 14 52   2454933.20 2009  4 11 16 46
 2454934.37 2009  4 12 20 51   2454934.45 2009  4 12 22 45   2454934.53 2009  4 13  0 39
 2454935.70 2009  4 14  4 44   2454935.78 2009  4 14  6 38   2454935.86 2009  4 14  8 31
 2454937.03 2009  4 15 12 37   2454937.10 2009  4 15 14 30   2454937.18 2009  4 15 16 24
 2454938.35 2009  4 16 20 29   2454938.43 2009  4 16 22 23   2454938.51 2009  4 17  0 17
 2454939.68 2009  4 18  4 22   2454939.76 2009  4 18  6 16   2454939.84 2009  4 18  8 10
 2454941.01 2009  4 19 12 15   2454941.09 2009  4 19 14  9   2454941.17 2009  4 19 16  3
 2454942.34 2009  4 20 20  8   2454942.42 2009  4 20 22  1   2454942.50 2009  4 20 23 55
 2454943.67 2009  4 22  4  0   2454943.75 2009  4 22  5 54   2454943.83 2009  4 22  7 48
 2454945.00 2009  4 23 11 53   2454945.07 2009  4 23 13 47   2454945.15 2009  4 23 15 41
 2454946.32 2009  4 24 19 46   2454946.40 2009  4 24 21 40   2454946.48 2009  4 24 23 34
 2454947.65 2009  4 26  3 39   2454947.73 2009  4 26  5 32   2454947.81 2009  4 26  7 26
 2454948.98 2009  4 27 11 31   2454949.06 2009  4 27 13 25   2454949.14 2009  4 27 15 19
 2454950.31 2009  4 28 19 24   2454950.39 2009  4 28 21 18   2454950.47 2009  4 28 23 12
 2454951.64 2009  4 30  3 17   2454951.72 2009  4 30  5 11   2454951.80 2009  4 30  7  5
 2454952.97 2009  5  1 11  9   2454953.04 2009  5  1 13  3   2454953.12 2009  5  1 14 57
 2454954.29 2009  5  2 19  2   2454954.37 2009  5  2 20 56   2454954.45 2009  5  2 22 50
 2454955.62 2009  5  4  2 55   2454955.70 2009  5  4  4 49   2454955.78 2009  5  4  6 43
 2454956.95 2009  5  5 10 48   2454957.03 2009  5  5 12 42   2454957.11 2009  5  5 14 36
 2454958.28 2009  5  6 18 40   2454958.36 2009  5  6 20 34   2454958.44 2009  5  6 22 29
 2454959.61 2009  5  8  2 33   2454959.69 2009  5  8  4 27   2454959.77 2009  5  8  6 21
 2454960.93 2009  5  9 10 26   2454961.01 2009  5  9 12 20   2454961.09 2009  5  9 14 14
 2454962.26 2009  5 10 18 19   2454962.34 2009  5 10 20 13   2454962.42 2009  5 10 22  7
 2454963.59 2009  5 12  2 11   2454963.67 2009  5 12  4  5   2454963.75 2009  5 12  6  0
 2454964.92 2009  5 13 10  4   2454965.00 2009  5 13 11 58   2454965.08 2009  5 13 13 52
 2454966.25 2009  5 14 17 57   2454966.33 2009  5 14 19 51   2454966.41 2009  5 14 21 45
 2454967.58 2009  5 16  1 50   2454967.66 2009  5 16  3 44   2454967.73 2009  5 16  5 38
 2454968.90 2009  5 17  9 42   2454968.98 2009  5 17 11 36   2454969.06 2009  5 17 13 31
 2454970.23 2009  5 18 17 35   2454970.31 2009  5 18 19 29   2454970.39 2009  5 18 21 23
 2454971.56 2009  5 20  1 28   2454971.64 2009  5 20  3 22   2454971.72 2009  5 20  5 16
 2454972.89 2009  5 21  9 20   2454972.97 2009  5 21 11 15   2454973.05 2009  5 21 13  9
 2454974.22 2009  5 22 17 13   2454974.30 2009  5 22 19  7   2454974.38 2009  5 22 21  2
 2454975.55 2009  5 24  1  6   2454975.63 2009  5 24  3  0   2454975.70 2009  5 24  4 55
 2454976.87 2009  5 25  8 59   2454976.95 2009  5 25 10 53   2454977.03 2009  5 25 12 47
 2454978.20 2009  5 26 16 51   2454978.28 2009  5 26 18 46   2454978.36 2009  5 26 20 40
 2454979.53 2009  5 28  0 44   2454979.61 2009  5 28  2 38   2454979.69 2009  5 28  4 33
 2454980.86 2009  5 29  8 37   2454980.94 2009  5 29 10 31   2454981.02 2009  5 29 12 26
 2454982.19 2009  5 30 16 30   2454982.27 2009  5 30 18 24   2454982.35 2009  5 30 20 18
 2454983.52 2009  6  1  0 22   2454983.60 2009  6  1  2 17   2454983.67 2009  6  1  4 11
 2454984.84 2009  6  2  8 15   2454984.92 2009  6  2 10  9   2454985.00 2009  6  2 12  4
 2454986.17 2009  6  3 16  8   2454986.25 2009  6  3 18  2   2454986.33 2009  6  3 19 57
 2454987.50 2009  6  5  0  1   2454987.58 2009  6  5  1 55   2454987.66 2009  6  5  3 49
 2454988.83 2009  6  6  7 53   2454988.91 2009  6  6  9 48   2454988.99 2009  6  6 11 42
 2454990.16 2009  6  7 15 46   2454990.24 2009  6  7 17 40   2454990.32 2009  6  7 19 35
 2454991.49 2009  6  8 23 39   2454991.57 2009  6  9  1 33   2454991.64 2009  6  9  3 28
 2454992.81 2009  6 10  7 32   2454992.89 2009  6 10  9 26   2454992.97 2009  6 10 11 21
 2454994.14 2009  6 11 15 24   2454994.22 2009  6 11 17 19   2454994.30 2009  6 11 19 13
 2454995.47 2009  6 12 23 17   2454995.55 2009  6 13  1 12   2454995.63 2009  6 13  3  6
 2454996.80 2009  6 14  7 10   2454996.88 2009  6 14  9  4   2454996.96 2009  6 14 10 59
 2454998.13 2009  6 15 15  2   2454998.21 2009  6 15 16 57   2454998.29 2009  6 15 18 52
 2454999.46 2009  6 16 22 55   2454999.53 2009  6 17  0 50   2454999.61 2009  6 17  2 44
 2455000.78 2009  6 18  6 48   2455000.86 2009  6 18  8 43   2455000.94 2009  6 18 10 37
 2455002.11 2009  6 19 14 41   2455002.19 2009  6 19 16 35   2455002.27 2009  6 19 18 30
 2455003.44 2009  6 20 22 33   2455003.52 2009  6 21  0 28   2455003.60 2009  6 21  2 23
 2455004.77 2009  6 22  6 26   2455004.85 2009  6 22  8 21   2455004.93 2009  6 22 10 15
 2455006.10 2009  6 23 14 19   2455006.18 2009  6 23 16 14   2455006.26 2009  6 23 18  8
 2455007.43 2009  6 24 22 12   2455007.50 2009  6 25  0  6   2455007.58 2009  6 25  2  1
 2455008.75 2009  6 26  6  4   2455008.83 2009  6 26  7 59   2455008.91 2009  6 26  9 54
 2455010.08 2009  6 27 13 57   2455010.16 2009  6 27 15 52   2455010.24 2009  6 27 17 47
 2455011.41 2009  6 28 21 50   2455011.49 2009  6 28 23 45   2455011.57 2009  6 29  1 39
 2455012.74 2009  6 30  5 43   2455012.82 2009  6 30  7 37   2455012.90 2009  6 30  9 32
 2455014.07 2009  7  1 13 35   2455014.15 2009  7  1 15 30   2455014.23 2009  7  1 17 25
 2455015.39 2009  7  2 21 28   2455015.47 2009  7  2 23 23   2455015.55 2009  7  3  1 18
 2455016.72 2009  7  4  5 21   2455016.80 2009  7  4  7 16   2455016.88 2009  7  4  9 10
 2455018.05 2009  7  5 13 13   2455018.13 2009  7  5 15  8   2455018.21 2009  7  5 17  3
 2455019.38 2009  7  6 21  6   2455019.46 2009  7  6 23  1   2455019.54 2009  7  7  0 56
 2455020.71 2009  7  8  4 59   2455020.79 2009  7  8  6 54   2455020.87 2009  7  8  8 49
 2455022.04 2009  7  9 12 52   2455022.12 2009  7  9 14 47   2455022.20 2009  7  9 16 41
 2455023.36 2009  7 10 20 44   2455023.44 2009  7 10 22 39   2455023.52 2009  7 11  0 34
 2455024.69 2009  7 12  4 37   2455024.77 2009  7 12  6 32   2455024.85 2009  7 12  8 27
 2455026.02 2009  7 13 12 30   2455026.10 2009  7 13 14 25   2455026.18 2009  7 13 16 20
 2455027.35 2009  7 14 20 23   2455027.43 2009  7 14 22 18   2455027.51 2009  7 15  0 13
 2455028.68 2009  7 16  4 15   2455028.76 2009  7 16  6 10   2455028.84 2009  7 16  8  5
 2455030.01 2009  7 17 12  8   2455030.09 2009  7 17 14  3   2455030.17 2009  7 17 15 58
 2455031.33 2009  7 18 20  1   2455031.41 2009  7 18 21 56   2455031.49 2009  7 18 23 51
 2455032.66 2009  7 20  3 54   2455032.74 2009  7 20  5 49   2455032.82 2009  7 20  7 44
 2455033.99 2009  7 21 11 46   2455034.07 2009  7 21 13 41   2455034.15 2009  7 21 15 36
 2455035.32 2009  7 22 19 39   2455035.40 2009  7 22 21 34   2455035.48 2009  7 22 23 29
 2455036.65 2009  7 24  3 32   2455036.73 2009  7 24  5 27   2455036.81 2009  7 24  7 22
 2455037.98 2009  7 25 11 24   2455038.06 2009  7 25 13 20   2455038.14 2009  7 25 15 15
 2455039.30 2009  7 26 19 17   2455039.38 2009  7 26 21 12   2455039.46 2009  7 26 23  7
 2455040.63 2009  7 28  3 10   2455040.71 2009  7 28  5  5   2455040.79 2009  7 28  7  0
 2455041.96 2009  7 29 11  3   2455042.04 2009  7 29 12 58   2455042.12 2009  7 29 14 53
 2455043.29 2009  7 30 18 55   2455043.37 2009  7 30 20 51   2455043.45 2009  7 30 22 46
 2455044.62 2009  8  1  2 48   2455044.70 2009  8  1  4 43   2455044.78 2009  8  1  6 39
 2455045.95 2009  8  2 10 41   2455046.03 2009  8  2 12 36   2455046.11 2009  8  2 14 31
 2455047.27 2009  8  3 18 34   2455047.35 2009  8  3 20 29   2455047.43 2009  8  3 22 24
 2455048.60 2009  8  5  2 26   2455048.68 2009  8  5  4 22   2455048.76 2009  8  5  6 17
 2455049.93 2009  8  6 10 19   2455050.01 2009  8  6 12 14   2455050.09 2009  8  6 14 10
 2455051.26 2009  8  7 18 12   2455051.34 2009  8  7 20  7   2455051.42 2009  8  7 22  2
 2455052.59 2009  8  9  2  5   2455052.67 2009  8  9  4  0   2455052.75 2009  8  9  5 55
 2455053.92 2009  8 10  9 57   2455054.00 2009  8 10 11 53   2455054.08 2009  8 10 13 48
 2455055.24 2009  8 11 17 50   2455055.32 2009  8 11 19 45   2455055.40 2009  8 11 21 41
 2455056.57 2009  8 13  1 43   2455056.65 2009  8 13  3 38   2455056.73 2009  8 13  5 33
 2455057.90 2009  8 14  9 36   2455057.98 2009  8 14 11 31   2455058.06 2009  8 14 13 26
 2455059.23 2009  8 15 17 28   2455059.31 2009  8 15 19 24   2455059.39 2009  8 15 21 19
 2455060.56 2009  8 17  1 21   2455060.64 2009  8 17  3 16   2455060.72 2009  8 17  5 12
 2455061.88 2009  8 18  9 14   2455061.97 2009  8 18 11  9   2455062.05 2009  8 18 13  5
 2455063.21 2009  8 19 17  6   2455063.29 2009  8 19 19  2   2455063.37 2009  8 19 20 57
 2455064.54 2009  8 21  0 59   2455064.62 2009  8 21  2 55   2455064.70 2009  8 21  4 50
 2455065.87 2009  8 22  8 52   2455065.95 2009  8 22 10 47   2455066.03 2009  8 22 12 43
 2455067.20 2009  8 23 16 45   2455067.28 2009  8 23 18 40   2455067.36 2009  8 23 20 36
 2455068.53 2009  8 25  0 37   2455068.61 2009  8 25  2 33   2455068.69 2009  8 25  4 28
 2455069.85 2009  8 26  8 30   2455069.93 2009  8 26 10 26   2455070.02 2009  8 26 12 21
 2455071.18 2009  8 27 16 23   2455071.26 2009  8 27 18 18   2455071.34 2009  8 27 20 14
 2455072.51 2009  8 29  0 16   2455072.59 2009  8 29  2 11   2455072.67 2009  8 29  4  7
 2455073.84 2009  8 30  8  8   2455073.92 2009  8 30 10  4   2455074.00 2009  8 30 11 59
 2455075.17 2009  8 31 16  1   2455075.25 2009  8 31 17 57   2455075.33 2009  8 31 19 52
 2455076.50 2009  9  1 23 54   2455076.58 2009  9  2  1 49   2455076.66 2009  9  2  3 45
 2455077.82 2009  9  3  7 47   2455077.90 2009  9  3  9 42   2455077.98 2009  9  3 11 38
 2455079.15 2009  9  4 15 39   2455079.23 2009  9  4 17 35   2455079.31 2009  9  4 19 31
 2455080.48 2009  9  5 23 32   2455080.56 2009  9  6  1 28   2455080.64 2009  9  6  3 23
 2455081.81 2009  9  7  7 25   2455081.89 2009  9  7  9 20   2455081.97 2009  9  7 11 16
 2455083.14 2009  9  8 15 17   2455083.22 2009  9  8 17 13   2455083.30 2009  9  8 19  9
 2455084.47 2009  9  9 23 10   2455084.55 2009  9 10  1  6   2455084.63 2009  9 10  3  2
 2455085.79 2009  9 11  7  3   2455085.87 2009  9 11  8 59   2455085.95 2009  9 11 10 54
 2455087.12 2009  9 12 14 56   2455087.20 2009  9 12 16 51   2455087.28 2009  9 12 18 47
 2455088.45 2009  9 13 22 48   2455088.53 2009  9 14  0 44   2455088.61 2009  9 14  2 40
 2455089.78 2009  9 15  6 41   2455089.86 2009  9 15  8 37   2455089.94 2009  9 15 10 33
 2455091.11 2009  9 16 14 34   2455091.19 2009  9 16 16 30   2455091.27 2009  9 16 18 25
 2455092.44 2009  9 17 22 27   2455092.52 2009  9 18  0 22   2455092.60 2009  9 18  2 18
 2455093.76 2009  9 19  6 19   2455093.84 2009  9 19  8 15   2455093.92 2009  9 19 10 11
 2455095.09 2009  9 20 14 12   2455095.17 2009  9 20 16  8   2455095.25 2009  9 20 18  4
 2455096.42 2009  9 21 22  5   2455096.50 2009  9 22  0  1   2455096.58 2009  9 22  1 57
 2455097.75 2009  9 23  5 58   2455097.83 2009  9 23  7 53   2455097.91 2009  9 23  9 49
 2455099.08 2009  9 24 13 50   2455099.16 2009  9 24 15 46   2455099.24 2009  9 24 17 42
 2455100.41 2009  9 25 21 43   2455100.49 2009  9 25 23 39   2455100.57 2009  9 26  1 35
 2455101.73 2009  9 27  5 36   2455101.81 2009  9 27  7 32   2455101.89 2009  9 27  9 28
 2455103.06 2009  9 28 13 28   2455103.14 2009  9 28 15 24   2455103.22 2009  9 28 17 20
 2455104.39 2009  9 29 21 21   2455104.47 2009  9 29 23 17   2455104.55 2009  9 30  1 13
 2455105.72 2009 10  1  5 14   2455105.80 2009 10  1  7 10   2455105.88 2009 10  1  9  6
 2455107.05 2009 10  2 13  7   2455107.13 2009 10  2 15  3   2455107.21 2009 10  2 16 59
 2455108.37 2009 10  3 20 59   2455108.46 2009 10  3 22 55   2455108.54 2009 10  4  0 51
 2455109.70 2009 10  5  4 52   2455109.78 2009 10  5  6 48   2455109.86 2009 10  5  8 44
 2455111.03 2009 10  6 12 45   2455111.11 2009 10  6 14 41   2455111.19 2009 10  6 16 37
 2455112.36 2009 10  7 20 38   2455112.44 2009 10  7 22 34   2455112.52 2009 10  8  0 30
 2455113.69 2009 10  9  4 30   2455113.77 2009 10  9  6 26   2455113.85 2009 10  9  8 23
 2455115.02 2009 10 10 12 23   2455115.10 2009 10 10 14 19   2455115.18 2009 10 10 16 15
 2455116.34 2009 10 11 20 16   2455116.43 2009 10 11 22 12   2455116.51 2009 10 12  0  8
 2455117.67 2009 10 13  4  9   2455117.75 2009 10 13  6  5   2455117.83 2009 10 13  8  1
 2455119.00 2009 10 14 12  1   2455119.08 2009 10 14 13 57   2455119.16 2009 10 14 15 54
 2455120.33 2009 10 15 19 54   2455120.41 2009 10 15 21 50   2455120.49 2009 10 15 23 46
 2455121.66 2009 10 17  3 47   2455121.74 2009 10 17  5 43   2455121.82 2009 10 17  7 39
 2455122.99 2009 10 18 11 40   2455123.07 2009 10 18 13 36   2455123.15 2009 10 18 15 32
 2455124.31 2009 10 19 19 32   2455124.40 2009 10 19 21 28   2455124.48 2009 10 19 23 25
 2455125.64 2009 10 21  3 25   2455125.72 2009 10 21  5 21   2455125.80 2009 10 21  7 17
 2455126.97 2009 10 22 11 18   2455127.05 2009 10 22 13 14   2455127.13 2009 10 22 15 10
 2455128.30 2009 10 23 19 10   2455128.38 2009 10 23 21  7   2455128.46 2009 10 23 23  3
 2455129.63 2009 10 25  3  3   2455129.71 2009 10 25  4 59   2455129.79 2009 10 25  6 56
 2455130.96 2009 10 26 10 56   2455131.04 2009 10 26 12 52   2455131.12 2009 10 26 14 49
 2455132.28 2009 10 27 18 49   2455132.36 2009 10 27 20 45   2455132.45 2009 10 27 22 41
 2455133.61 2009 10 29  2 41   2455133.69 2009 10 29  4 38   2455133.77 2009 10 29  6 34
 2455134.94 2009 10 30 10 34   2455135.02 2009 10 30 12 30   2455135.10 2009 10 30 14 27
 2455136.27 2009 10 31 18 27   2455136.35 2009 10 31 20 23   2455136.43 2009 10 31 22 20
 2455137.60 2009 11  2  2 20   2455137.68 2009 11  2  4 16   2455137.76 2009 11  2  6 12
 2455138.93 2009 11  3 10 12   2455139.01 2009 11  3 12  9   2455139.09 2009 11  3 14  5
 2455140.25 2009 11  4 18  5   2455140.33 2009 11  4 20  1   2455140.42 2009 11  4 21 58
 2455141.58 2009 11  6  1 58   2455141.66 2009 11  6  3 54   2455141.74 2009 11  6  5 51
 2455142.91 2009 11  7  9 51   2455142.99 2009 11  7 11 47   2455143.07 2009 11  7 13 43
 2455144.24 2009 11  8 17 43   2455144.32 2009 11  8 19 40   2455144.40 2009 11  8 21 36
 2455145.57 2009 11 10  1 36   2455145.65 2009 11 10  3 32   2455145.73 2009 11 10  5 29
 2455146.90 2009 11 11  9 29   2455146.98 2009 11 11 11 25   2455147.06 2009 11 11 13 22
 2455148.22 2009 11 12 17 21   2455148.30 2009 11 12 19 18   2455148.39 2009 11 12 21 15
 2455149.55 2009 11 14  1 14   2455149.63 2009 11 14  3 11   2455149.71 2009 11 14  5  7
 2455150.88 2009 11 15  9  7   2455150.96 2009 11 15 11  3   2455151.04 2009 11 15 13  0
 2455152.21 2009 11 16 17  0   2455152.29 2009 11 16 18 56   2455152.37 2009 11 16 20 53
 2455153.54 2009 11 18  0 52   2455153.62 2009 11 18  2 49   2455153.70 2009 11 18  4 46
 2455154.87 2009 11 19  8 45   2455154.95 2009 11 19 10 42   2455155.03 2009 11 19 12 38
 2455156.19 2009 11 20 16 38   2455156.27 2009 11 20 18 34   2455156.36 2009 11 20 20 31
 2455157.52 2009 11 22  0 31   2455157.60 2009 11 22  2 27   2455157.68 2009 11 22  4 24
 2455158.85 2009 11 23  8 23   2455158.93 2009 11 23 10 20   2455159.01 2009 11 23 12 17
 2455160.18 2009 11 24 16 16   2455160.26 2009 11 24 18 13   2455160.34 2009 11 24 20  9
 2455161.51 2009 11 26  0  9   2455161.59 2009 11 26  2  6   2455161.67 2009 11 26  4  2
 2455162.83 2009 11 27  8  2   2455162.92 2009 11 27  9 58   2455163.00 2009 11 27 11 55
 2455164.16 2009 11 28 15 54   2455164.24 2009 11 28 17 51   2455164.33 2009 11 28 19 48
 2455165.49 2009 11 29 23 47   2455165.57 2009 11 30  1 44   2455165.65 2009 11 30  3 41
 2455166.82 2009 12  1  7 40   2455166.90 2009 12  1  9 37   2455166.98 2009 12  1 11 33
 2455168.15 2009 12  2 15 32   2455168.23 2009 12  2 17 29   2455168.31 2009 12  2 19 26
 2455169.48 2009 12  3 23 25   2455169.56 2009 12  4  1 22   2455169.64 2009 12  4  3 19
 2455170.80 2009 12  5  7 18   2455170.89 2009 12  5  9 15   2455170.97 2009 12  5 11 12
 2455172.13 2009 12  6 15 11   2455172.21 2009 12  6 17  8   2455172.30 2009 12  6 19  4
 2455173.46 2009 12  7 23  3   2455173.54 2009 12  8  1  0   2455173.62 2009 12  8  2 57
 2455174.79 2009 12  9  6 56   2455174.87 2009 12  9  8 53   2455174.95 2009 12  9 10 50
 2455176.12 2009 12 10 14 49   2455176.20 2009 12 10 16 46   2455176.28 2009 12 10 18 43
 2455177.45 2009 12 11 22 42   2455177.53 2009 12 12  0 39   2455177.61 2009 12 12  2 35
 2455178.77 2009 12 13  6 34   2455178.86 2009 12 13  8 31   2455178.94 2009 12 13 10 28
 2455180.10 2009 12 14 14 27   2455180.18 2009 12 14 16 24   2455180.26 2009 12 14 18 21
 2455181.43 2009 12 15 22 20   2455181.51 2009 12 16  0 17   2455181.59 2009 12 16  2 14
 2455182.76 2009 12 17  6 13   2455182.84 2009 12 17  8 10   2455182.92 2009 12 17 10  7
 2455184.09 2009 12 18 14  5   2455184.17 2009 12 18 16  2   2455184.25 2009 12 18 17 59
 2455185.42 2009 12 19 21 58   2455185.50 2009 12 19 23 55   2455185.58 2009 12 20  1 52
 2455186.74 2009 12 21  5 51   2455186.83 2009 12 21  7 48   2455186.91 2009 12 21  9 45
 2455188.07 2009 12 22 13 44   2455188.15 2009 12 22 15 41   2455188.23 2009 12 22 17 38
 2455189.40 2009 12 23 21 36   2455189.48 2009 12 23 23 33   2455189.56 2009 12 24  1 30
 2455190.73 2009 12 25  5 29   2455190.81 2009 12 25  7 26   2455190.89 2009 12 25  9 23
 2455192.06 2009 12 26 13 22   2455192.14 2009 12 26 15 19   2455192.22 2009 12 26 17 16
 2455193.39 2009 12 27 21 14   2455193.47 2009 12 27 23 12   2455193.55 2009 12 28  1  9
 2455194.71 2009 12 29  5  7   2455194.80 2009 12 29  7  4   2455194.88 2009 12 29  9  1
 2455196.04 2009 12 30 13  0   2455196.12 2009 12 30 14 57   2455196.20 2009 12 30 16 54
 2455197.37 2009 12 31 20 53   2455197.45 2009 12 31 22 50   2455197.53 2010  1  1  0 47
 2455198.70 2010  1  2  4 45   2455198.78 2010  1  2  6 43   2455198.86 2010  1  2  8 40
 2455200.03 2010  1  3 12 38   2455200.11 2010  1  3 14 35   2455200.19 2010  1  3 16 33
 2455201.36 2010  1  4 20 31   2455201.44 2010  1  4 22 28   2455201.52 2010  1  5  0 25
 2455202.68 2010  1  6  4 24   2455202.76 2010  1  6  6 21   2455202.85 2010  1  6  8 18
 2455204.01 2010  1  7 12 16   2455204.09 2010  1  7 14 14   2455204.17 2010  1  7 16 11
 2455205.34 2010  1  8 20  9   2455205.42 2010  1  8 22  6   2455205.50 2010  1  9  0  4
 2455206.67 2010  1 10  4  2   2455206.75 2010  1 10  5 59   2455206.83 2010  1 10  7 56
 2455208.00 2010  1 11 11 55   2455208.08 2010  1 11 13 52   2455208.16 2010  1 11 15 49
 2455209.32 2010  1 12 19 47   2455209.41 2010  1 12 21 45   2455209.49 2010  1 12 23 42
 2455210.65 2010  1 14  3 40   2455210.73 2010  1 14  5 37   2455210.82 2010  1 14  7 35
 2455211.98 2010  1 15 11 33   2455212.06 2010  1 15 13 30   2455212.14 2010  1 15 15 27
 2455213.31 2010  1 16 19 25   2455213.39 2010  1 16 21 23   2455213.47 2010  1 16 23 20
 2455214.64 2010  1 18  3 18   2455214.72 2010  1 18  5 16   2455214.80 2010  1 18  7 13
 2455215.97 2010  1 19 11 11   2455216.05 2010  1 19 13  8   2455216.13 2010  1 19 15  6
 2455217.29 2010  1 20 19  4   2455217.38 2010  1 20 21  1   2455217.46 2010  1 20 22 59
 2455218.62 2010  1 22  2 56   2455218.70 2010  1 22  4 54   2455218.79 2010  1 22  6 51
 2455219.95 2010  1 23 10 49   2455220.03 2010  1 23 12 47   2455220.11 2010  1 23 14 44
 2455221.28 2010  1 24 18 42   2455221.36 2010  1 24 20 39   2455221.44 2010  1 24 22 37
 2455222.61 2010  1 26  2 35   2455222.69 2010  1 26  4 32   2455222.77 2010  1 26  6 30
 2455223.94 2010  1 27 10 27   2455224.02 2010  1 27 12 25   2455224.10 2010  1 27 14 22
 2455225.26 2010  1 28 18 20   2455225.35 2010  1 28 20 18   2455225.43 2010  1 28 22 15
 2455226.59 2010  1 30  2 13   2455226.67 2010  1 30  4 10   2455226.76 2010  1 30  6  8
 2455227.92 2010  1 31 10  6   2455228.00 2010  1 31 12  3   2455228.08 2010  1 31 14  1
 2455229.25 2010  2  1 17 58   2455229.33 2010  2  1 19 56   2455229.41 2010  2  1 21 53
 2455230.58 2010  2  3  1 51   2455230.66 2010  2  3  3 49   2455230.74 2010  2  3  5 46
 2455231.91 2010  2  4  9 44   2455231.99 2010  2  4 11 41   2455232.07 2010  2  4 13 39
 2455233.23 2010  2  5 17 36   2455233.32 2010  2  5 19 34   2455233.40 2010  2  5 21 32
 2455234.56 2010  2  7  1 29   2455234.64 2010  2  7  3 27   2455234.73 2010  2  7  5 25
 2455235.89 2010  2  8  9 22   2455235.97 2010  2  8 11 20   2455236.05 2010  2  8 13 17
 2455237.22 2010  2  9 17 15   2455237.30 2010  2  9 19 12   2455237.38 2010  2  9 21 10
 2455238.55 2010  2 11  1  7   2455238.63 2010  2 11  3  5   2455238.71 2010  2 11  5  3
 2455239.88 2010  2 12  9  0   2455239.96 2010  2 12 10 58   2455240.04 2010  2 12 12 56
 2455241.20 2010  2 13 16 53   2455241.29 2010  2 13 18 51   2455241.37 2010  2 13 20 48
 2455242.53 2010  2 15  0 46   2455242.61 2010  2 15  2 43   2455242.70 2010  2 15  4 41
 2455243.86 2010  2 16  8 38   2455243.94 2010  2 16 10 36   2455244.02 2010  2 16 12 34
 2455245.19 2010  2 17 16 31   2455245.27 2010  2 17 18 29   2455245.35 2010  2 17 20 27
 2455246.52 2010  2 19  0 24   2455246.60 2010  2 19  2 22   2455246.68 2010  2 19  4 19
 2455247.85 2010  2 20  8 17   2455247.93 2010  2 20 10 14   2455248.01 2010  2 20 12 12
 2455249.17 2010  2 21 16  9   2455249.26 2010  2 21 18  7   2455249.34 2010  2 21 20  5
 2455250.50 2010  2 23  0  2   2455250.58 2010  2 23  2  0   2455250.67 2010  2 23  3 58
 2455251.83 2010  2 24  7 55   2455251.91 2010  2 24  9 53   2455251.99 2010  2 24 11 51
 2455253.16 2010  2 25 15 48   2455253.24 2010  2 25 17 45   2455253.32 2010  2 25 19 43
 2455254.49 2010  2 26 23 40   2455254.57 2010  2 27  1 38   2455254.65 2010  2 27  3 36
 2455255.81 2010  2 28  7 33   2455255.90 2010  2 28  9 31   2455255.98 2010  2 28 11 29
 2455257.14 2010  3  1 15 26   2455257.23 2010  3  1 17 24   2455257.31 2010  3  1 19 22
 2455258.47 2010  3  2 23 18   2455258.55 2010  3  3  1 16   2455258.64 2010  3  3  3 14
 2455259.80 2010  3  4  7 11   2455259.88 2010  3  4  9  9   2455259.96 2010  3  4 11  7
 2455261.13 2010  3  5 15  4   2455261.21 2010  3  5 17  2   2455261.29 2010  3  5 19  0
 2455262.46 2010  3  6 22 57   2455262.54 2010  3  7  0 55   2455262.62 2010  3  7  2 53
 2455263.78 2010  3  8  6 49   2455263.87 2010  3  8  8 47   2455263.95 2010  3  8 10 45
 2455265.11 2010  3  9 14 42   2455265.19 2010  3  9 16 40   2455265.28 2010  3  9 18 38
 2455266.44 2010  3 10 22 35   2455266.52 2010  3 11  0 33   2455266.61 2010  3 11  2 31
 2455267.77 2010  3 12  6 28   2455267.85 2010  3 12  8 26   2455267.93 2010  3 12 10 24
 2455269.10 2010  3 13 14 20   2455269.18 2010  3 13 16 18   2455269.26 2010  3 13 18 17
 2455270.43 2010  3 14 22 13   2455270.51 2010  3 15  0 11   2455270.59 2010  3 15  2  9
 2455271.75 2010  3 16  6  6   2455271.84 2010  3 16  8  4   2455271.92 2010  3 16 10  2
 2455273.08 2010  3 17 13 59   2455273.16 2010  3 17 15 57   2455273.25 2010  3 17 17 55
 2455274.41 2010  3 18 21 51   2455274.49 2010  3 18 23 49   2455274.58 2010  3 19  1 48
 2455275.74 2010  3 20  5 44   2455275.82 2010  3 20  7 42   2455275.90 2010  3 20  9 40
 2455277.07 2010  3 21 13 37   2455277.15 2010  3 21 15 35   2455277.23 2010  3 21 17 33
 2455278.40 2010  3 22 21 29   2455278.48 2010  3 22 23 28   2455278.56 2010  3 23  1 26
 2455279.72 2010  3 24  5 22   2455279.81 2010  3 24  7 20   2455279.89 2010  3 24  9 19
 2455281.05 2010  3 25 13 15   2455281.13 2010  3 25 15 13   2455281.22 2010  3 25 17 11
 2455282.38 2010  3 26 21  8   2455282.46 2010  3 26 23  6   2455282.54 2010  3 27  1  4
 2455283.71 2010  3 28  5  0   2455283.79 2010  3 28  6 59   2455283.87 2010  3 28  8 57
 2455285.04 2010  3 29 12 53   2455285.12 2010  3 29 14 51   2455285.20 2010  3 29 16 50
 2455286.37 2010  3 30 20 46   2455286.45 2010  3 30 22 44   2455286.53 2010  3 31  0 43
 2455287.69 2010  4  1  4 39   2455287.78 2010  4  1  6 37   2455287.86 2010  4  1  8 35
 2455289.02 2010  4  2 12 31   2455289.10 2010  4  2 14 30   2455289.19 2010  4  2 16 28
 2455290.35 2010  4  3 20 24   2455290.43 2010  4  3 22 22   2455290.51 2010  4  4  0 21
 2455291.68 2010  4  5  4 17   2455291.76 2010  4  5  6 15   2455291.84 2010  4  5  8 14
 2455293.01 2010  4  6 12 10   2455293.09 2010  4  6 14  8   2455293.17 2010  4  6 16  6
 2455294.34 2010  4  7 20  2   2455294.42 2010  4  7 22  1   2455294.50 2010  4  7 23 59
 2455295.66 2010  4  9  3 55   2455295.75 2010  4  9  5 53   2455295.83 2010  4  9  7 52
 2455296.99 2010  4 10 11 48   2455297.07 2010  4 10 13 46   2455297.16 2010  4 10 15 45
 2455298.32 2010  4 11 19 40   2455298.40 2010  4 11 21 39   2455298.48 2010  4 11 23 37
 2455299.65 2010  4 13  3 33   2455299.73 2010  4 13  5 32   2455299.81 2010  4 13  7 30
 2455300.98 2010  4 14 11 26   2455301.06 2010  4 14 13 24   2455301.14 2010  4 14 15 23
 2455302.30 2010  4 15 19 19   2455302.39 2010  4 15 21 17   2455302.47 2010  4 15 23 16
 2455303.63 2010  4 17  3 11   2455303.72 2010  4 17  5 10   2455303.80 2010  4 17  7  9
 2455304.96 2010  4 18 11  4   2455305.04 2010  4 18 13  3   2455305.13 2010  4 18 15  1
 2455306.29 2010  4 19 18 57   2455306.37 2010  4 19 20 55   2455306.45 2010  4 19 22 54
 2455307.62 2010  4 21  2 50   2455307.70 2010  4 21  4 48   2455307.78 2010  4 21  6 47
 2455308.95 2010  4 22 10 42   2455309.03 2010  4 22 12 41   2455309.11 2010  4 22 14 40
 2455310.27 2010  4 23 18 35   2455310.36 2010  4 23 20 34   2455310.44 2010  4 23 22 32
 2455311.60 2010  4 25  2 28   2455311.69 2010  4 25  4 26   2455311.77 2010  4 25  6 25
 2455312.93 2010  4 26 10 21   2455313.01 2010  4 26 12 19   2455313.10 2010  4 26 14 18
 2455314.26 2010  4 27 18 13   2455314.34 2010  4 27 20 12   2455314.42 2010  4 27 22 11
 2455315.59 2010  4 29  2  6   2455315.67 2010  4 29  4  5   2455315.75 2010  4 29  6  3
 2455316.92 2010  4 30  9 59   2455317.00 2010  4 30 11 57   2455317.08 2010  4 30 13 56
 2455318.24 2010  5  1 17 52   2455318.33 2010  5  1 19 50   2455318.41 2010  5  1 21 49
 2455319.57 2010  5  3  1 44   2455319.66 2010  5  3  3 43   2455319.74 2010  5  3  5 42
 2455320.90 2010  5  4  9 37   2455320.98 2010  5  4 11 36   2455321.07 2010  5  4 13 35
 2455322.23 2010  5  5 17 30   2455322.31 2010  5  5 19 28   2455322.39 2010  5  5 21 27
 2455323.56 2010  5  7  1 22   2455323.64 2010  5  7  3 21   2455323.72 2010  5  7  5 20
 2455324.89 2010  5  8  9 15   2455324.97 2010  5  8 11 14   2455325.05 2010  5  8 13 13
 2455326.21 2010  5  9 17  8   2455326.30 2010  5  9 19  7   2455326.38 2010  5  9 21  6
 2455327.54 2010  5 11  1  1   2455327.63 2010  5 11  3  0   2455327.71 2010  5 11  4 58
 2455328.87 2010  5 12  8 53   2455328.95 2010  5 12 10 52   2455329.04 2010  5 12 12 51
 2455330.20 2010  5 13 16 46   2455330.28 2010  5 13 18 45   2455330.36 2010  5 13 20 44
 2455331.53 2010  5 15  0 39   2455331.61 2010  5 15  2 38   2455331.69 2010  5 15  4 37
 2455332.86 2010  5 16  8 32   2455332.94 2010  5 16 10 31   2455333.02 2010  5 16 12 29
 2455334.18 2010  5 17 16 24   2455334.27 2010  5 17 18 23   2455334.35 2010  5 17 20 22
 2455335.51 2010  5 19  0 17   2455335.59 2010  5 19  2 16   2455335.68 2010  5 19  4 15
 2455336.84 2010  5 20  8 10   2455336.92 2010  5 20 10  9   2455337.01 2010  5 20 12  8
 2455338.17 2010  5 21 16  3   2455338.25 2010  5 21 18  2   2455338.33 2010  5 21 20  1
 2455339.50 2010  5 22 23 55   2455339.58 2010  5 23  1 54   2455339.66 2010  5 23  3 53
 2455340.83 2010  5 24  7 48   2455340.91 2010  5 24  9 47   2455340.99 2010  5 24 11 46
 2455342.15 2010  5 25 15 41   2455342.24 2010  5 25 17 40   2455342.32 2010  5 25 19 39
 2455343.48 2010  5 26 23 33   2455343.56 2010  5 27  1 33   2455343.65 2010  5 27  3 32
 2455344.81 2010  5 28  7 26   2455344.89 2010  5 28  9 25   2455344.98 2010  5 28 11 24
 2455346.14 2010  5 29 15 19   2455346.22 2010  5 29 17 18   2455346.30 2010  5 29 19 17
 2455347.47 2010  5 30 23 12   2455347.55 2010  5 31  1 11   2455347.63 2010  5 31  3 10
 2455348.80 2010  6  1  7  4   2455348.88 2010  6  1  9  4   2455348.96 2010  6  1 11  3
 2455350.12 2010  6  2 14 57   2455350.21 2010  6  2 16 56   2455350.29 2010  6  2 18 55
 2455351.45 2010  6  3 22 50   2455351.53 2010  6  4  0 49   2455351.62 2010  6  4  2 48
 2455352.78 2010  6  5  6 43   2455352.86 2010  6  5  8 42   2455352.95 2010  6  5 10 41
 2455354.11 2010  6  6 14 35   2455354.19 2010  6  6 16 35   2455354.27 2010  6  6 18 34
 2455355.44 2010  6  7 22 28   2455355.52 2010  6  8  0 27   2455355.60 2010  6  8  2 27
 2455356.76 2010  6  9  6 21   2455356.85 2010  6  9  8 20   2455356.93 2010  6  9 10 19
 2455358.09 2010  6 10 14 14   2455358.18 2010  6 10 16 13   2455358.26 2010  6 10 18 12
 2455359.42 2010  6 11 22  6   2455359.50 2010  6 12  0  6   2455359.59 2010  6 12  2  5
 2455360.75 2010  6 13  5 59   2455360.83 2010  6 13  7 58   2455360.92 2010  6 13  9 58
 2455362.08 2010  6 14 13 52   2455362.16 2010  6 14 15 51   2455362.24 2010  6 14 17 50
 2455363.41 2010  6 15 21 44   2455363.49 2010  6 15 23 44   2455363.57 2010  6 16  1 43
 2455364.73 2010  6 17  5 37   2455364.82 2010  6 17  7 37   2455364.90 2010  6 17  9 36
 2455366.06 2010  6 18 13 30   2455366.15 2010  6 18 15 29   2455366.23 2010  6 18 17 29
 2455367.39 2010  6 19 21 23   2455367.47 2010  6 19 23 22   2455367.56 2010  6 20  1 21
 2455368.72 2010  6 21  5 15   2455368.80 2010  6 21  7 15   2455368.89 2010  6 21  9 14
 2455370.05 2010  6 22 13  8   2455370.13 2010  6 22 15  8   2455370.21 2010  6 22 17  7
 2455371.38 2010  6 23 21  1   2455371.46 2010  6 23 23  0   2455371.54 2010  6 24  1  0
 2455372.70 2010  6 25  4 54   2455372.79 2010  6 25  6 53   2455372.87 2010  6 25  8 53
 2455374.03 2010  6 26 12 46   2455374.12 2010  6 26 14 46   2455374.20 2010  6 26 16 45
 2455375.36 2010  6 27 20 39   2455375.44 2010  6 27 22 39   2455375.53 2010  6 28  0 38
 2455376.69 2010  6 29  4 32   2455376.77 2010  6 29  6 31   2455376.86 2010  6 29  8 31
 2455378.02 2010  6 30 12 25   2455378.10 2010  6 30 14 24   2455378.18 2010  6 30 16 24
 2455379.35 2010  7  1 20 17   2455379.43 2010  7  1 22 17   2455379.51 2010  7  2  0 16
 2455380.67 2010  7  3  4 10   2455380.76 2010  7  3  6 10   2455380.84 2010  7  3  8  9
 2455382.00 2010  7  4 12  3   2455382.09 2010  7  4 14  2   2455382.17 2010  7  4 16  2
 2455383.33 2010  7  5 19 56   2455383.41 2010  7  5 21 55   2455383.50 2010  7  5 23 55
 2455384.66 2010  7  7  3 48   2455384.74 2010  7  7  5 48   2455384.82 2010  7  7  7 47
 2455385.99 2010  7  8 11 41   2455386.07 2010  7  8 13 41   2455386.15 2010  7  8 15 40
 2455387.32 2010  7  9 19 34   2455387.40 2010  7  9 21 33   2455387.48 2010  7  9 23 33
 2455388.64 2010  7 11  3 26   2455388.73 2010  7 11  5 26   2455388.81 2010  7 11  7 26
 2455389.97 2010  7 12 11 19   2455390.06 2010  7 12 13 19   2455390.14 2010  7 12 15 19
 2455391.30 2010  7 13 19 12   2455391.38 2010  7 13 21 12   2455391.47 2010  7 13 23 11
 2455392.63 2010  7 15  3  5   2455392.71 2010  7 15  5  4   2455392.79 2010  7 15  7  4
 2455393.96 2010  7 16 10 57   2455394.04 2010  7 16 12 57   2455394.12 2010  7 16 14 57
 2455395.29 2010  7 17 18 50   2455395.37 2010  7 17 20 50   2455395.45 2010  7 17 22 50
 2455396.61 2010  7 19  2 43   2455396.70 2010  7 19  4 43   2455396.78 2010  7 19  6 42
 2455397.94 2010  7 20 10 36   2455398.02 2010  7 20 12 35   2455398.11 2010  7 20 14 35
 2455399.27 2010  7 21 18 28   2455399.35 2010  7 21 20 28   2455399.44 2010  7 21 22 28
 2455400.60 2010  7 23  2 21   2455400.68 2010  7 23  4 21   2455400.76 2010  7 23  6 21
 2455401.93 2010  7 24 10 14   2455402.01 2010  7 24 12 14   2455402.09 2010  7 24 14 13
 2455403.25 2010  7 25 18  7   2455403.34 2010  7 25 20  6   2455403.42 2010  7 25 22  6
 2455404.58 2010  7 27  1 59   2455404.67 2010  7 27  3 59   2455404.75 2010  7 27  5 59
 2455405.91 2010  7 28  9 52   2455405.99 2010  7 28 11 52   2455406.08 2010  7 28 13 52
 2455407.24 2010  7 29 17 45   2455407.32 2010  7 29 19 45   2455407.41 2010  7 29 21 45
 2455408.57 2010  7 31  1 37   2455408.65 2010  7 31  3 37   2455408.73 2010  7 31  5 37
 2455409.90 2010  8  1  9 30   2455409.98 2010  8  1 11 30   2455410.06 2010  8  1 13 30
 2455411.22 2010  8  2 17 23   2455411.31 2010  8  2 19 23   2455411.39 2010  8  2 21 23
 2455412.55 2010  8  4  1 16   2455412.64 2010  8  4  3 16   2455412.72 2010  8  4  5 16
 2455413.88 2010  8  5  9  8   2455413.96 2010  8  5 11  8   2455414.05 2010  8  5 13  8
 2455415.21 2010  8  6 17  1   2455415.29 2010  8  6 19  1   2455415.38 2010  8  6 21  1
 2455416.54 2010  8  8  0 54   2455416.62 2010  8  8  2 54   2455416.70 2010  8  8  4 54
 2455417.87 2010  8  9  8 47   2455417.95 2010  8  9 10 47   2455418.03 2010  8  9 12 47
 2455419.19 2010  8 10 16 39   2455419.28 2010  8 10 18 39   2455419.36 2010  8 10 20 39
 2455420.52 2010  8 12  0 32   2455420.61 2010  8 12  2 32   2455420.69 2010  8 12  4 32
 2455421.85 2010  8 13  8 25   2455421.93 2010  8 13 10 25   2455422.02 2010  8 13 12 25
 2455423.18 2010  8 14 16 18   2455423.26 2010  8 14 18 18   2455423.35 2010  8 14 20 18
 2455424.51 2010  8 16  0 10   2455424.59 2010  8 16  2 10   2455424.67 2010  8 16  4 11
 2455425.84 2010  8 17  8  3   2455425.92 2010  8 17 10  3   2455426.00 2010  8 17 12  3
 2455427.16 2010  8 18 15 56   2455427.25 2010  8 18 17 56   2455427.33 2010  8 18 19 56
 2455428.49 2010  8 19 23 48   2455428.58 2010  8 20  1 49   2455428.66 2010  8 20  3 49
 2455429.82 2010  8 21  7 41   2455429.90 2010  8 21  9 41   2455429.99 2010  8 21 11 42
 2455431.15 2010  8 22 15 34   2455431.23 2010  8 22 17 34   2455431.32 2010  8 22 19 34
 2455432.48 2010  8 23 23 27   2455432.56 2010  8 24  1 27   2455432.64 2010  8 24  3 27
 2455433.81 2010  8 25  7 19   2455433.89 2010  8 25  9 20   2455433.97 2010  8 25 11 20
 2455435.13 2010  8 26 15 12   2455435.22 2010  8 26 17 12   2455435.30 2010  8 26 19 13
 2455436.46 2010  8 27 23  5   2455436.55 2010  8 28  1  5   2455436.63 2010  8 28  3  5
 2455437.79 2010  8 29  6 58   2455437.87 2010  8 29  8 58   2455437.96 2010  8 29 10 58
 2455439.12 2010  8 30 14 50   2455439.20 2010  8 30 16 51   2455439.29 2010  8 30 18 51
 2455440.45 2010  8 31 22 43   2455440.53 2010  9  1  0 43   2455440.61 2010  9  1  2 44
 2455441.78 2010  9  2  6 36   2455441.86 2010  9  2  8 36   2455441.94 2010  9  2 10 37
 2455443.10 2010  9  3 14 29   2455443.19 2010  9  3 16 29   2455443.27 2010  9  3 18 29
 2455444.43 2010  9  4 22 21   2455444.52 2010  9  5  0 22   2455444.60 2010  9  5  2 22
 2455445.76 2010  9  6  6 14   2455445.84 2010  9  6  8 14   2455445.93 2010  9  6 10 15
 2455447.09 2010  9  7 14  7   2455447.17 2010  9  7 16  7   2455447.26 2010  9  7 18  8
 2455448.42 2010  9  8 22  0   2455448.50 2010  9  9  0  0   2455448.58 2010  9  9  2  0
 2455449.74 2010  9 10  5 52   2455449.83 2010  9 10  7 53   2455449.91 2010  9 10  9 53
 2455451.07 2010  9 11 13 45   2455451.16 2010  9 11 15 45   2455451.24 2010  9 11 17 46
 2455452.40 2010  9 12 21 38   2455452.49 2010  9 12 23 38   2455452.57 2010  9 13  1 39
 2455453.73 2010  9 14  5 30   2455453.81 2010  9 14  7 31   2455453.90 2010  9 14  9 31
 2455455.06 2010  9 15 13 23   2455455.14 2010  9 15 15 24   2455455.23 2010  9 15 17 24
 2455456.39 2010  9 16 21 16   2455456.47 2010  9 16 23 16   2455456.55 2010  9 17  1 17
 2455457.71 2010  9 18  5  9   2455457.80 2010  9 18  7  9   2455457.88 2010  9 18  9 10
 2455459.04 2010  9 19 13  1   2455459.13 2010  9 19 15  2   2455459.21 2010  9 19 17  3
 2455460.37 2010  9 20 20 54   2455460.46 2010  9 20 22 55   2455460.54 2010  9 21  0 55
 2455461.70 2010  9 22  4 47   2455461.78 2010  9 22  6 47   2455461.87 2010  9 22  8 48
 2455463.03 2010  9 23 12 40   2455463.11 2010  9 23 14 40   2455463.20 2010  9 23 16 41
 2455464.36 2010  9 24 20 32   2455464.44 2010  9 24 22 33   2455464.52 2010  9 25  0 34
 2455465.68 2010  9 26  4 25   2455465.77 2010  9 26  6 26   2455465.85 2010  9 26  8 26
 2455467.01 2010  9 27 12 18   2455467.10 2010  9 27 14 18   2455467.18 2010  9 27 16 19
 2455468.34 2010  9 28 20 11   2455468.42 2010  9 28 22 11   2455468.51 2010  9 29  0 12
 2455469.67 2010  9 30  4  3   2455469.75 2010  9 30  6  4   2455469.84 2010  9 30  8  5
 2455471.00 2010 10  1 11 56   2455471.08 2010 10  1 13 57   2455471.17 2010 10  1 15 57
 2455472.33 2010 10  2 19 49   2455472.41 2010 10  2 21 49   2455472.49 2010 10  2 23 50
 2455473.65 2010 10  4  3 41   2455473.74 2010 10  4  5 42   2455473.82 2010 10  4  7 43
 2455474.98 2010 10  5 11 34   2455475.07 2010 10  5 13 35   2455475.15 2010 10  5 15 36
 2455476.31 2010 10  6 19 27   2455476.39 2010 10  6 21 28   2455476.48 2010 10  6 23 29
 2455477.64 2010 10  8  3 20   2455477.72 2010 10  8  5 20   2455477.81 2010 10  8  7 21
 2455478.97 2010 10  9 11 12   2455479.05 2010 10  9 13 13   2455479.14 2010 10  9 15 14
 2455480.30 2010 10 10 19  5   2455480.38 2010 10 10 21  6   2455480.46 2010 10 10 23  7
 2455481.62 2010 10 12  2 58   2455481.71 2010 10 12  4 59   2455481.79 2010 10 12  7  0
 2455482.95 2010 10 13 10 51   2455483.04 2010 10 13 12 51   2455483.12 2010 10 13 14 52
 2455484.28 2010 10 14 18 43   2455484.36 2010 10 14 20 44   2455484.45 2010 10 14 22 45
 2455485.61 2010 10 16  2 36   2455485.69 2010 10 16  4 37   2455485.78 2010 10 16  6 38
 2455486.94 2010 10 17 10 29   2455487.02 2010 10 17 12 30   2455487.10 2010 10 17 14 31
 2455488.27 2010 10 18 18 22   2455488.35 2010 10 18 20 22   2455488.43 2010 10 18 22 23
 2455489.59 2010 10 20  2 14   2455489.68 2010 10 20  4 15   2455489.76 2010 10 20  6 16
 2455490.92 2010 10 21 10  7   2455491.01 2010 10 21 12  8   2455491.09 2010 10 21 14  9
 2455492.25 2010 10 22 18  0   2455492.33 2010 10 22 20  1   2455492.42 2010 10 22 22  2
 2455493.58 2010 10 24  1 52   2455493.66 2010 10 24  3 54   2455493.75 2010 10 24  5 55
 2455494.91 2010 10 25  9 45   2455494.99 2010 10 25 11 46   2455495.07 2010 10 25 13 47
 2455496.24 2010 10 26 17 38   2455496.32 2010 10 26 19 39   2455496.40 2010 10 26 21 40
 2455497.56 2010 10 28  1 31   2455497.65 2010 10 28  3 32   2455497.73 2010 10 28  5 33
 2455498.89 2010 10 29  9 23   2455498.98 2010 10 29 11 25   2455499.06 2010 10 29 13 26
 2455500.22 2010 10 30 17 16   2455500.30 2010 10 30 19 17   2455500.39 2010 10 30 21 18
 2455501.55 2010 11  1  1  9   2455501.63 2010 11  1  3 10   2455501.72 2010 11  1  5 11
 2455502.88 2010 11  2  9  2   2455502.96 2010 11  2 11  3   2455503.04 2010 11  2 13  4
 2455504.20 2010 11  3 16 54   2455504.29 2010 11  3 18 56   2455504.37 2010 11  3 20 57
 2455505.53 2010 11  5  0 47   2455505.62 2010 11  5  2 48   2455505.70 2010 11  5  4 49
 2455506.86 2010 11  6  8 40   2455506.95 2010 11  6 10 41   2455507.03 2010 11  6 12 42
 2455508.19 2010 11  7 16 33   2455508.27 2010 11  7 18 34   2455508.36 2010 11  7 20 35
 2455509.52 2010 11  9  0 25   2455509.60 2010 11  9  2 27   2455509.69 2010 11  9  4 28
 2455510.85 2010 11 10  8 18   2455510.93 2010 11 10 10 19   2455511.01 2010 11 10 12 21
 2455512.17 2010 11 11 16 11   2455512.26 2010 11 11 18 12   2455512.34 2010 11 11 20 13
 2455513.50 2010 11 13  0  4   2455513.59 2010 11 13  2  5   2455513.67 2010 11 13  4  6
 2455514.83 2010 11 14  7 56   2455514.92 2010 11 14  9 58   2455515.00 2010 11 14 11 59
 2455516.16 2010 11 15 15 49   2455516.24 2010 11 15 17 50   2455516.33 2010 11 15 19 52
 2455517.49 2010 11 16 23 42   2455517.57 2010 11 17  1 43   2455517.66 2010 11 17  3 44
 2455518.82 2010 11 18  7 34   2455518.90 2010 11 18  9 36   2455518.98 2010 11 18 11 37
 2455520.14 2010 11 19 15 27   2455520.23 2010 11 19 17 29   2455520.31 2010 11 19 19 30
 2455521.47 2010 11 20 23 20   2455521.56 2010 11 21  1 21   2455521.64 2010 11 21  3 23
 2455522.80 2010 11 22  7 13   2455522.89 2010 11 22  9 14   2455522.97 2010 11 22 11 15
 2455524.13 2010 11 23 15  5   2455524.21 2010 11 23 17  7   2455524.30 2010 11 23 19  8
 2455525.46 2010 11 24 22 58   2455525.54 2010 11 25  1  0   2455525.63 2010 11 25  3  1
 2455526.79 2010 11 26  6 51   2455526.87 2010 11 26  8 52   2455526.95 2010 11 26 10 54
 2455528.11 2010 11 27 14 44   2455528.20 2010 11 27 16 45   2455528.28 2010 11 27 18 47
 2455529.44 2010 11 28 22 36   2455529.53 2010 11 29  0 38   2455529.61 2010 11 29  2 39
 2455530.77 2010 11 30  6 29   2455530.85 2010 11 30  8 31   2455530.94 2010 11 30 10 32
 2455532.10 2010 12  1 14 22   2455532.18 2010 12  1 16 23   2455532.27 2010 12  1 18 25
 2455533.43 2010 12  2 22 15   2455533.51 2010 12  3  0 16   2455533.60 2010 12  3  2 18
 2455534.76 2010 12  4  6  7   2455534.84 2010 12  4  8  9   2455534.92 2010 12  4 10 10
 2455536.08 2010 12  5 14  0   2455536.17 2010 12  5 16  2   2455536.25 2010 12  5 18  3
 2455537.41 2010 12  6 21 53   2455537.50 2010 12  6 23 54   2455537.58 2010 12  7  1 56
 2455538.74 2010 12  8  5 45   2455538.82 2010 12  8  7 47   2455538.91 2010 12  8  9 49
 2455540.07 2010 12  9 13 38   2455540.15 2010 12  9 15 40   2455540.24 2010 12  9 17 41
 2455541.40 2010 12 10 21 31   2455541.48 2010 12 10 23 33   2455541.57 2010 12 11  1 34
 2455542.73 2010 12 12  5 24   2455542.81 2010 12 12  7 25   2455542.89 2010 12 12  9 27
 2455544.05 2010 12 13 13 16   2455544.14 2010 12 13 15 18   2455544.22 2010 12 13 17 20
 2455545.38 2010 12 14 21  9   2455545.47 2010 12 14 23 11   2455545.55 2010 12 15  1 13
 2455546.71 2010 12 16  5  2   2455546.79 2010 12 16  7  4   2455546.88 2010 12 16  9  5
 2455548.04 2010 12 17 12 55   2455548.12 2010 12 17 14 56   2455548.21 2010 12 17 16 58
 2455549.37 2010 12 18 20 47   2455549.45 2010 12 18 22 49   2455549.54 2010 12 19  0 51
 2455550.69 2010 12 20  4 40   2455550.78 2010 12 20  6 42   2455550.86 2010 12 20  8 44
 2455552.02 2010 12 21 12 33   2455552.11 2010 12 21 14 35   2455552.19 2010 12 21 16 36
 2455553.35 2010 12 22 20 26   2455553.44 2010 12 22 22 27   2455553.52 2010 12 23  0 29
 2455554.68 2010 12 24  4 18   2455554.76 2010 12 24  6 20   2455554.85 2010 12 24  8 22
 2455556.01 2010 12 25 12 11   2455556.09 2010 12 25 14 13   2455556.18 2010 12 25 16 15
 2455557.34 2010 12 26 20  4   2455557.42 2010 12 26 22  6   2455557.51 2010 12 27  0  7
 2455558.66 2010 12 28  3 56   2455558.75 2010 12 28  5 58   2455558.83 2010 12 28  8  0
 2455559.99 2010 12 29 11 49   2455560.08 2010 12 29 13 51   2455560.16 2010 12 29 15 53
 2455561.32 2010 12 30 19 42   2455561.41 2010 12 30 21 44   2455561.49 2010 12 30 23 46
 2455562.65 2011  1  1  3 35   2455562.73 2011  1  1  5 37   2455562.82 2011  1  1  7 39
 2455563.98 2011  1  2 11 27   2455564.06 2011  1  2 13 29   2455564.15 2011  1  2 15 31
 2455565.31 2011  1  3 19 20   2455565.39 2011  1  3 21 22   2455565.48 2011  1  3 23 24
 2455566.63 2011  1  5  3 13   2455566.72 2011  1  5  5 15   2455566.80 2011  1  5  7 17
 2455567.96 2011  1  6 11  6   2455568.05 2011  1  6 13  8   2455568.13 2011  1  6 15 10
 2455569.29 2011  1  7 18 58   2455569.38 2011  1  7 21  0   2455569.46 2011  1  7 23  2
 2455570.62 2011  1  9  2 51   2455570.70 2011  1  9  4 53   2455570.79 2011  1  9  6 55
 2455571.95 2011  1 10 10 44   2455572.03 2011  1 10 12 46   2455572.12 2011  1 10 14 48
 2455573.28 2011  1 11 18 37   2455573.36 2011  1 11 20 39   2455573.45 2011  1 11 22 41
 2455574.60 2011  1 13  2 29   2455574.69 2011  1 13  4 31   2455574.77 2011  1 13  6 33
 2455575.93 2011  1 14 10 22   2455576.02 2011  1 14 12 24   2455576.10 2011  1 14 14 26
 2455577.26 2011  1 15 18 15   2455577.35 2011  1 15 20 17   2455577.43 2011  1 15 22 19
 2455578.59 2011  1 17  2  8   2455578.67 2011  1 17  4 10   2455578.76 2011  1 17  6 12
 2455579.92 2011  1 18 10  0   2455580.00 2011  1 18 12  2   2455580.09 2011  1 18 14  5
 2455581.25 2011  1 19 17 53   2455581.33 2011  1 19 19 55   2455581.42 2011  1 19 21 57
 2455582.57 2011  1 21  1 46   2455582.66 2011  1 21  3 48   2455582.74 2011  1 21  5 50
 2455583.90 2011  1 22  9 38   2455583.99 2011  1 22 11 41   2455584.07 2011  1 22 13 43
 2455585.23 2011  1 23 17 31   2455585.32 2011  1 23 19 33   2455585.40 2011  1 23 21 36
 2455586.56 2011  1 25  1 24   2455586.64 2011  1 25  3 26   2455586.73 2011  1 25  5 28
 2455587.89 2011  1 26  9 17   2455587.97 2011  1 26 11 19   2455588.06 2011  1 26 13 21
 2455589.22 2011  1 27 17  9   2455589.30 2011  1 27 19 12   2455589.39 2011  1 27 21 14
 2455590.54 2011  1 29  1  2   2455590.63 2011  1 29  3  4   2455590.71 2011  1 29  5  7
 2455591.87 2011  1 30  8 55   2455591.96 2011  1 30 10 57   2455592.04 2011  1 30 12 59
 2455593.20 2011  1 31 16 48   2455593.29 2011  1 31 18 50   2455593.37 2011  1 31 20 52
 2455594.53 2011  2  2  0 40   2455594.61 2011  2  2  2 43   2455594.70 2011  2  2  4 45
 2455595.86 2011  2  3  8 33   2455595.94 2011  2  3 10 35   2455596.03 2011  2  3 12 38
 2455597.18 2011  2  4 16 26   2455597.27 2011  2  4 18 28   2455597.35 2011  2  4 20 31
 2455598.51 2011  2  6  0 19   2455598.60 2011  2  6  2 21   2455598.68 2011  2  6  4 23
 2455599.84 2011  2  7  8 11   2455599.93 2011  2  7 10 14   2455600.01 2011  2  7 12 16
 2455601.17 2011  2  8 16  4   2455601.25 2011  2  8 18  6   2455601.34 2011  2  8 20  9
 2455602.50 2011  2  9 23 57   2455602.58 2011  2 10  1 59   2455602.67 2011  2 10  4  2
 2455603.83 2011  2 11  7 49   2455603.91 2011  2 11  9 52   2455604.00 2011  2 11 11 54
 2455605.15 2011  2 12 15 42   2455605.24 2011  2 12 17 45   2455605.32 2011  2 12 19 47
 2455606.48 2011  2 13 23 35   2455606.57 2011  2 14  1 37   2455606.65 2011  2 14  3 40
 2455607.81 2011  2 15  7 28   2455607.90 2011  2 15  9 30   2455607.98 2011  2 15 11 33
 2455609.14 2011  2 16 15 20   2455609.22 2011  2 16 17 23   2455609.31 2011  2 16 19 25
 2455610.47 2011  2 17 23 13   2455610.55 2011  2 18  1 16   2455610.64 2011  2 18  3 18
 2455611.80 2011  2 19  7  6   2455611.88 2011  2 19  9  8   2455611.97 2011  2 19 11 11
 2455613.12 2011  2 20 14 59   2455613.21 2011  2 20 17  1   2455613.29 2011  2 20 19  4
 2455614.45 2011  2 21 22 51   2455614.54 2011  2 22  0 54   2455614.62 2011  2 22  2 57
 2455615.78 2011  2 23  6 44   2455615.87 2011  2 23  8 47   2455615.95 2011  2 23 10 49
 2455617.11 2011  2 24 14 37   2455617.19 2011  2 24 16 39   2455617.28 2011  2 24 18 42
 2455618.44 2011  2 25 22 30   2455618.52 2011  2 26  0 32   2455618.61 2011  2 26  2 35
 2455619.77 2011  2 27  6 22   2455619.85 2011  2 27  8 25   2455619.94 2011  2 27 10 28
 2455621.09 2011  2 28 14 15   2455621.18 2011  2 28 16 18   2455621.26 2011  2 28 18 20
 2455622.42 2011  3  1 22  8   2455622.51 2011  3  2  0 10   2455622.59 2011  3  2  2 13
 2455623.75 2011  3  3  6  0   2455623.84 2011  3  3  8  3   2455623.92 2011  3  3 10  6
 2455625.08 2011  3  4 13 53   2455625.16 2011  3  4 15 56   2455625.25 2011  3  4 17 59
 2455626.41 2011  3  5 21 46   2455626.49 2011  3  5 23 49   2455626.58 2011  3  6  1 51
 2455627.74 2011  3  7  5 39   2455627.82 2011  3  7  7 41   2455627.91 2011  3  7  9 44
 2455629.06 2011  3  8 13 31   2455629.15 2011  3  8 15 34   2455629.23 2011  3  8 17 37
 2455630.39 2011  3  9 21 24   2455630.48 2011  3  9 23 27   2455630.56 2011  3 10  1 30
 2455631.72 2011  3 11  5 17   2455631.81 2011  3 11  7 20   2455631.89 2011  3 11  9 23
 2455633.05 2011  3 12 13 10   2455633.13 2011  3 12 15 12   2455633.22 2011  3 12 17 15
 2455634.38 2011  3 13 21  2   2455634.46 2011  3 13 23  5   2455634.55 2011  3 14  1  8
 2455635.71 2011  3 15  4 55   2455635.79 2011  3 15  6 58   2455635.88 2011  3 15  9  1
 2455637.03 2011  3 16 12 48   2455637.12 2011  3 16 14 51   2455637.20 2011  3 16 16 54
 2455638.36 2011  3 17 20 41   2455638.45 2011  3 17 22 43   2455638.53 2011  3 18  0 46
 2455639.69 2011  3 19  4 33   2455639.78 2011  3 19  6 36   2455639.86 2011  3 19  8 39
 2455641.02 2011  3 20 12 26   2455641.10 2011  3 20 14 29   2455641.19 2011  3 20 16 32
 2455642.35 2011  3 21 20 19   2455642.43 2011  3 21 22 22   2455642.52 2011  3 22  0 25
 2455643.68 2011  3 23  4 12   2455643.76 2011  3 23  6 14   2455643.85 2011  3 23  8 17
 2455645.00 2011  3 24 12  4   2455645.09 2011  3 24 14  7   2455645.17 2011  3 24 16 10
 2455646.33 2011  3 25 19 57   2455646.42 2011  3 25 22  0   2455646.50 2011  3 26  0  3
 2455647.66 2011  3 27  3 50   2455647.75 2011  3 27  5 53   2455647.83 2011  3 27  7 56
 2455648.99 2011  3 28 11 42   2455649.07 2011  3 28 13 45   2455649.16 2011  3 28 15 49
 2455650.32 2011  3 29 19 35   2455650.40 2011  3 29 21 38   2455650.49 2011  3 29 23 41
 2455651.64 2011  3 31  3 28   2455651.73 2011  3 31  5 31   2455651.82 2011  3 31  7 34
 2455652.97 2011  4  1 11 21   2455653.06 2011  4  1 13 24   2455653.14 2011  4  1 15 27
 2455654.30 2011  4  2 19 13   2455654.39 2011  4  2 21 16   2455654.47 2011  4  2 23 20
 2455655.63 2011  4  4  3  6   2455655.72 2011  4  4  5  9   2455655.80 2011  4  4  7 12
 2455656.96 2011  4  5 10 59   2455657.04 2011  4  5 13  2   2455657.13 2011  4  5 15  5
 2455658.29 2011  4  6 18 52   2455658.37 2011  4  6 20 55   2455658.46 2011  4  6 22 58
 2455659.61 2011  4  8  2 44   2455659.70 2011  4  8  4 48   2455659.79 2011  4  8  6 51
 2455660.94 2011  4  9 10 37   2455661.03 2011  4  9 12 40   2455661.11 2011  4  9 14 43
 2455662.27 2011  4 10 18 30   2455662.36 2011  4 10 20 33   2455662.44 2011  4 10 22 36
 2455663.60 2011  4 12  2 23   2455663.68 2011  4 12  4 26   2455663.77 2011  4 12  6 29
 2455664.93 2011  4 13 10 15   2455665.01 2011  4 13 12 19   2455665.10 2011  4 13 14 22
 2455666.26 2011  4 14 18  8   2455666.34 2011  4 14 20 11   2455666.43 2011  4 14 22 15
 2455667.58 2011  4 16  2  1   2455667.67 2011  4 16  4  4   2455667.76 2011  4 16  6  7
 2455668.91 2011  4 17  9 53   2455669.00 2011  4 17 11 57   2455669.08 2011  4 17 14  0
 2455670.24 2011  4 18 17 46   2455670.33 2011  4 18 19 50   2455670.41 2011  4 18 21 53
 2455671.57 2011  4 20  1 39   2455671.65 2011  4 20  3 42   2455671.74 2011  4 20  5 46
 2455672.90 2011  4 21  9 32   2455672.98 2011  4 21 11 35   2455673.07 2011  4 21 13 38
 2455674.23 2011  4 22 17 24   2455674.31 2011  4 22 19 28   2455674.40 2011  4 22 21 31
 2455675.55 2011  4 24  1 17   2455675.64 2011  4 24  3 21   2455675.73 2011  4 24  5 24
 2455676.88 2011  4 25  9 10   2455676.97 2011  4 25 11 13   2455677.05 2011  4 25 13 17
 2455678.21 2011  4 26 17  3   2455678.30 2011  4 26 19  6   2455678.38 2011  4 26 21  9
 2455679.54 2011  4 28  0 55   2455679.62 2011  4 28  2 59   2455679.71 2011  4 28  5  2
 2455680.87 2011  4 29  8 48   2455680.95 2011  4 29 10 52   2455681.04 2011  4 29 12 55
 2455682.20 2011  4 30 16 41   2455682.28 2011  4 30 18 44   2455682.37 2011  4 30 20 48
 2455683.52 2011  5  2  0 34   2455683.61 2011  5  2  2 37   2455683.70 2011  5  2  4 41
 2455684.85 2011  5  3  8 26   2455684.94 2011  5  3 10 30   2455685.02 2011  5  3 12 33
 2455686.18 2011  5  4 16 19   2455686.27 2011  5  4 18 23   2455686.35 2011  5  4 20 26
 2455687.51 2011  5  6  0 12   2455687.59 2011  5  6  2 15   2455687.68 2011  5  6  4 19
 2455688.84 2011  5  7  8  4   2455688.92 2011  5  7 10  8   2455689.01 2011  5  7 12 12
 2455690.17 2011  5  8 15 57   2455690.25 2011  5  8 18  1   2455690.34 2011  5  8 20  4
 2455691.49 2011  5  9 23 50   2455691.58 2011  5 10  1 54   2455691.67 2011  5 10  3 57
 2455692.82 2011  5 11  7 43   2455692.91 2011  5 11  9 46   2455692.99 2011  5 11 11 50
 2455694.15 2011  5 12 15 35   2455694.24 2011  5 12 17 39   2455694.32 2011  5 12 19 43
 2455695.48 2011  5 13 23 28   2455695.56 2011  5 14  1 32   2455695.65 2011  5 14  3 35
 2455696.81 2011  5 15  7 21   2455696.89 2011  5 15  9 25   2455696.98 2011  5 15 11 28
 2455698.13 2011  5 16 15 14   2455698.22 2011  5 16 17 17   2455698.31 2011  5 16 19 21
 2455699.46 2011  5 17 23  6   2455699.55 2011  5 18  1 10   2455699.63 2011  5 18  3 14
 2455700.79 2011  5 19  6 59   2455700.88 2011  5 19  9  3   2455700.96 2011  5 19 11  7
 2455702.12 2011  5 20 14 52   2455702.21 2011  5 20 16 56   2455702.29 2011  5 20 18 59
 2455703.45 2011  5 21 22 45   2455703.53 2011  5 22  0 48   2455703.62 2011  5 22  2 52
 2455704.78 2011  5 23  6 37   2455704.86 2011  5 23  8 41   2455704.95 2011  5 23 10 45
 2455706.10 2011  5 24 14 30   2455706.19 2011  5 24 16 34   2455706.28 2011  5 24 18 38
 2455707.43 2011  5 25 22 23   2455707.52 2011  5 26  0 27   2455707.60 2011  5 26  2 30
 2455708.76 2011  5 27  6 16   2455708.85 2011  5 27  8 19   2455708.93 2011  5 27 10 23
 2455710.09 2011  5 28 14  8   2455710.18 2011  5 28 16 12   2455710.26 2011  5 28 18 16
 2455711.42 2011  5 29 22  1   2455711.50 2011  5 30  0  5   2455711.59 2011  5 30  2  9
 2455712.75 2011  5 31  5 54   2455712.83 2011  5 31  7 58   2455712.92 2011  5 31 10  1
 2455714.07 2011  6  1 13 46   2455714.16 2011  6  1 15 50   2455714.25 2011  6  1 17 54
 2455715.40 2011  6  2 21 39   2455715.49 2011  6  2 23 43   2455715.57 2011  6  3  1 47
 2455716.73 2011  6  4  5 32   2455716.82 2011  6  4  7 36   2455716.90 2011  6  4  9 40
 2455718.06 2011  6  5 13 25   2455718.15 2011  6  5 15 29   2455718.23 2011  6  5 17 33
 2455719.39 2011  6  6 21 17   2455719.47 2011  6  6 23 21   2455719.56 2011  6  7  1 25
 2455720.72 2011  6  8  5 10   2455720.80 2011  6  8  7 14   2455720.89 2011  6  8  9 18
 2455722.04 2011  6  9 13  3   2455722.13 2011  6  9 15  7   2455722.22 2011  6  9 17 11
 2455723.37 2011  6 10 20 56   2455723.46 2011  6 10 23  0   2455723.54 2011  6 11  1  4
 2455724.70 2011  6 12  4 48   2455724.79 2011  6 12  6 52   2455724.87 2011  6 12  8 56
 2455726.03 2011  6 13 12 41   2455726.12 2011  6 13 14 45   2455726.20 2011  6 13 16 49
 2455727.36 2011  6 14 20 34   2455727.44 2011  6 14 22 38   2455727.53 2011  6 15  0 42
 2455728.69 2011  6 16  4 27   2455728.77 2011  6 16  6 31   2455728.86 2011  6 16  8 35
 2455730.01 2011  6 17 12 19   2455730.10 2011  6 17 14 23   2455730.19 2011  6 17 16 27
 2455731.34 2011  6 18 20 12   2455731.43 2011  6 18 22 16   2455731.51 2011  6 19  0 20
 2455732.67 2011  6 20  4  5   2455732.76 2011  6 20  6  9   2455732.84 2011  6 20  8 13
 2455734.00 2011  6 21 11 57   2455734.08 2011  6 21 14  2   2455734.17 2011  6 21 16  6
 2455735.33 2011  6 22 19 50   2455735.41 2011  6 22 21 54   2455735.50 2011  6 22 23 59
 2455736.66 2011  6 24  3 43   2455736.74 2011  6 24  5 47   2455736.83 2011  6 24  7 51
 2455737.98 2011  6 25 11 36   2455738.07 2011  6 25 13 40   2455738.16 2011  6 25 15 44
 2455739.31 2011  6 26 19 28   2455739.40 2011  6 26 21 33   2455739.48 2011  6 26 23 37
 2455740.64 2011  6 28  3 21   2455740.73 2011  6 28  5 25   2455740.81 2011  6 28  7 30
 2455741.97 2011  6 29 11 14   2455742.05 2011  6 29 13 18   2455742.14 2011  6 29 15 22
 2455743.30 2011  6 30 19  7   2455743.38 2011  6 30 21 11   2455743.47 2011  6 30 23 15
 2455744.62 2011  7  2  2 59   2455744.71 2011  7  2  5  4   2455744.80 2011  7  2  7  8
 2455745.95 2011  7  3 10 52   2455746.04 2011  7  3 12 56   2455746.13 2011  7  3 15  1
 2455747.28 2011  7  4 18 45   2455747.37 2011  7  4 20 49   2455747.45 2011  7  4 22 53
 2455748.61 2011  7  6  2 38   2455748.70 2011  7  6  4 42   2455748.78 2011  7  6  6 46
 2455749.94 2011  7  7 10 30   2455750.02 2011  7  7 12 35   2455750.11 2011  7  7 14 39
 2455751.27 2011  7  8 18 23   2455751.35 2011  7  8 20 27   2455751.44 2011  7  8 22 32
 2455752.59 2011  7 10  2 16   2455752.68 2011  7 10  4 20   2455752.77 2011  7 10  6 25
 2455753.92 2011  7 11 10  8   2455754.01 2011  7 11 12 13   2455754.10 2011  7 11 14 17
 2455755.25 2011  7 12 18  1   2455755.34 2011  7 12 20  6   2455755.42 2011  7 12 22 10
 2455756.58 2011  7 14  1 54   2455756.67 2011  7 14  3 58   2455756.75 2011  7 14  6  3
 2455757.91 2011  7 15  9 47   2455757.99 2011  7 15 11 51   2455758.08 2011  7 15 13 56
 2455759.24 2011  7 16 17 39   2455759.32 2011  7 16 19 44   2455759.41 2011  7 16 21 48
 2455760.56 2011  7 18  1 32   2455760.65 2011  7 18  3 37   2455760.74 2011  7 18  5 41
 2455761.89 2011  7 19  9 25   2455761.98 2011  7 19 11 29   2455762.07 2011  7 19 13 34
 2455763.22 2011  7 20 17 18   2455763.31 2011  7 20 19 22   2455763.39 2011  7 20 21 27
 2455764.55 2011  7 22  1 10   2455764.64 2011  7 22  3 15   2455764.72 2011  7 22  5 19
 2455765.88 2011  7 23  9  3   2455765.96 2011  7 23 11  8   2455766.05 2011  7 23 13 12
 2455767.21 2011  7 24 16 56   2455767.29 2011  7 24 19  0   2455767.38 2011  7 24 21  5
 2455768.53 2011  7 26  0 49   2455768.62 2011  7 26  2 53   2455768.71 2011  7 26  4 58
 2455769.86 2011  7 27  8 41   2455769.95 2011  7 27 10 46   2455770.04 2011  7 27 12 51
 2455771.19 2011  7 28 16 34   2455771.28 2011  7 28 18 39   2455771.36 2011  7 28 20 43
 2455772.52 2011  7 30  0 27   2455772.61 2011  7 30  2 31   2455772.69 2011  7 30  4 36
 2455773.85 2011  7 31  8 20   2455773.93 2011  7 31 10 24   2455774.02 2011  7 31 12 29
 2455775.18 2011  8  1 16 12   2455775.26 2011  8  1 18 17   2455775.35 2011  8  1 20 22
