 Predicted Transit Epochs: HD4113___ b

 Predicted Duration of a Central Transit:    19.   Hours

 Begin Transit Window           PREDICTED CENTRAL TRANSIT     End Transit Window
                                     All Times UT

                               HJD        Year M  D  H  M
 2454847.87 2009  1 16  8 48   2454849.08 2009  1 17 13 48   2454850.28 2009  1 18 18 49
 2455374.19 2010  6 26 16 29   2455375.70 2010  6 28  4 41   2455377.20 2010  6 29 16 53
 2455900.51 2011 12  5  0  9   2455902.32 2011 12  6 19 34   2455904.12 2011 12  8 14 58
 2456426.83 2013  5 14  7 50   2456428.94 2013  5 16 10 27   2456431.04 2013  5 18 13  3
 2456953.15 2014 10 22 15 31   2456955.56 2014 10 25  1 19   2456957.96 2014 10 27 11  8
 2457479.47 2016  3 31 23 12   2457482.18 2016  4  3 16 12   2457484.88 2016  4  6  9 13
 2458005.79 2017  9  9  6 53   2458008.80 2017  9 12  7  5   2458011.80 2017  9 15  7 17
 2458532.11 2019  2 17 14 33   2458535.42 2019  2 20 21 58   2458538.72 2019  2 24  5 22
 2459058.43 2020  7 27 22 14   2459062.04 2020  7 31 12 51   2459065.64 2020  8  4  3 27
 2459584.75 2022  1  5  5 55   2459588.66 2022  1  9  3 43   2459592.56 2022  1 13  1 32
 2460111.07 2023  6 15 13 36   2460115.28 2023  6 19 18 36   2460119.48 2023  6 23 23 37
 2460637.39 2024 11 22 21 17   2460641.90 2024 11 27  9 29   2460646.40 2024 12  1 21 41
 2461163.71 2026  5  3  4 57   2461168.52 2026  5  8  0 22   2461173.32 2026  5 12 19 46
 2461690.03 2027 10 11 12 38   2461695.14 2027 10 16 15 15   2461700.24 2027 10 21 17 51
 2462216.35 2029  3 20 20 19   2462221.76 2029  3 26  6  7   2462227.16 2029  3 31 15 56
