 Predicted Transit Epochs: HD4208___ b

 Predicted Duration of a Central Transit:   495. Minutes

 Begin Transit Window           PREDICTED CENTRAL TRANSIT     End Transit Window
                                     All Times UT

                               HJD        Year M  D  H  M
 2456916.42 2014  9 15 22  9   2456933.60 2014 10  3  2 24   2456950.78 2014 10 20  6 38
 2457713.36 2016 11 20 20 40   2457732.54 2016 12 10  0 54   2457751.71 2016 12 29  5  9
 2458510.30 2019  1 26 19 11   2458531.48 2019  2 16 23 25   2458552.65 2019  3 10  3 40
 2459307.24 2021  4  2 17 42   2459330.41 2021  4 25 21 56   2459353.59 2021  5 19  2 10
 2460104.18 2023  6  8 16 12   2460129.35 2023  7  3 20 27   2460154.53 2023  7 29  0 41
 2460901.11 2025  8 13 14 43   2460928.29 2025  9  9 18 57   2460955.47 2025 10  6 23 12
 2461698.05 2027 10 19 13 14   2461727.23 2027 11 17 17 28   2461756.40 2027 12 16 21 42
 2462494.99 2029 12 24 11 44   2462526.17 2030  1 24 15 59   2462557.34 2030  2 24 20 13
 2463291.93 2032  2 29 10 15   2463325.10 2032  4  2 14 30   2463358.28 2032  5  5 18 44
 2464088.87 2034  5  6  8 46   2464124.04 2034  6 10 13  0   2464159.22 2034  7 15 17 15
 2464885.80 2036  7 11  7 17   2464922.98 2036  8 17 11 31   2464960.16 2036  9 23 15 45
