 Predicted Transit Epochs: HD4203___ b

 Predicted Duration of a Central Transit:    32.   Hours

 Begin Transit Window           PREDICTED CENTRAL TRANSIT     End Transit Window
                                     All Times UT

                               HJD        Year M  D  H  M
 2455248.48 2010  2 20 23 30   2455250.58 2010  2 23  1 52   2455252.68 2010  2 25  4 14
 2455649.32 2011  3 28 19 45   2455651.52 2011  3 31  0 31   2455653.72 2011  4  2  5 17
 2456050.17 2012  5  2 16  1   2456052.47 2012  5  4 23 10   2456054.76 2012  5  7  6 20
 2456451.01 2013  6  7 12 16   2456453.41 2013  6  9 21 50   2456455.81 2013  6 12  7 24
 2456851.86 2014  7 13  8 31   2456854.35 2014  7 15 20 29   2456856.85 2014  7 18  8 27
 2457252.70 2015  8 18  4 47   2457255.30 2015  8 20 19  9   2457257.90 2015  8 23  9 30
 2457653.54 2016  9 22  1  2   2457656.24 2016  9 24 17 48   2457658.94 2016  9 27 10 34
 2458054.39 2017 10 27 21 17   2458057.19 2017 10 30 16 27   2458059.98 2017 11  2 11 37
 2458455.23 2018 12  2 17 33   2458458.13 2018 12  5 15  7   2458461.03 2018 12  8 12 41
 2458856.08 2020  1  7 13 48   2458859.07 2020  1 10 13 46   2458862.07 2020  1 13 13 44
 2459256.92 2021  2 11 10  3   2459260.02 2021  2 14 12 25   2459263.12 2021  2 17 14 47
 2459657.76 2022  3 19  6 19   2459660.96 2022  3 22 11  5   2459664.16 2022  3 25 15 51
 2460058.61 2023  4 24  2 34   2460061.91 2023  4 27  9 44   2460065.20 2023  4 30 16 54
 2460459.45 2024  5 28 22 49   2460462.85 2024  6  1  8 23   2460466.25 2024  6  4 17 57
 2460860.30 2025  7  3 19  5   2460863.79 2025  7  7  7  3   2460867.29 2025  7 10 19  1
 2461261.14 2026  8  8 15 20   2461264.74 2026  8 12  5 42   2461268.34 2026  8 15 20  4
 2461661.98 2027  9 13 11 36   2461665.68 2027  9 17  4 21   2461669.38 2027  9 20 21  7
 2462062.83 2028 10 18  7 51   2462066.63 2028 10 22  3  1   2462070.42 2028 10 25 22 11
 2462463.67 2029 11 23  4  6   2462467.57 2029 11 27  1 40   2462471.47 2029 11 30 23 14
