 Predicted Transit Epochs: HD43691__ b

 Predicted Duration of a Central Transit:     9.   Hours

 Begin Transit Window           PREDICTED CENTRAL TRANSIT     End Transit Window
                                     All Times UT

                               HJD        Year M  D  H  M
 2456758.33 2014  4 10 19 51   2456760.48 2014  4 12 23 34   2456762.64 2014  4 15  3 17
 2456795.27 2014  5 17 18 25   2456797.44 2014  5 19 22 37   2456799.62 2014  5 22  2 48
 2456832.21 2014  6 23 16 59   2456834.40 2014  6 25 21 39   2456836.60 2014  6 28  2 20
 2456869.15 2014  7 30 15 32   2456871.36 2014  8  1 20 42   2456873.58 2014  8  4  1 51
 2456906.09 2014  9  5 14  6   2456908.32 2014  9  7 19 44   2456910.56 2014  9 10  1 22
 2456943.03 2014 10 12 12 39   2456945.28 2014 10 14 18 46   2456947.54 2014 10 17  0 53
 2456979.97 2014 11 18 11 13   2456982.24 2014 11 20 17 49   2456984.52 2014 11 23  0 24
 2457016.91 2014 12 25  9 47   2457019.20 2014 12 27 16 51   2457021.50 2014 12 29 23 56
 2457053.85 2015  1 31  8 20   2457056.16 2015  2  2 15 54   2457058.48 2015  2  4 23 27
 2457090.79 2015  3  9  6 54   2457093.12 2015  3 11 14 56   2457095.46 2015  3 13 22 58
 2457127.73 2015  4 15  5 27   2457130.08 2015  4 17 13 58   2457132.44 2015  4 19 22 29
 2457164.67 2015  5 22  4  1   2457167.04 2015  5 24 13  1   2457169.42 2015  5 26 22  0
 2457201.61 2015  6 28  2 35   2457204.00 2015  6 30 12  3   2457206.40 2015  7  2 21 32
 2457238.55 2015  8  4  1  8   2457240.96 2015  8  6 11  6   2457243.38 2015  8  8 21  3
 2457275.49 2015  9  9 23 42   2457277.92 2015  9 12 10  8   2457280.36 2015  9 14 20 34
 2457312.43 2015 10 16 22 15   2457314.88 2015 10 19  9 10   2457317.34 2015 10 21 20  5
 2457349.37 2015 11 22 20 49   2457351.84 2015 11 25  8 13   2457354.32 2015 11 27 19 36
 2457386.31 2015 12 29 19 23   2457388.80 2016  1  1  7 15   2457391.30 2016  1  3 19  8
 2457423.25 2016  2  4 17 56   2457425.76 2016  2  7  6 18   2457428.28 2016  2  9 18 39
 2457460.19 2016  3 12 16 30   2457462.72 2016  3 15  5 20   2457465.26 2016  3 17 18 10
 2457497.13 2016  4 18 15  3   2457499.68 2016  4 21  4 22   2457502.24 2016  4 23 17 41
 2457534.07 2016  5 25 13 37   2457536.64 2016  5 28  3 25   2457539.22 2016  5 30 17 12
 2457571.01 2016  7  1 12 11   2457573.60 2016  7  4  2 27   2457576.20 2016  7  6 16 44
 2457607.95 2016  8  7 10 44   2457610.56 2016  8 10  1 30   2457613.18 2016  8 12 16 15
 2457644.89 2016  9 13  9 18   2457647.52 2016  9 16  0 32   2457650.16 2016  9 18 15 46
 2457681.83 2016 10 20  7 51   2457684.48 2016 10 22 23 34   2457687.14 2016 10 25 15 17
 2457718.77 2016 11 26  6 25   2457721.44 2016 11 28 22 37   2457724.12 2016 12  1 14 48
 2457755.71 2017  1  2  4 59   2457758.40 2017  1  4 21 39   2457761.10 2017  1  7 14 20
 2457792.65 2017  2  8  3 32   2457795.36 2017  2 10 20 42   2457798.08 2017  2 13 13 51
 2457829.59 2017  3 17  2  6   2457832.32 2017  3 19 19 44   2457835.06 2017  3 22 13 22
 2457866.53 2017  4 23  0 39   2457869.28 2017  4 25 18 46   2457872.04 2017  4 28 12 53
 2457903.47 2017  5 29 23 13   2457906.24 2017  6  1 17 49   2457909.02 2017  6  4 12 24
 2457940.41 2017  7  5 21 47   2457943.20 2017  7  8 16 51   2457946.00 2017  7 11 11 56
 2457977.35 2017  8 11 20 20   2457980.16 2017  8 14 15 54   2457982.98 2017  8 17 11 27
 2458014.29 2017  9 17 18 54   2458017.12 2017  9 20 14 56   2458019.96 2017  9 23 10 58
 2458051.23 2017 10 24 17 27   2458054.08 2017 10 27 13 58   2458056.94 2017 10 30 10 29
 2458088.17 2017 11 30 16  1   2458091.04 2017 12  3 13  1   2458093.92 2017 12  6 10  0
 2458125.11 2018  1  6 14 35   2458128.00 2018  1  9 12  3   2458130.90 2018  1 12  9 32
 2458162.05 2018  2 12 13  8   2458164.96 2018  2 15 11  6   2458167.88 2018  2 18  9  3
 2458198.99 2018  3 21 11 42   2458201.92 2018  3 24 10  8   2458204.86 2018  3 27  8 34
 2458235.93 2018  4 27 10 15   2458238.88 2018  4 30  9 10   2458241.84 2018  5  3  8  5
 2458272.87 2018  6  3  8 49   2458275.84 2018  6  6  8 13   2458278.82 2018  6  9  7 36
 2458309.81 2018  7 10  7 23   2458312.80 2018  7 13  7 15   2458315.80 2018  7 16  7  8
 2458346.75 2018  8 16  5 56   2458349.76 2018  8 19  6 18   2458352.78 2018  8 22  6 39
 2458383.69 2018  9 22  4 30   2458386.72 2018  9 25  5 20   2458389.76 2018  9 28  6 10
 2458420.63 2018 10 29  3  3   2458423.68 2018 11  1  4 22   2458426.74 2018 11  4  5 41
 2458457.57 2018 12  5  1 37   2458460.64 2018 12  8  3 25   2458463.72 2018 12 11  5 12
 2458494.51 2019  1 11  0 11   2458497.60 2019  1 14  2 27   2458500.70 2019  1 17  4 44
 2458531.45 2019  2 16 22 44   2458534.56 2019  2 20  1 30   2458537.68 2019  2 23  4 15
 2458568.39 2019  3 25 21 18   2458571.52 2019  3 29  0 32   2458574.66 2019  4  1  3 46
 2458605.33 2019  5  1 19 51   2458608.48 2019  5  4 23 34   2458611.64 2019  5  8  3 17
 2458642.27 2019  6  7 18 25   2458645.44 2019  6 10 22 37   2458648.62 2019  6 14  2 48
 2458679.21 2019  7 14 16 59   2458682.40 2019  7 17 21 39   2458685.60 2019  7 21  2 20
 2458716.15 2019  8 20 15 32   2458719.36 2019  8 23 20 42   2458722.58 2019  8 27  1 51
 2458753.09 2019  9 26 14  6   2458756.32 2019  9 29 19 44   2458759.56 2019 10  3  1 22
 2458790.03 2019 11  2 12 39   2458793.28 2019 11  5 18 46   2458796.54 2019 11  9  0 53
 2458826.97 2019 12  9 11 13   2458830.24 2019 12 12 17 49   2458833.52 2019 12 16  0 24
 2458863.91 2020  1 15  9 47   2458867.20 2020  1 18 16 51   2458870.50 2020  1 21 23 56
 2458900.85 2020  2 21  8 20   2458904.16 2020  2 24 15 54   2458907.48 2020  2 27 23 27
 2458937.79 2020  3 29  6 54   2458941.12 2020  4  1 14 56   2458944.46 2020  4  4 22 58
 2458974.73 2020  5  5  5 27   2458978.08 2020  5  8 13 58   2458981.44 2020  5 11 22 29
 2459011.67 2020  6 11  4  1   2459015.04 2020  6 14 13  1   2459018.42 2020  6 17 22  0
 2459048.61 2020  7 18  2 35   2459052.00 2020  7 21 12  3   2459055.40 2020  7 24 21 32
 2459085.55 2020  8 24  1  8   2459088.96 2020  8 27 11  6   2459092.38 2020  8 30 21  3
 2459122.49 2020  9 29 23 42   2459125.92 2020 10  3 10  8   2459129.36 2020 10  6 20 34
 2459159.43 2020 11  5 22 15   2459162.88 2020 11  9  9 10   2459166.34 2020 11 12 20  5
 2459196.37 2020 12 12 20 49   2459199.84 2020 12 16  8 13   2459203.32 2020 12 19 19 36
 2459233.31 2021  1 18 19 23   2459236.80 2021  1 22  7 15   2459240.30 2021  1 25 19  8
 2459270.25 2021  2 24 17 56   2459273.76 2021  2 28  6 18   2459277.28 2021  3  3 18 39
 2459307.19 2021  4  2 16 30   2459310.72 2021  4  6  5 20   2459314.26 2021  4  9 18 10
 2459344.13 2021  5  9 15  3   2459347.68 2021  5 13  4 22   2459351.24 2021  5 16 17 41
 2459381.07 2021  6 15 13 37   2459384.64 2021  6 19  3 25   2459388.22 2021  6 22 17 12
 2459418.01 2021  7 22 12 11   2459421.60 2021  7 26  2 27   2459425.20 2021  7 29 16 44
 2459454.95 2021  8 28 10 44   2459458.56 2021  9  1  1 30   2459462.18 2021  9  4 16 15
 2459491.89 2021 10  4  9 18   2459495.52 2021 10  8  0 32   2459499.16 2021 10 11 15 46
 2459528.83 2021 11 10  7 51   2459532.48 2021 11 13 23 34   2459536.14 2021 11 17 15 17
 2459565.77 2021 12 17  6 25   2459569.44 2021 12 20 22 37   2459573.12 2021 12 24 14 48
 2459602.71 2022  1 23  4 59   2459606.40 2022  1 26 21 39   2459610.10 2022  1 30 14 20
 2459639.65 2022  3  1  3 32   2459643.36 2022  3  4 20 42   2459647.08 2022  3  8 13 51
 2459676.59 2022  4  7  2  6   2459680.32 2022  4 10 19 44   2459684.06 2022  4 14 13 22
 2459713.53 2022  5 14  0 39   2459717.28 2022  5 17 18 46   2459721.04 2022  5 21 12 53
 2459750.47 2022  6 19 23 13   2459754.24 2022  6 23 17 49   2459758.02 2022  6 27 12 24
 2459787.41 2022  7 26 21 47   2459791.20 2022  7 30 16 51   2459795.00 2022  8  3 11 56
 2459824.35 2022  9  1 20 20   2459828.16 2022  9  5 15 54   2459831.98 2022  9  9 11 27
 2459861.29 2022 10  8 18 54   2459865.12 2022 10 12 14 56   2459868.96 2022 10 16 10 58
 2459898.23 2022 11 14 17 27   2459902.08 2022 11 18 13 58   2459905.94 2022 11 22 10 29
 2459935.17 2022 12 21 16  1   2459939.04 2022 12 25 13  1   2459942.92 2022 12 29 10  0
 2459972.11 2023  1 27 14 35   2459976.00 2023  1 31 12  3   2459979.90 2023  2  4  9 32
 2460009.05 2023  3  5 13  8   2460012.96 2023  3  9 11  6   2460016.88 2023  3 13  9  3
 2460045.99 2023  4 11 11 42   2460049.92 2023  4 15 10  8   2460053.86 2023  4 19  8 34
 2460082.93 2023  5 18 10 15   2460086.88 2023  5 22  9 10   2460090.84 2023  5 26  8  5
 2460119.87 2023  6 24  8 49   2460123.84 2023  6 28  8 13   2460127.82 2023  7  2  7 36
 2460156.81 2023  7 31  7 23   2460160.80 2023  8  4  7 15   2460164.80 2023  8  8  7  8
 2460193.75 2023  9  6  5 56   2460197.76 2023  9 10  6 18   2460201.78 2023  9 14  6 39
 2460230.69 2023 10 13  4 30   2460234.72 2023 10 17  5 20   2460238.76 2023 10 21  6 10
 2460267.63 2023 11 19  3  3   2460271.68 2023 11 23  4 22   2460275.74 2023 11 27  5 41
 2460304.57 2023 12 26  1 37   2460308.64 2023 12 30  3 25   2460312.72 2024  1  3  5 12
 2460341.51 2024  2  1  0 11   2460345.60 2024  2  5  2 27   2460349.70 2024  2  9  4 44
 2460378.45 2024  3  8 22 44   2460382.56 2024  3 13  1 30   2460386.68 2024  3 17  4 15
 2460415.39 2024  4 14 21 18   2460419.52 2024  4 19  0 32   2460423.66 2024  4 23  3 46
 2460452.33 2024  5 21 19 51   2460456.48 2024  5 25 23 34   2460460.64 2024  5 30  3 17
 2460489.27 2024  6 27 18 25   2460493.44 2024  7  1 22 37   2460497.62 2024  7  6  2 48
 2460526.21 2024  8  3 16 59   2460530.40 2024  8  7 21 39   2460534.60 2024  8 12  2 20
 2460563.15 2024  9  9 15 32   2460567.36 2024  9 13 20 42   2460571.58 2024  9 18  1 51
 2460600.09 2024 10 16 14  6   2460604.32 2024 10 20 19 44   2460608.56 2024 10 25  1 22
 2460637.03 2024 11 22 12 39   2460641.28 2024 11 26 18 46   2460645.54 2024 12  1  0 53
 2460673.97 2024 12 29 11 13   2460678.24 2025  1  2 17 49   2460682.52 2025  1  7  0 24
 2460710.91 2025  2  4  9 47   2460715.20 2025  2  8 16 51   2460719.50 2025  2 12 23 56
 2460747.85 2025  3 13  8 20   2460752.16 2025  3 17 15 54   2460756.48 2025  3 21 23 27
 2460784.79 2025  4 19  6 54   2460789.12 2025  4 23 14 56   2460793.46 2025  4 27 22 58
 2460821.73 2025  5 26  5 27   2460826.08 2025  5 30 13 58   2460830.44 2025  6  3 22 29
 2460858.67 2025  7  2  4  1   2460863.04 2025  7  6 13  1   2460867.42 2025  7 10 22  0
 2460895.61 2025  8  8  2 35   2460900.00 2025  8 12 12  3   2460904.40 2025  8 16 21 32
 2460932.55 2025  9 14  1  8   2460936.96 2025  9 18 11  6   2460941.38 2025  9 22 21  3
 2460969.49 2025 10 20 23 42   2460973.92 2025 10 25 10  8   2460978.36 2025 10 29 20 34
 2461006.43 2025 11 26 22 15   2461010.88 2025 12  1  9 10   2461015.34 2025 12  5 20  5
 2461043.37 2026  1  2 20 49   2461047.84 2026  1  7  8 13   2461052.32 2026  1 11 19 36
 2461080.31 2026  2  8 19 23   2461084.80 2026  2 13  7 15   2461089.30 2026  2 17 19  8
 2461117.25 2026  3 17 17 56   2461121.76 2026  3 22  6 18   2461126.28 2026  3 26 18 39
 2461154.19 2026  4 23 16 30   2461158.72 2026  4 28  5 20   2461163.26 2026  5  2 18 10
 2461191.13 2026  5 30 15  3   2461195.68 2026  6  4  4 22   2461200.24 2026  6  8 17 41
 2461228.07 2026  7  6 13 37   2461232.64 2026  7 11  3 25   2461237.22 2026  7 15 17 12
 2461265.01 2026  8 12 12 11   2461269.60 2026  8 17  2 27   2461274.20 2026  8 21 16 44
 2461301.95 2026  9 18 10 44   2461306.56 2026  9 23  1 30   2461311.18 2026  9 27 16 15
 2461338.89 2026 10 25  9 18   2461343.52 2026 10 30  0 32   2461348.16 2026 11  3 15 46
 2461375.83 2026 12  1  7 51   2461380.48 2026 12  5 23 34   2461385.14 2026 12 10 15 17
 2461412.77 2027  1  7  6 25   2461417.44 2027  1 11 22 37   2461422.12 2027  1 16 14 48
 2461449.71 2027  2 13  4 59   2461454.40 2027  2 17 21 39   2461459.10 2027  2 22 14 20
 2461486.65 2027  3 22  3 32   2461491.36 2027  3 26 20 42   2461496.08 2027  3 31 13 51
 2461523.59 2027  4 28  2  6   2461528.32 2027  5  2 19 44   2461533.06 2027  5  7 13 22
 2461560.53 2027  6  4  0 39   2461565.28 2027  6  8 18 46   2461570.04 2027  6 13 12 53
 2461597.47 2027  7 10 23 13   2461602.24 2027  7 15 17 49   2461607.02 2027  7 20 12 24
 2461634.41 2027  8 16 21 47   2461639.20 2027  8 21 16 51   2461644.00 2027  8 26 11 56
 2461671.35 2027  9 22 20 20   2461676.16 2027  9 27 15 54   2461680.98 2027 10  2 11 27
 2461708.29 2027 10 29 18 54   2461713.12 2027 11  3 14 56   2461717.96 2027 11  8 10 58
 2461745.23 2027 12  5 17 27   2461750.08 2027 12 10 13 58   2461754.94 2027 12 15 10 29
 2461782.17 2028  1 11 16  1   2461787.04 2028  1 16 13  1   2461791.92 2028  1 21 10  0
 2461819.11 2028  2 17 14 35   2461824.00 2028  2 22 12  3   2461828.90 2028  2 27  9 32
 2461856.05 2028  3 25 13  8   2461860.96 2028  3 30 11  6   2461865.88 2028  4  4  9  3
 2461892.99 2028  5  1 11 42   2461897.92 2028  5  6 10  8   2461902.86 2028  5 11  8 34
 2461929.93 2028  6  7 10 15   2461934.88 2028  6 12  9 10   2461939.84 2028  6 17  8  5
 2461966.87 2028  7 14  8 49   2461971.84 2028  7 19  8 13   2461976.82 2028  7 24  7 36
 2462003.81 2028  8 20  7 23   2462008.80 2028  8 25  7 15   2462013.80 2028  8 30  7  8
 2462040.75 2028  9 26  5 56   2462045.76 2028 10  1  6 18   2462050.78 2028 10  6  6 39
 2462077.69 2028 11  2  4 30   2462082.72 2028 11  7  5 20   2462087.76 2028 11 12  6 10
 2462114.63 2028 12  9  3  3   2462119.68 2028 12 14  4 22   2462124.74 2028 12 19  5 41
 2462151.57 2029  1 15  1 37   2462156.64 2029  1 20  3 25   2462161.72 2029  1 25  5 12
 2462188.51 2029  2 21  0 11   2462193.60 2029  2 26  2 27   2462198.70 2029  3  3  4 44
 2462225.45 2029  3 29 22 44   2462230.56 2029  4  4  1 30   2462235.68 2029  4  9  4 15
 2462262.39 2029  5  5 21 18   2462267.52 2029  5 11  0 32   2462272.66 2029  5 16  3 46
 2462299.33 2029  6 11 19 51   2462304.48 2029  6 16 23 34   2462309.64 2029  6 22  3 17
 2462336.27 2029  7 18 18 25   2462341.44 2029  7 23 22 37   2462346.62 2029  7 29  2 48
 2462373.21 2029  8 24 16 59   2462378.40 2029  8 29 21 39   2462383.60 2029  9  4  2 20
 2462410.15 2029  9 30 15 32   2462415.36 2029 10  5 20 42   2462420.58 2029 10 11  1 51
 2462447.09 2029 11  6 14  6   2462452.32 2029 11 11 19 44   2462457.56 2029 11 17  1 22
 2462484.03 2029 12 13 12 39   2462489.28 2029 12 18 18 46   2462494.54 2029 12 24  0 53
 2462520.97 2030  1 19 11 13   2462526.24 2030  1 24 17 49   2462531.52 2030  1 30  0 24
 2462557.91 2030  2 25  9 47   2462563.20 2030  3  2 16 51   2462568.50 2030  3  7 23 56
 2462594.85 2030  4  3  8 20   2462600.16 2030  4  8 15 54   2462605.48 2030  4 13 23 27
 2462631.79 2030  5 10  6 54   2462637.12 2030  5 15 14 56   2462642.46 2030  5 20 22 58
 2462668.73 2030  6 16  5 27   2462674.08 2030  6 21 13 58   2462679.44 2030  6 26 22 29
 2462705.67 2030  7 23  4  1   2462711.04 2030  7 28 13  1   2462716.42 2030  8  2 22  0
 2462742.61 2030  8 29  2 35   2462748.00 2030  9  3 12  3   2462753.40 2030  9  8 21 32
 2462779.55 2030 10  5  1  8   2462784.96 2030 10 10 11  6   2462790.38 2030 10 15 21  3
 2462816.49 2030 11 10 23 42   2462821.92 2030 11 16 10  8   2462827.36 2030 11 21 20 34
 2462853.43 2030 12 17 22 15   2462858.88 2030 12 23  9 10   2462864.34 2030 12 28 20  5
 2462890.37 2031  1 23 20 49   2462895.84 2031  1 29  8 13   2462901.32 2031  2  3 19 36
 2462927.31 2031  3  1 19 23   2462932.80 2031  3  7  7 15   2462938.30 2031  3 12 19  8
 2462964.25 2031  4  7 17 56   2462969.76 2031  4 13  6 18   2462975.28 2031  4 18 18 39
 2463001.19 2031  5 14 16 30   2463006.72 2031  5 20  5 20   2463012.26 2031  5 25 18 10
 2463038.13 2031  6 20 15  3   2463043.68 2031  6 26  4 22   2463049.24 2031  7  1 17 41
 2463075.07 2031  7 27 13 37   2463080.64 2031  8  2  3 25   2463086.22 2031  8  7 17 12
 2463112.01 2031  9  2 12 11   2463117.60 2031  9  8  2 27   2463123.20 2031  9 13 16 44
 2463148.95 2031 10  9 10 44   2463154.56 2031 10 15  1 30   2463160.18 2031 10 20 16 15
 2463185.89 2031 11 15  9 18   2463191.52 2031 11 21  0 32   2463197.16 2031 11 26 15 46
 2463222.83 2031 12 22  7 51   2463228.48 2031 12 27 23 34   2463234.14 2032  1  2 15 17
 2463259.77 2032  1 28  6 25   2463265.44 2032  2  2 22 37   2463271.12 2032  2  8 14 48
 2463296.71 2032  3  5  4 59   2463302.40 2032  3 10 21 39   2463308.10 2032  3 16 14 20
 2463333.65 2032  4 11  3 32   2463339.36 2032  4 16 20 42   2463345.08 2032  4 22 13 51
 2463370.59 2032  5 18  2  6   2463376.32 2032  5 23 19 44   2463382.06 2032  5 29 13 22
 2463407.53 2032  6 24  0 39   2463413.28 2032  6 29 18 46   2463419.04 2032  7  5 12 53
 2463444.47 2032  7 30 23 13   2463450.24 2032  8  5 17 49   2463456.02 2032  8 11 12 24
 2463481.41 2032  9  5 21 47   2463487.20 2032  9 11 16 51   2463493.00 2032  9 17 11 56
 2463518.35 2032 10 12 20 20   2463524.16 2032 10 18 15 54   2463529.98 2032 10 24 11 27
 2463555.29 2032 11 18 18 54   2463561.12 2032 11 24 14 56   2463566.96 2032 11 30 10 58
 2463592.23 2032 12 25 17 27   2463598.08 2032 12 31 13 58   2463603.94 2033  1  6 10 29
 2463629.17 2033  1 31 16  1   2463635.04 2033  2  6 13  1   2463640.92 2033  2 12 10  0
 2463666.11 2033  3  9 14 35   2463672.00 2033  3 15 12  3   2463677.90 2033  3 21  9 32
 2463703.05 2033  4 15 13  8   2463708.96 2033  4 21 11  6   2463714.88 2033  4 27  9  3
 2463739.99 2033  5 22 11 42   2463745.92 2033  5 28 10  8   2463751.86 2033  6  3  8 34
 2463776.93 2033  6 28 10 15   2463782.88 2033  7  4  9 10   2463788.84 2033  7 10  8  5
 2463813.87 2033  8  4  8 49   2463819.84 2033  8 10  8 13   2463825.82 2033  8 16  7 36
 2463850.81 2033  9 10  7 23   2463856.80 2033  9 16  7 15   2463862.80 2033  9 22  7  8
 2463887.75 2033 10 17  5 56   2463893.76 2033 10 23  6 18   2463899.78 2033 10 29  6 39
 2463924.69 2033 11 23  4 30   2463930.72 2033 11 29  5 20   2463936.76 2033 12  5  6 10
 2463961.63 2033 12 30  3  3   2463967.68 2034  1  5  4 22   2463973.74 2034  1 11  5 41
 2463998.57 2034  2  5  1 37   2464004.64 2034  2 11  3 25   2464010.72 2034  2 17  5 12
 2464035.51 2034  3 14  0 11   2464041.60 2034  3 20  2 27   2464047.70 2034  3 26  4 44
 2464072.45 2034  4 19 22 44   2464078.56 2034  4 26  1 30   2464084.68 2034  5  2  4 15
 2464109.39 2034  5 26 21 18   2464115.52 2034  6  2  0 32   2464121.66 2034  6  8  3 46
 2464146.33 2034  7  2 19 51   2464152.48 2034  7  8 23 34   2464158.64 2034  7 15  3 17
 2464183.27 2034  8  8 18 25   2464189.44 2034  8 14 22 37   2464195.62 2034  8 21  2 48
