 Predicted Transit Epochs: HD4308___ b

 Predicted Duration of a Central Transit:   238. Minutes

 Begin Transit Window           PREDICTED CENTRAL TRANSIT     End Transit Window
                                     All Times UT

                               HJD        Year M  D  H  M
 2456750.89 2014  4  3  9 14   2456757.39 2014  4  9 21 26   2456763.90 2014  4 16  9 37
 2456766.43 2014  4 18 22 12   2456772.95 2014  4 25 10 52   2456779.48 2014  5  1 23 32
 2456781.97 2014  5  4 11 10   2456788.51 2014  5 11  0 19   2456795.06 2014  5 17 13 27
 2456797.51 2014  5 20  0  7   2456804.07 2014  5 26 13 45   2456810.64 2014  6  2  3 23
 2456813.05 2014  6  4 13  5   2456819.63 2014  6 11  3 11   2456826.22 2014  6 17 17 18
 2456828.59 2014  6 20  2  2   2456835.19 2014  6 26 16 38   2456841.80 2014  7  3  7 13
 2456844.13 2014  7  5 15  0   2456850.75 2014  7 12  6  4   2456857.38 2014  7 18 21  8
 2456859.67 2014  7 21  3 58   2456866.31 2014  7 27 19 31   2456872.96 2014  8  3 11  3
 2456875.21 2014  8  5 16 55   2456881.87 2014  8 12  8 57   2456888.54 2014  8 19  0 59
 2456890.75 2014  8 21  5 53   2456897.43 2014  8 27 22 23   2456904.12 2014  9  3 14 54
 2456906.29 2014  9  5 18 50   2456912.99 2014  9 12 11 50   2456919.70 2014  9 19  4 49
 2456921.83 2014  9 21  7 48   2456928.55 2014  9 28  1 16   2456935.28 2014 10  4 18 44
 2456937.37 2014 10  6 20 46   2456944.11 2014 10 13 14 43   2456950.86 2014 10 20  8 39
 2456952.91 2014 10 22  9 43   2456959.67 2014 10 29  4  9   2456966.44 2014 11  4 22 35
 2456968.45 2014 11  6 22 41   2456975.23 2014 11 13 17 35   2456982.02 2014 11 20 12 30
 2456983.99 2014 11 22 11 38   2456990.79 2014 11 29  7  2   2456997.60 2014 12  6  2 25
 2456999.53 2014 12  8  0 36   2457006.35 2014 12 14 20 28   2457013.18 2014 12 21 16 20
 2457015.07 2014 12 23 13 34   2457021.91 2014 12 30  9 55   2457028.76 2015  1  6  6 15
 2457030.61 2015  1  8  2 31   2457037.47 2015  1 14 23 21   2457044.34 2015  1 21 20 11
 2457046.15 2015  1 23 15 29   2457053.03 2015  1 30 12 47   2457059.92 2015  2  6 10  6
 2457061.69 2015  2  8  4 26   2457068.59 2015  2 15  2 14   2457075.50 2015  2 22  0  1
 2457077.23 2015  2 23 17 24   2457084.15 2015  3  2 15 40   2457091.08 2015  3  9 13 56
 2457092.77 2015  3 11  6 22   2457099.71 2015  3 18  5  7   2457106.66 2015  3 25  3 51
 2457108.31 2015  3 26 19 19   2457115.27 2015  4  2 18 33   2457122.24 2015  4  9 17 47
 2457123.85 2015  4 11  8 17   2457130.83 2015  4 18  7 59   2457137.82 2015  4 25  7 42
 2457139.39 2015  4 26 21 14   2457146.39 2015  5  3 21 26   2457153.40 2015  5 10 21 37
 2457154.93 2015  5 12 10 12   2457161.95 2015  5 19 10 52   2457168.98 2015  5 26 11 32
 2457170.47 2015  5 27 23 10   2457177.51 2015  6  4  0 19   2457184.56 2015  6 11  1 27
 2457186.01 2015  6 12 12  7   2457193.07 2015  6 19 13 45   2457200.14 2015  6 26 15 23
 2457201.55 2015  6 28  1  5   2457208.63 2015  7  5  3 11   2457215.72 2015  7 12  5 18
 2457217.09 2015  7 13 14  2   2457224.19 2015  7 20 16 38   2457231.30 2015  7 27 19 13
 2457232.63 2015  7 29  3  0   2457239.75 2015  8  5  6  4   2457246.88 2015  8 12  9  8
 2457248.17 2015  8 13 15 58   2457255.31 2015  8 20 19 31   2457262.46 2015  8 27 23  3
 2457263.71 2015  8 29  4 55   2457270.87 2015  9  5  8 57   2457278.04 2015  9 12 12 59
 2457279.25 2015  9 13 17 53   2457286.43 2015  9 20 22 23   2457293.62 2015  9 28  2 54
 2457294.79 2015  9 29  6 50   2457301.99 2015 10  6 11 50   2457309.20 2015 10 13 16 49
 2457310.33 2015 10 14 19 48   2457317.55 2015 10 22  1 16   2457324.78 2015 10 29  6 44
 2457325.87 2015 10 30  8 46   2457333.11 2015 11  6 14 43   2457340.36 2015 11 13 20 39
 2457341.41 2015 11 14 21 43   2457348.67 2015 11 22  4  9   2457355.94 2015 11 29 10 35
 2457356.95 2015 11 30 10 41   2457364.23 2015 12  7 17 35   2457371.52 2015 12 15  0 30
 2457372.49 2015 12 15 23 38   2457379.79 2015 12 23  7  2   2457387.10 2015 12 30 14 25
 2457388.03 2015 12 31 12 36   2457395.35 2016  1  7 20 28   2457402.68 2016  1 15  4 20
 2457403.57 2016  1 16  1 34   2457410.91 2016  1 23  9 55   2457418.26 2016  1 30 18 15
 2457419.11 2016  1 31 14 31   2457426.47 2016  2  7 23 21   2457433.84 2016  2 15  8 11
 2457434.65 2016  2 16  3 29   2457442.03 2016  2 23 12 47   2457449.42 2016  3  1 22  6
 2457450.19 2016  3  2 16 26   2457457.59 2016  3 10  2 14   2457465.00 2016  3 17 12  1
 2457465.73 2016  3 18  5 24   2457473.15 2016  3 25 15 40   2457480.58 2016  4  2  1 56
 2457481.27 2016  4  2 18 22   2457488.71 2016  4 10  5  7   2457496.16 2016  4 17 15 51
 2457496.81 2016  4 18  7 19   2457504.27 2016  4 25 18 33   2457511.74 2016  5  3  5 47
 2457512.35 2016  5  3 20 17   2457519.83 2016  5 11  7 59   2457527.32 2016  5 18 19 42
 2457527.89 2016  5 19  9 14   2457535.39 2016  5 26 21 26   2457542.90 2016  6  3  9 37
 2457543.43 2016  6  3 22 12   2457550.95 2016  6 11 10 52   2457558.48 2016  6 18 23 32
 2457558.97 2016  6 19 11 10   2457566.51 2016  6 27  0 19   2457574.06 2016  7  4 13 27
 2457574.51 2016  7  5  0  7   2457582.07 2016  7 12 13 45   2457589.64 2016  7 20  3 23
 2457590.05 2016  7 20 13  5   2457597.63 2016  7 28  3 11   2457605.22 2016  8  4 17 18
 2457605.59 2016  8  5  2  2   2457613.19 2016  8 12 16 38   2457620.80 2016  8 20  7 13
