 Predicted Transit Epochs: HD45652__ b

 Predicted Duration of a Central Transit:     9.   Hours

 Begin Transit Window           PREDICTED CENTRAL TRANSIT     End Transit Window
                                     All Times UT

                               HJD        Year M  D  H  M
 2454921.06 2009  3 30 13 26   2454926.15 2009  4  4 15 39   2454931.24 2009  4  9 17 52
 2454964.46 2009  5 12 23  2   2454969.75 2009  5 18  6  3   2454975.04 2009  5 23 13  4
 2455007.86 2009  6 25  8 38   2455013.35 2009  6 30 20 27   2455018.84 2009  7  6  8 16
 2455051.26 2009  8  7 18 14   2455056.95 2009  8 13 10 51   2455062.64 2009  8 19  3 28
 2455094.66 2009  9 20  3 50   2455100.55 2009  9 26  1 15   2455106.44 2009 10  1 22 40
 2455138.06 2009 11  2 13 26   2455144.15 2009 11  8 15 39   2455150.24 2009 11 14 17 52
 2455181.46 2009 12 15 23  2   2455187.75 2009 12 22  6  3   2455194.04 2009 12 28 13  4
 2455224.86 2010  1 28  8 38   2455231.35 2010  2  3 20 27   2455237.84 2010  2 10  8 16
 2455268.26 2010  3 12 18 14   2455274.95 2010  3 19 10 51   2455281.64 2010  3 26  3 28
 2455311.66 2010  4 25  3 50   2455318.55 2010  5  2  1 15   2455325.44 2010  5  8 22 40
 2455355.06 2010  6  7 13 26   2455362.15 2010  6 14 15 39   2455369.24 2010  6 21 17 52
 2455398.46 2010  7 20 23  2   2455405.75 2010  7 28  6  3   2455413.04 2010  8  4 13  4
 2455441.86 2010  9  2  8 38   2455449.35 2010  9  9 20 27   2455456.84 2010  9 17  8 16
 2455485.26 2010 10 15 18 14   2455492.95 2010 10 23 10 51   2455500.64 2010 10 31  3 28
 2455528.66 2010 11 28  3 50   2455536.55 2010 12  6  1 15   2455544.44 2010 12 13 22 40
 2455572.06 2011  1 10 13 26   2455580.15 2011  1 18 15 39   2455588.24 2011  1 26 17 52
 2455615.46 2011  2 22 23  2   2455623.75 2011  3  3  6  3   2455632.04 2011  3 11 13  4
 2455658.86 2011  4  7  8 38   2455667.35 2011  4 15 20 27   2455675.84 2011  4 24  8 16
 2455702.26 2011  5 20 18 14   2455710.95 2011  5 29 10 51   2455719.64 2011  6  7  3 28
 2455745.66 2011  7  3  3 50   2455754.55 2011  7 12  1 15   2455763.44 2011  7 20 22 40
 2455789.06 2011  8 15 13 26   2455798.15 2011  8 24 15 39   2455807.24 2011  9  2 17 52
 2455832.46 2011  9 27 23  2   2455841.75 2011 10  7  6  3   2455851.04 2011 10 16 13  4
 2455875.86 2011 11 10  8 38   2455885.35 2011 11 19 20 27   2455894.84 2011 11 29  8 16
 2455919.26 2011 12 23 18 14   2455928.95 2012  1  2 10 51   2455938.64 2012  1 12  3 28
 2455962.66 2012  2  5  3 50   2455972.55 2012  2 15  1 15   2455982.44 2012  2 24 22 40
 2456006.06 2012  3 19 13 26   2456016.15 2012  3 29 15 39   2456026.24 2012  4  8 17 52
 2456049.46 2012  5  1 23  2   2456059.75 2012  5 12  6  3   2456070.04 2012  5 22 13  4
 2456092.86 2012  6 14  8 38   2456103.35 2012  6 24 20 27   2456113.84 2012  7  5  8 16
 2456136.26 2012  7 27 18 14   2456146.95 2012  8  7 10 51   2456157.64 2012  8 18  3 28
 2456179.66 2012  9  9  3 50   2456190.55 2012  9 20  1 15   2456201.44 2012  9 30 22 40
 2456223.06 2012 10 22 13 26   2456234.15 2012 11  2 15 39   2456245.24 2012 11 13 17 52
 2456266.46 2012 12  4 23  2   2456277.75 2012 12 16  6  3   2456289.04 2012 12 27 13  4
 2456309.86 2013  1 17  8 38   2456321.35 2013  1 28 20 27   2456332.84 2013  2  9  8 16
 2456353.26 2013  3  1 18 14   2456364.95 2013  3 13 10 51   2456376.64 2013  3 25  3 28
 2456396.66 2013  4 14  3 50   2456408.55 2013  4 26  1 15   2456420.44 2013  5  7 22 40
 2456440.06 2013  5 27 13 26   2456452.15 2013  6  8 15 39   2456464.24 2013  6 20 17 52
 2456483.46 2013  7  9 23  2   2456495.75 2013  7 22  6  3   2456508.04 2013  8  3 13  4
 2456526.86 2013  8 22  8 38   2456539.35 2013  9  3 20 27   2456551.84 2013  9 16  8 16
 2456570.26 2013 10  4 18 14   2456582.95 2013 10 17 10 51   2456595.64 2013 10 30  3 28
 2456613.66 2013 11 17  3 50   2456626.55 2013 11 30  1 15   2456639.44 2013 12 12 22 40
 2456657.06 2013 12 30 13 26   2456670.15 2014  1 12 15 39   2456683.24 2014  1 25 17 52
 2456700.46 2014  2 11 23  2   2456713.75 2014  2 25  6  3   2456727.04 2014  3 10 13  4
 2456743.86 2014  3 27  8 38   2456757.35 2014  4  9 20 27   2456770.84 2014  4 23  8 16
 2456787.26 2014  5  9 18 14   2456800.95 2014  5 23 10 51   2456814.64 2014  6  6  3 28
 2456830.66 2014  6 22  3 50   2456844.55 2014  7  6  1 15   2456858.44 2014  7 19 22 40
 2456874.06 2014  8  4 13 26   2456888.15 2014  8 18 15 39   2456902.24 2014  9  1 17 52
 2456917.46 2014  9 16 23  2   2456931.75 2014 10  1  6  3   2456946.04 2014 10 15 13  4
 2456960.86 2014 10 30  8 38   2456975.35 2014 11 13 20 27   2456989.84 2014 11 28  8 16
 2457004.26 2014 12 12 18 14   2457018.95 2014 12 27 10 51   2457033.64 2015  1 11  3 28
 2457047.66 2015  1 25  3 50   2457062.55 2015  2  9  1 15   2457077.44 2015  2 23 22 40
 2457091.06 2015  3  9 13 26   2457106.15 2015  3 24 15 39   2457121.24 2015  4  8 17 52
 2457134.46 2015  4 21 23  2   2457149.75 2015  5  7  6  3   2457165.04 2015  5 22 13  4
 2457177.86 2015  6  4  8 38   2457193.35 2015  6 19 20 27   2457208.84 2015  7  5  8 16
 2457221.26 2015  7 17 18 14   2457236.95 2015  8  2 10 51   2457252.64 2015  8 18  3 28
 2457264.66 2015  8 30  3 50   2457280.55 2015  9 15  1 15   2457296.44 2015  9 30 22 40
 2457308.06 2015 10 12 13 26   2457324.15 2015 10 28 15 39   2457340.24 2015 11 13 17 52
 2457351.46 2015 11 24 23  2   2457367.75 2015 12 11  6  3   2457384.04 2015 12 27 13  4
 2457394.86 2016  1  7  8 38   2457411.35 2016  1 23 20 27   2457427.84 2016  2  9  8 16
 2457438.26 2016  2 19 18 14   2457454.95 2016  3  7 10 51   2457471.64 2016  3 24  3 28
 2457481.66 2016  4  3  3 50   2457498.55 2016  4 20  1 15   2457515.44 2016  5  6 22 40
 2457525.06 2016  5 16 13 26   2457542.15 2016  6  2 15 39   2457559.24 2016  6 19 17 52
 2457568.46 2016  6 28 23  2   2457585.75 2016  7 16  6  3   2457603.04 2016  8  2 13  4
 2457611.86 2016  8 11  8 38   2457629.35 2016  8 28 20 27   2457646.84 2016  9 15  8 16
 2457655.26 2016  9 23 18 14   2457672.95 2016 10 11 10 51   2457690.64 2016 10 29  3 28
 2457698.66 2016 11  6  3 50   2457716.55 2016 11 24  1 15   2457734.44 2016 12 11 22 40
 2457742.06 2016 12 19 13 26   2457760.15 2017  1  6 15 39   2457778.24 2017  1 24 17 52
 2457785.46 2017  1 31 23  2   2457803.75 2017  2 19  6  3   2457822.04 2017  3  9 13  4
 2457828.86 2017  3 16  8 38   2457847.35 2017  4  3 20 27   2457865.84 2017  4 22  8 16
 2457872.26 2017  4 28 18 14   2457890.95 2017  5 17 10 51   2457909.64 2017  6  5  3 28
 2457915.66 2017  6 11  3 50   2457934.55 2017  6 30  1 15   2457953.44 2017  7 18 22 40
 2457959.06 2017  7 24 13 26   2457978.15 2017  8 12 15 39   2457997.24 2017  8 31 17 52
 2458002.46 2017  9  5 23  2   2458021.75 2017  9 25  6  3   2458041.04 2017 10 14 13  4
 2458045.86 2017 10 19  8 38   2458065.35 2017 11  7 20 27   2458084.84 2017 11 27  8 16
 2458089.26 2017 12  1 18 14   2458108.95 2017 12 21 10 51   2458128.64 2018  1 10  3 28
 2458132.66 2018  1 14  3 50   2458152.55 2018  2  3  1 15   2458172.44 2018  2 22 22 40
 2458176.06 2018  2 26 13 26   2458196.15 2018  3 18 15 39   2458216.24 2018  4  7 17 52
 2458219.46 2018  4 10 23  2   2458239.75 2018  5  1  6  3   2458260.04 2018  5 21 13  4
 2458262.86 2018  5 24  8 38   2458283.35 2018  6 13 20 27   2458303.84 2018  7  4  8 16
 2458306.26 2018  7  6 18 14   2458326.95 2018  7 27 10 51   2458347.64 2018  8 17  3 28
 2458349.66 2018  8 19  3 50   2458370.55 2018  9  9  1 15   2458391.44 2018  9 29 22 40
 2458393.06 2018 10  1 13 26   2458414.15 2018 10 22 15 39   2458435.24 2018 11 12 17 52
 2458436.46 2018 11 13 23  2   2458457.75 2018 12  5  6  3   2458479.04 2018 12 26 13  4
 2458479.86 2018 12 27  8 38   2458501.35 2019  1 17 20 27   2458522.84 2019  2  8  8 16
 2458523.26 2019  2  8 18 14   2458544.95 2019  3  2 10 51   2458566.64 2019  3 24  3 28
 2458566.66 2019  3 24  3 50   2458588.55 2019  4 15  1 15   2458610.44 2019  5  6 22 40
 2458610.06 2019  5  6 13 26   2458632.15 2019  5 28 15 39   2458654.24 2019  6 19 17 52
 2458653.46 2019  6 18 23  2   2458675.75 2019  7 11  6  3   2458698.04 2019  8  2 13  4
 2458696.86 2019  8  1  8 38   2458719.35 2019  8 23 20 27   2458741.84 2019  9 15  8 16
 2458740.26 2019  9 13 18 14   2458762.95 2019 10  6 10 51   2458785.64 2019 10 29  3 28
 2458783.66 2019 10 27  3 50   2458806.55 2019 11 19  1 15   2458829.44 2019 12 11 22 40
 2458827.06 2019 12  9 13 26   2458850.15 2020  1  1 15 39   2458873.24 2020  1 24 17 52
 2458870.46 2020  1 21 23  2   2458893.75 2020  2 14  6  3   2458917.04 2020  3  8 13  4
 2458913.86 2020  3  5  8 38   2458937.35 2020  3 28 20 27   2458960.84 2020  4 21  8 16
 2458957.26 2020  4 17 18 14   2458980.95 2020  5 11 10 51   2459004.64 2020  6  4  3 28
 2459000.66 2020  5 31  3 50   2459024.55 2020  6 24  1 15   2459048.44 2020  7 17 22 40
 2459044.06 2020  7 13 13 26   2459068.15 2020  8  6 15 39   2459092.24 2020  8 30 17 52
 2459087.46 2020  8 25 23  2   2459111.75 2020  9 19  6  3   2459136.04 2020 10 13 13  4
 2459130.86 2020 10  8  8 38   2459155.35 2020 11  1 20 27   2459179.84 2020 11 26  8 16
 2459174.26 2020 11 20 18 14   2459198.95 2020 12 15 10 51   2459223.64 2021  1  9  3 28
 2459217.66 2021  1  3  3 50   2459242.55 2021  1 28  1 15   2459267.44 2021  2 21 22 40
 2459261.06 2021  2 15 13 26   2459286.15 2021  3 12 15 39   2459311.24 2021  4  6 17 52
 2459304.46 2021  3 30 23  2   2459329.75 2021  4 25  6  3   2459355.04 2021  5 20 13  4
 2459347.86 2021  5 13  8 38   2459373.35 2021  6  7 20 27   2459398.84 2021  7  3  8 16
 2459391.26 2021  6 25 18 14   2459416.95 2021  7 21 10 51   2459442.64 2021  8 16  3 28
 2459434.66 2021  8  8  3 50   2459460.55 2021  9  3  1 15   2459486.44 2021  9 28 22 40
 2459478.06 2021  9 20 13 26   2459504.15 2021 10 16 15 39   2459530.24 2021 11 11 17 52
 2459521.46 2021 11  2 23  2   2459547.75 2021 11 29  6  3   2459574.04 2021 12 25 13  4
 2459564.86 2021 12 16  8 38   2459591.35 2022  1 11 20 27   2459617.84 2022  2  7  8 16
 2459608.26 2022  1 28 18 14   2459634.95 2022  2 24 10 51   2459661.64 2022  3 23  3 28
 2459651.66 2022  3 13  3 50   2459678.55 2022  4  9  1 15   2459705.44 2022  5  5 22 40
 2459695.06 2022  4 25 13 26   2459722.15 2022  5 22 15 39   2459749.24 2022  6 18 17 52
 2459738.46 2022  6  7 23  2   2459765.75 2022  7  5  6  3   2459793.04 2022  8  1 13  4
 2459781.86 2022  7 21  8 38   2459809.35 2022  8 17 20 27   2459836.84 2022  9 14  8 16
 2459825.26 2022  9  2 18 14   2459852.95 2022  9 30 10 51   2459880.64 2022 10 28  3 28
 2459868.66 2022 10 16  3 50   2459896.55 2022 11 13  1 15   2459924.44 2022 12 10 22 40
 2459912.06 2022 11 28 13 26   2459940.15 2022 12 26 15 39   2459968.24 2023  1 23 17 52
 2459955.46 2023  1 10 23  2   2459983.75 2023  2  8  6  3   2460012.04 2023  3  8 13  4
 2459998.86 2023  2 23  8 38   2460027.35 2023  3 23 20 27   2460055.84 2023  4 21  8 16
 2460042.26 2023  4  7 18 14   2460070.95 2023  5  6 10 51   2460099.64 2023  6  4  3 28
 2460085.66 2023  5 21  3 50   2460114.55 2023  6 19  1 15   2460143.44 2023  7 17 22 40
 2460129.06 2023  7  3 13 26   2460158.15 2023  8  1 15 39   2460187.24 2023  8 30 17 52
 2460172.46 2023  8 15 23  2   2460201.75 2023  9 14  6  3   2460231.04 2023 10 13 13  4
 2460215.86 2023  9 28  8 38   2460245.35 2023 10 27 20 27   2460274.84 2023 11 26  8 16
 2460259.26 2023 11 10 18 14   2460288.95 2023 12 10 10 51   2460318.64 2024  1  9  3 28
 2460302.66 2023 12 24  3 50   2460332.55 2024  1 23  1 15   2460362.44 2024  2 21 22 40
 2460346.06 2024  2  5 13 26   2460376.15 2024  3  6 15 39   2460406.24 2024  4  5 17 52
 2460389.46 2024  3 19 23  2   2460419.75 2024  4 19  6  3   2460450.04 2024  5 19 13  4
 2460432.86 2024  5  2  8 38   2460463.35 2024  6  1 20 27   2460493.84 2024  7  2  8 16
 2460476.26 2024  6 14 18 14   2460506.95 2024  7 15 10 51   2460537.64 2024  8 15  3 28
 2460519.66 2024  7 28  3 50   2460550.55 2024  8 28  1 15   2460581.44 2024  9 27 22 40
 2460563.06 2024  9  9 13 26   2460594.15 2024 10 10 15 39   2460625.24 2024 11 10 17 52
 2460606.46 2024 10 22 23  2   2460637.75 2024 11 23  6  3   2460669.04 2024 12 24 13  4
 2460649.86 2024 12  5  8 38   2460681.35 2025  1  5 20 27   2460712.84 2025  2  6  8 16
 2460693.26 2025  1 17 18 14   2460724.95 2025  2 18 10 51   2460756.64 2025  3 22  3 28
 2460736.66 2025  3  2  3 50   2460768.55 2025  4  3  1 15   2460800.44 2025  5  4 22 40
 2460780.06 2025  4 14 13 26   2460812.15 2025  5 16 15 39   2460844.24 2025  6 17 17 52
 2460823.46 2025  5 27 23  2   2460855.75 2025  6 29  6  3   2460888.04 2025  7 31 13  4
 2460866.86 2025  7 10  8 38   2460899.35 2025  8 11 20 27   2460931.84 2025  9 13  8 16
 2460910.26 2025  8 22 18 14   2460942.95 2025  9 24 10 51   2460975.64 2025 10 27  3 28
 2460953.66 2025 10  5  3 50   2460986.55 2025 11  7  1 15   2461019.44 2025 12  9 22 40
 2460997.06 2025 11 17 13 26   2461030.15 2025 12 20 15 39   2461063.24 2026  1 22 17 52
 2461040.46 2025 12 30 23  2   2461073.75 2026  2  2  6  3   2461107.04 2026  3  7 13  4
 2461083.86 2026  2 12  8 38   2461117.35 2026  3 17 20 27   2461150.84 2026  4 20  8 16
 2461127.26 2026  3 27 18 14   2461160.95 2026  4 30 10 51   2461194.64 2026  6  3  3 28
 2461170.66 2026  5 10  3 50   2461204.55 2026  6 13  1 15   2461238.44 2026  7 16 22 40
 2461214.06 2026  6 22 13 26   2461248.15 2026  7 26 15 39   2461282.24 2026  8 29 17 52
 2461257.46 2026  8  4 23  2   2461291.75 2026  9  8  6  3   2461326.04 2026 10 12 13  4
 2461300.86 2026  9 17  8 38   2461335.35 2026 10 21 20 27   2461369.84 2026 11 25  8 16
 2461344.26 2026 10 30 18 14   2461378.95 2026 12  4 10 51   2461413.64 2027  1  8  3 28
 2461387.66 2026 12 13  3 50   2461422.55 2027  1 17  1 15   2461457.44 2027  2 20 22 40
 2461431.06 2027  1 25 13 26   2461466.15 2027  3  1 15 39   2461501.24 2027  4  5 17 52
 2461474.46 2027  3  9 23  2   2461509.75 2027  4 14  6  3   2461545.04 2027  5 19 13  4
 2461517.86 2027  4 22  8 38   2461553.35 2027  5 27 20 27   2461588.84 2027  7  2  8 16
 2461561.26 2027  6  4 18 14   2461596.95 2027  7 10 10 51   2461632.64 2027  8 15  3 28
 2461604.66 2027  7 18  3 50   2461640.55 2027  8 23  1 15   2461676.44 2027  9 27 22 40
 2461648.06 2027  8 30 13 26   2461684.15 2027 10  5 15 39   2461720.24 2027 11 10 17 52
 2461691.46 2027 10 12 23  2   2461727.75 2027 11 18  6  3   2461764.04 2027 12 24 13  4
 2461734.86 2027 11 25  8 38   2461771.35 2027 12 31 20 27   2461807.84 2028  2  6  8 16
 2461778.26 2028  1  7 18 14   2461814.95 2028  2 13 10 51   2461851.64 2028  3 21  3 28
 2461821.66 2028  2 20  3 50   2461858.55 2028  3 28  1 15   2461895.44 2028  5  3 22 40
 2461865.06 2028  4  3 13 26   2461902.15 2028  5 10 15 39   2461939.24 2028  6 16 17 52
 2461908.46 2028  5 16 23  2   2461945.75 2028  6 23  6  3   2461983.04 2028  7 30 13  4
 2461951.86 2028  6 29  8 38   2461989.35 2028  8  5 20 27   2462026.84 2028  9 12  8 16
 2461995.26 2028  8 11 18 14   2462032.95 2028  9 18 10 51   2462070.64 2028 10 26  3 28
 2462038.66 2028  9 24  3 50   2462076.55 2028 11  1  1 15   2462114.44 2028 12  8 22 40
 2462082.06 2028 11  6 13 26   2462120.15 2028 12 14 15 39   2462158.24 2029  1 21 17 52
 2462125.46 2028 12 19 23  2   2462163.75 2029  1 27  6  3   2462202.04 2029  3  6 13  4
 2462168.86 2029  2  1  8 38   2462207.35 2029  3 11 20 27   2462245.84 2029  4 19  8 16
 2462212.26 2029  3 16 18 14   2462250.95 2029  4 24 10 51   2462289.64 2029  6  2  3 28
 2462255.66 2029  4 29  3 50   2462294.55 2029  6  7  1 15   2462333.44 2029  7 15 22 40
 2462299.06 2029  6 11 13 26   2462338.15 2029  7 20 15 39   2462377.24 2029  8 28 17 52
 2462342.46 2029  7 24 23  2   2462381.75 2029  9  2  6  3   2462421.04 2029 10 11 13  4
