 Predicted Transit Epochs: HD45364__ b

 Predicted Duration of a Central Transit:    10.   Hours

 Begin Transit Window           PREDICTED CENTRAL TRANSIT     End Transit Window
                                     All Times UT

                               HJD        Year M  D  H  M
 2455051.12 2009  8  7 14 55   2455053.87 2009  8 10  8 48   2455056.61 2009  8 13  2 42
 2455277.68 2010  3 22  4 21   2455280.80 2010  3 25  7  8   2455283.91 2010  3 28  9 54
 2455504.24 2010 11  3 17 47   2455507.73 2010 11  7  5 27   2455511.21 2010 11 10 17  6
 2455730.80 2011  6 18  7 14   2455734.66 2011  6 22  3 46   2455738.51 2011  6 26  0 18
 2455957.36 2012  1 30 20 40   2455961.59 2012  2  4  2  5   2455965.81 2012  2  8  7 30
 2456183.92 2012  9 13 10  7   2456188.52 2012  9 18  0 24   2456193.11 2012  9 22 14 42
 2456410.48 2013  4 27 23 33   2456415.45 2013  5  2 22 44   2456420.41 2013  5  7 21 54
 2456637.04 2013 12 10 12 59   2456642.38 2013 12 15 21  3   2456647.71 2013 12 21  5  6
 2456863.60 2014  7 25  2 26   2456869.31 2014  7 30 19 22   2456875.01 2014  8  5 12 18
 2457090.16 2015  3  8 15 52   2457096.24 2015  3 14 17 41   2457102.31 2015  3 20 19 30
 2457316.72 2015 10 21  5 19   2457323.17 2015 10 27 16  0   2457329.61 2015 11  3  2 42
 2457543.28 2016  6  3 18 45   2457550.10 2016  6 10 14 20   2457556.91 2016  6 17  9 54
 2457769.84 2017  1 16  8 11   2457777.03 2017  1 23 12 39   2457784.21 2017  1 30 17  6
 2457996.40 2017  8 30 21 38   2458003.96 2017  9  7 10 58   2458011.51 2017  9 15  0 18
 2458222.96 2018  4 14 11  4   2458230.89 2018  4 22  9 17   2458238.81 2018  4 30  7 30
 2458449.52 2018 11 27  0 31   2458457.82 2018 12  5  7 36   2458466.11 2018 12 13 14 42
 2458676.08 2019  7 11 13 57   2458684.75 2019  7 20  5 56   2458693.41 2019  7 28 21 54
 2458902.64 2020  2 23  3 23   2458911.68 2020  3  3  4 15   2458920.71 2020  3 12  5  6
 2459129.20 2020 10  6 16 50   2459138.61 2020 10 16  2 34   2459148.01 2020 10 25 12 18
 2459355.76 2021  5 21  6 16   2459365.54 2021  5 31  0 53   2459375.31 2021  6  9 19 30
 2459582.32 2022  1  2 19 43   2459592.47 2022  1 12 23 12   2459602.61 2022  1 23  2 42
 2459808.88 2022  8 17  9  9   2459819.40 2022  8 27 21 32   2459829.91 2022  9  7  9 54
 2460035.44 2023  3 31 22 35   2460046.33 2023  4 11 19 51   2460057.21 2023  4 22 17  6
 2460262.00 2023 11 13 12  2   2460273.26 2023 11 24 18 10   2460284.51 2023 12  6  0 18
 2460488.56 2024  6 27  1 28   2460500.19 2024  7  8 16 29   2460511.81 2024  7 20  7 30
 2460715.12 2025  2  8 14 55   2460727.12 2025  2 20 14 48   2460739.11 2025  3  4 14 42
 2460941.68 2025  9 23  4 21   2460954.05 2025 10  5 13  8   2460966.41 2025 10 17 21 54
 2461168.24 2026  5  7 17 47   2461180.98 2026  5 20 11 27   2461193.71 2026  6  2  5  6
 2461394.80 2026 12 20  7 14   2461407.91 2027  1  2  9 46   2461421.01 2027  1 15 12 18
 2461621.36 2027  8  3 20 40   2461634.84 2027  8 17  8  5   2461648.31 2027  8 30 19 30
 2461847.92 2028  3 17 10  7   2461861.77 2028  3 31  6 24   2461875.61 2028  4 14  2 42
 2462074.48 2028 10 29 23 33   2462088.70 2028 11 13  4 44   2462102.91 2028 11 27  9 54
 2462301.04 2029  6 13 12 59   2462315.63 2029  6 28  3  3   2462330.21 2029  7 12 17  6
 2462527.60 2030  1 26  2 26   2462542.56 2030  2 10  1 22   2462557.51 2030  2 25  0 18
