 Predicted Transit Epochs: HD45364__ c

 Predicted Duration of a Central Transit:    12.   Hours

 Begin Transit Window           PREDICTED CENTRAL TRANSIT     End Transit Window
                                     All Times UT

                               HJD        Year M  D  H  M
 2454938.24 2009  4 16 17 43   2454939.67 2009  4 18  4  7   2454941.10 2009  4 19 14 30
 2455280.81 2010  3 25  7 24   2455282.52 2010  3 27  0 31   2455284.23 2010  3 28 17 38
 2455623.38 2011  3  2 21  5   2455625.37 2011  3  4 20 55   2455627.36 2011  3  6 20 45
 2455965.95 2012  2  8 10 45   2455968.22 2012  2 10 17 19   2455970.49 2012  2 12 23 52
 2456308.52 2013  1 16  0 26   2456311.07 2013  1 18 13 43   2456313.62 2013  1 21  2 59
 2456651.09 2013 12 24 14  7   2456653.92 2013 12 27 10  7   2456656.75 2013 12 30  6  6
 2456993.66 2014 12  2  3 48   2456996.77 2014 12  5  6 31   2456999.88 2014 12  8  9 14
 2457336.23 2015 11  9 17 29   2457339.62 2015 11 13  2 55   2457343.01 2015 11 16 12 21
 2457678.80 2016 10 17  7  9   2457682.47 2016 10 20 23 19   2457686.14 2016 10 24 15 28
 2458021.37 2017  9 24 20 50   2458025.32 2017  9 28 19 43   2458029.27 2017 10  2 18 35
 2458363.94 2018  9  2 10 31   2458368.17 2018  9  6 16  7   2458372.40 2018  9 10 21 42
 2458706.51 2019  8 11  0 12   2458711.02 2019  8 15 12 31   2458715.53 2019  8 20  0 50
 2459049.08 2020  7 18 13 53   2459053.87 2020  7 23  8 55   2459058.66 2020  7 28  3 57
 2459391.65 2021  6 26  3 33   2459396.72 2021  7  1  5 19   2459401.79 2021  7  6  7  4
 2459734.22 2022  6  3 17 14   2459739.57 2022  6  9  1 43   2459744.92 2022  6 14 10 11
 2460076.79 2023  5 12  6 55   2460082.42 2023  5 17 22  7   2460088.05 2023  5 23 13 18
 2460419.36 2024  4 18 20 36   2460425.27 2024  4 24 18 31   2460431.18 2024  4 30 16 26
 2460761.93 2025  3 27 10 17   2460768.12 2025  4  2 14 55   2460774.31 2025  4  8 19 33
 2461104.50 2026  3  4 23 57   2461110.97 2026  3 11 11 19   2461117.44 2026  3 17 22 40
 2461447.07 2027  2 10 13 38   2461453.82 2027  2 17  7 43   2461460.57 2027  2 24  1 47
 2461789.64 2028  1 19  3 19   2461796.67 2028  1 26  4  7   2461803.70 2028  2  2  4 54
 2462132.21 2028 12 26 17  0   2462139.52 2029  1  3  0 31   2462146.83 2029  1 10  8  2
 2462474.78 2029 12  4  6 41   2462482.37 2029 12 11 20 55   2462489.96 2029 12 19 11  9
