 Predicted Transit Epochs: HD46375__ b

 Predicted Duration of a Central Transit:   166. Minutes

 Begin Transit Window           PREDICTED CENTRAL TRANSIT     End Transit Window
                                     All Times UT

                               HJD        Year M  D  H  M
 2456758.37 2014  4 10 20 55   2456758.69 2014  4 11  4 37   2456759.01 2014  4 11 12 19
 2456761.40 2014  4 13 21 29   2456761.72 2014  4 14  5 11   2456762.04 2014  4 14 12 54
 2456764.42 2014  4 16 22  3   2456764.74 2014  4 17  5 45   2456765.06 2014  4 17 13 28
 2456767.44 2014  4 19 22 37   2456767.76 2014  4 20  6 19   2456768.08 2014  4 20 14  2
 2456770.47 2014  4 22 23 10   2456770.79 2014  4 23  6 53   2456771.11 2014  4 23 14 36
 2456773.49 2014  4 25 23 44   2456773.81 2014  4 26  7 27   2456774.13 2014  4 26 15 10
 2456776.51 2014  4 29  0 18   2456776.83 2014  4 29  8  1   2456777.16 2014  4 29 15 44
 2456779.54 2014  5  2  0 52   2456779.86 2014  5  2  8 35   2456780.18 2014  5  2 16 18
 2456782.56 2014  5  5  1 26   2456782.88 2014  5  5  9  9   2456783.20 2014  5  5 16 52
 2456785.58 2014  5  8  2  0   2456785.91 2014  5  8  9 43   2456786.23 2014  5  8 17 26
 2456788.61 2014  5 11  2 34   2456788.93 2014  5 11 10 17   2456789.25 2014  5 11 18  0
 2456791.63 2014  5 14  3  7   2456791.95 2014  5 14 10 51   2456792.27 2014  5 14 18 34
 2456794.65 2014  5 17  3 41   2456794.98 2014  5 17 11 25   2456795.30 2014  5 17 19  8
 2456797.68 2014  5 20  4 15   2456798.00 2014  5 20 11 59   2456798.32 2014  5 20 19 42
 2456800.70 2014  5 23  4 49   2456801.02 2014  5 23 12 32   2456801.34 2014  5 23 20 16
 2456803.72 2014  5 26  5 23   2456804.05 2014  5 26 13  6   2456804.37 2014  5 26 20 50
 2456806.75 2014  5 29  5 57   2456807.07 2014  5 29 13 40   2456807.39 2014  5 29 21 24
 2456809.77 2014  6  1  6 30   2456810.09 2014  6  1 14 14   2456810.42 2014  6  1 21 58
 2456812.80 2014  6  4  7  4   2456813.12 2014  6  4 14 48   2456813.44 2014  6  4 22 32
 2456815.82 2014  6  7  7 38   2456816.14 2014  6  7 15 22   2456816.46 2014  6  7 23  6
 2456818.84 2014  6 10  8 12   2456819.16 2014  6 10 15 56   2456819.49 2014  6 10 23 40
 2456821.87 2014  6 13  8 46   2456822.19 2014  6 13 16 30   2456822.51 2014  6 14  0 14
 2456824.89 2014  6 16  9 20   2456825.21 2014  6 16 17  4   2456825.53 2014  6 17  0 48
 2456827.91 2014  6 19  9 54   2456828.24 2014  6 19 17 38   2456828.56 2014  6 20  1 22
 2456830.94 2014  6 22 10 27   2456831.26 2014  6 22 18 12   2456831.58 2014  6 23  1 56
 2456833.96 2014  6 25 11  1   2456834.28 2014  6 25 18 46   2456834.60 2014  6 26  2 30
 2456836.98 2014  6 28 11 35   2456837.31 2014  6 28 19 20   2456837.63 2014  6 29  3  4
 2456840.01 2014  7  1 12  9   2456840.33 2014  7  1 19 54   2456840.65 2014  7  2  3 39
 2456843.03 2014  7  4 12 43   2456843.35 2014  7  4 20 28   2456843.68 2014  7  5  4 13
 2456846.05 2014  7  7 13 17   2456846.38 2014  7  7 21  2   2456846.70 2014  7  8  4 47
 2456849.08 2014  7 10 13 51   2456849.40 2014  7 10 21 36   2456849.72 2014  7 11  5 21
 2456852.10 2014  7 13 14 24   2456852.42 2014  7 13 22 10   2456852.75 2014  7 14  5 55
 2456855.12 2014  7 16 14 58   2456855.45 2014  7 16 22 43   2456855.77 2014  7 17  6 29
 2456858.15 2014  7 19 15 32   2456858.47 2014  7 19 23 17   2456858.79 2014  7 20  7  3
 2456861.17 2014  7 22 16  6   2456861.49 2014  7 22 23 51   2456861.82 2014  7 23  7 37
 2456864.19 2014  7 25 16 40   2456864.52 2014  7 26  0 25   2456864.84 2014  7 26  8 11
 2456867.22 2014  7 28 17 14   2456867.54 2014  7 29  0 59   2456867.86 2014  7 29  8 45
 2456870.24 2014  7 31 17 48   2456870.57 2014  8  1  1 33   2456870.89 2014  8  1  9 19
 2456873.27 2014  8  3 18 21   2456873.59 2014  8  4  2  7   2456873.91 2014  8  4  9 53
 2456876.29 2014  8  6 18 55   2456876.61 2014  8  7  2 41   2456876.94 2014  8  7 10 27
 2456879.31 2014  8  9 19 29   2456879.64 2014  8 10  3 15   2456879.96 2014  8 10 11  1
 2456882.34 2014  8 12 20  3   2456882.66 2014  8 13  3 49   2456882.98 2014  8 13 11 35
 2456885.36 2014  8 15 20 37   2456885.68 2014  8 16  4 23   2456886.01 2014  8 16 12  9
 2456888.38 2014  8 18 21 11   2456888.71 2014  8 19  4 57   2456889.03 2014  8 19 12 43
 2456891.41 2014  8 21 21 44   2456891.73 2014  8 22  5 31   2456892.05 2014  8 22 13 17
 2456894.43 2014  8 24 22 18   2456894.75 2014  8 25  6  5   2456895.08 2014  8 25 13 51
 2456897.45 2014  8 27 22 52   2456897.78 2014  8 28  6 39   2456898.10 2014  8 28 14 25
 2456900.48 2014  8 30 23 26   2456900.80 2014  8 31  7 13   2456901.12 2014  8 31 14 59
 2456903.50 2014  9  3  0  0   2456903.82 2014  9  3  7 47   2456904.15 2014  9  3 15 33
 2456906.52 2014  9  6  0 34   2456906.85 2014  9  6  8 21   2456907.17 2014  9  6 16  7
 2456909.55 2014  9  9  1  8   2456909.87 2014  9  9  8 54   2456910.20 2014  9  9 16 41
 2456912.57 2014  9 12  1 41   2456912.90 2014  9 12  9 28   2456913.22 2014  9 12 17 15
 2456915.59 2014  9 15  2 15   2456915.92 2014  9 15 10  2   2456916.24 2014  9 15 17 49
 2456918.62 2014  9 18  2 49   2456918.94 2014  9 18 10 36   2456919.27 2014  9 18 18 24
 2456921.64 2014  9 21  3 23   2456921.97 2014  9 21 11 10   2456922.29 2014  9 21 18 58
 2456924.66 2014  9 24  3 57   2456924.99 2014  9 24 11 44   2456925.31 2014  9 24 19 32
 2456927.69 2014  9 27  4 31   2456928.01 2014  9 27 12 18   2456928.34 2014  9 27 20  6
 2456930.71 2014  9 30  5  5   2456931.04 2014  9 30 12 52   2456931.36 2014  9 30 20 40
 2456933.74 2014 10  3  5 38   2456934.06 2014 10  3 13 26   2456934.38 2014 10  3 21 14
 2456936.76 2014 10  6  6 12   2456937.08 2014 10  6 14  0   2456937.41 2014 10  6 21 48
 2456939.78 2014 10  9  6 46   2456940.11 2014 10  9 14 34   2456940.43 2014 10  9 22 22
 2456942.81 2014 10 12  7 20   2456943.13 2014 10 12 15  8   2456943.46 2014 10 12 22 56
 2456945.83 2014 10 15  7 54   2456946.15 2014 10 15 15 42   2456946.48 2014 10 15 23 30
 2456948.85 2014 10 18  8 28   2456949.18 2014 10 18 16 16   2456949.50 2014 10 19  0  4
 2456951.88 2014 10 21  9  1   2456952.20 2014 10 21 16 50   2456952.53 2014 10 22  0 38
 2456954.90 2014 10 24  9 35   2456955.23 2014 10 24 17 24   2456955.55 2014 10 25  1 12
 2456957.92 2014 10 27 10  9   2456958.25 2014 10 27 17 58   2456958.57 2014 10 28  1 46
 2456960.95 2014 10 30 10 43   2456961.27 2014 10 30 18 32   2456961.60 2014 10 31  2 20
 2456963.97 2014 11  2 11 17   2456964.30 2014 11  2 19  6   2456964.62 2014 11  3  2 54
 2456966.99 2014 11  5 11 51   2456967.32 2014 11  5 19 39   2456967.64 2014 11  6  3 28
 2456970.02 2014 11  8 12 25   2456970.34 2014 11  8 20 13   2456970.67 2014 11  9  4  2
 2456973.04 2014 11 11 12 58   2456973.37 2014 11 11 20 47   2456973.69 2014 11 12  4 36
 2456976.06 2014 11 14 13 32   2456976.39 2014 11 14 21 21   2456976.72 2014 11 15  5 10
 2456979.09 2014 11 17 14  6   2456979.41 2014 11 17 21 55   2456979.74 2014 11 18  5 44
 2456982.11 2014 11 20 14 40   2456982.44 2014 11 20 22 29   2456982.76 2014 11 21  6 18
 2456985.13 2014 11 23 15 14   2456985.46 2014 11 23 23  3   2456985.79 2014 11 24  6 52
 2456988.16 2014 11 26 15 48   2456988.48 2014 11 26 23 37   2456988.81 2014 11 27  7 26
 2456991.18 2014 11 29 16 22   2456991.51 2014 11 30  0 11   2456991.83 2014 11 30  8  0
 2456994.21 2014 12  2 16 55   2456994.53 2014 12  3  0 45   2456994.86 2014 12  3  8 35
 2456997.23 2014 12  5 17 29   2456997.56 2014 12  6  1 19   2456997.88 2014 12  6  9  9
 2457000.25 2014 12  8 18  3   2457000.58 2014 12  9  1 53   2457000.90 2014 12  9  9 43
 2457003.28 2014 12 11 18 37   2457003.60 2014 12 12  2 27   2457003.93 2014 12 12 10 17
 2457006.30 2014 12 14 19 11   2457006.63 2014 12 15  3  1   2457006.95 2014 12 15 10 51
 2457009.32 2014 12 17 19 45   2457009.65 2014 12 18  3 35   2457009.98 2014 12 18 11 25
 2457012.35 2014 12 20 20 19   2457012.67 2014 12 21  4  9   2457013.00 2014 12 21 11 59
 2457015.37 2014 12 23 20 52   2457015.70 2014 12 24  4 43   2457016.02 2014 12 24 12 33
 2457018.39 2014 12 26 21 26   2457018.72 2014 12 27  5 17   2457019.05 2014 12 27 13  7
 2457021.42 2014 12 29 22  0   2457021.74 2014 12 30  5 50   2457022.07 2014 12 30 13 41
 2457024.44 2015  1  1 22 34   2457024.77 2015  1  2  6 24   2457025.09 2015  1  2 14 15
 2457027.46 2015  1  4 23  8   2457027.79 2015  1  5  6 58   2457028.12 2015  1  5 14 49
 2457030.49 2015  1  7 23 42   2457030.81 2015  1  8  7 32   2457031.14 2015  1  8 15 23
 2457033.51 2015  1 11  0 15   2457033.84 2015  1 11  8  6   2457034.16 2015  1 11 15 57
 2457036.53 2015  1 14  0 49   2457036.86 2015  1 14  8 40   2457037.19 2015  1 14 16 31
 2457039.56 2015  1 17  1 23   2457039.89 2015  1 17  9 14   2457040.21 2015  1 17 17  5
 2457042.58 2015  1 20  1 57   2457042.91 2015  1 20  9 48   2457043.24 2015  1 20 17 39
 2457045.61 2015  1 23  2 31   2457045.93 2015  1 23 10 22   2457046.26 2015  1 23 18 13
 2457048.63 2015  1 26  3  5   2457048.96 2015  1 26 10 56   2457049.28 2015  1 26 18 47
 2457051.65 2015  1 29  3 39   2457051.98 2015  1 29 11 30   2457052.31 2015  1 29 19 21
 2457054.68 2015  2  1  4 12   2457055.00 2015  2  1 12  4   2457055.33 2015  2  1 19 55
 2457057.70 2015  2  4  4 46   2457058.03 2015  2  4 12 38   2457058.35 2015  2  4 20 29
 2457060.72 2015  2  7  5 20   2457061.05 2015  2  7 13 12   2457061.38 2015  2  7 21  3
 2457063.75 2015  2 10  5 54   2457064.07 2015  2 10 13 46   2457064.40 2015  2 10 21 37
 2457066.77 2015  2 13  6 28   2457067.10 2015  2 13 14 20   2457067.42 2015  2 13 22 11
 2457069.79 2015  2 16  7  2   2457070.12 2015  2 16 14 54   2457070.45 2015  2 16 22 45
 2457072.82 2015  2 19  7 36   2457073.14 2015  2 19 15 28   2457073.47 2015  2 19 23 20
 2457075.84 2015  2 22  8  9   2457076.17 2015  2 22 16  1   2457076.50 2015  2 22 23 54
 2457078.86 2015  2 25  8 43   2457079.19 2015  2 25 16 35   2457079.52 2015  2 26  0 28
 2457081.89 2015  2 28  9 17   2457082.22 2015  2 28 17  9   2457082.54 2015  3  1  1  2
 2457084.91 2015  3  3  9 51   2457085.24 2015  3  3 17 43   2457085.57 2015  3  4  1 36
 2457087.93 2015  3  6 10 25   2457088.26 2015  3  6 18 17   2457088.59 2015  3  7  2 10
 2457090.96 2015  3  9 10 59   2457091.29 2015  3  9 18 51   2457091.61 2015  3 10  2 44
 2457093.98 2015  3 12 11 33   2457094.31 2015  3 12 19 25   2457094.64 2015  3 13  3 18
 2457097.00 2015  3 15 12  6   2457097.33 2015  3 15 19 59   2457097.66 2015  3 16  3 52
 2457100.03 2015  3 18 12 40   2457100.36 2015  3 18 20 33   2457100.68 2015  3 19  4 26
 2457103.05 2015  3 21 13 14   2457103.38 2015  3 21 21  7   2457103.71 2015  3 22  5  0
 2457106.08 2015  3 24 13 48   2457106.40 2015  3 24 21 41   2457106.73 2015  3 25  5 34
 2457109.10 2015  3 27 14 22   2457109.43 2015  3 27 22 15   2457109.76 2015  3 28  6  8
 2457112.12 2015  3 30 14 56   2457112.45 2015  3 30 22 49   2457112.78 2015  3 31  6 42
 2457115.15 2015  4  2 15 29   2457115.47 2015  4  2 23 23   2457115.80 2015  4  3  7 16
 2457118.17 2015  4  5 16  3   2457118.50 2015  4  5 23 57   2457118.83 2015  4  6  7 50
 2457121.19 2015  4  8 16 37   2457121.52 2015  4  9  0 31   2457121.85 2015  4  9  8 24
 2457124.22 2015  4 11 17 11   2457124.55 2015  4 12  1  5   2457124.87 2015  4 12  8 58
 2457127.24 2015  4 14 17 45   2457127.57 2015  4 15  1 39   2457127.90 2015  4 15  9 32
 2457130.26 2015  4 17 18 19   2457130.59 2015  4 18  2 12   2457130.92 2015  4 18 10  6
 2457133.29 2015  4 20 18 53   2457133.62 2015  4 21  2 46   2457133.94 2015  4 21 10 40
 2457136.31 2015  4 23 19 26   2457136.64 2015  4 24  3 20   2457136.97 2015  4 24 11 14
 2457139.33 2015  4 26 20  0   2457139.66 2015  4 27  3 54   2457139.99 2015  4 27 11 48
 2457142.36 2015  4 29 20 34   2457142.69 2015  4 30  4 28   2457143.02 2015  4 30 12 22
 2457145.38 2015  5  2 21  8   2457145.71 2015  5  3  5  2   2457146.04 2015  5  3 12 56
 2457148.40 2015  5  5 21 42   2457148.73 2015  5  6  5 36   2457149.06 2015  5  6 13 30
 2457151.43 2015  5  8 22 16   2457151.76 2015  5  9  6 10   2457152.09 2015  5  9 14  5
 2457154.45 2015  5 11 22 50   2457154.78 2015  5 12  6 44   2457155.11 2015  5 12 14 39
 2457157.47 2015  5 14 23 23   2457157.80 2015  5 15  7 18   2457158.13 2015  5 15 15 13
 2457160.50 2015  5 17 23 57   2457160.83 2015  5 18  7 52   2457161.16 2015  5 18 15 47
 2457163.52 2015  5 21  0 31   2457163.85 2015  5 21  8 26   2457164.18 2015  5 21 16 21
 2457166.55 2015  5 24  1  5   2457166.88 2015  5 24  9  0   2457167.21 2015  5 24 16 55
 2457169.57 2015  5 27  1 39   2457169.90 2015  5 27  9 34   2457170.23 2015  5 27 17 29
 2457172.59 2015  5 30  2 13   2457172.92 2015  5 30 10  8   2457173.25 2015  5 30 18  3
 2457175.62 2015  6  2  2 47   2457175.95 2015  6  2 10 42   2457176.28 2015  6  2 18 37
 2457178.64 2015  6  5  3 20   2457178.97 2015  6  5 11 16   2457179.30 2015  6  5 19 11
 2457181.66 2015  6  8  3 54   2457181.99 2015  6  8 11 50   2457182.32 2015  6  8 19 45
 2457184.69 2015  6 11  4 28   2457185.02 2015  6 11 12 24   2457185.35 2015  6 11 20 19
 2457187.71 2015  6 14  5  2   2457188.04 2015  6 14 12 57   2457188.37 2015  6 14 20 53
 2457190.73 2015  6 17  5 36   2457191.06 2015  6 17 13 31   2457191.39 2015  6 17 21 27
 2457193.76 2015  6 20  6 10   2457194.09 2015  6 20 14  5   2457194.42 2015  6 20 22  1
 2457196.78 2015  6 23  6 43   2457197.11 2015  6 23 14 39   2457197.44 2015  6 23 22 35
 2457199.80 2015  6 26  7 17   2457200.13 2015  6 26 15 13   2457200.47 2015  6 26 23  9
 2457202.83 2015  6 29  7 51   2457203.16 2015  6 29 15 47   2457203.49 2015  6 29 23 43
 2457205.85 2015  7  2  8 25   2457206.18 2015  7  2 16 21   2457206.51 2015  7  3  0 17
 2457208.87 2015  7  5  8 59   2457209.21 2015  7  5 16 55   2457209.54 2015  7  6  0 51
 2457211.90 2015  7  8  9 33   2457212.23 2015  7  8 17 29   2457212.56 2015  7  9  1 25
 2457214.92 2015  7 11 10  7   2457215.25 2015  7 11 18  3   2457215.58 2015  7 12  1 59
 2457217.95 2015  7 14 10 40   2457218.28 2015  7 14 18 37   2457218.61 2015  7 15  2 33
 2457220.97 2015  7 17 11 14   2457221.30 2015  7 17 19 11   2457221.63 2015  7 18  3  7
 2457223.99 2015  7 20 11 48   2457224.32 2015  7 20 19 45   2457224.65 2015  7 21  3 41
 2457227.02 2015  7 23 12 22   2457227.35 2015  7 23 20 19   2457227.68 2015  7 24  4 15
 2457230.04 2015  7 26 12 56   2457230.37 2015  7 26 20 53   2457230.70 2015  7 27  4 50
 2457233.06 2015  7 29 13 30   2457233.39 2015  7 29 21 27   2457233.73 2015  7 30  5 24
 2457236.09 2015  8  1 14  4   2457236.42 2015  8  1 22  1   2457236.75 2015  8  2  5 58
 2457239.11 2015  8  4 14 37   2457239.44 2015  8  4 22 35   2457239.77 2015  8  5  6 32
 2457242.13 2015  8  7 15 11   2457242.46 2015  8  7 23  8   2457242.80 2015  8  8  7  6
 2457245.16 2015  8 10 15 45   2457245.49 2015  8 10 23 42   2457245.82 2015  8 11  7 40
 2457248.18 2015  8 13 16 19   2457248.51 2015  8 14  0 16   2457248.84 2015  8 14  8 14
 2457251.20 2015  8 16 16 53   2457251.54 2015  8 17  0 50   2457251.87 2015  8 17  8 48
 2457254.23 2015  8 19 17 27   2457254.56 2015  8 20  1 24   2457254.89 2015  8 20  9 22
 2457257.25 2015  8 22 18  0   2457257.58 2015  8 23  1 58   2457257.91 2015  8 23  9 56
 2457260.27 2015  8 25 18 34   2457260.61 2015  8 26  2 32   2457260.94 2015  8 26 10 30
 2457263.30 2015  8 28 19  8   2457263.63 2015  8 29  3  6   2457263.96 2015  8 29 11  4
 2457266.32 2015  8 31 19 42   2457266.65 2015  9  1  3 40   2457266.99 2015  9  1 11 38
 2457269.34 2015  9  3 20 16   2457269.68 2015  9  4  4 14   2457270.01 2015  9  4 12 12
 2457272.37 2015  9  6 20 50   2457272.70 2015  9  7  4 48   2457273.03 2015  9  7 12 46
 2457275.39 2015  9  9 21 24   2457275.72 2015  9 10  5 22   2457276.06 2015  9 10 13 20
 2457278.42 2015  9 12 21 57   2457278.75 2015  9 13  5 56   2457279.08 2015  9 13 13 54
 2457281.44 2015  9 15 22 31   2457281.77 2015  9 16  6 30   2457282.10 2015  9 16 14 28
 2457284.46 2015  9 18 23  5   2457284.79 2015  9 19  7  4   2457285.13 2015  9 19 15  2
 2457287.49 2015  9 21 23 39   2457287.82 2015  9 22  7 38   2457288.15 2015  9 22 15 36
 2457290.51 2015  9 25  0 13   2457290.84 2015  9 25  8 12   2457291.17 2015  9 25 16 10
 2457293.53 2015  9 28  0 47   2457293.87 2015  9 28  8 46   2457294.20 2015  9 28 16 44
 2457296.56 2015 10  1  1 21   2457296.89 2015 10  1  9 19   2457297.22 2015 10  1 17 18
 2457299.58 2015 10  4  1 54   2457299.91 2015 10  4  9 53   2457300.25 2015 10  4 17 52
 2457302.60 2015 10  7  2 28   2457302.94 2015 10  7 10 27   2457303.27 2015 10  7 18 26
 2457305.63 2015 10 10  3  2   2457305.96 2015 10 10 11  1   2457306.29 2015 10 10 19  0
 2457308.65 2015 10 13  3 36   2457308.98 2015 10 13 11 35   2457309.32 2015 10 13 19 35
 2457311.67 2015 10 16  4 10   2457312.01 2015 10 16 12  9   2457312.34 2015 10 16 20  9
 2457314.70 2015 10 19  4 44   2457315.03 2015 10 19 12 43   2457315.36 2015 10 19 20 43
 2457317.72 2015 10 22  5 18   2457318.05 2015 10 22 13 17   2457318.39 2015 10 22 21 17
 2457320.74 2015 10 25  5 51   2457321.08 2015 10 25 13 51   2457321.41 2015 10 25 21 51
 2457323.77 2015 10 28  6 25   2457324.10 2015 10 28 14 25   2457324.43 2015 10 28 22 25
 2457326.79 2015 10 31  6 59   2457327.12 2015 10 31 14 59   2457327.46 2015 10 31 22 59
 2457329.81 2015 11  3  7 33   2457330.15 2015 11  3 15 33   2457330.48 2015 11  3 23 33
 2457332.84 2015 11  6  8  7   2457333.17 2015 11  6 16  7   2457333.51 2015 11  7  0  7
 2457335.86 2015 11  9  8 41   2457336.20 2015 11  9 16 41   2457336.53 2015 11 10  0 41
 2457338.89 2015 11 12  9 14   2457339.22 2015 11 12 17 15   2457339.55 2015 11 13  1 15
 2457341.91 2015 11 15  9 48   2457342.24 2015 11 15 17 49   2457342.58 2015 11 16  1 49
 2457344.93 2015 11 18 10 22   2457345.27 2015 11 18 18 23   2457345.60 2015 11 19  2 23
 2457347.96 2015 11 21 10 56   2457348.29 2015 11 21 18 57   2457348.62 2015 11 22  2 57
 2457350.98 2015 11 24 11 30   2457351.31 2015 11 24 19 30   2457351.65 2015 11 25  3 31
 2457354.00 2015 11 27 12  4   2457354.34 2015 11 27 20  4   2457354.67 2015 11 28  4  5
 2457357.03 2015 11 30 12 38   2457357.36 2015 11 30 20 38   2457357.69 2015 12  1  4 39
 2457360.05 2015 12  3 13 11   2457360.38 2015 12  3 21 12   2457360.72 2015 12  4  5 13
 2457363.07 2015 12  6 13 45   2457363.41 2015 12  6 21 46   2457363.74 2015 12  7  5 47
 2457366.10 2015 12  9 14 19   2457366.43 2015 12  9 22 20   2457366.77 2015 12 10  6 21
 2457369.12 2015 12 12 14 53   2457369.45 2015 12 12 22 54   2457369.79 2015 12 13  6 55
 2457372.14 2015 12 15 15 27   2457372.48 2015 12 15 23 28   2457372.81 2015 12 16  7 29
 2457375.17 2015 12 18 16  1   2457375.50 2015 12 19  0  2   2457375.84 2015 12 19  8  3
 2457378.19 2015 12 21 16 35   2457378.53 2015 12 22  0 36   2457378.86 2015 12 22  8 37
 2457381.21 2015 12 24 17  8   2457381.55 2015 12 25  1 10   2457381.88 2015 12 25  9 11
 2457384.24 2015 12 27 17 42   2457384.57 2015 12 28  1 44   2457384.91 2015 12 28  9 46
 2457387.26 2015 12 30 18 16   2457387.60 2015 12 31  2 18   2457387.93 2015 12 31 10 20
 2457390.29 2016  1  2 18 50   2457390.62 2016  1  3  2 52   2457390.95 2016  1  3 10 54
 2457393.31 2016  1  5 19 24   2457393.64 2016  1  6  3 26   2457393.98 2016  1  6 11 28
 2457396.33 2016  1  8 19 58   2457396.67 2016  1  9  4  0   2457397.00 2016  1  9 12  2
 2457399.36 2016  1 11 20 32   2457399.69 2016  1 12  4 34   2457400.03 2016  1 12 12 36
 2457402.38 2016  1 14 21  5   2457402.71 2016  1 15  5  8   2457403.05 2016  1 15 13 10
 2457405.40 2016  1 17 21 39   2457405.74 2016  1 18  5 41   2457406.07 2016  1 18 13 44
 2457408.43 2016  1 20 22 13   2457408.76 2016  1 21  6 15   2457409.10 2016  1 21 14 18
 2457411.45 2016  1 23 22 47   2457411.78 2016  1 24  6 49   2457412.12 2016  1 24 14 52
 2457414.47 2016  1 26 23 21   2457414.81 2016  1 27  7 23   2457415.14 2016  1 27 15 26
 2457417.50 2016  1 29 23 55   2457417.83 2016  1 30  7 57   2457418.17 2016  1 30 16  0
 2457420.52 2016  2  2  0 28   2457420.86 2016  2  2  8 31   2457421.19 2016  2  2 16 34
 2457423.54 2016  2  5  1  2   2457423.88 2016  2  5  9  5   2457424.21 2016  2  5 17  8
 2457426.57 2016  2  8  1 36   2457426.90 2016  2  8  9 39   2457427.24 2016  2  8 17 42
 2457429.59 2016  2 11  2 10   2457429.93 2016  2 11 10 13   2457430.26 2016  2 11 18 16
 2457432.61 2016  2 14  2 44   2457432.95 2016  2 14 10 47   2457433.29 2016  2 14 18 50
 2457435.64 2016  2 17  3 18   2457435.97 2016  2 17 11 21   2457436.31 2016  2 17 19 24
 2457438.66 2016  2 20  3 52   2457439.00 2016  2 20 11 55   2457439.33 2016  2 20 19 58
 2457441.68 2016  2 23  4 25   2457442.02 2016  2 23 12 29   2457442.36 2016  2 23 20 32
 2457444.71 2016  2 26  4 59   2457445.04 2016  2 26 13  3   2457445.38 2016  2 26 21  6
 2457447.73 2016  2 29  5 33   2457448.07 2016  2 29 13 37   2457448.40 2016  2 29 21 40
 2457450.76 2016  3  3  6  7   2457451.09 2016  3  3 14 11   2457451.43 2016  3  3 22 14
 2457453.78 2016  3  6  6 41   2457454.11 2016  3  6 14 45   2457454.45 2016  3  6 22 48
 2457456.80 2016  3  9  7 15   2457457.14 2016  3  9 15 19   2457457.47 2016  3  9 23 22
 2457459.83 2016  3 12  7 49   2457460.16 2016  3 12 15 53   2457460.50 2016  3 12 23 56
 2457462.85 2016  3 15  8 22   2457463.19 2016  3 15 16 26   2457463.52 2016  3 16  0 31
 2457465.87 2016  3 18  8 56   2457466.21 2016  3 18 17  0   2457466.55 2016  3 19  1  5
 2457468.90 2016  3 21  9 30   2457469.23 2016  3 21 17 34   2457469.57 2016  3 22  1 39
 2457471.92 2016  3 24 10  4   2457472.26 2016  3 24 18  8   2457472.59 2016  3 25  2 13
 2457474.94 2016  3 27 10 38   2457475.28 2016  3 27 18 42   2457475.62 2016  3 28  2 47
 2457477.97 2016  3 30 11 12   2457478.30 2016  3 30 19 16   2457478.64 2016  3 31  3 21
 2457480.99 2016  4  2 11 46   2457481.33 2016  4  2 19 50   2457481.66 2016  4  3  3 55
 2457484.01 2016  4  5 12 19   2457484.35 2016  4  5 20 24   2457484.69 2016  4  6  4 29
 2457487.04 2016  4  8 12 53   2457487.37 2016  4  8 20 58   2457487.71 2016  4  9  5  3
 2457490.06 2016  4 11 13 27   2457490.40 2016  4 11 21 32   2457490.73 2016  4 12  5 37
 2457493.08 2016  4 14 14  1   2457493.42 2016  4 14 22  6   2457493.76 2016  4 15  6 11
 2457496.11 2016  4 17 14 35   2457496.44 2016  4 17 22 40   2457496.78 2016  4 18  6 45
 2457499.13 2016  4 20 15  9   2457499.47 2016  4 20 23 14   2457499.81 2016  4 21  7 19
 2457502.15 2016  4 23 15 42   2457502.49 2016  4 23 23 48   2457502.83 2016  4 24  7 53
 2457505.18 2016  4 26 16 16   2457505.52 2016  4 27  0 22   2457505.85 2016  4 27  8 27
 2457508.20 2016  4 29 16 50   2457508.54 2016  4 30  0 56   2457508.88 2016  4 30  9  1
 2457511.23 2016  5  2 17 24   2457511.56 2016  5  3  1 30   2457511.90 2016  5  3  9 35
 2457514.25 2016  5  5 17 58   2457514.59 2016  5  6  2  4   2457514.92 2016  5  6 10  9
 2457517.27 2016  5  8 18 32   2457517.61 2016  5  9  2 37   2457517.95 2016  5  9 10 43
 2457520.30 2016  5 11 19  6   2457520.63 2016  5 12  3 11   2457520.97 2016  5 12 11 17
 2457523.32 2016  5 14 19 39   2457523.66 2016  5 15  3 45   2457523.99 2016  5 15 11 51
 2457526.34 2016  5 17 20 13   2457526.68 2016  5 18  4 19   2457527.02 2016  5 18 12 25
 2457529.37 2016  5 20 20 47   2457529.70 2016  5 21  4 53   2457530.04 2016  5 21 12 59
 2457532.39 2016  5 23 21 21   2457532.73 2016  5 24  5 27   2457533.07 2016  5 24 13 33
 2457535.41 2016  5 26 21 55   2457535.75 2016  5 27  6  1   2457536.09 2016  5 27 14  7
 2457538.44 2016  5 29 22 29   2457538.77 2016  5 30  6 35   2457539.11 2016  5 30 14 41
 2457541.46 2016  6  1 23  3   2457541.80 2016  6  2  7  9   2457542.14 2016  6  2 15 16
 2457544.48 2016  6  4 23 36   2457544.82 2016  6  5  7 43   2457545.16 2016  6  5 15 50
 2457547.51 2016  6  8  0 10   2457547.85 2016  6  8  8 17   2457548.18 2016  6  8 16 24
 2457550.53 2016  6 11  0 44   2457550.87 2016  6 11  8 51   2457551.21 2016  6 11 16 58
 2457553.55 2016  6 14  1 18   2457553.89 2016  6 14  9 25   2457554.23 2016  6 14 17 32
 2457556.58 2016  6 17  1 52   2457556.92 2016  6 17  9 59   2457557.25 2016  6 17 18  6
 2457559.60 2016  6 20  2 26   2457559.94 2016  6 20 10 33   2457560.28 2016  6 20 18 40
 2457562.62 2016  6 23  2 59   2457562.96 2016  6 23 11  7   2457563.30 2016  6 23 19 14
 2457565.65 2016  6 26  3 33   2457565.99 2016  6 26 11 41   2457566.33 2016  6 26 19 48
 2457568.67 2016  6 29  4  7   2457569.01 2016  6 29 12 15   2457569.35 2016  6 29 20 22
 2457571.70 2016  7  2  4 41   2457572.03 2016  7  2 12 48   2457572.37 2016  7  2 20 56
 2457574.72 2016  7  5  5 15   2457575.06 2016  7  5 13 22   2457575.40 2016  7  5 21 30
 2457577.74 2016  7  8  5 49   2457578.08 2016  7  8 13 56   2457578.42 2016  7  8 22  4
 2457580.77 2016  7 11  6 23   2457581.10 2016  7 11 14 30   2457581.44 2016  7 11 22 38
 2457583.79 2016  7 14  6 56   2457584.13 2016  7 14 15  4   2457584.47 2016  7 14 23 12
 2457586.81 2016  7 17  7 30   2457587.15 2016  7 17 15 38   2457587.49 2016  7 17 23 46
 2457589.84 2016  7 20  8  4   2457590.18 2016  7 20 16 12   2457590.51 2016  7 21  0 20
 2457592.86 2016  7 23  8 38   2457593.20 2016  7 23 16 46   2457593.54 2016  7 24  0 54
 2457595.88 2016  7 26  9 12   2457596.22 2016  7 26 17 20   2457596.56 2016  7 27  1 28
 2457598.91 2016  7 29  9 46   2457599.25 2016  7 29 17 54   2457599.59 2016  7 30  2  2
 2457601.93 2016  8  1 10 20   2457602.27 2016  8  1 18 28   2457602.61 2016  8  2  2 36
 2457604.95 2016  8  4 10 53   2457605.29 2016  8  4 19  2   2457605.63 2016  8  5  3 10
 2457607.98 2016  8  7 11 27   2457608.32 2016  8  7 19 36   2457608.66 2016  8  8  3 44
