 Predicted Transit Epochs: HD47186__ b

 Predicted Duration of a Central Transit:   155. Minutes

 Begin Transit Window           PREDICTED CENTRAL TRANSIT     End Transit Window
                                     All Times UT

                               HJD        Year M  D  H  M
 2454926.28 2009  4  4 18 45   2454926.71 2009  4  5  5  6   2454927.14 2009  4  5 15 27
 2454930.37 2009  4  8 20 46   2454930.80 2009  4  9  7  8   2454931.23 2009  4  9 17 29
 2454934.45 2009  4 12 22 48   2454934.88 2009  4 13  9  9   2454935.31 2009  4 13 19 31
 2454938.53 2009  4 17  0 49   2454938.97 2009  4 17 11 11   2454939.40 2009  4 17 21 33
 2454942.62 2009  4 21  2 50   2454943.05 2009  4 21 13 13   2454943.48 2009  4 21 23 35
 2454946.70 2009  4 25  4 52   2454947.14 2009  4 25 15 14   2454947.57 2009  4 26  1 37
 2454950.79 2009  4 29  6 53   2454951.22 2009  4 29 17 16   2454951.65 2009  4 30  3 39
 2454954.87 2009  5  3  8 54   2454955.30 2009  5  3 19 18   2454955.74 2009  5  4  5 41
 2454958.96 2009  5  7 10 56   2454959.39 2009  5  7 21 19   2454959.82 2009  5  8  7 43
 2454963.04 2009  5 11 12 57   2454963.47 2009  5 11 23 21   2454963.91 2009  5 12  9 45
 2454967.12 2009  5 15 14 59   2454967.56 2009  5 16  1 23   2454967.99 2009  5 16 11 47
 2454971.21 2009  5 19 17  0   2454971.64 2009  5 20  3 25   2454972.08 2009  5 20 13 49
 2454975.29 2009  5 23 19  1   2454975.73 2009  5 24  5 26   2454976.16 2009  5 24 15 51
 2454979.38 2009  5 27 21  3   2454979.81 2009  5 28  7 28   2454980.25 2009  5 28 17 53
 2454983.46 2009  5 31 23  4   2454983.90 2009  6  1  9 30   2454984.33 2009  6  1 19 55
 2454987.55 2009  6  5  1  6   2454987.98 2009  6  5 11 31   2454988.41 2009  6  5 21 57
 2454991.63 2009  6  9  3  7   2454992.06 2009  6  9 13 33   2454992.50 2009  6  9 23 59
 2454995.71 2009  6 13  5  8   2454996.15 2009  6 13 15 35   2454996.58 2009  6 14  2  1
 2454999.80 2009  6 17  7 10   2455000.23 2009  6 17 17 36   2455000.67 2009  6 18  4  3
 2455003.88 2009  6 21  9 11   2455004.32 2009  6 21 19 38   2455004.75 2009  6 22  6  5
 2455007.97 2009  6 25 11 13   2455008.40 2009  6 25 21 40   2455008.84 2009  6 26  8  7
 2455012.05 2009  6 29 13 14   2455012.49 2009  6 29 23 41   2455012.92 2009  6 30 10  9
 2455016.14 2009  7  3 15 15   2455016.57 2009  7  4  1 43   2455017.01 2009  7  4 12 11
 2455020.22 2009  7  7 17 17   2455020.66 2009  7  8  3 45   2455021.09 2009  7  8 14 13
 2455024.30 2009  7 11 19 18   2455024.74 2009  7 12  5 46   2455025.18 2009  7 12 16 15
 2455028.39 2009  7 15 21 20   2455028.83 2009  7 16  7 48   2455029.26 2009  7 16 18 17
 2455032.47 2009  7 19 23 21   2455032.91 2009  7 20  9 50   2455033.35 2009  7 20 20 19
 2455036.56 2009  7 24  1 22   2455036.99 2009  7 24 11 51   2455037.43 2009  7 24 22 21
 2455040.64 2009  7 28  3 24   2455041.08 2009  7 28 13 53   2455041.52 2009  7 29  0 22
 2455044.73 2009  8  1  5 25   2455045.16 2009  8  1 15 55   2455045.60 2009  8  2  2 24
 2455048.81 2009  8  5  7 27   2455049.25 2009  8  5 17 56   2455049.69 2009  8  6  4 26
 2455052.89 2009  8  9  9 28   2455053.33 2009  8  9 19 58   2455053.77 2009  8 10  6 28
 2455056.98 2009  8 13 11 29   2455057.42 2009  8 13 22  0   2455057.85 2009  8 14  8 30
 2455061.06 2009  8 17 13 31   2455061.50 2009  8 18  0  1   2455061.94 2009  8 18 10 32
 2455065.15 2009  8 21 15 32   2455065.59 2009  8 22  2  3   2455066.02 2009  8 22 12 34
 2455069.23 2009  8 25 17 33   2455069.67 2009  8 26  4  5   2455070.11 2009  8 26 14 36
 2455073.32 2009  8 29 19 35   2455073.75 2009  8 30  6  7   2455074.19 2009  8 30 16 38
 2455077.40 2009  9  2 21 36   2455077.84 2009  9  3  8  8   2455078.28 2009  9  3 18 40
 2455081.48 2009  9  6 23 38   2455081.92 2009  9  7 10 10   2455082.36 2009  9  7 20 42
 2455085.57 2009  9 11  1 39   2455086.01 2009  9 11 12 12   2455086.45 2009  9 11 22 44
 2455089.65 2009  9 15  3 40   2455090.09 2009  9 15 14 13   2455090.53 2009  9 16  0 46
 2455093.74 2009  9 19  5 42   2455094.18 2009  9 19 16 15   2455094.62 2009  9 20  2 48
 2455097.82 2009  9 23  7 43   2455098.26 2009  9 23 18 17   2455098.70 2009  9 24  4 50
 2455101.91 2009  9 27  9 45   2455102.35 2009  9 27 20 18   2455102.79 2009  9 28  6 52
 2455105.99 2009 10  1 11 46   2455106.43 2009 10  1 22 20   2455106.87 2009 10  2  8 54
 2455110.07 2009 10  5 13 47   2455110.52 2009 10  6  0 22   2455110.96 2009 10  6 10 56
 2455114.16 2009 10  9 15 49   2455114.60 2009 10 10  2 23   2455115.04 2009 10 10 12 58
 2455118.24 2009 10 13 17 50   2455118.68 2009 10 14  4 25   2455119.13 2009 10 14 15  0
 2455122.33 2009 10 17 19 52   2455122.77 2009 10 18  6 27   2455123.21 2009 10 18 17  2
 2455126.41 2009 10 21 21 53   2455126.85 2009 10 22  8 28   2455127.29 2009 10 22 19  4
 2455130.50 2009 10 25 23 54   2455130.94 2009 10 26 10 30   2455131.38 2009 10 26 21  6
 2455134.58 2009 10 30  1 56   2455135.02 2009 10 30 12 32   2455135.46 2009 10 30 23  8
 2455138.67 2009 11  3  3 57   2455139.11 2009 11  3 14 33   2455139.55 2009 11  4  1 10
 2455142.75 2009 11  7  5 59   2455143.19 2009 11  7 16 35   2455143.63 2009 11  8  3 12
 2455146.83 2009 11 11  8  0   2455147.28 2009 11 11 18 37   2455147.72 2009 11 12  5 14
 2455150.92 2009 11 15 10  1   2455151.36 2009 11 15 20 38   2455151.80 2009 11 16  7 16
 2455155.00 2009 11 19 12  3   2455155.44 2009 11 19 22 40   2455155.89 2009 11 20  9 18
 2455159.09 2009 11 23 14  4   2455159.53 2009 11 24  0 42   2455159.97 2009 11 24 11 20
 2455163.17 2009 11 27 16  5   2455163.61 2009 11 28  2 43   2455164.06 2009 11 28 13 22
 2455167.26 2009 12  1 18  7   2455167.70 2009 12  2  4 45   2455168.14 2009 12  2 15 23
 2455171.34 2009 12  5 20  8   2455171.78 2009 12  6  6 47   2455172.23 2009 12  6 17 25
 2455175.42 2009 12  9 22 10   2455175.87 2009 12 10  8 49   2455176.31 2009 12 10 19 27
 2455179.51 2009 12 14  0 11   2455179.95 2009 12 14 10 50   2455180.40 2009 12 14 21 29
 2455183.59 2009 12 18  2 12   2455184.04 2009 12 18 12 52   2455184.48 2009 12 18 23 31
 2455187.68 2009 12 22  4 14   2455188.12 2009 12 22 14 54   2455188.57 2009 12 23  1 33
 2455191.76 2009 12 26  6 15   2455192.21 2009 12 26 16 55   2455192.65 2009 12 27  3 35
 2455195.85 2009 12 30  8 17   2455196.29 2009 12 30 18 57   2455196.73 2009 12 31  5 37
 2455199.93 2010  1  3 10 18   2455200.37 2010  1  3 20 59   2455200.82 2010  1  4  7 39
 2455204.01 2010  1  7 12 19   2455204.46 2010  1  7 23  0   2455204.90 2010  1  8  9 41
 2455208.10 2010  1 11 14 21   2455208.54 2010  1 12  1  2   2455208.99 2010  1 12 11 43
 2455212.18 2010  1 15 16 22   2455212.63 2010  1 16  3  4   2455213.07 2010  1 16 13 45
 2455216.27 2010  1 19 18 24   2455216.71 2010  1 20  5  5   2455217.16 2010  1 20 15 47
 2455220.35 2010  1 23 20 25   2455220.80 2010  1 24  7  7   2455221.24 2010  1 24 17 49
 2455224.44 2010  1 27 22 26   2455224.88 2010  1 28  9  9   2455225.33 2010  1 28 19 51
 2455228.52 2010  2  1  0 28   2455228.97 2010  2  1 11 10   2455229.41 2010  2  1 21 53
 2455232.60 2010  2  5  2 29   2455233.05 2010  2  5 13 12   2455233.50 2010  2  5 23 55
 2455236.69 2010  2  9  4 31   2455237.13 2010  2  9 15 14   2455237.58 2010  2 10  1 57
 2455240.77 2010  2 13  6 32   2455241.22 2010  2 13 17 15   2455241.67 2010  2 14  3 59
 2455244.86 2010  2 17  8 33   2455245.30 2010  2 17 19 17   2455245.75 2010  2 18  6  1
 2455248.94 2010  2 21 10 35   2455249.39 2010  2 21 21 19   2455249.84 2010  2 22  8  3
 2455253.03 2010  2 25 12 36   2455253.47 2010  2 25 23 20   2455253.92 2010  2 26 10  5
 2455257.11 2010  3  1 14 37   2455257.56 2010  3  2  1 22   2455258.01 2010  3  2 12  7
 2455261.19 2010  3  5 16 39   2455261.64 2010  3  6  3 24   2455262.09 2010  3  6 14  9
 2455265.28 2010  3  9 18 40   2455265.73 2010  3 10  5 25   2455266.17 2010  3 10 16 11
 2455269.36 2010  3 13 20 42   2455269.81 2010  3 14  7 27   2455270.26 2010  3 14 18 13
 2455273.45 2010  3 17 22 43   2455273.90 2010  3 18  9 29   2455274.34 2010  3 18 20 15
 2455277.53 2010  3 22  0 44   2455277.98 2010  3 22 11 31   2455278.43 2010  3 22 22 17
 2455281.62 2010  3 26  2 46   2455282.06 2010  3 26 13 32   2455282.51 2010  3 27  0 19
 2455285.70 2010  3 30  4 47   2455286.15 2010  3 30 15 34   2455286.60 2010  3 31  2 21
 2455289.78 2010  4  3  6 49   2455290.23 2010  4  3 17 36   2455290.68 2010  4  4  4 23
 2455293.87 2010  4  7  8 50   2455294.32 2010  4  7 19 37   2455294.77 2010  4  8  6 24
 2455297.95 2010  4 11 10 51   2455298.40 2010  4 11 21 39   2455298.85 2010  4 12  8 26
 2455302.04 2010  4 15 12 53   2455302.49 2010  4 15 23 41   2455302.94 2010  4 16 10 28
 2455306.12 2010  4 19 14 54   2455306.57 2010  4 20  1 42   2455307.02 2010  4 20 12 30
 2455310.21 2010  4 23 16 56   2455310.66 2010  4 24  3 44   2455311.11 2010  4 24 14 32
 2455314.29 2010  4 27 18 57   2455314.74 2010  4 28  5 46   2455315.19 2010  4 28 16 34
 2455318.37 2010  5  1 20 58   2455318.82 2010  5  2  7 47   2455319.28 2010  5  2 18 36
 2455322.46 2010  5  5 23  0   2455322.91 2010  5  6  9 49   2455323.36 2010  5  6 20 38
 2455326.54 2010  5 10  1  1   2455326.99 2010  5 10 11 51   2455327.44 2010  5 10 22 40
 2455330.63 2010  5 14  3  3   2455331.08 2010  5 14 13 52   2455331.53 2010  5 15  0 42
 2455334.71 2010  5 18  5  4   2455335.16 2010  5 18 15 54   2455335.61 2010  5 19  2 44
 2455338.80 2010  5 22  7  5   2455339.25 2010  5 22 17 56   2455339.70 2010  5 23  4 46
 2455342.88 2010  5 26  9  7   2455343.33 2010  5 26 19 57   2455343.78 2010  5 27  6 48
 2455346.96 2010  5 30 11  8   2455347.42 2010  5 30 21 59   2455347.87 2010  5 31  8 50
 2455351.05 2010  6  3 13 10   2455351.50 2010  6  4  0  1   2455351.95 2010  6  4 10 52
 2455355.13 2010  6  7 15 11   2455355.59 2010  6  8  2  2   2455356.04 2010  6  8 12 54
 2455359.22 2010  6 11 17 12   2455359.67 2010  6 12  4  4   2455360.12 2010  6 12 14 56
 2455363.30 2010  6 15 19 14   2455363.75 2010  6 16  6  6   2455364.21 2010  6 16 16 58
 2455367.39 2010  6 19 21 15   2455367.84 2010  6 20  8  7   2455368.29 2010  6 20 19  0
 2455371.47 2010  6 23 23 16   2455371.92 2010  6 24 10  9   2455372.38 2010  6 24 21  2
 2455375.55 2010  6 28  1 18   2455376.01 2010  6 28 12 11   2455376.46 2010  6 28 23  4
 2455379.64 2010  7  2  3 19   2455380.09 2010  7  2 14 13   2455380.55 2010  7  3  1  6
 2455383.72 2010  7  6  5 21   2455384.18 2010  7  6 16 14   2455384.63 2010  7  7  3  8
 2455387.81 2010  7 10  7 22   2455388.26 2010  7 10 18 16   2455388.72 2010  7 11  5 10
 2455391.89 2010  7 14  9 23   2455392.35 2010  7 14 20 18   2455392.80 2010  7 15  7 12
 2455395.98 2010  7 18 11 25   2455396.43 2010  7 18 22 19   2455396.88 2010  7 19  9 14
 2455400.06 2010  7 22 13 26   2455400.51 2010  7 23  0 21   2455400.97 2010  7 23 11 16
 2455404.14 2010  7 26 15 28   2455404.60 2010  7 27  2 23   2455405.05 2010  7 27 13 18
 2455408.23 2010  7 30 17 29   2455408.68 2010  7 31  4 24   2455409.14 2010  7 31 15 20
 2455412.31 2010  8  3 19 30   2455412.77 2010  8  4  6 26   2455413.22 2010  8  4 17 22
 2455416.40 2010  8  7 21 32   2455416.85 2010  8  8  8 28   2455417.31 2010  8  8 19 24
 2455420.48 2010  8 11 23 33   2455420.94 2010  8 12 10 29   2455421.39 2010  8 12 21 25
 2455424.57 2010  8 16  1 35   2455425.02 2010  8 16 12 31   2455425.48 2010  8 16 23 27
 2455428.65 2010  8 20  3 36   2455429.11 2010  8 20 14 33   2455429.56 2010  8 21  1 29
 2455432.73 2010  8 24  5 37   2455433.19 2010  8 24 16 34   2455433.65 2010  8 25  3 31
 2455436.82 2010  8 28  7 39   2455437.28 2010  8 28 18 36   2455437.73 2010  8 29  5 33
 2455440.90 2010  9  1  9 40   2455441.36 2010  9  1 20 38   2455441.82 2010  9  2  7 35
 2455444.99 2010  9  5 11 42   2455445.44 2010  9  5 22 39   2455445.90 2010  9  6  9 37
 2455449.07 2010  9  9 13 43   2455449.53 2010  9 10  0 41   2455449.99 2010  9 10 11 39
 2455453.16 2010  9 13 15 44   2455453.61 2010  9 14  2 43   2455454.07 2010  9 14 13 41
 2455457.24 2010  9 17 17 46   2455457.70 2010  9 18  4 44   2455458.16 2010  9 18 15 43
 2455461.32 2010  9 21 19 47   2455461.78 2010  9 22  6 46   2455462.24 2010  9 22 17 45
 2455465.41 2010  9 25 21 48   2455465.87 2010  9 26  8 48   2455466.32 2010  9 26 19 47
 2455469.49 2010  9 29 23 50   2455469.95 2010  9 30 10 49   2455470.41 2010  9 30 21 49
 2455473.58 2010 10  4  1 51   2455474.04 2010 10  4 12 51   2455474.49 2010 10  4 23 51
 2455477.66 2010 10  8  3 53   2455478.12 2010 10  8 14 53   2455478.58 2010 10  9  1 53
 2455481.75 2010 10 12  5 54   2455482.20 2010 10 12 16 55   2455482.66 2010 10 13  3 55
 2455485.83 2010 10 16  7 55   2455486.29 2010 10 16 18 56   2455486.75 2010 10 17  5 57
 2455489.91 2010 10 20  9 57   2455490.37 2010 10 20 20 58   2455490.83 2010 10 21  7 59
 2455494.00 2010 10 24 11 58   2455494.46 2010 10 24 23  0   2455494.92 2010 10 25 10  1
 2455498.08 2010 10 28 14  0   2455498.54 2010 10 29  1  1   2455499.00 2010 10 29 12  3
 2455502.17 2010 11  1 16  1   2455502.63 2010 11  2  3  3   2455503.09 2010 11  2 14  5
 2455506.25 2010 11  5 18  2   2455506.71 2010 11  6  5  5   2455507.17 2010 11  6 16  7
 2455510.34 2010 11  9 20  4   2455510.80 2010 11 10  7  6   2455511.26 2010 11 10 18  9
 2455514.42 2010 11 13 22  5   2455514.88 2010 11 14  9  8   2455515.34 2010 11 14 20 11
 2455518.50 2010 11 18  0  7   2455518.97 2010 11 18 11 10   2455519.43 2010 11 18 22 13
 2455522.59 2010 11 22  2  8   2455523.05 2010 11 22 13 11   2455523.51 2010 11 23  0 15
 2455526.67 2010 11 26  4  9   2455527.13 2010 11 26 15 13   2455527.60 2010 11 27  2 17
 2455530.76 2010 11 30  6 11   2455531.22 2010 11 30 17 15   2455531.68 2010 12  1  4 19
 2455534.84 2010 12  4  8 12   2455535.30 2010 12  4 19 16   2455535.76 2010 12  5  6 21
 2455538.93 2010 12  8 10 14   2455539.39 2010 12  8 21 18   2455539.85 2010 12  9  8 23
 2455543.01 2010 12 12 12 15   2455543.47 2010 12 12 23 20   2455543.93 2010 12 13 10 25
 2455547.10 2010 12 16 14 16   2455547.56 2010 12 17  1 21   2455548.02 2010 12 17 12 27
 2455551.18 2010 12 20 16 18   2455551.64 2010 12 21  3 23   2455552.10 2010 12 21 14 28
 2455555.26 2010 12 24 18 19   2455555.73 2010 12 25  5 25   2455556.19 2010 12 25 16 30
 2455559.35 2010 12 28 20 21   2455559.81 2010 12 29  7 26   2455560.27 2010 12 29 18 32
 2455563.43 2011  1  1 22 22   2455563.89 2011  1  2  9 28   2455564.36 2011  1  2 20 34
 2455567.52 2011  1  6  0 23   2455567.98 2011  1  6 11 30   2455568.44 2011  1  6 22 36
 2455571.60 2011  1 10  2 25   2455572.06 2011  1 10 13 31   2455572.53 2011  1 11  0 38
 2455575.69 2011  1 14  4 26   2455576.15 2011  1 14 15 33   2455576.61 2011  1 15  2 40
 2455579.77 2011  1 18  6 27   2455580.23 2011  1 18 17 35   2455580.70 2011  1 19  4 42
 2455583.85 2011  1 22  8 29   2455584.32 2011  1 22 19 37   2455584.78 2011  1 23  6 44
 2455587.94 2011  1 26 10 30   2455588.40 2011  1 26 21 38   2455588.87 2011  1 27  8 46
 2455592.02 2011  1 30 12 32   2455592.49 2011  1 30 23 40   2455592.95 2011  1 31 10 48
 2455596.11 2011  2  3 14 33   2455596.57 2011  2  4  1 42   2455597.04 2011  2  4 12 50
 2455600.19 2011  2  7 16 34   2455600.66 2011  2  8  3 43   2455601.12 2011  2  8 14 52
 2455604.28 2011  2 11 18 36   2455604.74 2011  2 12  5 45   2455605.20 2011  2 12 16 54
 2455608.36 2011  2 15 20 37   2455608.82 2011  2 16  7 47   2455609.29 2011  2 16 18 56
 2455612.44 2011  2 19 22 39   2455612.91 2011  2 20  9 48   2455613.37 2011  2 20 20 58
 2455616.53 2011  2 24  0 40   2455616.99 2011  2 24 11 50   2455617.46 2011  2 24 23  0
 2455620.61 2011  2 28  2 41   2455621.08 2011  2 28 13 52   2455621.54 2011  3  1  1  2
 2455624.70 2011  3  4  4 43   2455625.16 2011  3  4 15 53   2455625.63 2011  3  5  3  4
 2455628.78 2011  3  8  6 44   2455629.25 2011  3  8 17 55   2455629.71 2011  3  9  5  6
 2455632.87 2011  3 12  8 46   2455633.33 2011  3 12 19 57   2455633.80 2011  3 13  7  8
 2455636.95 2011  3 16 10 47   2455637.42 2011  3 16 21 58   2455637.88 2011  3 17  9 10
 2455641.03 2011  3 20 12 48   2455641.50 2011  3 21  0  0   2455641.97 2011  3 21 11 12
 2455645.12 2011  3 24 14 50   2455645.58 2011  3 25  2  2   2455646.05 2011  3 25 13 14
 2455649.20 2011  3 28 16 51   2455649.67 2011  3 29  4  3   2455650.14 2011  3 29 15 16
 2455653.29 2011  4  1 18 53   2455653.75 2011  4  2  6  5   2455654.22 2011  4  2 17 18
 2455657.37 2011  4  5 20 54   2455657.84 2011  4  6  8  7   2455658.31 2011  4  6 19 20
 2455661.46 2011  4  9 22 55   2455661.92 2011  4 10 10  8   2455662.39 2011  4 10 21 22
 2455665.54 2011  4 14  0 57   2455666.01 2011  4 14 12 10   2455666.48 2011  4 14 23 24
 2455669.62 2011  4 18  2 58   2455670.09 2011  4 18 14 12   2455670.56 2011  4 19  1 26
 2455673.71 2011  4 22  4 59   2455674.18 2011  4 22 16 13   2455674.64 2011  4 23  3 28
 2455677.79 2011  4 26  7  1   2455678.26 2011  4 26 18 15   2455678.73 2011  4 27  5 29
 2455681.88 2011  4 30  9  2   2455682.35 2011  4 30 20 17   2455682.81 2011  5  1  7 31
 2455685.96 2011  5  4 11  4   2455686.43 2011  5  4 22 19   2455686.90 2011  5  5  9 33
 2455690.05 2011  5  8 13  5   2455690.51 2011  5  9  0 20   2455690.98 2011  5  9 11 35
 2455694.13 2011  5 12 15  6   2455694.60 2011  5 13  2 22   2455695.07 2011  5 13 13 37
 2455698.21 2011  5 16 17  8   2455698.68 2011  5 17  4 24   2455699.15 2011  5 17 15 39
 2455702.30 2011  5 20 19  9   2455702.77 2011  5 21  6 25   2455703.24 2011  5 21 17 41
 2455706.38 2011  5 24 21 11   2455706.85 2011  5 25  8 27   2455707.32 2011  5 25 19 43
 2455710.47 2011  5 28 23 12   2455710.94 2011  5 29 10 29   2455711.41 2011  5 29 21 45
 2455714.55 2011  6  2  1 13   2455715.02 2011  6  2 12 30   2455715.49 2011  6  2 23 47
 2455718.64 2011  6  6  3 15   2455719.11 2011  6  6 14 32   2455719.58 2011  6  7  1 49
 2455722.72 2011  6 10  5 16   2455723.19 2011  6 10 16 34   2455723.66 2011  6 11  3 51
 2455726.80 2011  6 14  7 18   2455727.27 2011  6 14 18 35   2455727.75 2011  6 15  5 53
 2455730.89 2011  6 18  9 19   2455731.36 2011  6 18 20 37   2455731.83 2011  6 19  7 55
 2455734.97 2011  6 22 11 20   2455735.44 2011  6 22 22 39   2455735.91 2011  6 23  9 57
 2455739.06 2011  6 26 13 22   2455739.53 2011  6 27  0 40   2455740.00 2011  6 27 11 59
 2455743.14 2011  6 30 15 23   2455743.61 2011  7  1  2 42   2455744.08 2011  7  1 14  1
 2455747.23 2011  7  4 17 25   2455747.70 2011  7  5  4 44   2455748.17 2011  7  5 16  3
 2455751.31 2011  7  8 19 26   2455751.78 2011  7  9  6 45   2455752.25 2011  7  9 18  5
 2455755.39 2011  7 12 21 27   2455755.87 2011  7 13  8 47   2455756.34 2011  7 13 20  7
 2455759.48 2011  7 16 23 29   2455759.95 2011  7 17 10 49   2455760.42 2011  7 17 22  9
 2455763.56 2011  7 21  1 30   2455764.04 2011  7 21 12 50   2455764.51 2011  7 22  0 11
 2455767.65 2011  7 25  3 31   2455768.12 2011  7 25 14 52   2455768.59 2011  7 26  2 13
 2455771.73 2011  7 29  5 33   2455772.20 2011  7 29 16 54   2455772.68 2011  7 30  4 15
 2455775.82 2011  8  2  7 34   2455776.29 2011  8  2 18 55   2455776.76 2011  8  3  6 17
