 Predicted Transit Epochs: HD47186__ c

 Predicted Duration of a Central Transit:    15.   Hours

 Begin Transit Window           PREDICTED CENTRAL TRANSIT     End Transit Window
                                     All Times UT

                               HJD        Year M  D  H  M
 2457309.35 2015 10 13 20 18   2457311.06 2015 10 15 13 27   2457312.77 2015 10 17  6 35
 2458640.95 2019  6  6 10 46   2458642.76 2019  6  8  6 19   2458644.58 2019  6 10  1 52
 2459972.55 2023  1 28  1 15   2459974.47 2023  1 29 23 11   2459976.38 2023  1 31 21  8
 2461304.16 2026  9 20 15 43   2461306.17 2026  9 22 16  4   2461308.18 2026  9 24 16 24
 2462635.76 2030  5 14  6 11   2462637.87 2030  5 16  8 56   2462639.99 2030  5 18 11 41
 2463967.36 2034  1  4 20 40   2463969.58 2034  1  7  1 48   2463971.79 2034  1  9  6 57
 2465298.96 2037  8 28 11  8   2465301.28 2037  8 30 18 41   2465303.59 2037  9  2  2 13
