 Predicted Transit Epochs: HD47536__ b

 Predicted Duration of a Central Transit:   224.   Hours

 Begin Transit Window           PREDICTED CENTRAL TRANSIT     End Transit Window
                                     All Times UT

                               HJD        Year M  D  H  M
 2456951.20 2014 10 20 16 54   2457135.37 2015  4 22 20 47   2457319.53 2015 10 24  0 40
 2457608.80 2016  8  8  7 18   2457809.97 2017  2 25 11 11   2458011.13 2017  9 14 15  4
 2458266.40 2018  5 27 21 42   2458484.57 2019  1  1  1 35   2458702.73 2019  8  7  5 28
 2458924.00 2020  3 15 12  6   2459159.17 2020 11  5 15 59   2459394.33 2021  6 28 19 52
 2459581.60 2022  1  2  2 30   2459833.77 2022  9 11  6 23   2460085.93 2023  5 21 10 16
 2460239.20 2023 10 21 16 54   2460508.37 2024  7 16 20 47   2460777.53 2025  4 12  0 40
 2460896.80 2025  8  9  7 18   2461182.97 2026  5 22 11 11   2461469.13 2027  3  4 15  4
 2461554.40 2027  5 28 21 42   2461857.57 2028  3 27  1 35   2462160.73 2029  1 24  5 28
 2462212.00 2029  3 16 12  6   2462532.17 2030  1 30 15 59   2462852.33 2030 12 16 19 52
 2462869.60 2031  1  3  2 30   2463206.77 2031 12  6  6 23   2463543.93 2032 11  7 10 16
 2463527.20 2032 10 21 16 54   2463881.37 2033 10 10 20 47   2464235.53 2034  9 30  0 40
 2464184.80 2034  8 10  7 18   2464555.97 2035  8 16 11 11   2464927.13 2036  8 21 15  4
