 Predicted Transit Epochs: HD48265__ b

 Predicted Duration of a Central Transit:    21.   Hours

 Begin Transit Window           PREDICTED CENTRAL TRANSIT     End Transit Window
                                     All Times UT

                               HJD        Year M  D  H  M
 2455224.71 2010  1 28  5  7   2455496.02 2010 10 26 12 33   2455767.33 2011  7 24 19 59
 2455936.71 2012  1 10  5  7   2456258.02 2012 11 26 12 33   2456579.33 2013 10 13 19 59
 2456648.71 2013 12 22  5  7   2457020.02 2014 12 28 12 33   2457391.33 2016  1  3 19 59
 2457360.71 2015 12  4  5  7   2457782.02 2017  1 28 12 33   2458203.33 2018  3 25 19 59
 2458072.71 2017 11 15  5  7   2458544.02 2019  3  1 12 33   2459015.33 2020  6 14 19 59
 2458784.71 2019 10 28  5  7   2459306.02 2021  4  1 12 33   2459827.33 2022  9  4 19 59
 2459496.71 2021 10  9  5  7   2460068.02 2023  5  3 12 33   2460639.33 2024 11 24 19 59
 2460208.71 2023  9 21  5  7   2460830.02 2025  6  3 12 33   2461451.33 2027  2 14 19 59
 2460920.71 2025  9  2  5  7   2461592.02 2027  7  5 12 33   2462263.33 2029  5  6 19 59
 2461632.71 2027  8 15  5  7   2462354.02 2029  8  5 12 33   2463075.33 2031  7 27 19 59
