 Predicted Transit Epochs: HD49674__ b

 Predicted Duration of a Central Transit:   223. Minutes

 Begin Transit Window           PREDICTED CENTRAL TRANSIT     End Transit Window
                                     All Times UT

                               HJD        Year M  D  H  M
 2456756.30 2014  4  8 19 17   2456757.58 2014  4 10  1 52   2456758.85 2014  4 11  8 27
 2456761.25 2014  4 13 18  0   2456762.53 2014  4 15  0 36   2456763.80 2014  4 16  7 13
 2456766.20 2014  4 18 16 43   2456767.47 2014  4 19 23 21   2456768.75 2014  4 21  5 59
 2456771.14 2014  4 23 15 26   2456772.42 2014  4 24 22  5   2456773.70 2014  4 26  4 45
 2456776.09 2014  4 28 14  9   2456777.37 2014  4 29 20 50   2456778.65 2014  5  1  3 30
 2456781.04 2014  5  3 12 52   2456782.32 2014  5  4 19 34   2456783.60 2014  5  6  2 16
 2456785.98 2014  5  8 11 35   2456787.26 2014  5  9 18 19   2456788.54 2014  5 11  1  2
 2456790.93 2014  5 13 10 18   2456792.21 2014  5 14 17  3   2456793.49 2014  5 15 23 48
 2456795.88 2014  5 18  9  1   2456797.16 2014  5 19 15 48   2456798.44 2014  5 20 22 34
 2456800.82 2014  5 23  7 44   2456802.11 2014  5 24 14 32   2456803.39 2014  5 25 21 20
 2456805.77 2014  5 28  6 27   2456807.05 2014  5 29 13 16   2456808.34 2014  5 30 20  6
 2456810.72 2014  6  2  5 10   2456812.00 2014  6  3 12  1   2456813.29 2014  6  4 18 52
 2456815.66 2014  6  7  3 53   2456816.95 2014  6  8 10 45   2456818.24 2014  6  9 17 38
 2456820.61 2014  6 12  2 36   2456821.90 2014  6 13  9 30   2456823.18 2014  6 14 16 24
 2456825.55 2014  6 17  1 19   2456826.84 2014  6 18  8 14   2456828.13 2014  6 19 15 10
 2456830.50 2014  6 22  0  2   2456831.79 2014  6 23  6 59   2456833.08 2014  6 24 13 56
 2456835.45 2014  6 26 22 45   2456836.74 2014  6 28  5 43   2456838.03 2014  6 29 12 42
 2456840.39 2014  7  1 21 28   2456841.69 2014  7  3  4 28   2456842.98 2014  7  4 11 28
 2456845.34 2014  7  6 20 11   2456846.63 2014  7  8  3 12   2456847.93 2014  7  9 10 14
 2456850.29 2014  7 11 18 54   2456851.58 2014  7 13  1 57   2456852.88 2014  7 14  9  0
 2456855.23 2014  7 16 17 37   2456856.53 2014  7 18  0 41   2456857.82 2014  7 19  7 46
 2456860.18 2014  7 21 16 20   2456861.48 2014  7 22 23 26   2456862.77 2014  7 24  6 32
 2456865.13 2014  7 26 15  3   2456866.42 2014  7 27 22 10   2456867.72 2014  7 29  5 18
 2456870.07 2014  7 31 13 46   2456871.37 2014  8  1 20 55   2456872.67 2014  8  3  4  4
 2456875.02 2014  8  5 12 29   2456876.32 2014  8  6 19 39   2456877.62 2014  8  8  2 50
 2456879.97 2014  8 10 11 12   2456881.27 2014  8 11 18 24   2456882.57 2014  8 13  1 36
 2456884.91 2014  8 15  9 55   2456886.21 2014  8 16 17  8   2456887.52 2014  8 18  0 22
 2456889.86 2014  8 20  8 38   2456891.16 2014  8 21 15 53   2456892.46 2014  8 22 23  8
 2456894.81 2014  8 25  7 20   2456896.11 2014  8 26 14 37   2456897.41 2014  8 27 21 54
 2456899.75 2014  8 30  6  3   2456901.06 2014  8 31 13 22   2456902.36 2014  9  1 20 40
 2456904.70 2014  9  4  4 46   2456906.00 2014  9  5 12  6   2456907.31 2014  9  6 19 26
 2456909.65 2014  9  9  3 29   2456910.95 2014  9 10 10 51   2456912.26 2014  9 11 18 12
 2456914.59 2014  9 14  2 12   2456915.90 2014  9 15  9 35   2456917.21 2014  9 16 16 58
 2456919.54 2014  9 19  0 55   2456920.85 2014  9 20  8 19   2456922.16 2014  9 21 15 44
 2456924.49 2014  9 23 23 38   2456925.79 2014  9 25  7  4   2456927.10 2014  9 26 14 30
 2456929.43 2014  9 28 22 21   2456930.74 2014  9 30  5 48   2456932.05 2014 10  1 13 15
 2456934.38 2014 10  3 21  4   2456935.69 2014 10  5  4 33   2456937.00 2014 10  6 12  1
 2456939.32 2014 10  8 19 47   2456940.64 2014 10 10  3 17   2456941.95 2014 10 11 10 47
 2456944.27 2014 10 13 18 30   2456945.58 2014 10 15  2  2   2456946.90 2014 10 16  9 33
 2456949.22 2014 10 18 17 13   2456950.53 2014 10 20  0 46   2456951.85 2014 10 21  8 19
 2456954.16 2014 10 23 15 56   2456955.48 2014 10 24 23 31   2456956.80 2014 10 26  7  5
 2456959.11 2014 10 28 14 39   2456960.43 2014 10 29 22 15   2456961.74 2014 10 31  5 51
 2456964.06 2014 11  2 13 22   2456965.38 2014 11  3 21  0   2456966.69 2014 11  5  4 37
 2456969.00 2014 11  7 12  5   2456970.32 2014 11  8 19 44   2456971.64 2014 11 10  3 23
 2456973.95 2014 11 12 10 48   2456975.27 2014 11 13 18 29   2456976.59 2014 11 15  2  9
 2456978.90 2014 11 17  9 31   2456980.22 2014 11 18 17 13   2456981.54 2014 11 20  0 55
 2456983.84 2014 11 22  8 14   2456985.17 2014 11 23 15 58   2456986.49 2014 11 24 23 41
 2456988.79 2014 11 27  6 57   2456990.11 2014 11 28 14 42   2456991.44 2014 11 29 22 27
 2456993.74 2014 12  2  5 40   2456995.06 2014 12  3 13 27   2456996.38 2014 12  4 21 13
 2456998.68 2014 12  7  4 23   2457000.01 2014 12  8 12 11   2457001.33 2014 12  9 19 59
 2457003.63 2014 12 12  3  6   2457004.96 2014 12 13 10 56   2457006.28 2014 12 14 18 45
 2457008.58 2014 12 17  1 49   2457009.90 2014 12 18  9 40   2457011.23 2014 12 19 17 31
 2457013.52 2014 12 22  0 32   2457014.85 2014 12 23  8 25   2457016.18 2014 12 24 16 17
 2457018.47 2014 12 26 23 15   2457019.80 2014 12 28  7  9   2457021.13 2014 12 29 15  3
 2457023.42 2014 12 31 21 58   2457024.75 2015  1  2  5 54   2457026.08 2015  1  3 13 49
 2457028.36 2015  1  5 20 41   2457029.69 2015  1  7  4 38   2457031.02 2015  1  8 12 35
 2457033.31 2015  1 10 19 24   2457034.64 2015  1 12  3 23   2457035.97 2015  1 13 11 21
 2457038.26 2015  1 15 18  7   2457039.59 2015  1 17  2  7   2457040.92 2015  1 18 10  7
 2457043.20 2015  1 20 16 50   2457044.54 2015  1 22  0 51   2457045.87 2015  1 23  8 53
 2457048.15 2015  1 25 15 33   2457049.48 2015  1 26 23 36   2457050.82 2015  1 28  7 39
 2457053.09 2015  1 30 14 16   2457054.43 2015  1 31 22 20   2457055.77 2015  2  2  6 25
 2457058.04 2015  2  4 12 59   2457059.38 2015  2  5 21  5   2457060.72 2015  2  7  5 11
 2457062.99 2015  2  9 11 42   2457064.33 2015  2 10 19 49   2457065.66 2015  2 12  3 57
 2457067.93 2015  2 14 10 25   2457069.27 2015  2 15 18 34   2457070.61 2015  2 17  2 43
 2457072.88 2015  2 19  9  8   2457074.22 2015  2 20 17 18   2457075.56 2015  2 22  1 29
 2457077.83 2015  2 24  7 51   2457079.17 2015  2 25 16  3   2457080.51 2015  2 27  0 15
 2457082.77 2015  3  1  6 34   2457084.12 2015  3  2 14 47   2457085.46 2015  3  3 23  0
 2457087.72 2015  3  6  5 17   2457089.06 2015  3  7 13 32   2457090.41 2015  3  8 21 46
 2457092.67 2015  3 11  4  0   2457094.01 2015  3 12 12 16   2457095.36 2015  3 13 20 32
 2457097.61 2015  3 16  2 43   2457098.96 2015  3 17 11  1   2457100.30 2015  3 18 19 18
 2457102.56 2015  3 21  1 26   2457103.91 2015  3 22  9 45   2457105.25 2015  3 23 18  4
 2457107.51 2015  3 26  0  9   2457108.85 2015  3 27  8 30   2457110.20 2015  3 28 16 50
 2457112.45 2015  3 30 22 52   2457113.80 2015  4  1  7 14   2457115.15 2015  4  2 15 36
 2457117.40 2015  4  4 21 35   2457118.75 2015  4  6  5 59   2457120.10 2015  4  7 14 22
 2457122.35 2015  4  9 20 18   2457123.70 2015  4 11  4 43   2457125.05 2015  4 12 13  8
 2457127.29 2015  4 14 19  1   2457128.64 2015  4 16  3 28   2457130.00 2015  4 17 11 54
 2457132.24 2015  4 19 17 44   2457133.59 2015  4 21  2 12   2457134.94 2015  4 22 10 40
 2457137.19 2015  4 24 16 27   2457138.54 2015  4 26  0 57   2457139.89 2015  4 27  9 26
 2457142.13 2015  4 29 15 10   2457143.49 2015  4 30 23 41   2457144.84 2015  5  2  8 12
 2457147.08 2015  5  4 13 53   2457148.43 2015  5  5 22 26   2457149.79 2015  5  7  6 58
 2457152.03 2015  5  9 12 36   2457153.38 2015  5 10 21 10   2457154.74 2015  5 12  5 44
 2457156.97 2015  5 14 11 19   2457158.33 2015  5 15 19 55   2457159.69 2015  5 17  4 30
 2457161.92 2015  5 19 10  2   2457163.28 2015  5 20 18 39   2457164.64 2015  5 22  3 16
 2457166.86 2015  5 24  8 45   2457168.22 2015  5 25 17 23   2457169.59 2015  5 27  2  2
 2457171.81 2015  5 29  7 28   2457173.17 2015  5 30 16  8   2457174.53 2015  6  1  0 48
 2457176.76 2015  6  3  6 11   2457178.12 2015  6  4 14 52   2457179.48 2015  6  5 23 34
 2457181.70 2015  6  8  4 54   2457183.07 2015  6  9 13 37   2457184.43 2015  6 10 22 20
 2457186.65 2015  6 13  3 37   2457188.02 2015  6 14 12 21   2457189.38 2015  6 15 21  6
 2457191.60 2015  6 18  2 20   2457192.96 2015  6 19 11  6   2457194.33 2015  6 20 19 52
 2457196.54 2015  6 23  1  3   2457197.91 2015  6 24  9 50   2457199.28 2015  6 25 18 38
 2457201.49 2015  6 27 23 46   2457202.86 2015  6 29  8 35   2457204.23 2015  6 30 17 24
 2457206.44 2015  7  2 22 29   2457207.81 2015  7  4  7 19   2457209.17 2015  7  5 16 10
 2457211.38 2015  7  7 21 12   2457212.75 2015  7  9  6  4   2457214.12 2015  7 10 14 56
 2457216.33 2015  7 12 19 55   2457217.70 2015  7 14  4 48   2457219.07 2015  7 15 13 42
 2457221.28 2015  7 17 18 38   2457222.65 2015  7 19  3 33   2457224.02 2015  7 20 12 28
 2457226.22 2015  7 22 17 21   2457227.60 2015  7 24  2 17   2457228.97 2015  7 25 11 14
 2457231.17 2015  7 27 16  4   2457232.54 2015  7 29  1  2   2457233.92 2015  7 30 10  0
 2457236.12 2015  8  1 14 47   2457237.49 2015  8  2 23 46   2457238.87 2015  8  4  8 45
 2457241.06 2015  8  6 13 30   2457242.44 2015  8  7 22 31   2457243.81 2015  8  9  7 31
 2457246.01 2015  8 11 12 13   2457247.39 2015  8 12 21 15   2457248.76 2015  8 14  6 17
 2457250.96 2015  8 16 10 56   2457252.33 2015  8 17 20  0   2457253.71 2015  8 19  5  3
 2457255.90 2015  8 21  9 39   2457257.28 2015  8 22 18 44   2457258.66 2015  8 24  3 49
 2457260.85 2015  8 26  8 22   2457262.23 2015  8 27 17 29   2457263.61 2015  8 29  2 35
 2457265.80 2015  8 31  7  5   2457267.18 2015  9  1 16 13   2457268.56 2015  9  3  1 21
 2457270.74 2015  9  5  5 48   2457272.12 2015  9  6 14 58   2457273.51 2015  9  8  0  7
 2457275.69 2015  9 10  4 31   2457277.07 2015  9 11 13 42   2457278.45 2015  9 12 22 53
 2457280.63 2015  9 15  3 14   2457282.02 2015  9 16 12 27   2457283.40 2015  9 17 21 39
 2457285.58 2015  9 20  1 57   2457286.97 2015  9 21 11 11   2457288.35 2015  9 22 20 25
 2457290.53 2015  9 25  0 40   2457291.91 2015  9 26  9 55   2457293.30 2015  9 27 19 11
 2457295.47 2015  9 29 23 23   2457296.86 2015 10  1  8 40   2457298.25 2015 10  2 17 57
 2457300.42 2015 10  4 22  6   2457301.81 2015 10  6  7 24   2457303.20 2015 10  7 16 43
 2457305.37 2015 10  9 20 49   2457306.76 2015 10 11  6  9   2457308.15 2015 10 12 15 29
 2457310.31 2015 10 14 19 32   2457311.70 2015 10 16  4 53   2457313.09 2015 10 17 14 15
 2457315.26 2015 10 19 18 15   2457316.65 2015 10 21  3 38   2457318.04 2015 10 22 13  1
 2457320.21 2015 10 24 16 58   2457321.60 2015 10 26  2 22   2457322.99 2015 10 27 11 47
 2457325.15 2015 10 29 15 41   2457326.55 2015 10 31  1  7   2457327.94 2015 11  1 10 33
 2457330.10 2015 11  3 14 24   2457331.49 2015 11  4 23 51   2457332.89 2015 11  6  9 19
 2457335.05 2015 11  8 13  7   2457336.44 2015 11  9 22 36   2457337.84 2015 11 11  8  5
 2457339.99 2015 11 13 11 50   2457341.39 2015 11 14 21 20   2457342.79 2015 11 16  6 51
 2457344.94 2015 11 18 10 33   2457346.34 2015 11 19 20  5   2457347.73 2015 11 21  5 37
 2457349.89 2015 11 23  9 16   2457351.28 2015 11 24 18 49   2457352.68 2015 11 26  4 23
 2457354.83 2015 11 28  7 59   2457356.23 2015 11 29 17 34   2457357.63 2015 12  1  3  9
 2457359.78 2015 12  3  6 42   2457361.18 2015 12  4 16 18   2457362.58 2015 12  6  1 55
 2457364.73 2015 12  8  5 25   2457366.13 2015 12  9 15  3   2457367.53 2015 12 11  0 41
 2457369.67 2015 12 13  4  8   2457371.07 2015 12 14 13 47   2457372.48 2015 12 15 23 27
 2457374.62 2015 12 18  2 51   2457376.02 2015 12 19 12 32   2457377.43 2015 12 20 22 13
 2457379.57 2015 12 23  1 34   2457380.97 2015 12 24 11 16   2457382.37 2015 12 25 20 59
 2457384.51 2015 12 28  0 17   2457385.92 2015 12 29 10  1   2457387.32 2015 12 30 19 45
 2457389.46 2016  1  1 23  0   2457390.86 2016  1  3  8 45   2457392.27 2016  1  4 18 30
 2457394.40 2016  1  6 21 43   2457395.81 2016  1  8  7 30   2457397.22 2016  1  9 17 16
 2457399.35 2016  1 11 20 26   2457400.76 2016  1 13  6 14   2457402.17 2016  1 14 16  2
 2457404.30 2016  1 16 19  9   2457405.71 2016  1 18  4 59   2457407.12 2016  1 19 14 48
 2457409.24 2016  1 21 17 52   2457410.66 2016  1 23  3 43   2457412.07 2016  1 24 13 34
 2457414.19 2016  1 26 16 35   2457415.60 2016  1 28  2 27   2457417.01 2016  1 29 12 20
 2457419.14 2016  1 31 15 18   2457420.55 2016  2  2  1 12   2457421.96 2016  2  3 11  6
 2457424.08 2016  2  5 14  1   2457425.50 2016  2  6 23 56   2457426.91 2016  2  8  9 52
 2457429.03 2016  2 10 12 44   2457430.45 2016  2 11 22 41   2457431.86 2016  2 13  8 38
 2457433.98 2016  2 15 11 27   2457435.39 2016  2 16 21 25   2457436.81 2016  2 18  7 24
 2457438.92 2016  2 20 10 10   2457440.34 2016  2 21 20 10   2457441.76 2016  2 23  6 10
 2457443.87 2016  2 25  8 53   2457445.29 2016  2 26 18 54   2457446.71 2016  2 28  4 56
 2457448.82 2016  3  1  7 36   2457450.24 2016  3  2 17 39   2457451.65 2016  3  4  3 42
 2457453.76 2016  3  6  6 19   2457455.18 2016  3  7 16 23   2457456.60 2016  3  9  2 28
 2457458.71 2016  3 11  5  2   2457460.13 2016  3 12 15  8   2457461.55 2016  3 14  1 14
 2457463.66 2016  3 16  3 45   2457465.08 2016  3 17 13 52   2457466.50 2016  3 19  0  0
 2457468.60 2016  3 21  2 28   2457470.03 2016  3 22 12 37   2457471.45 2016  3 23 22 46
 2457473.55 2016  3 26  1 11   2457474.97 2016  3 27 11 21   2457476.40 2016  3 28 21 32
 2457478.50 2016  3 30 23 54   2457479.92 2016  4  1 10  6   2457481.35 2016  4  2 20 18
 2457483.44 2016  4  4 22 37   2457484.87 2016  4  6  8 50   2457486.29 2016  4  7 19  4
 2457488.39 2016  4  9 21 20   2457489.82 2016  4 11  7 35   2457491.24 2016  4 12 17 50
 2457493.34 2016  4 14 20  3   2457494.76 2016  4 16  6 19   2457496.19 2016  4 17 16 36
 2457498.28 2016  4 19 18 46   2457499.71 2016  4 21  5  4   2457501.14 2016  4 22 15 22
 2457503.23 2016  4 24 17 29   2457504.66 2016  4 26  3 48   2457506.09 2016  4 27 14  8
 2457508.17 2016  4 29 16 11   2457509.61 2016  5  1  2 33   2457511.04 2016  5  2 12 54
 2457513.12 2016  5  4 14 54   2457514.55 2016  5  6  1 17   2457515.99 2016  5  7 11 40
 2457518.07 2016  5  9 13 37   2457519.50 2016  5 11  0  2   2457520.93 2016  5 12 10 26
 2457523.01 2016  5 14 12 20   2457524.45 2016  5 15 22 46   2457525.88 2016  5 17  9 12
 2457527.96 2016  5 19 11  3   2457529.40 2016  5 20 21 31   2457530.83 2016  5 22  7 58
 2457532.91 2016  5 24  9 46   2457534.34 2016  5 25 20 15   2457535.78 2016  5 27  6 44
 2457537.85 2016  5 29  8 29   2457539.29 2016  5 30 18 59   2457540.73 2016  6  1  5 30
 2457542.80 2016  6  3  7 12   2457544.24 2016  6  4 17 44   2457545.68 2016  6  6  4 15
 2457547.75 2016  6  8  5 55   2457549.19 2016  6  9 16 28   2457550.63 2016  6 11  3  1
 2457552.69 2016  6 13  4 38   2457554.13 2016  6 14 15 13   2457555.57 2016  6 16  1 47
 2457557.64 2016  6 18  3 21   2457559.08 2016  6 19 13 57   2457560.52 2016  6 21  0 33
 2457562.59 2016  6 23  2  4   2457564.03 2016  6 24 12 42   2457565.47 2016  6 25 23 19
 2457567.53 2016  6 28  0 47   2457568.98 2016  6 29 11 26   2457570.42 2016  6 30 22  5
 2457572.48 2016  7  2 23 30   2457573.92 2016  7  4 10 11   2457575.37 2016  7  5 20 51
 2457577.43 2016  7  7 22 13   2457578.87 2016  7  9  8 55   2457580.32 2016  7 10 19 37
 2457582.37 2016  7 12 20 56   2457583.82 2016  7 14  7 40   2457585.27 2016  7 15 18 23
 2457587.32 2016  7 17 19 39   2457588.77 2016  7 19  6 24   2457590.22 2016  7 20 17  9
 2457592.27 2016  7 22 18 22   2457593.71 2016  7 24  5  9   2457595.16 2016  7 25 15 55
 2457597.21 2016  7 27 17  5   2457598.66 2016  7 29  3 53   2457600.11 2016  7 30 14 41
 2457602.16 2016  8  1 15 48   2457603.61 2016  8  3  2 38   2457605.06 2016  8  4 13 27
 2457607.11 2016  8  6 14 31   2457608.56 2016  8  8  1 22   2457610.01 2016  8  9 12 13
