 Predicted Transit Epochs: HD50554__ b

 Predicted Duration of a Central Transit:    17.   Hours

 Begin Transit Window           PREDICTED CENTRAL TRANSIT     End Transit Window
                                     All Times UT

                               HJD        Year M  D  H  M
 2454392.52 2007 10 19  0 25   2454519.45 2008  2 22 22 45   2454646.38 2008  6 28 21  4
 2455613.12 2011  2 20 14 49   2455774.05 2011  7 31 13  9   2455934.98 2012  1  8 11 28
 2456833.72 2014  6 25  5 13   2457028.65 2015  1  6  3 33   2457223.58 2015  7 20  1 52
 2458054.32 2017 10 27 19 37   2458283.25 2018  6 13 17 57   2458512.18 2019  1 28 16 16
 2459274.92 2021  3  1 10  1   2459537.85 2021 11 19  8 21   2459800.78 2022  8  9  6 40
 2460495.52 2024  7  4  0 25   2460792.45 2025  4 26 22 45   2461089.38 2026  2 17 21  4
 2461716.12 2027 11  6 14 49   2462047.05 2028 10  2 13  9   2462377.98 2029  8 29 11 28
