 Predicted Transit Epochs: HD52265__ b

 Predicted Duration of a Central Transit:    12.   Hours

 Begin Transit Window           PREDICTED CENTRAL TRANSIT     End Transit Window
                                     All Times UT

                               HJD        Year M  D  H  M
 2456830.63 2014  6 22  3 13   2456862.70 2014  7 24  4 46   2456894.76 2014  8 25  6 18
 2456949.23 2014 10 18 17 37   2456981.80 2014 11 20  7 10   2457014.36 2014 12 22 20 42
 2457067.83 2015  2 14  8  1   2457100.90 2015  3 19  9 34   2457133.96 2015  4 21 11  6
 2457186.43 2015  6 12 22 25   2457220.00 2015  7 16 11 58   2457253.56 2015  8 19  1 30
 2457305.03 2015 10  9 12 49   2457339.10 2015 11 12 14 22   2457373.16 2015 12 16 15 54
 2457423.63 2016  2  5  3 13   2457458.20 2016  3 10 16 46   2457492.76 2016  4 14  6 18
 2457542.23 2016  6  2 17 37   2457577.30 2016  7  7 19 10   2457612.36 2016  8 11 20 42
 2457660.83 2016  9 29  8  1   2457696.40 2016 11  3 21 34   2457731.96 2016 12  9 11  6
 2457779.43 2017  1 25 22 25   2457815.50 2017  3  2 23 58   2457851.56 2017  4  8  1 30
 2457898.03 2017  5 24 12 49   2457934.60 2017  6 30  2 22   2457971.16 2017  8  5 15 54
 2458016.63 2017  9 20  3 13   2458053.70 2017 10 27  4 46   2458090.76 2017 12  3  6 18
 2458135.23 2018  1 16 17 37   2458172.80 2018  2 23  7 10   2458210.36 2018  4  1 20 42
 2458253.83 2018  5 15  8  1   2458291.90 2018  6 22  9 34   2458329.96 2018  7 30 11  6
 2458372.43 2018  9 10 22 25   2458411.00 2018 10 19 11 58   2458449.56 2018 11 27  1 30
 2458491.03 2019  1  7 12 49   2458530.10 2019  2 15 14 22   2458569.16 2019  3 26 15 54
 2458609.63 2019  5  6  3 13   2458649.20 2019  6 14 16 46   2458688.76 2019  7 24  6 18
 2458728.23 2019  9  1 17 37   2458768.30 2019 10 11 19 10   2458808.36 2019 11 20 20 42
 2458846.83 2019 12 29  8  1   2458887.40 2020  2  7 21 34   2458927.96 2020  3 19 11  6
 2458965.43 2020  4 25 22 25   2459006.50 2020  6  5 23 58   2459047.56 2020  7 17  1 30
 2459084.03 2020  8 22 12 49   2459125.60 2020 10  3  2 22   2459167.16 2020 11 13 15 54
 2459202.63 2020 12 19  3 13   2459244.70 2021  1 30  4 46   2459286.76 2021  3 13  6 18
 2459321.23 2021  4 16 17 37   2459363.80 2021  5 29  7 10   2459406.36 2021  7 10 20 42
 2459439.83 2021  8 13  8  1   2459482.90 2021  9 25  9 34   2459525.96 2021 11  7 11  6
 2459558.43 2021 12  9 22 25   2459602.00 2022  1 22 11 58   2459645.56 2022  3  7  1 30
 2459677.03 2022  4  7 12 49   2459721.10 2022  5 21 14 22   2459765.16 2022  7  4 15 54
 2459795.63 2022  8  4  3 13   2459840.20 2022  9 17 16 46   2459884.76 2022 11  1  6 18
 2459914.23 2022 11 30 17 37   2459959.30 2023  1 14 19 10   2460004.36 2023  2 28 20 42
 2460032.83 2023  3 29  8  1   2460078.40 2023  5 13 21 34   2460123.96 2023  6 28 11  6
 2460151.43 2023  7 25 22 25   2460197.50 2023  9  9 23 58   2460243.56 2023 10 26  1 30
 2460270.03 2023 11 21 12 49   2460316.60 2024  1  7  2 22   2460363.16 2024  2 22 15 54
 2460388.63 2024  3 19  3 13   2460435.70 2024  5  5  4 46   2460482.76 2024  6 21  6 18
 2460507.23 2024  7 15 17 37   2460554.80 2024  9  1  7 10   2460602.36 2024 10 18 20 42
 2460625.83 2024 11 11  8  1   2460673.90 2024 12 29  9 34   2460721.96 2025  2 15 11  6
 2460744.43 2025  3  9 22 25   2460793.00 2025  4 27 11 58   2460841.56 2025  6 15  1 30
 2460863.03 2025  7  6 12 49   2460912.10 2025  8 24 14 22   2460961.16 2025 10 12 15 54
 2460981.63 2025 11  2  3 13   2461031.20 2025 12 21 16 46   2461080.76 2026  2  9  6 18
 2461100.23 2026  2 28 17 37   2461150.30 2026  4 19 19 10   2461200.36 2026  6  8 20 42
 2461218.83 2026  6 27  8  1   2461269.40 2026  8 16 21 34   2461319.96 2026 10  6 11  6
 2461337.43 2026 10 23 22 25   2461388.50 2026 12 13 23 58   2461439.56 2027  2  3  1 30
 2461456.03 2027  2 19 12 49   2461507.60 2027  4 12  2 22   2461559.16 2027  6  2 15 54
 2461574.63 2027  6 18  3 13   2461626.70 2027  8  9  4 46   2461678.76 2027  9 30  6 18
 2461693.23 2027 10 14 17 37   2461745.80 2027 12  6  7 10   2461798.36 2028  1 27 20 42
 2461811.83 2028  2 10  8  1   2461864.90 2028  4  3  9 34   2461917.96 2028  5 26 11  6
 2461930.43 2028  6  7 22 25   2461984.00 2028  7 31 11 58   2462037.56 2028  9 23  1 30
 2462049.03 2028 10  4 12 49   2462103.10 2028 11 27 14 22   2462157.16 2029  1 20 15 54
 2462167.63 2029  1 31  3 13   2462222.20 2029  3 26 16 46   2462276.76 2029  5 20  6 18
 2462286.23 2029  5 29 17 37   2462341.30 2029  7 23 19 10   2462396.36 2029  9 16 20 42
 2462404.83 2029  9 25  8  1   2462460.40 2029 11 19 21 34   2462515.96 2030  1 14 11  6
 2462523.43 2030  1 21 22 25   2462579.50 2030  3 18 23 58   2462635.56 2030  5 14  1 30
 2462642.03 2030  5 20 12 49   2462698.60 2030  7 16  2 22   2462755.16 2030  9 10 15 54
 2462760.63 2030  9 16  3 13   2462817.70 2030 11 12  4 46   2462874.76 2031  1  8  6 18
 2462879.23 2031  1 12 17 37   2462936.80 2031  3 11  7 10   2462994.36 2031  5  7 20 42
 2462997.83 2031  5 11  8  1   2463055.90 2031  7  8  9 34   2463113.96 2031  9  4 11  6
 2463116.43 2031  9  6 22 25   2463175.00 2031 11  4 11 58   2463233.56 2032  1  2  1 30
 2463235.03 2032  1  3 12 49   2463294.10 2032  3  2 14 22   2463353.16 2032  4 30 15 54
 2463353.63 2032  5  1  3 13   2463413.20 2032  6 29 16 46   2463472.76 2032  8 28  6 18
 2463472.23 2032  8 27 17 37   2463532.30 2032 10 26 19 10   2463592.36 2032 12 25 20 42
 2463590.83 2032 12 24  8  1   2463651.40 2033  2 22 21 34   2463711.96 2033  4 24 11  6
 2463709.43 2033  4 21 22 25   2463770.50 2033  6 21 23 58   2463831.56 2033  8 22  1 30
 2463828.03 2033  8 18 12 49   2463889.60 2033 10 19  2 22   2463951.16 2033 12 19 15 54
 2463946.63 2033 12 15  3 13   2464008.70 2034  2 15  4 46   2464070.76 2034  4 18  6 18
 2464065.23 2034  4 12 17 37   2464127.80 2034  6 14  7 10   2464190.36 2034  8 15 20 42
 2464183.83 2034  8  9  8  1   2464246.90 2034 10 11  9 34   2464309.96 2034 12 13 11  6
