 Predicted Transit Epochs: HD5319___ b

 Predicted Duration of a Central Transit:    40.   Hours

 Begin Transit Window           PREDICTED CENTRAL TRANSIT     End Transit Window
                                     All Times UT

                               HJD        Year M  D  H  M
 2454982.23 2009  5 30 17 37   2455111.57 2009 10  7  1 35   2455240.90 2010  2 13  9 33
 2455639.83 2011  3 19  8  1   2455786.17 2011  8 12 15 59   2455932.50 2012  1  5 23 57
 2456297.43 2013  1  4 22 25   2456460.77 2013  6 17  6 23   2456624.10 2013 11 27 14 21
 2456955.03 2014 10 24 12 49   2457135.37 2015  4 22 20 47   2457315.70 2015 10 20  4 45
 2457612.63 2016  8 12  3 13   2457809.97 2017  2 25 11 11   2458007.30 2017  9 10 19  9
 2458270.23 2018  5 31 17 37   2458484.57 2019  1  1  1 35   2458698.90 2019  8  3  9 33
 2458927.83 2020  3 19  8  1   2459159.17 2020 11  5 15 59   2459390.50 2021  6 24 23 57
 2459585.43 2022  1  5 22 25   2459833.77 2022  9 11  6 23   2460082.10 2023  5 17 14 21
 2460243.03 2023 10 25 12 49   2460508.37 2024  7 16 20 47   2460773.70 2025  4  8  4 45
 2460900.63 2025  8 13  3 13   2461182.97 2026  5 22 11 11   2461465.30 2027  2 28 19  9
 2461558.23 2027  6  1 17 37   2461857.57 2028  3 27  1 35   2462156.90 2029  1 20  9 33
 2462215.83 2029  3 20  8  1   2462532.17 2030  1 30 15 59   2462848.50 2030 12 12 23 57
