 Predicted Transit Epochs: HD59686__ b

 Predicted Duration of a Central Transit:    54.   Hours

 Begin Transit Window           PREDICTED CENTRAL TRANSIT     End Transit Window
                                     All Times UT

                               HJD        Year M  D  H  M
 2454367.13 2007  9 23 15 10   2454620.75 2008  6  3  6  0   2454874.37 2009  2 11 20 49
 2454660.13 2008  7 12 15 10   2454923.75 2009  4  2  6  0   2455187.37 2009 12 21 20 49
 2454953.13 2009  5  1 15 10   2455226.75 2010  1 30  6  0   2455500.37 2010 10 30 20 49
 2455246.13 2010  2 18 15 10   2455529.75 2010 11 29  6  0   2455813.37 2011  9  8 20 49
 2455539.13 2010 12  8 15 10   2455832.75 2011  9 28  6  0   2456126.37 2012  7 17 20 49
 2455832.13 2011  9 27 15 10   2456135.75 2012  7 27  6  0   2456439.37 2013  5 26 20 49
 2456125.13 2012  7 16 15 10   2456438.75 2013  5 26  6  0   2456752.37 2014  4  4 20 49
 2456418.13 2013  5  5 15 10   2456741.75 2014  3 25  6  0   2457065.37 2015  2 11 20 49
 2456711.13 2014  2 22 15 10   2457044.75 2015  1 22  6  0   2457378.37 2015 12 21 20 49
 2457004.13 2014 12 12 15 10   2457347.75 2015 11 21  6  0   2457691.37 2016 10 29 20 49
 2457297.13 2015 10  1 15 10   2457650.75 2016  9 19  6  0   2458004.37 2017  9  7 20 49
 2457590.13 2016  7 20 15 10   2457953.75 2017  7 19  6  0   2458317.37 2018  7 17 20 49
 2457883.13 2017  5  9 15 10   2458256.75 2018  5 18  6  0   2458630.37 2019  5 26 20 49
 2458176.13 2018  2 26 15 10   2458559.75 2019  3 17  6  0   2458943.37 2020  4  3 20 49
 2458469.13 2018 12 16 15 10   2458862.75 2020  1 14  6  0   2459256.37 2021  2 10 20 49
 2458762.13 2019 10  5 15 10   2459165.75 2020 11 12  6  0   2459569.37 2021 12 20 20 49
 2459055.13 2020  7 24 15 10   2459468.75 2021  9 11  6  0   2459882.37 2022 10 29 20 49
 2459348.13 2021  5 13 15 10   2459771.75 2022  7 11  6  0   2460195.37 2023  9  7 20 49
 2459641.13 2022  3  2 15 10   2460074.75 2023  5 10  6  0   2460508.37 2024  7 16 20 49
 2459934.13 2022 12 20 15 10   2460377.75 2024  3  8  6  0   2460821.37 2025  5 25 20 49
 2460227.13 2023 10  9 15 10   2460680.75 2025  1  5  6  0   2461134.37 2026  4  3 20 49
 2460520.13 2024  7 28 15 10   2460983.75 2025 11  4  6  0   2461447.37 2027  2 10 20 49
 2460813.13 2025  5 17 15 10   2461286.75 2026  9  3  6  0   2461760.37 2027 12 20 20 49
 2461106.13 2026  3  6 15 10   2461589.75 2027  7  3  6  0   2462073.37 2028 10 28 20 49
 2461399.13 2026 12 24 15 10   2461892.75 2028  5  1  6  0   2462386.37 2029  9  6 20 49
