 Predicted Transit Epochs: HD60532__ b

 Predicted Duration of a Central Transit:    13.   Hours

 Begin Transit Window           PREDICTED CENTRAL TRANSIT     End Transit Window
                                     All Times UT

                               HJD        Year M  D  H  M
 2455044.68 2009  8  1  4 18   2455045.67 2009  8  2  4  6   2455046.66 2009  8  3  3 55
 2455246.37 2010  2 18 20 51   2455247.50 2010  2 20  0  2   2455248.63 2010  2 21  3 12
 2455448.06 2010  9  8 13 25   2455449.33 2010  9  9 19 57   2455450.60 2010  9 11  2 29
 2455649.75 2011  3 29  5 58   2455651.16 2011  3 30 15 52   2455652.57 2011  4  1  1 46
 2455851.44 2011 10 16 22 32   2455852.99 2011 10 18 11 47   2455854.54 2011 10 20  1  3
 2456053.13 2012  5  5 15  6   2456054.82 2012  5  7  7 42   2456056.51 2012  5  9  0 19
 2456254.82 2012 11 23  7 39   2456256.65 2012 11 25  3 38   2456258.48 2012 11 26 23 36
 2456456.51 2013  6 13  0 13   2456458.48 2013  6 14 23 33   2456460.45 2013  6 16 22 53
 2456658.20 2013 12 31 16 46   2456660.31 2014  1  2 19 28   2456662.42 2014  1  4 22 10
 2456859.89 2014  7 21  9 20   2456862.14 2014  7 23 15 23   2456864.39 2014  7 25 21 27
 2457061.58 2015  2  8  1 54   2457063.97 2015  2 10 11 18   2457066.36 2015  2 12 20 43
 2457263.27 2015  8 28 18 27   2457265.80 2015  8 31  7 14   2457268.33 2015  9  2 20  0
 2457464.96 2016  3 17 11  1   2457467.63 2016  3 20  3  9   2457470.30 2016  3 22 19 17
 2457666.65 2016 10  5  3 34   2457669.46 2016 10  7 23  4   2457672.27 2016 10 10 18 34
 2457868.34 2017  4 24 20  8   2457871.29 2017  4 27 18 59   2457874.24 2017  4 30 17 51
 2458070.03 2017 11 12 12 42   2458073.12 2017 11 15 14 54   2458076.21 2017 11 18 17  7
 2458271.72 2018  6  2  5 15   2458274.95 2018  6  5 10 50   2458278.18 2018  6  8 16 24
 2458473.41 2018 12 20 21 49   2458476.78 2018 12 24  6 45   2458480.15 2018 12 27 15 41
 2458675.10 2019  7 10 14 22   2458678.61 2019  7 14  2 40   2458682.12 2019  7 17 14 58
 2458876.79 2020  1 28  6 56   2458880.44 2020  1 31 22 35   2458884.09 2020  2  4 14 15
 2459078.48 2020  8 16 23 30   2459082.27 2020  8 20 18 30   2459086.06 2020  8 24 13 31
 2459280.17 2021  3  6 16  3   2459284.10 2021  3 10 14 26   2459288.03 2021  3 14 12 48
 2459481.86 2021  9 24  8 37   2459485.93 2021  9 28 10 21   2459490.00 2021 10  2 12  5
 2459683.55 2022  4 14  1 10   2459687.76 2022  4 18  6 16   2459691.97 2022  4 22 11 22
 2459885.24 2022 11  1 17 44   2459889.59 2022 11  6  2 11   2459893.94 2022 11 10 10 39
 2460086.93 2023  5 22 10 18   2460091.42 2023  5 26 22  6   2460095.91 2023  5 31  9 55
 2460288.62 2023 12 10  2 51   2460293.25 2023 12 14 18  2   2460297.88 2023 12 19  9 12
 2460490.31 2024  6 28 19 25   2460495.08 2024  7  3 13 57   2460499.85 2024  7  8  8 29
 2460692.00 2025  1 16 11 58   2460696.91 2025  1 21  9 52   2460701.82 2025  1 26  7 46
 2460893.69 2025  8  6  4 32   2460898.74 2025  8 11  5 47   2460903.79 2025  8 16  7  3
 2461095.38 2026  2 23 21  6   2461100.57 2026  3  1  1 42   2461105.76 2026  3  6  6 19
 2461297.07 2026  9 13 13 39   2461302.40 2026  9 18 21 38   2461307.73 2026  9 24  5 36
 2461498.76 2027  4  3  6 13   2461504.23 2027  4  8 17 33   2461509.70 2027  4 14  4 53
 2461700.45 2027 10 21 22 46   2461706.06 2027 10 27 13 28   2461711.67 2027 11  2  4 10
 2461902.14 2028  5 10 15 20   2461907.89 2028  5 16  9 23   2461913.64 2028  5 22  3 27
 2462103.83 2028 11 28  7 54   2462109.72 2028 12  4  5 18   2462115.61 2028 12 10  2 43
 2462305.52 2029  6 18  0 27   2462311.55 2029  6 24  1 14   2462317.58 2029  6 30  2  0
 2462507.21 2030  1  5 17  1   2462513.38 2030  1 11 21  9   2462519.55 2030  1 18  1 17
