 Predicted Transit Epochs: HD60532__ c

 Predicted Duration of a Central Transit:    18.   Hours

 Begin Transit Window           PREDICTED CENTRAL TRANSIT     End Transit Window
                                     All Times UT

                               HJD        Year M  D  H  M
 2455163.56 2009 11 28  1 29   2455167.92 2009 12  2 10  2   2455172.27 2009 12  6 18 34
 2455768.55 2011  7 26  1 15   2455774.98 2011  8  1 11 28   2455781.40 2011  8  7 21 42
 2456373.54 2013  3 22  1  1   2456382.04 2013  3 30 12 55   2456390.53 2013  4  8  0 49
 2456978.53 2014 11 17  0 46   2456989.10 2014 11 27 14 21   2456999.66 2014 12  8  3 56
 2457583.52 2016  7 14  0 32   2457596.16 2016  7 26 15 48   2457608.79 2016  8  8  7  3
 2458188.51 2018  3 11  0 17   2458203.22 2018  3 25 17 14   2458217.92 2018  4  9 10 10
 2458793.50 2019 11  6  0  3   2458810.28 2019 11 22 18 40   2458827.05 2019 12  9 13 18
 2459398.49 2021  7  2 23 49   2459417.34 2021  7 21 20  7   2459436.18 2021  8  9 16 25
 2460003.48 2023  2 27 23 34   2460024.40 2023  3 20 21 33   2460045.31 2023  4 10 19 32
 2460608.47 2024 10 24 23 20   2460631.46 2024 11 16 23  0   2460654.44 2024 12  9 22 39
 2461213.46 2026  6 21 23  5   2461238.52 2026  7 17  0 26   2461263.57 2026  8 11  1 46
 2461818.45 2028  2 16 22 51   2461845.58 2028  3 15  1 52   2461872.70 2028  4 11  4 54
 2462423.44 2029 10 13 22 37   2462452.64 2029 11 12  3 19   2462481.83 2029 12 11  8  1
