 Predicted Transit Epochs: HD63454__ b

 Predicted Duration of a Central Transit:   146. Minutes

 Begin Transit Window           PREDICTED CENTRAL TRANSIT     End Transit Window
                                     All Times UT

                               HJD        Year M  D  H  M
 2456757.92 2014  4 10  9 59   2456758.10 2014  4 10 14 16   2456758.27 2014  4 10 18 34
 2456760.73 2014  4 13  5 37   2456760.91 2014  4 13  9 54   2456761.09 2014  4 13 14 12
 2456763.55 2014  4 16  1 14   2456763.73 2014  4 16  5 32   2456763.91 2014  4 16  9 49
 2456766.37 2014  4 18 20 52   2456766.55 2014  4 19  1  9   2456766.73 2014  4 19  5 27
 2456769.19 2014  4 21 16 29   2456769.37 2014  4 21 20 47   2456769.55 2014  4 22  1  5
 2456772.01 2014  4 24 12  7   2456772.18 2014  4 24 16 25   2456772.36 2014  4 24 20 43
 2456774.82 2014  4 27  7 44   2456775.00 2014  4 27 12  2   2456775.18 2014  4 27 16 21
 2456777.64 2014  4 30  3 22   2456777.82 2014  4 30  7 40   2456778.00 2014  4 30 11 58
 2456780.46 2014  5  2 22 59   2456780.64 2014  5  3  3 18   2456780.82 2014  5  3  7 36
 2456783.28 2014  5  5 18 37   2456783.46 2014  5  5 22 55   2456783.64 2014  5  6  3 14
 2456786.09 2014  5  8 14 14   2456786.27 2014  5  8 18 33   2456786.45 2014  5  8 22 52
 2456788.91 2014  5 11  9 52   2456789.09 2014  5 11 14 11   2456789.27 2014  5 11 18 30
 2456791.73 2014  5 14  5 29   2456791.91 2014  5 14  9 48   2456792.09 2014  5 14 14  7
 2456794.55 2014  5 17  1  7   2456794.73 2014  5 17  5 26   2456794.91 2014  5 17  9 45
 2456797.36 2014  5 19 20 44   2456797.54 2014  5 20  1  4   2456797.72 2014  5 20  5 23
 2456800.18 2014  5 22 16 22   2456800.36 2014  5 22 20 41   2456800.54 2014  5 23  1  1
 2456803.00 2014  5 25 12  0   2456803.18 2014  5 25 16 19   2456803.36 2014  5 25 20 39
 2456805.82 2014  5 28  7 37   2456806.00 2014  5 28 11 57   2456806.18 2014  5 28 16 16
 2456808.64 2014  5 31  3 15   2456808.82 2014  5 31  7 34   2456809.00 2014  5 31 11 54
 2456811.45 2014  6  2 22 52   2456811.63 2014  6  3  3 12   2456811.81 2014  6  3  7 32
 2456814.27 2014  6  5 18 30   2456814.45 2014  6  5 22 50   2456814.63 2014  6  6  3 10
 2456817.09 2014  6  8 14  7   2456817.27 2014  6  8 18 27   2456817.45 2014  6  8 22 48
 2456819.91 2014  6 11  9 45   2456820.09 2014  6 11 14  5   2456820.27 2014  6 11 18 25
 2456822.72 2014  6 14  5 22   2456822.91 2014  6 14  9 43   2456823.09 2014  6 14 14  3
 2456825.54 2014  6 17  1  0   2456825.72 2014  6 17  5 20   2456825.90 2014  6 17  9 41
 2456828.36 2014  6 19 20 37   2456828.54 2014  6 20  0 58   2456828.72 2014  6 20  5 19
 2456831.18 2014  6 22 16 15   2456831.36 2014  6 22 20 36   2456831.54 2014  6 23  0 57
 2456833.99 2014  6 25 11 52   2456834.18 2014  6 25 16 13   2456834.36 2014  6 25 20 34
 2456836.81 2014  6 28  7 30   2456836.99 2014  6 28 11 51   2456837.18 2014  6 28 16 12
 2456839.63 2014  7  1  3  7   2456839.81 2014  7  1  7 29   2456839.99 2014  7  1 11 50
 2456842.45 2014  7  3 22 45   2456842.63 2014  7  4  3  6   2456842.81 2014  7  4  7 28
 2456845.27 2014  7  6 18 22   2456845.45 2014  7  6 22 44   2456845.63 2014  7  7  3  6
 2456848.08 2014  7  9 14  0   2456848.27 2014  7  9 18 22   2456848.45 2014  7  9 22 43
 2456850.90 2014  7 12  9 37   2456851.08 2014  7 12 13 59   2456851.27 2014  7 12 18 21
 2456853.72 2014  7 15  5 15   2456853.90 2014  7 15  9 37   2456854.08 2014  7 15 13 59
 2456856.54 2014  7 18  0 53   2456856.72 2014  7 18  5 15   2456856.90 2014  7 18  9 37
 2456859.35 2014  7 20 20 30   2456859.54 2014  7 21  0 52   2456859.72 2014  7 21  5 15
 2456862.17 2014  7 23 16  8   2456862.35 2014  7 23 20 30   2456862.54 2014  7 24  0 53
 2456864.99 2014  7 26 11 45   2456865.17 2014  7 26 16  8   2456865.35 2014  7 26 20 30
 2456867.81 2014  7 29  7 23   2456867.99 2014  7 29 11 45   2456868.17 2014  7 29 16  8
 2456870.63 2014  8  1  3  0   2456870.81 2014  8  1  7 23   2456870.99 2014  8  1 11 46
 2456873.44 2014  8  3 22 38   2456873.63 2014  8  4  3  1   2456873.81 2014  8  4  7 24
 2456876.26 2014  8  6 18 15   2456876.44 2014  8  6 22 38   2456876.63 2014  8  7  3  2
 2456879.08 2014  8  9 13 53   2456879.26 2014  8  9 18 16   2456879.44 2014  8  9 22 39
 2456881.90 2014  8 12  9 30   2456882.08 2014  8 12 13 54   2456882.26 2014  8 12 18 17
 2456884.71 2014  8 15  5  8   2456884.90 2014  8 15  9 31   2456885.08 2014  8 15 13 55
 2456887.53 2014  8 18  0 45   2456887.71 2014  8 18  5  9   2456887.90 2014  8 18  9 33
 2456890.35 2014  8 20 20 23   2456890.53 2014  8 21  0 47   2456890.72 2014  8 21  5 11
 2456893.17 2014  8 23 16  0   2456893.35 2014  8 23 20 24   2456893.53 2014  8 24  0 48
 2456895.98 2014  8 26 11 38   2456896.17 2014  8 26 16  2   2456896.35 2014  8 26 20 26
 2456898.80 2014  8 29  7 15   2456898.99 2014  8 29 11 40   2456899.17 2014  8 29 16  4
 2456901.62 2014  9  1  2 53   2456901.80 2014  9  1  7 17   2456901.99 2014  9  1 11 42
 2456904.44 2014  9  3 22 30   2456904.62 2014  9  4  2 55   2456904.81 2014  9  4  7 20
 2456907.26 2014  9  6 18  8   2456907.44 2014  9  6 22 33   2456907.62 2014  9  7  2 57
 2456910.07 2014  9  9 13 46   2456910.26 2014  9  9 18 10   2456910.44 2014  9  9 22 35
 2456912.89 2014  9 12  9 23   2456913.08 2014  9 12 13 48   2456913.26 2014  9 12 18 13
 2456915.71 2014  9 15  5  1   2456915.89 2014  9 15  9 26   2456916.08 2014  9 15 13 51
 2456918.53 2014  9 18  0 38   2456918.71 2014  9 18  5  3   2456918.90 2014  9 18  9 29
 2456921.34 2014  9 20 20 16   2456921.53 2014  9 21  0 41   2456921.71 2014  9 21  5  6
 2456924.16 2014  9 23 15 53   2456924.35 2014  9 23 20 19   2456924.53 2014  9 24  0 44
 2456926.98 2014  9 26 11 31   2456927.16 2014  9 26 15 56   2456927.35 2014  9 26 20 22
 2456929.80 2014  9 29  7  8   2456929.98 2014  9 29 11 34   2456930.17 2014  9 29 16  0
 2456932.62 2014 10  2  2 46   2456932.80 2014 10  2  7 12   2456932.98 2014 10  2 11 38
 2456935.43 2014 10  4 22 23   2456935.62 2014 10  5  2 49   2456935.80 2014 10  5  7 15
 2456938.25 2014 10  7 18  1   2456938.44 2014 10  7 22 27   2456938.62 2014 10  8  2 53
 2456941.07 2014 10 10 13 38   2456941.25 2014 10 10 18  5   2456941.44 2014 10 10 22 31
 2456943.89 2014 10 13  9 16   2456944.07 2014 10 13 13 42   2456944.26 2014 10 13 18  9
 2456946.70 2014 10 16  4 53   2456946.89 2014 10 16  9 20   2456947.07 2014 10 16 13 47
 2456949.52 2014 10 19  0 31   2456949.71 2014 10 19  4 58   2456949.89 2014 10 19  9 24
 2456952.34 2014 10 21 20  8   2456952.52 2014 10 22  0 35   2456952.71 2014 10 22  5  2
 2456955.16 2014 10 24 15 46   2456955.34 2014 10 24 20 13   2456955.53 2014 10 25  0 40
 2456957.97 2014 10 27 11 23   2456958.16 2014 10 27 15 51   2456958.35 2014 10 27 20 18
 2456960.79 2014 10 30  7  1   2456960.98 2014 10 30 11 28   2456961.16 2014 10 30 15 56
 2456963.61 2014 11  2  2 39   2456963.80 2014 11  2  7  6   2456963.98 2014 11  2 11 33
 2456966.43 2014 11  4 22 16   2456966.61 2014 11  5  2 44   2456966.80 2014 11  5  7 11
 2456969.25 2014 11  7 17 54   2456969.43 2014 11  7 22 21   2456969.62 2014 11  8  2 49
 2456972.06 2014 11 10 13 31   2456972.25 2014 11 10 17 59   2456972.44 2014 11 10 22 27
 2456974.88 2014 11 13  9  9   2456975.07 2014 11 13 13 37   2456975.25 2014 11 13 18  5
 2456977.70 2014 11 16  4 46   2456977.89 2014 11 16  9 14   2456978.07 2014 11 16 13 42
 2456980.52 2014 11 19  0 24   2456980.70 2014 11 19  4 52   2456980.89 2014 11 19  9 20
 2456983.33 2014 11 21 20  1   2456983.52 2014 11 22  0 30   2456983.71 2014 11 22  4 58
 2456986.15 2014 11 24 15 39   2456986.34 2014 11 24 20  7   2456986.53 2014 11 25  0 36
 2456988.97 2014 11 27 11 16   2456989.16 2014 11 27 15 45   2456989.34 2014 11 27 20 14
 2456991.79 2014 11 30  6 54   2456991.97 2014 11 30 11 23   2456992.16 2014 11 30 15 51
 2456994.61 2014 12  3  2 31   2456994.79 2014 12  3  7  0   2456994.98 2014 12  3 11 29
 2456997.42 2014 12  5 22  9   2456997.61 2014 12  6  2 38   2456997.80 2014 12  6  7  7
 2457000.24 2014 12  8 17 46   2457000.43 2014 12  8 22 16   2457000.61 2014 12  9  2 45
 2457003.06 2014 12 11 13 24   2457003.25 2014 12 11 17 53   2457003.43 2014 12 11 22 23
 2457005.88 2014 12 14  9  1   2457006.06 2014 12 14 13 31   2457006.25 2014 12 14 18  0
 2457008.69 2014 12 17  4 39   2457008.88 2014 12 17  9  9   2457009.07 2014 12 17 13 38
 2457011.51 2014 12 20  0 16   2457011.70 2014 12 20  4 46   2457011.89 2014 12 20  9 16
 2457014.33 2014 12 22 19 54   2457014.52 2014 12 23  0 24   2457014.70 2014 12 23  4 54
 2457017.15 2014 12 25 15 32   2457017.33 2014 12 25 20  2   2457017.52 2014 12 26  0 32
 2457019.96 2014 12 28 11  9   2457020.15 2014 12 28 15 39   2457020.34 2014 12 28 20  9
 2457022.78 2014 12 31  6 47   2457022.97 2014 12 31 11 17   2457023.16 2014 12 31 15 47
 2457025.60 2015  1  3  2 24   2457025.79 2015  1  3  6 55   2457025.98 2015  1  3 11 25
 2457028.42 2015  1  5 22  2   2457028.61 2015  1  6  2 32   2457028.79 2015  1  6  7  3
 2457031.24 2015  1  8 17 39   2457031.42 2015  1  8 22 10   2457031.61 2015  1  9  2 41
 2457034.05 2015  1 11 13 17   2457034.24 2015  1 11 17 48   2457034.43 2015  1 11 22 18
 2457036.87 2015  1 14  8 54   2457037.06 2015  1 14 13 25   2457037.25 2015  1 14 17 56
 2457039.69 2015  1 17  4 32   2457039.88 2015  1 17  9  3   2457040.07 2015  1 17 13 34
 2457042.51 2015  1 20  0  9   2457042.70 2015  1 20  4 41   2457042.88 2015  1 20  9 12
 2457045.32 2015  1 22 19 47   2457045.51 2015  1 23  0 18   2457045.70 2015  1 23  4 50
 2457048.14 2015  1 25 15 24   2457048.33 2015  1 25 19 56   2457048.52 2015  1 26  0 27
 2457050.96 2015  1 28 11  2   2457051.15 2015  1 28 15 34   2457051.34 2015  1 28 20  5
 2457053.78 2015  1 31  6 39   2457053.97 2015  1 31 11 11   2457054.16 2015  1 31 15 43
 2457056.60 2015  2  3  2 17   2457056.78 2015  2  3  6 49   2457056.97 2015  2  3 11 21
 2457059.41 2015  2  5 21 54   2457059.60 2015  2  6  2 26   2457059.79 2015  2  6  6 59
 2457062.23 2015  2  8 17 32   2457062.42 2015  2  8 22  4   2457062.61 2015  2  9  2 36
 2457065.05 2015  2 11 13 10   2457065.24 2015  2 11 17 42   2457065.43 2015  2 11 22 14
 2457067.87 2015  2 14  8 47   2457068.06 2015  2 14 13 19   2457068.24 2015  2 14 17 52
 2457070.68 2015  2 17  4 25   2457070.87 2015  2 17  8 57   2457071.06 2015  2 17 13 30
 2457073.50 2015  2 20  0  2   2457073.69 2015  2 20  4 35   2457073.88 2015  2 20  9  8
 2457076.32 2015  2 22 19 40   2457076.51 2015  2 23  0 12   2457076.70 2015  2 23  4 45
 2457079.14 2015  2 25 15 17   2457079.33 2015  2 25 19 50   2457079.52 2015  2 26  0 23
 2457081.95 2015  2 28 10 55   2457082.14 2015  2 28 15 28   2457082.33 2015  2 28 20  1
 2457084.77 2015  3  3  6 32   2457084.96 2015  3  3 11  5   2457085.15 2015  3  3 15 39
 2457087.59 2015  3  6  2 10   2457087.78 2015  3  6  6 43   2457087.97 2015  3  6 11 17
 2457090.41 2015  3  8 21 47   2457090.60 2015  3  9  2 21   2457090.79 2015  3  9  6 54
 2457093.23 2015  3 11 17 25   2457093.42 2015  3 11 21 58   2457093.61 2015  3 12  2 32
 2457096.04 2015  3 14 13  2   2457096.23 2015  3 14 17 36   2457096.42 2015  3 14 22 10
 2457098.86 2015  3 17  8 40   2457099.05 2015  3 17 13 14   2457099.24 2015  3 17 17 48
 2457101.68 2015  3 20  4 17   2457101.87 2015  3 20  8 51   2457102.06 2015  3 20 13 26
 2457104.50 2015  3 22 23 55   2457104.69 2015  3 23  4 29   2457104.88 2015  3 23  9  3
 2457107.31 2015  3 25 19 32   2457107.51 2015  3 26  0  7   2457107.70 2015  3 26  4 41
 2457110.13 2015  3 28 15 10   2457110.32 2015  3 28 19 44   2457110.51 2015  3 29  0 19
 2457112.95 2015  3 31 10 47   2457113.14 2015  3 31 15 22   2457113.33 2015  3 31 19 57
 2457115.77 2015  4  3  6 25   2457115.96 2015  4  3 11  0   2457116.15 2015  4  3 15 35
 2457118.59 2015  4  6  2  3   2457118.78 2015  4  6  6 37   2457118.97 2015  4  6 11 12
 2457121.40 2015  4  8 21 40   2457121.59 2015  4  9  2 15   2457121.79 2015  4  9  6 50
 2457124.22 2015  4 11 17 18   2457124.41 2015  4 11 21 53   2457124.60 2015  4 12  2 28
 2457127.04 2015  4 14 12 55   2457127.23 2015  4 14 17 30   2457127.42 2015  4 14 22  6
 2457129.86 2015  4 17  8 33   2457130.05 2015  4 17 13  8   2457130.24 2015  4 17 17 44
 2457132.67 2015  4 20  4 10   2457132.87 2015  4 20  8 46   2457133.06 2015  4 20 13 21
 2457135.49 2015  4 22 23 48   2457135.68 2015  4 23  4 23   2457135.87 2015  4 23  8 59
 2457138.31 2015  4 25 19 25   2457138.50 2015  4 26  0  1   2457138.69 2015  4 26  4 37
 2457141.13 2015  4 28 15  3   2457141.32 2015  4 28 19 39   2457141.51 2015  4 29  0 15
 2457143.94 2015  5  1 10 40   2457144.14 2015  5  1 15 16   2457144.33 2015  5  1 19 53
 2457146.76 2015  5  4  6 18   2457146.95 2015  5  4 10 54   2457147.15 2015  5  4 15 30
 2457149.58 2015  5  7  1 55   2457149.77 2015  5  7  6 32   2457149.96 2015  5  7 11  8
 2457152.40 2015  5  9 21 33   2457152.59 2015  5 10  2  9   2457152.78 2015  5 10  6 46
 2457155.22 2015  5 12 17 10   2457155.41 2015  5 12 21 47   2457155.60 2015  5 13  2 24
 2457158.03 2015  5 15 12 48   2457158.23 2015  5 15 17 25   2457158.42 2015  5 15 22  2
 2457160.85 2015  5 18  8 25   2457161.04 2015  5 18 13  2   2457161.24 2015  5 18 17 39
 2457163.67 2015  5 21  4  3   2457163.86 2015  5 21  8 40   2457164.05 2015  5 21 13 17
 2457166.49 2015  5 23 23 40   2457166.68 2015  5 24  4 18   2457166.87 2015  5 24  8 55
 2457169.30 2015  5 26 19 18   2457169.50 2015  5 26 23 55   2457169.69 2015  5 27  4 33
 2457172.12 2015  5 29 14 56   2457172.31 2015  5 29 19 33   2457172.51 2015  5 30  0 11
 2457174.94 2015  6  1 10 33   2457175.13 2015  6  1 15 11   2457175.33 2015  6  1 19 48
 2457177.76 2015  6  4  6 11   2457177.95 2015  6  4 10 48   2457178.14 2015  6  4 15 26
 2457180.58 2015  6  7  1 48   2457180.77 2015  6  7  6 26   2457180.96 2015  6  7 11  4
 2457183.39 2015  6  9 21 26   2457183.59 2015  6 10  2  4   2457183.78 2015  6 10  6 42
 2457186.21 2015  6 12 17  3   2457186.40 2015  6 12 21 41   2457186.60 2015  6 13  2 20
 2457189.03 2015  6 15 12 41   2457189.22 2015  6 15 17 19   2457189.42 2015  6 15 21 57
 2457191.85 2015  6 18  8 18   2457192.04 2015  6 18 12 57   2457192.23 2015  6 18 17 35
 2457194.66 2015  6 21  3 56   2457194.86 2015  6 21  8 34   2457195.05 2015  6 21 13 13
 2457197.48 2015  6 23 23 33   2457197.68 2015  6 24  4 12   2457197.87 2015  6 24  8 51
 2457200.30 2015  6 26 19 11   2457200.49 2015  6 26 23 50   2457200.69 2015  6 27  4 29
 2457203.12 2015  6 29 14 48   2457203.31 2015  6 29 19 27   2457203.50 2015  6 30  0  6
 2457205.93 2015  7  2 10 26   2457206.13 2015  7  2 15  5   2457206.32 2015  7  2 19 44
 2457208.75 2015  7  5  6  3   2457208.95 2015  7  5 10 43   2457209.14 2015  7  5 15 22
 2457211.57 2015  7  8  1 41   2457211.76 2015  7  8  6 20   2457211.96 2015  7  8 11  0
 2457214.39 2015  7 10 21 18   2457214.58 2015  7 11  1 58   2457214.78 2015  7 11  6 38
 2457217.21 2015  7 13 16 56   2457217.40 2015  7 13 21 36   2457217.59 2015  7 14  2 15
 2457220.02 2015  7 16 12 33   2457220.22 2015  7 16 17 13   2457220.41 2015  7 16 21 53
 2457222.84 2015  7 19  8 11   2457223.04 2015  7 19 12 51   2457223.23 2015  7 19 17 31
 2457225.66 2015  7 22  3 49   2457225.85 2015  7 22  8 29   2457226.05 2015  7 22 13  9
 2457228.48 2015  7 24 23 26   2457228.67 2015  7 25  4  6   2457228.87 2015  7 25  8 47
 2457231.29 2015  7 27 19  4   2457231.49 2015  7 27 23 44   2457231.68 2015  7 28  4 24
 2457234.11 2015  7 30 14 41   2457234.31 2015  7 30 19 22   2457234.50 2015  7 31  0  2
 2457236.93 2015  8  2 10 19   2457237.12 2015  8  2 14 59   2457237.32 2015  8  2 19 40
 2457239.75 2015  8  5  5 56   2457239.94 2015  8  5 10 37   2457240.14 2015  8  5 15 18
 2457242.57 2015  8  8  1 34   2457242.76 2015  8  8  6 15   2457242.96 2015  8  8 10 56
 2457245.38 2015  8 10 21 11   2457245.58 2015  8 11  1 52   2457245.77 2015  8 11  6 33
 2457248.20 2015  8 13 16 49   2457248.40 2015  8 13 21 30   2457248.59 2015  8 14  2 11
 2457251.02 2015  8 16 12 26   2457251.21 2015  8 16 17  8   2457251.41 2015  8 16 21 49
 2457253.84 2015  8 19  8  4   2457254.03 2015  8 19 12 45   2457254.23 2015  8 19 17 27
 2457256.65 2015  8 22  3 41   2457256.85 2015  8 22  8 23   2457257.05 2015  8 22 13  5
 2457259.47 2015  8 24 23 19   2457259.67 2015  8 25  4  1   2457259.86 2015  8 25  8 42
 2457262.29 2015  8 27 18 56   2457262.49 2015  8 27 23 38   2457262.68 2015  8 28  4 20
 2457265.11 2015  8 30 14 34   2457265.30 2015  8 30 19 16   2457265.50 2015  8 30 23 58
 2457267.92 2015  9  2 10 11   2457268.12 2015  9  2 14 54   2457268.32 2015  9  2 19 36
 2457270.74 2015  9  5  5 49   2457270.94 2015  9  5 10 31   2457271.13 2015  9  5 15 14
 2457273.56 2015  9  8  1 26   2457273.76 2015  9  8  6  9   2457273.95 2015  9  8 10 51
 2457276.38 2015  9 10 21  4   2457276.57 2015  9 11  1 47   2457276.77 2015  9 11  6 29
 2457279.20 2015  9 13 16 42   2457279.39 2015  9 13 21 24   2457279.59 2015  9 14  2  7
 2457282.01 2015  9 16 12 19   2457282.21 2015  9 16 17  2   2457282.41 2015  9 16 21 45
 2457284.83 2015  9 19  7 57   2457285.03 2015  9 19 12 40   2457285.22 2015  9 19 17 23
 2457287.65 2015  9 22  3 34   2457287.85 2015  9 22  8 17   2457288.04 2015  9 22 13  0
 2457290.47 2015  9 24 23 12   2457290.66 2015  9 25  3 55   2457290.86 2015  9 25  8 38
 2457293.28 2015  9 27 18 49   2457293.48 2015  9 27 23 33   2457293.68 2015  9 28  4 16
 2457296.10 2015  9 30 14 27   2457296.30 2015  9 30 19 10   2457296.50 2015  9 30 23 54
 2457298.92 2015 10  3 10  4   2457299.12 2015 10  3 14 48   2457299.31 2015 10  3 19 32
 2457301.74 2015 10  6  5 42   2457301.93 2015 10  6 10 26   2457302.13 2015 10  6 15  9
 2457304.56 2015 10  9  1 19   2457304.75 2015 10  9  6  3   2457304.95 2015 10  9 10 47
 2457307.37 2015 10 11 20 57   2457307.57 2015 10 12  1 41   2457307.77 2015 10 12  6 25
 2457310.19 2015 10 14 16 34   2457310.39 2015 10 14 21 19   2457310.59 2015 10 15  2  3
 2457313.01 2015 10 17 12 12   2457313.21 2015 10 17 16 56   2457313.40 2015 10 17 21 41
 2457315.83 2015 10 20  7 49   2457316.02 2015 10 20 12 34   2457316.22 2015 10 20 17 18
 2457318.64 2015 10 23  3 27   2457318.84 2015 10 23  8 12   2457319.04 2015 10 23 12 56
 2457321.46 2015 10 25 23  4   2457321.66 2015 10 26  3 49   2457321.86 2015 10 26  8 34
 2457324.28 2015 10 28 18 42   2457324.48 2015 10 28 23 27   2457324.68 2015 10 29  4 12
 2457327.10 2015 10 31 14 20   2457327.30 2015 10 31 19  5   2457327.49 2015 10 31 23 50
 2457329.91 2015 11  3  9 57   2457330.11 2015 11  3 14 42   2457330.31 2015 11  3 19 27
 2457332.73 2015 11  6  5 35   2457332.93 2015 11  6 10 20   2457333.13 2015 11  6 15  5
 2457335.55 2015 11  9  1 12   2457335.75 2015 11  9  5 58   2457335.95 2015 11  9 10 43
 2457338.37 2015 11 11 20 50   2457338.57 2015 11 12  1 35   2457338.76 2015 11 12  6 21
 2457341.19 2015 11 14 16 27   2457341.38 2015 11 14 21 13   2457341.58 2015 11 15  1 59
 2457344.00 2015 11 17 12  5   2457344.20 2015 11 17 16 51   2457344.40 2015 11 17 21 36
 2457346.82 2015 11 20  7 42   2457347.02 2015 11 20 12 28   2457347.22 2015 11 20 17 14
 2457349.64 2015 11 23  3 20   2457349.84 2015 11 23  8  6   2457350.04 2015 11 23 12 52
 2457352.46 2015 11 25 22 57   2457352.66 2015 11 26  3 44   2457352.85 2015 11 26  8 30
 2457355.27 2015 11 28 18 35   2457355.47 2015 11 28 23 21   2457355.67 2015 11 29  4  8
 2457358.09 2015 12  1 14 12   2457358.29 2015 12  1 18 59   2457358.49 2015 12  1 23 45
 2457360.91 2015 12  4  9 50   2457361.11 2015 12  4 14 37   2457361.31 2015 12  4 19 23
 2457363.73 2015 12  7  5 27   2457363.93 2015 12  7 10 14   2457364.13 2015 12  7 15  1
 2457366.55 2015 12 10  1  5   2457366.74 2015 12 10  5 52   2457366.94 2015 12 10 10 39
 2457369.36 2015 12 12 20 42   2457369.56 2015 12 13  1 29   2457369.76 2015 12 13  6 17
 2457372.18 2015 12 15 16 20   2457372.38 2015 12 15 21  7   2457372.58 2015 12 16  1 54
 2457375.00 2015 12 18 11 57   2457375.20 2015 12 18 16 45   2457375.40 2015 12 18 21 32
 2457377.82 2015 12 21  7 35   2457378.02 2015 12 21 12 22   2457378.22 2015 12 21 17 10
 2457380.63 2015 12 24  3 13   2457380.83 2015 12 24  8  0   2457381.03 2015 12 24 12 48
 2457383.45 2015 12 26 22 50   2457383.65 2015 12 27  3 38   2457383.85 2015 12 27  8 26
 2457386.27 2015 12 29 18 28   2457386.47 2015 12 29 23 15   2457386.67 2015 12 30  4  3
 2457389.09 2016  1  1 14  5   2457389.29 2016  1  1 18 53   2457389.49 2016  1  1 23 41
 2457391.90 2016  1  4  9 43   2457392.11 2016  1  4 14 31   2457392.31 2016  1  4 19 19
 2457394.72 2016  1  7  5 20   2457394.92 2016  1  7 10  8   2457395.12 2016  1  7 14 57
 2457397.54 2016  1 10  0 58   2457397.74 2016  1 10  5 46   2457397.94 2016  1 10 10 35
 2457400.36 2016  1 12 20 35   2457400.56 2016  1 13  1 24   2457400.76 2016  1 13  6 12
 2457403.18 2016  1 15 16 13   2457403.38 2016  1 15 21  1   2457403.58 2016  1 16  1 50
 2457405.99 2016  1 18 11 50   2457406.19 2016  1 18 16 39   2457406.39 2016  1 18 21 28
 2457408.81 2016  1 21  7 28   2457409.01 2016  1 21 12 17   2457409.21 2016  1 21 17  6
 2457411.63 2016  1 24  3  5   2457411.83 2016  1 24  7 54   2457412.03 2016  1 24 12 44
 2457414.45 2016  1 26 22 43   2457414.65 2016  1 27  3 32   2457414.85 2016  1 27  8 21
 2457417.26 2016  1 29 18 20   2457417.47 2016  1 29 23 10   2457417.67 2016  1 30  3 59
 2457420.08 2016  2  1 13 58   2457420.28 2016  2  1 18 47   2457420.48 2016  2  1 23 37
 2457422.90 2016  2  4  9 35   2457423.10 2016  2  4 14 25   2457423.30 2016  2  4 19 15
 2457425.72 2016  2  7  5 13   2457425.92 2016  2  7 10  3   2457426.12 2016  2  7 14 53
 2457428.54 2016  2 10  0 50   2457428.74 2016  2 10  5 40   2457428.94 2016  2 10 10 30
 2457431.35 2016  2 12 20 28   2457431.55 2016  2 13  1 18   2457431.76 2016  2 13  6  8
 2457434.17 2016  2 15 16  6   2457434.37 2016  2 15 20 56   2457434.57 2016  2 16  1 46
 2457436.99 2016  2 18 11 43   2457437.19 2016  2 18 16 33   2457437.39 2016  2 18 21 24
 2457439.81 2016  2 21  7 21   2457440.01 2016  2 21 12 11   2457440.21 2016  2 21 17  2
 2457442.62 2016  2 24  2 58   2457442.83 2016  2 24  7 49   2457443.03 2016  2 24 12 39
 2457445.44 2016  2 26 22 36   2457445.64 2016  2 27  3 26   2457445.85 2016  2 27  8 17
 2457448.26 2016  2 29 18 13   2457448.46 2016  2 29 23  4   2457448.66 2016  3  1  3 55
 2457451.08 2016  3  3 13 51   2457451.28 2016  3  3 18 42   2457451.48 2016  3  3 23 33
 2457453.89 2016  3  6  9 28   2457454.10 2016  3  6 14 19   2457454.30 2016  3  6 19 11
 2457456.71 2016  3  9  5  6   2457456.91 2016  3  9  9 57   2457457.12 2016  3  9 14 48
 2457459.53 2016  3 12  0 43   2457459.73 2016  3 12  5 35   2457459.94 2016  3 12 10 26
 2457462.35 2016  3 14 20 21   2457462.55 2016  3 15  1 12   2457462.75 2016  3 15  6  4
 2457465.17 2016  3 17 15 58   2457465.37 2016  3 17 20 50   2457465.57 2016  3 18  1 42
 2457467.98 2016  3 20 11 36   2457468.19 2016  3 20 16 28   2457468.39 2016  3 20 21 20
 2457470.80 2016  3 23  7 13   2457471.00 2016  3 23 12  5   2457471.21 2016  3 23 16 57
 2457473.62 2016  3 26  2 51   2457473.82 2016  3 26  7 43   2457474.02 2016  3 26 12 35
 2457476.44 2016  3 28 22 28   2457476.64 2016  3 29  3 21   2457476.84 2016  3 29  8 13
 2457479.25 2016  3 31 18  6   2457479.46 2016  3 31 22 58   2457479.66 2016  4  1  3 51
 2457482.07 2016  4  3 13 43   2457482.28 2016  4  3 18 36   2457482.48 2016  4  3 23 29
 2457484.89 2016  4  6  9 21   2457485.09 2016  4  6 14 14   2457485.30 2016  4  6 19  6
 2457487.71 2016  4  9  4 59   2457487.91 2016  4  9  9 51   2457488.11 2016  4  9 14 44
 2457490.53 2016  4 12  0 36   2457490.73 2016  4 12  5 29   2457490.93 2016  4 12 10 22
 2457493.34 2016  4 14 20 14   2457493.55 2016  4 15  1  7   2457493.75 2016  4 15  6  0
 2457496.16 2016  4 17 15 51   2457496.36 2016  4 17 20 44   2457496.57 2016  4 18  1 38
 2457498.98 2016  4 20 11 29   2457499.18 2016  4 20 16 22   2457499.39 2016  4 20 21 15
 2457501.80 2016  4 23  7  6   2457502.00 2016  4 23 12  0   2457502.20 2016  4 23 16 53
 2457504.61 2016  4 26  2 44   2457504.82 2016  4 26  7 37   2457505.02 2016  4 26 12 31
 2457507.43 2016  4 28 22 21   2457507.64 2016  4 29  3 15   2457507.84 2016  4 29  8  9
 2457510.25 2016  5  1 17 59   2457510.45 2016  5  1 22 53   2457510.66 2016  5  2  3 47
 2457513.07 2016  5  4 13 36   2457513.27 2016  5  4 18 30   2457513.48 2016  5  4 23 24
 2457515.88 2016  5  7  9 14   2457516.09 2016  5  7 14  8   2457516.29 2016  5  7 19  2
 2457518.70 2016  5 10  4 51   2457518.91 2016  5 10  9 46   2457519.11 2016  5 10 14 40
 2457521.52 2016  5 13  0 29   2457521.72 2016  5 13  5 23   2457521.93 2016  5 13 10 18
 2457524.34 2016  5 15 20  6   2457524.54 2016  5 16  1  1   2457524.75 2016  5 16  5 56
 2457527.16 2016  5 18 15 44   2457527.36 2016  5 18 20 39   2457527.57 2016  5 19  1 33
 2457529.97 2016  5 21 11 21   2457530.18 2016  5 21 16 16   2457530.38 2016  5 21 21 11
 2457532.79 2016  5 24  6 59   2457533.00 2016  5 24 11 54   2457533.20 2016  5 24 16 49
 2457535.61 2016  5 27  2 36   2457535.81 2016  5 27  7 32   2457536.02 2016  5 27 12 27
 2457538.43 2016  5 29 22 14   2457538.63 2016  5 30  3  9   2457538.84 2016  5 30  8  5
 2457541.24 2016  6  1 17 52   2457541.45 2016  6  1 22 47   2457541.65 2016  6  2  3 42
 2457544.06 2016  6  4 13 29   2457544.27 2016  6  4 18 25   2457544.47 2016  6  4 23 20
 2457546.88 2016  6  7  9  7   2457547.09 2016  6  7 14  2   2457547.29 2016  6  7 18 58
 2457549.70 2016  6 10  4 44   2457549.90 2016  6 10  9 40   2457550.11 2016  6 10 14 36
 2457552.52 2016  6 13  0 22   2457552.72 2016  6 13  5 18   2457552.93 2016  6 13 10 14
 2457555.33 2016  6 15 19 59   2457555.54 2016  6 16  0 55   2457555.74 2016  6 16  5 51
 2457558.15 2016  6 18 15 37   2457558.36 2016  6 18 20 33   2457558.56 2016  6 19  1 29
 2457560.97 2016  6 21 11 14   2457561.17 2016  6 21 16 11   2457561.38 2016  6 21 21  7
 2457563.79 2016  6 24  6 52   2457563.99 2016  6 24 11 48   2457564.20 2016  6 24 16 45
 2457566.60 2016  6 27  2 29   2457566.81 2016  6 27  7 26   2457567.02 2016  6 27 12 23
 2457569.42 2016  6 29 22  7   2457569.63 2016  6 30  3  4   2457569.83 2016  6 30  8  0
 2457572.24 2016  7  2 17 44   2457572.45 2016  7  2 22 41   2457572.65 2016  7  3  3 38
 2457575.06 2016  7  5 13 22   2457575.26 2016  7  5 18 19   2457575.47 2016  7  5 23 16
 2457577.87 2016  7  8  8 59   2457578.08 2016  7  8 13 57   2457578.29 2016  7  8 18 54
 2457580.69 2016  7 11  4 37   2457580.90 2016  7 11  9 34   2457581.11 2016  7 11 14 32
 2457583.51 2016  7 14  0 14   2457583.72 2016  7 14  5 12   2457583.92 2016  7 14 10  9
 2457586.33 2016  7 16 19 52   2457586.53 2016  7 17  0 50   2457586.74 2016  7 17  5 47
 2457589.15 2016  7 19 15 30   2457589.35 2016  7 19 20 27   2457589.56 2016  7 20  1 25
 2457591.96 2016  7 22 11  7   2457592.17 2016  7 22 16  5   2457592.38 2016  7 22 21  3
 2457594.78 2016  7 25  6 45   2457594.99 2016  7 25 11 43   2457595.20 2016  7 25 16 41
 2457597.60 2016  7 28  2 22   2457597.81 2016  7 28  7 20   2457598.01 2016  7 28 12 18
 2457600.42 2016  7 30 22  0   2457600.62 2016  7 31  2 58   2457600.83 2016  7 31  7 56
 2457603.23 2016  8  2 17 37   2457603.44 2016  8  2 22 36   2457603.65 2016  8  3  3 34
 2457606.05 2016  8  5 13 15   2457606.26 2016  8  5 18 13   2457606.47 2016  8  5 23 12
 2457608.87 2016  8  8  8 52   2457609.08 2016  8  8 13 51   2457609.28 2016  8  8 18 50
