 Predicted Transit Epochs: HD6434___ b

 Predicted Duration of a Central Transit:   306. Minutes

 Begin Transit Window           PREDICTED CENTRAL TRANSIT     End Transit Window
                                     All Times UT

                               HJD        Year M  D  H  M
 2454478.27 2008  1 12 18 35   2454479.52 2008  1 14  0 35   2454480.77 2008  1 15  6 35
 2454500.27 2008  2  3 18 26   2454501.52 2008  2  5  0 32   2454502.78 2008  2  6  6 37
 2454522.26 2008  2 25 18 18   2454523.52 2008  2 27  0 29   2454524.78 2008  2 28  6 40
 2454544.26 2008  3 18 18  9   2454545.52 2008  3 20  0 26   2454546.78 2008  3 21  6 43
 2454566.25 2008  4  9 18  0   2454567.52 2008  4 11  0 23   2454568.78 2008  4 12  6 46
 2454588.24 2008  5  1 17 52   2454589.51 2008  5  3  0 20   2454590.78 2008  5  4  6 49
 2454610.24 2008  5 23 17 43   2454611.51 2008  5 25  0 17   2454612.79 2008  5 26  6 52
 2454632.23 2008  6 14 17 34   2454633.51 2008  6 16  0 15   2454634.79 2008  6 17  6 55
 2454654.23 2008  7  6 17 26   2454655.51 2008  7  8  0 12   2454656.79 2008  7  9  6 58
 2454676.22 2008  7 28 17 17   2454677.51 2008  7 30  0  9   2454678.79 2008  7 31  7  0
 2454698.21 2008  8 19 17  9   2454699.50 2008  8 21  0  6   2454700.79 2008  8 22  7  3
 2454720.21 2008  9 10 17  0   2454721.50 2008  9 12  0  3   2454722.80 2008  9 13  7  6
 2454742.20 2008 10  2 16 51   2454743.50 2008 10  4  0  0   2454744.80 2008 10  5  7  9
 2454764.20 2008 10 24 16 43   2454765.50 2008 10 25 23 57   2454766.80 2008 10 27  7 12
 2454786.19 2008 11 15 16 34   2454787.50 2008 11 16 23 54   2454788.80 2008 11 18  7 15
 2454808.18 2008 12  7 16 25   2454809.49 2008 12  8 23 52   2454810.80 2008 12 10  7 18
 2454830.18 2008 12 29 16 17   2454831.49 2008 12 30 23 49   2454832.81 2009  1  1  7 21
 2454852.17 2009  1 20 16  8   2454853.49 2009  1 21 23 46   2454854.81 2009  1 23  7 24
 2454874.17 2009  2 11 15 59   2454875.49 2009  2 12 23 43   2454876.81 2009  2 14  7 26
 2454896.16 2009  3  5 15 51   2454897.49 2009  3  6 23 40   2454898.81 2009  3  8  7 29
 2454918.15 2009  3 27 15 42   2454919.48 2009  3 28 23 37   2454920.81 2009  3 30  7 32
 2454940.15 2009  4 18 15 33   2454941.48 2009  4 19 23 34   2454942.82 2009  4 21  7 35
 2454962.14 2009  5 10 15 25   2454963.48 2009  5 11 23 31   2454964.82 2009  5 13  7 38
 2454984.14 2009  6  1 15 16   2454985.48 2009  6  2 23 29   2454986.82 2009  6  4  7 41
 2455006.13 2009  6 23 15  8   2455007.48 2009  6 24 23 26   2455008.82 2009  6 26  7 44
 2455028.12 2009  7 15 14 59   2455029.47 2009  7 16 23 23   2455030.82 2009  7 18  7 47
 2455050.12 2009  8  6 14 50   2455051.47 2009  8  7 23 20   2455052.83 2009  8  9  7 49
 2455072.11 2009  8 28 14 42   2455073.47 2009  8 29 23 17   2455074.83 2009  8 31  7 52
 2455094.11 2009  9 19 14 33   2455095.47 2009  9 20 23 14   2455096.83 2009  9 22  7 55
 2455116.10 2009 10 11 14 24   2455117.47 2009 10 12 23 11   2455118.83 2009 10 14  7 58
 2455138.09 2009 11  2 14 16   2455139.46 2009 11  3 23  8   2455140.83 2009 11  5  8  1
 2455160.09 2009 11 24 14  7   2455161.46 2009 11 25 23  5   2455162.84 2009 11 27  8  4
 2455182.08 2009 12 16 13 58   2455183.46 2009 12 17 23  3   2455184.84 2009 12 19  8  7
 2455204.08 2010  1  7 13 50   2455205.46 2010  1  8 23  0   2455206.84 2010  1 10  8 10
 2455226.07 2010  1 29 13 41   2455227.46 2010  1 30 22 57   2455228.84 2010  2  1  8 12
 2455248.06 2010  2 20 13 33   2455249.45 2010  2 21 22 54   2455250.84 2010  2 23  8 15
 2455270.06 2010  3 14 13 24   2455271.45 2010  3 15 22 51   2455272.85 2010  3 17  8 18
 2455292.05 2010  4  5 13 15   2455293.45 2010  4  6 22 48   2455294.85 2010  4  8  8 21
 2455314.05 2010  4 27 13  7   2455315.45 2010  4 28 22 45   2455316.85 2010  4 30  8 24
 2455336.04 2010  5 19 12 58   2455337.45 2010  5 20 22 42   2455338.85 2010  5 22  8 27
 2455358.03 2010  6 10 12 49   2455359.44 2010  6 11 22 40   2455360.85 2010  6 13  8 30
 2455380.03 2010  7  2 12 41   2455381.44 2010  7  3 22 37   2455382.86 2010  7  5  8 33
 2455402.02 2010  7 24 12 32   2455403.44 2010  7 25 22 34   2455404.86 2010  7 27  8 36
 2455424.02 2010  8 15 12 23   2455425.44 2010  8 16 22 31   2455426.86 2010  8 18  8 38
 2455446.01 2010  9  6 12 15   2455447.44 2010  9  7 22 28   2455448.86 2010  9  9  8 41
 2455468.00 2010  9 28 12  6   2455469.43 2010  9 29 22 25   2455470.86 2010 10  1  8 44
 2455490.00 2010 10 20 11 57   2455491.43 2010 10 21 22 22   2455492.87 2010 10 23  8 47
 2455511.99 2010 11 11 11 49   2455513.43 2010 11 12 22 19   2455514.87 2010 11 14  8 50
 2455533.99 2010 12  3 11 40   2455535.43 2010 12  4 22 17   2455536.87 2010 12  6  8 53
 2455555.98 2010 12 25 11 32   2455557.43 2010 12 26 22 14   2455558.87 2010 12 28  8 56
 2455577.97 2011  1 16 11 23   2455579.42 2011  1 17 22 11   2455580.87 2011  1 19  8 59
 2455599.97 2011  2  7 11 14   2455601.42 2011  2  8 22  8   2455602.88 2011  2 10  9  1
 2455621.96 2011  3  1 11  6   2455623.42 2011  3  2 22  5   2455624.88 2011  3  4  9  4
 2455643.96 2011  3 23 10 57   2455645.42 2011  3 24 22  2   2455646.88 2011  3 26  9  7
 2455665.95 2011  4 14 10 48   2455667.42 2011  4 15 21 59   2455668.88 2011  4 17  9 10
 2455687.94 2011  5  6 10 40   2455689.41 2011  5  7 21 56   2455690.88 2011  5  9  9 13
 2455709.94 2011  5 28 10 31   2455711.41 2011  5 29 21 53   2455712.89 2011  5 31  9 16
 2455731.93 2011  6 19 10 22   2455733.41 2011  6 20 21 51   2455734.89 2011  6 22  9 19
 2455753.93 2011  7 11 10 14   2455755.41 2011  7 12 21 48   2455756.89 2011  7 14  9 22
 2455775.92 2011  8  2 10  5   2455777.41 2011  8  3 21 45   2455778.89 2011  8  5  9 24
 2455797.91 2011  8 24  9 57   2455799.40 2011  8 25 21 42   2455800.89 2011  8 27  9 27
 2455819.91 2011  9 15  9 48   2455821.40 2011  9 16 21 39   2455822.90 2011  9 18  9 30
 2455841.90 2011 10  7  9 39   2455843.40 2011 10  8 21 36   2455844.90 2011 10 10  9 33
 2455863.90 2011 10 29  9 31   2455865.40 2011 10 30 21 33   2455866.90 2011 11  1  9 36
 2455885.89 2011 11 20  9 22   2455887.40 2011 11 21 21 30   2455888.90 2011 11 23  9 39
 2455907.88 2011 12 12  9 13   2455909.39 2011 12 13 21 28   2455910.90 2011 12 15  9 42
 2455929.88 2012  1  3  9  5   2455931.39 2012  1  4 21 25   2455932.91 2012  1  6  9 45
 2455951.87 2012  1 25  8 56   2455953.39 2012  1 26 21 22   2455954.91 2012  1 28  9 48
 2455973.87 2012  2 16  8 47   2455975.39 2012  2 17 21 19   2455976.91 2012  2 19  9 50
 2455995.86 2012  3  9  8 39   2455997.39 2012  3 10 21 16   2455998.91 2012  3 12  9 53
 2456017.85 2012  3 31  8 30   2456019.38 2012  4  1 21 13   2456020.91 2012  4  3  9 56
 2456039.85 2012  4 22  8 21   2456041.38 2012  4 23 21 10   2456042.92 2012  4 25  9 59
 2456061.84 2012  5 14  8 13   2456063.38 2012  5 15 21  7   2456064.92 2012  5 17 10  2
 2456083.84 2012  6  5  8  4   2456085.38 2012  6  6 21  5   2456086.92 2012  6  8 10  5
 2456105.83 2012  6 27  7 56   2456107.38 2012  6 28 21  2   2456108.92 2012  6 30 10  8
 2456127.82 2012  7 19  7 47   2456129.37 2012  7 20 20 59   2456130.92 2012  7 22 10 11
 2456149.82 2012  8 10  7 38   2456151.37 2012  8 11 20 56   2456152.93 2012  8 13 10 13
 2456171.81 2012  9  1  7 30   2456173.37 2012  9  2 20 53   2456174.93 2012  9  4 10 16
 2456193.81 2012  9 23  7 21   2456195.37 2012  9 24 20 50   2456196.93 2012  9 26 10 19
 2456215.80 2012 10 15  7 12   2456217.37 2012 10 16 20 47   2456218.93 2012 10 18 10 22
 2456237.79 2012 11  6  7  4   2456239.36 2012 11  7 20 44   2456240.93 2012 11  9 10 25
 2456259.79 2012 11 28  6 55   2456261.36 2012 11 29 20 41   2456262.94 2012 12  1 10 28
 2456281.78 2012 12 20  6 46   2456283.36 2012 12 21 20 39   2456284.94 2012 12 23 10 31
 2456303.78 2013  1 11  6 38   2456305.36 2013  1 12 20 36   2456306.94 2013  1 14 10 34
 2456325.77 2013  2  2  6 29   2456327.36 2013  2  3 20 33   2456328.94 2013  2  5 10 36
 2456347.76 2013  2 24  6 21   2456349.35 2013  2 25 20 30   2456350.94 2013  2 27 10 39
 2456369.76 2013  3 18  6 12   2456371.35 2013  3 19 20 27   2456372.95 2013  3 21 10 42
 2456391.75 2013  4  9  6  3   2456393.35 2013  4 10 20 24   2456394.95 2013  4 12 10 45
 2456413.75 2013  5  1  5 55   2456415.35 2013  5  2 20 21   2456416.95 2013  5  4 10 48
 2456435.74 2013  5 23  5 46   2456437.35 2013  5 24 20 18   2456438.95 2013  5 26 10 51
 2456457.73 2013  6 14  5 37   2456459.34 2013  6 15 20 16   2456460.95 2013  6 17 10 54
 2456479.73 2013  7  6  5 29   2456481.34 2013  7  7 20 13   2456482.96 2013  7  9 10 57
 2456501.72 2013  7 28  5 20   2456503.34 2013  7 29 20 10   2456504.96 2013  7 31 11  0
 2456523.72 2013  8 19  5 11   2456525.34 2013  8 20 20  7   2456526.96 2013  8 22 11  2
 2456545.71 2013  9 10  5  3   2456547.34 2013  9 11 20  4   2456548.96 2013  9 13 11  5
 2456567.70 2013 10  2  4 54   2456569.33 2013 10  3 20  1   2456570.96 2013 10  5 11  8
 2456589.70 2013 10 24  4 45   2456591.33 2013 10 25 19 58   2456592.97 2013 10 27 11 11
 2456611.69 2013 11 15  4 37   2456613.33 2013 11 16 19 55   2456614.97 2013 11 18 11 14
 2456633.69 2013 12  7  4 28   2456635.33 2013 12  8 19 53   2456636.97 2013 12 10 11 17
 2456655.68 2013 12 29  4 20   2456657.33 2013 12 30 19 50   2456658.97 2014  1  1 11 20
 2456677.67 2014  1 20  4 11   2456679.32 2014  1 21 19 47   2456680.97 2014  1 23 11 23
 2456699.67 2014  2 11  4  2   2456701.32 2014  2 12 19 44   2456702.98 2014  2 14 11 25
 2456721.66 2014  3  5  3 54   2456723.32 2014  3  6 19 41   2456724.98 2014  3  8 11 28
 2456743.66 2014  3 27  3 45   2456745.32 2014  3 28 19 38   2456746.98 2014  3 30 11 31
 2456765.65 2014  4 18  3 36   2456767.32 2014  4 19 19 35   2456768.98 2014  4 21 11 34
 2456787.64 2014  5 10  3 28   2456789.31 2014  5 11 19 32   2456790.98 2014  5 13 11 37
 2456809.64 2014  6  1  3 19   2456811.31 2014  6  2 19 29   2456812.99 2014  6  4 11 40
 2456831.63 2014  6 23  3 10   2456833.31 2014  6 24 19 27   2456834.99 2014  6 26 11 43
 2456853.63 2014  7 15  3  2   2456855.31 2014  7 16 19 24   2456856.99 2014  7 18 11 46
 2456875.62 2014  8  6  2 53   2456877.31 2014  8  7 19 21   2456878.99 2014  8  9 11 48
 2456897.61 2014  8 28  2 45   2456899.30 2014  8 29 19 18   2456900.99 2014  8 31 11 51
 2456919.61 2014  9 19  2 36   2456921.30 2014  9 20 19 15   2456923.00 2014  9 22 11 54
 2456941.60 2014 10 11  2 27   2456943.30 2014 10 12 19 12   2456945.00 2014 10 14 11 57
 2456963.60 2014 11  2  2 19   2456965.30 2014 11  3 19  9   2456967.00 2014 11  5 12  0
 2456985.59 2014 11 24  2 10   2456987.30 2014 11 25 19  6   2456989.00 2014 11 27 12  3
 2457007.58 2014 12 16  2  1   2457009.29 2014 12 17 19  4   2457011.00 2014 12 19 12  6
 2457029.58 2015  1  7  1 53   2457031.29 2015  1  8 19  1   2457033.01 2015  1 10 12  9
 2457051.57 2015  1 29  1 44   2457053.29 2015  1 30 18 58   2457055.01 2015  2  1 12 12
 2457073.57 2015  2 20  1 35   2457075.29 2015  2 21 18 55   2457077.01 2015  2 23 12 14
 2457095.56 2015  3 14  1 27   2457097.29 2015  3 15 18 52   2457099.01 2015  3 17 12 17
 2457117.55 2015  4  5  1 18   2457119.28 2015  4  6 18 49   2457121.01 2015  4  8 12 20
 2457139.55 2015  4 27  1  9   2457141.28 2015  4 28 18 46   2457143.02 2015  4 30 12 23
 2457161.54 2015  5 19  1  1   2457163.28 2015  5 20 18 43   2457165.02 2015  5 22 12 26
 2457183.54 2015  6 10  0 52   2457185.28 2015  6 11 18 41   2457187.02 2015  6 13 12 29
 2457205.53 2015  7  2  0 44   2457207.28 2015  7  3 18 38   2457209.02 2015  7  5 12 32
 2457227.52 2015  7 24  0 35   2457229.27 2015  7 25 18 35   2457231.02 2015  7 27 12 35
 2457249.52 2015  8 15  0 26   2457251.27 2015  8 16 18 32   2457253.03 2015  8 18 12 37
 2457271.51 2015  9  6  0 18   2457273.27 2015  9  7 18 29   2457275.03 2015  9  9 12 40
 2457293.51 2015  9 28  0  9   2457295.27 2015  9 29 18 26   2457297.03 2015 10  1 12 43
 2457315.50 2015 10 20  0  0   2457317.27 2015 10 21 18 23   2457319.03 2015 10 23 12 46
 2457337.49 2015 11 10 23 52   2457339.26 2015 11 12 18 20   2457341.03 2015 11 14 12 49
 2457359.49 2015 12  2 23 43   2457361.26 2015 12  4 18 17   2457363.04 2015 12  6 12 52
 2457381.48 2015 12 24 23 34   2457383.26 2015 12 26 18 15   2457385.04 2015 12 28 12 55
 2457403.48 2016  1 15 23 26   2457405.26 2016  1 17 18 12   2457407.04 2016  1 19 12 58
 2457425.47 2016  2  6 23 17   2457427.26 2016  2  8 18  9   2457429.04 2016  2 10 13  0
 2457447.46 2016  2 28 23  9   2457449.25 2016  3  1 18  6   2457451.04 2016  3  3 13  3
 2457469.46 2016  3 21 23  0   2457471.25 2016  3 23 18  3   2457473.05 2016  3 25 13  6
 2457491.45 2016  4 12 22 51   2457493.25 2016  4 14 18  0   2457495.05 2016  4 16 13  9
 2457513.45 2016  5  4 22 43   2457515.25 2016  5  6 17 57   2457517.05 2016  5  8 13 12
 2457535.44 2016  5 26 22 34   2457537.25 2016  5 28 17 54   2457539.05 2016  5 30 13 15
 2457557.43 2016  6 17 22 25   2457559.24 2016  6 19 17 52   2457561.05 2016  6 21 13 18
 2457579.43 2016  7  9 22 17   2457581.24 2016  7 11 17 49   2457583.06 2016  7 13 13 21
 2457601.42 2016  7 31 22  8   2457603.24 2016  8  2 17 46   2457605.06 2016  8  4 13 24
 2457623.42 2016  8 22 21 59   2457625.24 2016  8 24 17 43   2457627.06 2016  8 26 13 26
 2457645.41 2016  9 13 21 51   2457647.24 2016  9 15 17 40   2457649.06 2016  9 17 13 29
 2457667.40 2016 10  5 21 42   2457669.23 2016 10  7 17 37   2457671.06 2016 10  9 13 32
 2457689.40 2016 10 27 21 33   2457691.23 2016 10 29 17 34   2457693.07 2016 10 31 13 35
 2457711.39 2016 11 18 21 25   2457713.23 2016 11 20 17 31   2457715.07 2016 11 22 13 38
 2457733.39 2016 12 10 21 16   2457735.23 2016 12 12 17 29   2457737.07 2016 12 14 13 41
 2457755.38 2017  1  1 21  8   2457757.23 2017  1  3 17 26   2457759.07 2017  1  5 13 44
 2457777.37 2017  1 23 20 59   2457779.22 2017  1 25 17 23   2457781.07 2017  1 27 13 47
 2457799.37 2017  2 14 20 50   2457801.22 2017  2 16 17 20   2457803.08 2017  2 18 13 49
 2457821.36 2017  3  8 20 42   2457823.22 2017  3 10 17 17   2457825.08 2017  3 12 13 52
 2457843.36 2017  3 30 20 33   2457845.22 2017  4  1 17 14   2457847.08 2017  4  3 13 55
 2457865.35 2017  4 21 20 24   2457867.22 2017  4 23 17 11   2457869.08 2017  4 25 13 58
 2457887.34 2017  5 13 20 16   2457889.21 2017  5 15 17  8   2457891.08 2017  5 17 14  1
 2457909.34 2017  6  4 20  7   2457911.21 2017  6  6 17  5   2457913.09 2017  6  8 14  4
 2457931.33 2017  6 26 19 58   2457933.21 2017  6 28 17  3   2457935.09 2017  6 30 14  7
 2457953.33 2017  7 18 19 50   2457955.21 2017  7 20 17  0   2457957.09 2017  7 22 14 10
 2457975.32 2017  8  9 19 41   2457977.21 2017  8 11 16 57   2457979.09 2017  8 13 14 12
 2457997.31 2017  8 31 19 33   2457999.20 2017  9  2 16 54   2458001.09 2017  9  4 14 15
 2458019.31 2017  9 22 19 24   2458021.20 2017  9 24 16 51   2458023.10 2017  9 26 14 18
 2458041.30 2017 10 14 19 15   2458043.20 2017 10 16 16 48   2458045.10 2017 10 18 14 21
 2458063.30 2017 11  5 19  7   2458065.20 2017 11  7 16 45   2458067.10 2017 11  9 14 24
 2458085.29 2017 11 27 18 58   2458087.20 2017 11 29 16 42   2458089.10 2017 12  1 14 27
 2458107.28 2017 12 19 18 49   2458109.19 2017 12 21 16 40   2458111.10 2017 12 23 14 30
 2458129.28 2018  1 10 18 41   2458131.19 2018  1 12 16 37   2458133.11 2018  1 14 14 33
 2458151.27 2018  2  1 18 32   2458153.19 2018  2  3 16 34   2458155.11 2018  2  5 14 36
 2458173.27 2018  2 23 18 23   2458175.19 2018  2 25 16 31   2458177.11 2018  2 27 14 38
 2458195.26 2018  3 17 18 15   2458197.19 2018  3 19 16 28   2458199.11 2018  3 21 14 41
 2458217.25 2018  4  8 18  6   2458219.18 2018  4 10 16 25   2458221.11 2018  4 12 14 44
 2458239.25 2018  4 30 17 57   2458241.18 2018  5  2 16 22   2458243.12 2018  5  4 14 47
 2458261.24 2018  5 22 17 49   2458263.18 2018  5 24 16 19   2458265.12 2018  5 26 14 50
 2458283.24 2018  6 13 17 40   2458285.18 2018  6 15 16 17   2458287.12 2018  6 17 14 53
 2458305.23 2018  7  5 17 32   2458307.18 2018  7  7 16 14   2458309.12 2018  7  9 14 56
 2458327.22 2018  7 27 17 23   2458329.17 2018  7 29 16 11   2458331.12 2018  7 31 14 59
 2458349.22 2018  8 18 17 14   2458351.17 2018  8 20 16  8   2458353.13 2018  8 22 15  1
 2458371.21 2018  9  9 17  6   2458373.17 2018  9 11 16  5   2458375.13 2018  9 13 15  4
 2458393.21 2018 10  1 16 57   2458395.17 2018 10  3 16  2   2458397.13 2018 10  5 15  7
 2458415.20 2018 10 23 16 48   2458417.17 2018 10 25 15 59   2458419.13 2018 10 27 15 10
 2458437.19 2018 11 14 16 40   2458439.16 2018 11 16 15 56   2458441.13 2018 11 18 15 13
 2458459.19 2018 12  6 16 31   2458461.16 2018 12  8 15 53   2458463.14 2018 12 10 15 16
 2458481.18 2018 12 28 16 22   2458483.16 2018 12 30 15 51   2458485.14 2019  1  1 15 19
 2458503.18 2019  1 19 16 14   2458505.16 2019  1 21 15 48   2458507.14 2019  1 23 15 22
 2458525.17 2019  2 10 16  5   2458527.16 2019  2 12 15 45   2458529.14 2019  2 14 15 24
 2458547.16 2019  3  4 15 57   2458549.15 2019  3  6 15 42   2458551.14 2019  3  8 15 27
 2458569.16 2019  3 26 15 48   2458571.15 2019  3 28 15 39   2458573.15 2019  3 30 15 30
 2458591.15 2019  4 17 15 39   2458593.15 2019  4 19 15 36   2458595.15 2019  4 21 15 33
 2458613.15 2019  5  9 15 31   2458615.15 2019  5 11 15 33   2458617.15 2019  5 13 15 36
 2458635.14 2019  5 31 15 22   2458637.15 2019  6  2 15 30   2458639.15 2019  6  4 15 39
 2458657.13 2019  6 22 15 13   2458659.14 2019  6 24 15 28   2458661.15 2019  6 26 15 42
 2458679.13 2019  7 14 15  5   2458681.14 2019  7 16 15 25   2458683.16 2019  7 18 15 45
 2458701.12 2019  8  5 14 56   2458703.14 2019  8  7 15 22   2458705.16 2019  8  9 15 48
 2458723.12 2019  8 27 14 47   2458725.14 2019  8 29 15 19   2458727.16 2019  8 31 15 50
 2458745.11 2019  9 18 14 39   2458747.14 2019  9 20 15 16   2458749.16 2019  9 22 15 53
 2458767.10 2019 10 10 14 30   2458769.13 2019 10 12 15 13   2458771.16 2019 10 14 15 56
 2458789.10 2019 11  1 14 21   2458791.13 2019 11  3 15 10   2458793.17 2019 11  5 15 59
 2458811.09 2019 11 23 14 13   2458813.13 2019 11 25 15  7   2458815.17 2019 11 27 16  2
 2458833.09 2019 12 15 14  4   2458835.13 2019 12 17 15  5   2458837.17 2019 12 19 16  5
 2458855.08 2020  1  6 13 56   2458857.13 2020  1  8 15  2   2458859.17 2020  1 10 16  8
 2458877.07 2020  1 28 13 47   2458879.12 2020  1 30 14 59   2458881.17 2020  2  1 16 11
 2458899.07 2020  2 19 13 38   2458901.12 2020  2 21 14 56   2458903.18 2020  2 23 16 13
 2458921.06 2020  3 12 13 30   2458923.12 2020  3 14 14 53   2458925.18 2020  3 16 16 16
 2458943.06 2020  4  3 13 21   2458945.12 2020  4  5 14 50   2458947.18 2020  4  7 16 19
 2458965.05 2020  4 25 13 12   2458967.12 2020  4 27 14 47   2458969.18 2020  4 29 16 22
 2458987.04 2020  5 17 13  4   2458989.11 2020  5 19 14 44   2458991.18 2020  5 21 16 25
 2459009.04 2020  6  8 12 55   2459011.11 2020  6 10 14 41   2459013.19 2020  6 12 16 28
 2459031.03 2020  6 30 12 46   2459033.11 2020  7  2 14 39   2459035.19 2020  7  4 16 31
 2459053.03 2020  7 22 12 38   2459055.11 2020  7 24 14 36   2459057.19 2020  7 26 16 34
 2459075.02 2020  8 13 12 29   2459077.11 2020  8 15 14 33   2459079.19 2020  8 17 16 36
 2459097.01 2020  9  4 12 21   2459099.10 2020  9  6 14 30   2459101.19 2020  9  8 16 39
 2459119.01 2020  9 26 12 12   2459121.10 2020  9 28 14 27   2459123.20 2020  9 30 16 42
 2459141.00 2020 10 18 12  3   2459143.10 2020 10 20 14 24   2459145.20 2020 10 22 16 45
 2459163.00 2020 11  9 11 55   2459165.10 2020 11 11 14 21   2459167.20 2020 11 13 16 48
 2459184.99 2020 12  1 11 46   2459187.10 2020 12  3 14 18   2459189.20 2020 12  5 16 51
 2459206.98 2020 12 23 11 37   2459209.09 2020 12 25 14 16   2459211.20 2020 12 27 16 54
 2459228.98 2021  1 14 11 29   2459231.09 2021  1 16 14 13   2459233.21 2021  1 18 16 57
 2459250.97 2021  2  5 11 20   2459253.09 2021  2  7 14 10   2459255.21 2021  2  9 17  0
 2459272.97 2021  2 27 11 11   2459275.09 2021  3  1 14  7   2459277.21 2021  3  3 17  2
 2459294.96 2021  3 21 11  3   2459297.09 2021  3 23 14  4   2459299.21 2021  3 25 17  5
 2459316.95 2021  4 12 10 54   2459319.08 2021  4 14 14  1   2459321.21 2021  4 16 17  8
 2459338.95 2021  5  4 10 45   2459341.08 2021  5  6 13 58   2459343.22 2021  5  8 17 11
 2459360.94 2021  5 26 10 37   2459363.08 2021  5 28 13 55   2459365.22 2021  5 30 17 14
 2459382.94 2021  6 17 10 28   2459385.08 2021  6 19 13 53   2459387.22 2021  6 21 17 17
 2459404.93 2021  7  9 10 20   2459407.08 2021  7 11 13 50   2459409.22 2021  7 13 17 20
 2459426.92 2021  7 31 10 11   2459429.07 2021  8  2 13 47   2459431.22 2021  8  4 17 23
 2459448.92 2021  8 22 10  2   2459451.07 2021  8 24 13 44   2459453.23 2021  8 26 17 25
 2459470.91 2021  9 13  9 54   2459473.07 2021  9 15 13 41   2459475.23 2021  9 17 17 28
 2459492.91 2021 10  5  9 45   2459495.07 2021 10  7 13 38   2459497.23 2021 10  9 17 31
 2459514.90 2021 10 27  9 36   2459517.07 2021 10 29 13 35   2459519.23 2021 10 31 17 34
 2459536.89 2021 11 18  9 28   2459539.06 2021 11 20 13 32   2459541.23 2021 11 22 17 37
 2459558.89 2021 12 10  9 19   2459561.06 2021 12 12 13 29   2459563.24 2021 12 14 17 40
 2459580.88 2022  1  1  9 10   2459583.06 2022  1  3 13 27   2459585.24 2022  1  5 17 43
 2459602.88 2022  1 23  9  2   2459605.06 2022  1 25 13 24   2459607.24 2022  1 27 17 46
 2459624.87 2022  2 14  8 53   2459627.06 2022  2 16 13 21   2459629.24 2022  2 18 17 48
 2459646.86 2022  3  8  8 45   2459649.05 2022  3 10 13 18   2459651.24 2022  3 12 17 51
 2459668.86 2022  3 30  8 36   2459671.05 2022  4  1 13 15   2459673.25 2022  4  3 17 54
 2459690.85 2022  4 21  8 27   2459693.05 2022  4 23 13 12   2459695.25 2022  4 25 17 57
 2459712.85 2022  5 13  8 19   2459715.05 2022  5 15 13  9   2459717.25 2022  5 17 18  0
 2459734.84 2022  6  4  8 10   2459737.05 2022  6  6 13  6   2459739.25 2022  6  8 18  3
 2459756.83 2022  6 26  8  1   2459759.04 2022  6 28 13  4   2459761.25 2022  6 30 18  6
 2459778.83 2022  7 18  7 53   2459781.04 2022  7 20 13  1   2459783.26 2022  7 22 18  9
 2459800.82 2022  8  9  7 44   2459803.04 2022  8 11 12 58   2459805.26 2022  8 13 18 12
 2459822.82 2022  8 31  7 35   2459825.04 2022  9  2 12 55   2459827.26 2022  9  4 18 14
 2459844.81 2022  9 22  7 27   2459847.04 2022  9 24 12 52   2459849.26 2022  9 26 18 17
 2459866.80 2022 10 14  7 18   2459869.03 2022 10 16 12 49   2459871.26 2022 10 18 18 20
 2459888.80 2022 11  5  7  9   2459891.03 2022 11  7 12 46   2459893.27 2022 11  9 18 23
 2459910.79 2022 11 27  7  1   2459913.03 2022 11 29 12 43   2459915.27 2022 12  1 18 26
 2459932.79 2022 12 19  6 52   2459935.03 2022 12 21 12 41   2459937.27 2022 12 23 18 29
 2459954.78 2023  1 10  6 44   2459957.03 2023  1 12 12 38   2459959.27 2023  1 14 18 32
 2459976.77 2023  2  1  6 35   2459979.02 2023  2  3 12 35   2459981.27 2023  2  5 18 35
 2459998.77 2023  2 23  6 26   2460001.02 2023  2 25 12 32   2460003.28 2023  2 27 18 37
 2460020.76 2023  3 17  6 18   2460023.02 2023  3 19 12 29   2460025.28 2023  3 21 18 40
 2460042.76 2023  4  8  6  9   2460045.02 2023  4 10 12 26   2460047.28 2023  4 12 18 43
 2460064.75 2023  4 30  6  0   2460067.02 2023  5  2 12 23   2460069.28 2023  5  4 18 46
 2460086.74 2023  5 22  5 52   2460089.01 2023  5 24 12 20   2460091.28 2023  5 26 18 49
 2460108.74 2023  6 13  5 43   2460111.01 2023  6 15 12 17   2460113.29 2023  6 17 18 52
 2460130.73 2023  7  5  5 34   2460133.01 2023  7  7 12 15   2460135.29 2023  7  9 18 55
 2460152.73 2023  7 27  5 26   2460155.01 2023  7 29 12 12   2460157.29 2023  7 31 18 58
 2460174.72 2023  8 18  5 17   2460177.01 2023  8 20 12  9   2460179.29 2023  8 22 19  0
 2460196.71 2023  9  9  5  9   2460199.00 2023  9 11 12  6   2460201.29 2023  9 13 19  3
 2460218.71 2023 10  1  5  0   2460221.00 2023 10  3 12  3   2460223.30 2023 10  5 19  6
 2460240.70 2023 10 23  4 51   2460243.00 2023 10 25 12  0   2460245.30 2023 10 27 19  9
 2460262.70 2023 11 14  4 43   2460265.00 2023 11 16 11 57   2460267.30 2023 11 18 19 12
 2460284.69 2023 12  6  4 34   2460287.00 2023 12  8 11 54   2460289.30 2023 12 10 19 15
 2460306.68 2023 12 28  4 25   2460308.99 2023 12 30 11 52   2460311.30 2024  1  1 19 18
 2460328.68 2024  1 19  4 17   2460330.99 2024  1 21 11 49   2460333.31 2024  1 23 19 21
 2460350.67 2024  2 10  4  8   2460352.99 2024  2 12 11 46   2460355.31 2024  2 14 19 24
 2460372.67 2024  3  3  3 59   2460374.99 2024  3  5 11 43   2460377.31 2024  3  7 19 26
 2460394.66 2024  3 25  3 51   2460396.99 2024  3 27 11 40   2460399.31 2024  3 29 19 29
 2460416.65 2024  4 16  3 42   2460418.98 2024  4 18 11 37   2460421.31 2024  4 20 19 32
 2460438.65 2024  5  8  3 33   2460440.98 2024  5 10 11 34   2460443.32 2024  5 12 19 35
 2460460.64 2024  5 30  3 25   2460462.98 2024  6  1 11 31   2460465.32 2024  6  3 19 38
 2460482.64 2024  6 21  3 16   2460484.98 2024  6 23 11 29   2460487.32 2024  6 25 19 41
 2460504.63 2024  7 13  3  8   2460506.98 2024  7 15 11 26   2460509.32 2024  7 17 19 44
 2460526.62 2024  8  4  2 59   2460528.97 2024  8  6 11 23   2460531.32 2024  8  8 19 47
 2460548.62 2024  8 26  2 50   2460550.97 2024  8 28 11 20   2460553.33 2024  8 30 19 49
 2460570.61 2024  9 17  2 42   2460572.97 2024  9 19 11 17   2460575.33 2024  9 21 19 52
 2460592.61 2024 10  9  2 33   2460594.97 2024 10 11 11 14   2460597.33 2024 10 13 19 55
 2460614.60 2024 10 31  2 24   2460616.97 2024 11  2 11 11   2460619.33 2024 11  4 19 58
 2460636.59 2024 11 22  2 16   2460638.96 2024 11 24 11  8   2460641.33 2024 11 26 20  1
 2460658.59 2024 12 14  2  7   2460660.96 2024 12 16 11  5   2460663.34 2024 12 18 20  4
 2460680.58 2025  1  5  1 58   2460682.96 2025  1  7 11  3   2460685.34 2025  1  9 20  7
 2460702.58 2025  1 27  1 50   2460704.96 2025  1 29 11  0   2460707.34 2025  1 31 20 10
 2460724.57 2025  2 18  1 41   2460726.96 2025  2 20 10 57   2460729.34 2025  2 22 20 12
 2460746.56 2025  3 12  1 33   2460748.95 2025  3 14 10 54   2460751.34 2025  3 16 20 15
 2460768.56 2025  4  3  1 24   2460770.95 2025  4  5 10 51   2460773.35 2025  4  7 20 18
 2460790.55 2025  4 25  1 15   2460792.95 2025  4 27 10 48   2460795.35 2025  4 29 20 21
 2460812.55 2025  5 17  1  7   2460814.95 2025  5 19 10 45   2460817.35 2025  5 21 20 24
 2460834.54 2025  6  8  0 58   2460836.95 2025  6 10 10 42   2460839.35 2025  6 12 20 27
 2460856.53 2025  6 30  0 49   2460858.94 2025  7  2 10 40   2460861.35 2025  7  4 20 30
 2460878.53 2025  7 22  0 41   2460880.94 2025  7 24 10 37   2460883.36 2025  7 26 20 33
 2460900.52 2025  8 13  0 32   2460902.94 2025  8 15 10 34   2460905.36 2025  8 17 20 36
 2460922.52 2025  9  4  0 23   2460924.94 2025  9  6 10 31   2460927.36 2025  9  8 20 38
 2460944.51 2025  9 26  0 15   2460946.94 2025  9 28 10 28   2460949.36 2025  9 30 20 41
 2460966.50 2025 10 18  0  6   2460968.93 2025 10 20 10 25   2460971.36 2025 10 22 20 44
 2460988.50 2025 11  8 23 57   2460990.93 2025 11 11 10 22   2460993.37 2025 11 13 20 47
 2461010.49 2025 11 30 23 49   2461012.93 2025 12  3 10 19   2461015.37 2025 12  5 20 50
 2461032.49 2025 12 22 23 40   2461034.93 2025 12 25 10 17   2461037.37 2025 12 27 20 53
 2461054.48 2026  1 13 23 32   2461056.93 2026  1 16 10 14   2461059.37 2026  1 18 20 56
 2461076.47 2026  2  4 23 23   2461078.92 2026  2  7 10 11   2461081.37 2026  2  9 20 59
 2461098.47 2026  2 26 23 14   2461100.92 2026  3  1 10  8   2461103.38 2026  3  3 21  1
 2461120.46 2026  3 20 23  6   2461122.92 2026  3 23 10  5   2461125.38 2026  3 25 21  4
 2461142.46 2026  4 11 22 57   2461144.92 2026  4 14 10  2   2461147.38 2026  4 16 21  7
 2461164.45 2026  5  3 22 48   2461166.92 2026  5  6  9 59   2461169.38 2026  5  8 21 10
 2461186.44 2026  5 25 22 40   2461188.91 2026  5 28  9 56   2461191.38 2026  5 30 21 13
 2461208.44 2026  6 16 22 31   2461210.91 2026  6 19  9 53   2461213.39 2026  6 21 21 16
 2461230.43 2026  7  8 22 22   2461232.91 2026  7 11  9 51   2461235.39 2026  7 13 21 19
 2461252.43 2026  7 30 22 14   2461254.91 2026  8  2  9 48   2461257.39 2026  8  4 21 22
 2461274.42 2026  8 21 22  5   2461276.91 2026  8 24  9 45   2461279.39 2026  8 26 21 24
 2461296.41 2026  9 12 21 57   2461298.90 2026  9 15  9 42   2461301.39 2026  9 17 21 27
 2461318.41 2026 10  4 21 48   2461320.90 2026 10  7  9 39   2461323.40 2026 10  9 21 30
 2461340.40 2026 10 26 21 39   2461342.90 2026 10 29  9 36   2461345.40 2026 10 31 21 33
 2461362.40 2026 11 17 21 31   2461364.90 2026 11 20  9 33   2461367.40 2026 11 22 21 36
 2461384.39 2026 12  9 21 22   2461386.90 2026 12 12  9 30   2461389.40 2026 12 14 21 39
 2461406.38 2026 12 31 21 13   2461408.89 2027  1  3  9 28   2461411.40 2027  1  5 21 42
 2461428.38 2027  1 22 21  5   2461430.89 2027  1 25  9 25   2461433.41 2027  1 27 21 45
 2461450.37 2027  2 13 20 56   2461452.89 2027  2 16  9 22   2461455.41 2027  2 18 21 48
 2461472.37 2027  3  7 20 47   2461474.89 2027  3 10  9 19   2461477.41 2027  3 12 21 50
 2461494.36 2027  3 29 20 39   2461496.89 2027  4  1  9 16   2461499.41 2027  4  3 21 53
 2461516.35 2027  4 20 20 30   2461518.88 2027  4 23  9 13   2461521.41 2027  4 25 21 56
 2461538.35 2027  5 12 20 21   2461540.88 2027  5 15  9 10   2461543.42 2027  5 17 21 59
 2461560.34 2027  6  3 20 13   2461562.88 2027  6  6  9  7   2461565.42 2027  6  8 22  2
 2461582.34 2027  6 25 20  4   2461584.88 2027  6 28  9  5   2461587.42 2027  6 30 22  5
 2461604.33 2027  7 17 19 56   2461606.88 2027  7 20  9  2   2461609.42 2027  7 22 22  8
 2461626.32 2027  8  8 19 47   2461628.87 2027  8 11  8 59   2461631.42 2027  8 13 22 11
 2461648.32 2027  8 30 19 38   2461650.87 2027  9  2  8 56   2461653.43 2027  9  4 22 13
 2461670.31 2027  9 21 19 30   2461672.87 2027  9 24  8 53   2461675.43 2027  9 26 22 16
 2461692.31 2027 10 13 19 21   2461694.87 2027 10 16  8 50   2461697.43 2027 10 18 22 19
 2461714.30 2027 11  4 19 12   2461716.87 2027 11  7  8 47   2461719.43 2027 11  9 22 22
 2461736.29 2027 11 26 19  4   2461738.86 2027 11 29  8 44   2461741.43 2027 12  1 22 25
 2461758.29 2027 12 18 18 55   2461760.86 2027 12 21  8 41   2461763.44 2027 12 23 22 28
 2461780.28 2028  1  9 18 46   2461782.86 2028  1 12  8 39   2461785.44 2028  1 14 22 31
 2461802.28 2028  1 31 18 38   2461804.86 2028  2  3  8 36   2461807.44 2028  2  5 22 34
 2461824.27 2028  2 22 18 29   2461826.86 2028  2 25  8 33   2461829.44 2028  2 27 22 36
 2461846.26 2028  3 15 18 21   2461848.85 2028  3 18  8 30   2461851.44 2028  3 20 22 39
 2461868.26 2028  4  6 18 12   2461870.85 2028  4  9  8 27   2461873.45 2028  4 11 22 42
 2461890.25 2028  4 28 18  3   2461892.85 2028  5  1  8 24   2461895.45 2028  5  3 22 45
