 Predicted Transit Epochs: HD65216__ b

 Predicted Duration of a Central Transit:    16.   Hours

 Begin Transit Window           PREDICTED CENTRAL TRANSIT     End Transit Window
                                     All Times UT

                               HJD        Year M  D  H  M
 2457237.44 2015  8  2 22 27   2457337.45 2015 11 10 22 43   2457437.46 2016  2 18 22 59
 2457823.64 2017  3 11  3 15   2457927.15 2017  6 22 15 31   2458030.66 2017 10  4  3 47
 2458409.84 2018 10 18  8  3   2458516.85 2019  2  2  8 19   2458623.86 2019  5 20  8 35
 2458996.04 2020  5 26 12 51   2459106.55 2020  9 14  1  7   2459217.06 2021  1  2 13 23
 2459582.24 2022  1  2 17 39   2459696.25 2022  4 26 17 55   2459810.26 2022  8 18 18 11
 2460168.44 2023  8 11 22 27   2460285.95 2023 12  7 10 43   2460403.46 2024  4  2 22 59
 2460754.64 2025  3 20  3 15   2460875.65 2025  7 19  3 31   2460996.66 2025 11 17  3 47
 2461340.84 2026 10 27  8  3   2461465.35 2027  2 28 20 19   2461589.86 2027  7  3  8 35
 2461927.04 2028  6  4 12 51   2462055.05 2028 10 10 13  7   2462183.06 2029  2 15 13 23
 2462513.24 2030  1 11 17 39   2462644.75 2030  5 23  5 55   2462776.26 2030 10  1 18 11
 2463099.44 2031  8 20 22 27   2463234.45 2032  1  2 22 43   2463369.46 2032  5 16 22 59
 2463685.64 2033  3 29  3 15   2463824.15 2033  8 14 15 31   2463962.66 2033 12 31  3 47
 2464271.84 2034 11  5  8  3   2464413.85 2035  3 27  8 19   2464555.86 2035  8 16  8 35
