 Predicted Transit Epochs: HD68988__ b

 Predicted Duration of a Central Transit:   217. Minutes

 Begin Transit Window           PREDICTED CENTRAL TRANSIT     End Transit Window
                                     All Times UT

                               HJD        Year M  D  H  M
 2454467.50 2008  1  2  0  6   2454468.14 2008  1  2 15 27   2454468.78 2008  1  3  6 48
 2454473.78 2008  1  8  6 43   2454474.42 2008  1  8 22  5   2454475.06 2008  1  9 13 27
 2454480.06 2008  1 14 13 19   2454480.70 2008  1 15  4 43   2454481.34 2008  1 15 20  6
 2454486.33 2008  1 20 19 55   2454486.97 2008  1 21 11 20   2454487.62 2008  1 22  2 45
 2454492.61 2008  1 27  2 31   2454493.25 2008  1 27 17 58   2454493.89 2008  1 28  9 24
 2454498.88 2008  2  2  9  7   2454499.52 2008  2  3  0 35   2454500.17 2008  2  3 16  3
 2454505.16 2008  2  8 15 44   2454505.80 2008  2  9  7 13   2454506.45 2008  2  9 22 42
 2454511.43 2008  2 14 22 20   2454512.08 2008  2 15 13 51   2454512.72 2008  2 16  5 22
 2454517.71 2008  2 21  4 56   2454518.35 2008  2 21 20 28   2454519.00 2008  2 22 12  1
 2454523.98 2008  2 27 11 32   2454524.63 2008  2 28  3  6   2454525.28 2008  2 28 18 40
 2454530.26 2008  3  4 18  8   2454530.91 2008  3  5  9 44   2454531.56 2008  3  6  1 19
 2454536.53 2008  3 11  0 45   2454537.18 2008  3 11 16 21   2454537.83 2008  3 12  7 58
 2454542.81 2008  3 17  7 21   2454543.46 2008  3 17 22 59   2454544.11 2008  3 18 14 37
 2454549.08 2008  3 23 13 57   2454549.73 2008  3 24  5 36   2454550.39 2008  3 24 21 16
 2454555.36 2008  3 29 20 33   2454556.01 2008  3 30 12 14   2454556.66 2008  3 31  3 55
 2454561.63 2008  4  5  3  9   2454562.29 2008  4  5 18 52   2454562.94 2008  4  6 10 34
 2454567.91 2008  4 11  9 45   2454568.56 2008  4 12  1 29   2454569.22 2008  4 12 17 13
 2454574.18 2008  4 17 16 22   2454574.84 2008  4 18  8  7   2454575.49 2008  4 18 23 52
 2454580.46 2008  4 23 22 58   2454581.11 2008  4 24 14 45   2454581.77 2008  4 25  6 31
 2454586.73 2008  4 30  5 34   2454587.39 2008  4 30 21 22   2454588.05 2008  5  1 13 10
 2454593.01 2008  5  6 12 10   2454593.67 2008  5  7  4  0   2454594.33 2008  5  7 19 49
 2454599.28 2008  5 12 18 46   2454599.94 2008  5 13 10 37   2454600.60 2008  5 14  2 28
 2454605.56 2008  5 19  1 23   2454606.22 2008  5 19 17 15   2454606.88 2008  5 20  9  8
 2454611.83 2008  5 25  7 59   2454612.50 2008  5 25 23 53   2454613.16 2008  5 26 15 47
 2454618.11 2008  5 31 14 35   2454618.77 2008  6  1  6 30   2454619.43 2008  6  1 22 26
 2454624.38 2008  6  6 21 11   2454625.05 2008  6  7 13  8   2454625.71 2008  6  8  5  5
 2454630.66 2008  6 13  3 47   2454631.32 2008  6 13 19 46   2454631.99 2008  6 14 11 44
 2454636.93 2008  6 19 10 24   2454637.60 2008  6 20  2 23   2454638.27 2008  6 20 18 23
 2454643.21 2008  6 25 17  0   2454643.88 2008  6 26  9  1   2454644.54 2008  6 27  1  2
 2454649.48 2008  7  1 23 36   2454650.15 2008  7  2 15 38   2454650.82 2008  7  3  7 41
 2454655.76 2008  7  8  6 12   2454656.43 2008  7  8 22 16   2454657.10 2008  7  9 14 20
 2454662.03 2008  7 14 12 48   2454662.70 2008  7 15  4 54   2454663.37 2008  7 15 20 59
 2454668.31 2008  7 20 19 24   2454668.98 2008  7 21 11 31   2454669.65 2008  7 22  3 38
 2454674.58 2008  7 27  2  1   2454675.26 2008  7 27 18  9   2454675.93 2008  7 28 10 17
 2454680.86 2008  8  2  8 37   2454681.53 2008  8  3  0 47   2454682.21 2008  8  3 16 56
 2454687.13 2008  8  8 15 13   2454687.81 2008  8  9  7 24   2454688.48 2008  8  9 23 35
 2454693.41 2008  8 14 21 49   2454694.08 2008  8 15 14  2   2454694.76 2008  8 16  6 14
 2454699.68 2008  8 21  4 25   2454700.36 2008  8 21 20 39   2454701.04 2008  8 22 12 54
 2454705.96 2008  8 27 11  2   2454706.64 2008  8 28  3 17   2454707.31 2008  8 28 19 33
 2454712.23 2008  9  2 17 38   2454712.91 2008  9  3  9 55   2454713.59 2008  9  4  2 12
 2454718.51 2008  9  9  0 14   2454719.19 2008  9  9 16 32   2454719.87 2008  9 10  8 51
 2454724.79 2008  9 15  6 50   2454725.47 2008  9 15 23 10   2454726.15 2008  9 16 15 30
 2454731.06 2008  9 21 13 26   2454731.74 2008  9 22  5 48   2454732.42 2008  9 22 22  9
 2454737.34 2008  9 27 20  3   2454738.02 2008  9 28 12 25   2454738.70 2008  9 29  4 48
 2454743.61 2008 10  4  2 39   2454744.29 2008 10  4 19  3   2454744.98 2008 10  5 11 27
 2454749.89 2008 10 10  9 15   2454750.57 2008 10 11  1 40   2454751.25 2008 10 11 18  6
 2454756.16 2008 10 16 15 51   2454756.85 2008 10 17  8 18   2454757.53 2008 10 18  0 45
 2454762.44 2008 10 22 22 27   2454763.12 2008 10 23 14 56   2454763.81 2008 10 24  7 24
 2454768.71 2008 10 29  5  3   2454769.40 2008 10 29 21 33   2454770.09 2008 10 30 14  3
 2454774.99 2008 11  4 11 40   2454775.67 2008 11  5  4 11   2454776.36 2008 11  5 20 42
 2454781.26 2008 11 10 18 16   2454781.95 2008 11 11 10 49   2454782.64 2008 11 12  3 21
 2454787.54 2008 11 17  0 52   2454788.23 2008 11 17 17 26   2454788.92 2008 11 18 10  0
 2454793.81 2008 11 23  7 28   2454794.50 2008 11 24  0  4   2454795.19 2008 11 24 16 40
 2454800.09 2008 11 29 14  4   2454800.78 2008 11 30  6 42   2454801.47 2008 11 30 23 19
 2454806.36 2008 12  5 20 41   2454807.06 2008 12  6 13 19   2454807.75 2008 12  7  5 58
 2454812.64 2008 12 12  3 17   2454813.33 2008 12 12 19 57   2454814.03 2008 12 13 12 37
 2454818.91 2008 12 18  9 53   2454819.61 2008 12 19  2 34   2454820.30 2008 12 19 19 16
 2454825.19 2008 12 24 16 29   2454825.88 2008 12 25  9 12   2454826.58 2008 12 26  1 55
 2454831.46 2008 12 30 23  5   2454832.16 2008 12 31 15 50   2454832.86 2009  1  1  8 34
 2454837.74 2009  1  6  5 42   2454838.44 2009  1  6 22 27   2454839.13 2009  1  7 15 13
 2454844.01 2009  1 12 12 18   2454844.71 2009  1 13  5  5   2454845.41 2009  1 13 21 52
 2454850.29 2009  1 18 18 54   2454850.99 2009  1 19 11 43   2454851.69 2009  1 20  4 31
 2454856.56 2009  1 25  1 30   2454857.26 2009  1 25 18 20   2454857.97 2009  1 26 11 10
 2454862.84 2009  1 31  8  6   2454863.54 2009  2  1  0 58   2454864.24 2009  2  1 17 49
 2454869.11 2009  2  6 14 42   2454869.82 2009  2  7  7 35   2454870.52 2009  2  8  0 28
 2454875.39 2009  2 12 21 19   2454876.09 2009  2 13 14 13   2454876.80 2009  2 14  7  7
 2454881.66 2009  2 19  3 55   2454882.37 2009  2 19 20 51   2454883.07 2009  2 20 13 46
 2454887.94 2009  2 25 10 31   2454888.64 2009  2 26  3 28   2454889.35 2009  2 26 20 26
 2454894.21 2009  3  3 17  7   2454894.92 2009  3  4 10  6   2454895.63 2009  3  5  3  5
 2454900.49 2009  3  9 23 43   2454901.20 2009  3 10 16 44   2454901.91 2009  3 11  9 44
 2454906.76 2009  3 16  6 20   2454907.47 2009  3 16 23 21   2454908.18 2009  3 17 16 23
 2454913.04 2009  3 22 12 56   2454913.75 2009  3 23  5 59   2454914.46 2009  3 23 23  2
 2454919.31 2009  3 28 19 32   2454920.03 2009  3 29 12 36   2454920.74 2009  3 30  5 41
 2454925.59 2009  4  4  2  8   2454926.30 2009  4  4 19 14   2454927.01 2009  4  5 12 20
 2454931.86 2009  4 10  8 44   2454932.58 2009  4 11  1 52   2454933.29 2009  4 11 18 59
 2454938.14 2009  4 16 15 21   2454938.85 2009  4 17  8 29   2454939.57 2009  4 18  1 38
 2454944.41 2009  4 22 21 57   2454945.13 2009  4 23 15  7   2454945.85 2009  4 24  8 17
 2454950.69 2009  4 29  4 33   2454951.41 2009  4 29 21 45   2454952.12 2009  4 30 14 56
 2454956.96 2009  5  5 11  9   2454957.68 2009  5  6  4 22   2454958.40 2009  5  6 21 35
 2454963.24 2009  5 11 17 45   2454963.96 2009  5 12 11  0   2454964.68 2009  5 13  4 14
 2454969.52 2009  5 18  0 21   2454970.23 2009  5 18 17 37   2454970.95 2009  5 19 10 53
 2454975.79 2009  5 24  6 58   2454976.51 2009  5 25  0 15   2454977.23 2009  5 25 17 32
 2454982.07 2009  5 30 13 34   2454982.79 2009  5 31  6 53   2454983.51 2009  6  1  0 12
 2454988.34 2009  6  5 20 10   2454989.06 2009  6  6 13 30   2454989.79 2009  6  7  6 51
 2454994.62 2009  6 12  2 46   2454995.34 2009  6 12 20  8   2454996.06 2009  6 13 13 30
 2455000.89 2009  6 18  9 22   2455001.62 2009  6 19  2 46   2455002.34 2009  6 19 20  9
 2455007.17 2009  6 24 15 59   2455007.89 2009  6 25  9 23   2455008.62 2009  6 26  2 48
 2455013.44 2009  6 30 22 35   2455014.17 2009  7  1 16  1   2455014.89 2009  7  2  9 27
 2455019.72 2009  7  7  5 11   2455020.44 2009  7  7 22 38   2455021.17 2009  7  8 16  6
 2455025.99 2009  7 13 11 47   2455026.72 2009  7 14  5 16   2455027.45 2009  7 14 22 45
 2455032.27 2009  7 19 18 23   2455033.00 2009  7 20 11 54   2455033.73 2009  7 21  5 24
 2455038.54 2009  7 26  1  0   2455039.27 2009  7 26 18 31   2455040.00 2009  7 27 12  3
 2455044.82 2009  8  1  7 36   2455045.55 2009  8  2  1  9   2455046.28 2009  8  2 18 42
 2455051.09 2009  8  7 14 12   2455051.82 2009  8  8  7 47   2455052.56 2009  8  9  1 21
 2455057.37 2009  8 13 20 48   2455058.10 2009  8 14 14 24   2455058.83 2009  8 15  8  0
 2455063.64 2009  8 20  3 24   2455064.38 2009  8 20 21  2   2455065.11 2009  8 21 14 39
 2455069.92 2009  8 26 10  0   2455070.65 2009  8 27  3 39   2455071.39 2009  8 27 21 19
 2455076.19 2009  9  1 16 37   2455076.93 2009  9  2 10 17   2455077.67 2009  9  3  3 58
 2455082.47 2009  9  7 23 13   2455083.21 2009  9  8 16 55   2455083.94 2009  9  9 10 37
 2455088.74 2009  9 14  5 49   2455089.48 2009  9 14 23 32   2455090.22 2009  9 15 17 16
 2455095.02 2009  9 20 12 25   2455095.76 2009  9 21  6 10   2455096.50 2009  9 21 23 55
 2455101.29 2009  9 26 19  1   2455102.03 2009  9 27 12 48   2455102.77 2009  9 28  6 34
 2455107.57 2009 10  3  1 38   2455108.31 2009 10  3 19 25   2455109.05 2009 10  4 13 13
 2455113.84 2009 10  9  8 14   2455114.59 2009 10 10  2  3   2455115.33 2009 10 10 19 52
 2455120.12 2009 10 15 14 50   2455120.86 2009 10 16  8 40   2455121.61 2009 10 17  2 31
 2455126.39 2009 10 21 21 26   2455127.14 2009 10 22 15 18   2455127.88 2009 10 23  9 10
 2455132.67 2009 10 28  4  2   2455133.41 2009 10 28 21 56   2455134.16 2009 10 29 15 49
 2455138.94 2009 11  3 10 38   2455139.69 2009 11  4  4 33   2455140.44 2009 11  4 22 28
 2455145.22 2009 11  9 17 15   2455145.97 2009 11 10 11 11   2455146.71 2009 11 11  5  7
 2455151.49 2009 11 15 23 51   2455152.24 2009 11 16 17 49   2455152.99 2009 11 17 11 46
 2455157.77 2009 11 22  6 27   2455158.52 2009 11 23  0 26   2455159.27 2009 11 23 18 25
 2455164.04 2009 11 28 13  3   2455164.79 2009 11 29  7  4   2455165.55 2009 11 30  1  5
 2455170.32 2009 12  4 19 39   2455171.07 2009 12  5 13 42   2455171.82 2009 12  6  7 44
 2455176.59 2009 12 11  2 16   2455177.35 2009 12 11 20 19   2455178.10 2009 12 12 14 23
 2455182.87 2009 12 17  8 52   2455183.62 2009 12 18  2 57   2455184.38 2009 12 18 21  2
 2455189.14 2009 12 23 15 28   2455189.90 2009 12 24  9 34   2455190.65 2009 12 25  3 41
 2455195.42 2009 12 29 22  4   2455196.18 2009 12 30 16 12   2455196.93 2009 12 31 10 20
 2455201.70 2010  1  5  4 40   2455202.45 2010  1  5 22 50   2455203.21 2010  1  6 16 59
 2455207.97 2010  1 11 11 17   2455208.73 2010  1 12  5 27   2455209.49 2010  1 12 23 38
 2455214.25 2010  1 17 17 53   2455215.00 2010  1 18 12  5   2455215.76 2010  1 19  6 17
 2455220.52 2010  1 24  0 29   2455221.28 2010  1 24 18 43   2455222.04 2010  1 25 12 56
 2455226.80 2010  1 30  7  5   2455227.56 2010  1 31  1 20   2455228.32 2010  1 31 19 35
 2455233.07 2010  2  5 13 41   2455233.83 2010  2  6  7 58   2455234.59 2010  2  7  2 14
 2455239.35 2010  2 11 20 17   2455240.11 2010  2 12 14 35   2455240.87 2010  2 13  8 53
 2455245.62 2010  2 18  2 54   2455246.38 2010  2 18 21 13   2455247.15 2010  2 19 15 32
 2455251.90 2010  2 24  9 30   2455252.66 2010  2 25  3 51   2455253.42 2010  2 25 22 11
 2455258.17 2010  3  2 16  6   2455258.94 2010  3  3 10 28   2455259.70 2010  3  4  4 51
 2455264.45 2010  3  8 22 42   2455265.21 2010  3  9 17  6   2455265.98 2010  3 10 11 30
 2455270.72 2010  3 15  5 18   2455271.49 2010  3 15 23 44   2455272.26 2010  3 16 18  9
 2455277.00 2010  3 21 11 55   2455277.77 2010  3 22  6 21   2455278.53 2010  3 23  0 48
 2455283.27 2010  3 27 18 31   2455284.04 2010  3 28 12 59   2455284.81 2010  3 29  7 27
 2455289.55 2010  4  3  1  7   2455290.32 2010  4  3 19 36   2455291.09 2010  4  4 14  6
 2455295.82 2010  4  9  7 43   2455296.59 2010  4 10  2 14   2455297.36 2010  4 10 20 45
 2455302.10 2010  4 15 14 19   2455302.87 2010  4 16  8 52   2455303.64 2010  4 17  3 24
 2455308.37 2010  4 21 20 56   2455309.15 2010  4 22 15 29   2455309.92 2010  4 23 10  3
 2455314.65 2010  4 28  3 32   2455315.42 2010  4 28 22  7   2455316.20 2010  4 29 16 42
