 Predicted Transit Epochs: HD69830__ b

 Predicted Duration of a Central Transit:   208. Minutes

 Begin Transit Window           PREDICTED CENTRAL TRANSIT     End Transit Window
                                     All Times UT

                               HJD        Year M  D  H  M
 2454928.66 2009  4  7  3 55   2454929.21 2009  4  7 17  2   2454929.76 2009  4  8  6  8
 2454937.33 2009  4 15 19 51   2454937.88 2009  4 16  9  2   2454938.43 2009  4 16 22 12
 2454945.99 2009  4 24 11 47   2454946.54 2009  4 25  1  2   2454947.10 2009  4 25 14 17
 2454954.66 2009  5  3  3 43   2454955.21 2009  5  3 17  2   2454955.77 2009  5  4  6 21
 2454963.32 2009  5 11 19 39   2454963.88 2009  5 12  9  2   2454964.44 2009  5 12 22 26
 2454971.98 2009  5 20 11 35   2454972.54 2009  5 21  1  3   2454973.10 2009  5 21 14 30
 2454980.65 2009  5 29  3 31   2454981.21 2009  5 29 17  3   2454981.77 2009  5 30  6 35
 2454989.31 2009  6  6 19 27   2454989.88 2009  6  7  9  3   2454990.44 2009  6  7 22 39
 2454997.97 2009  6 15 11 22   2454998.54 2009  6 16  1  3   2454999.11 2009  6 16 14 44
 2455006.64 2009  6 24  3 18   2455007.21 2009  6 24 17  3   2455007.78 2009  6 25  6 48
 2455015.30 2009  7  2 19 14   2455015.88 2009  7  3  9  4   2455016.45 2009  7  3 22 53
 2455023.97 2009  7 11 11 10   2455024.54 2009  7 12  1  4   2455025.12 2009  7 12 14 57
 2455032.63 2009  7 20  3  6   2455033.21 2009  7 20 17  4   2455033.79 2009  7 21  7  2
 2455041.29 2009  7 28 19  2   2455041.88 2009  7 29  9  4   2455042.46 2009  7 29 23  7
 2455049.96 2009  8  6 10 58   2455050.54 2009  8  7  1  4   2455051.13 2009  8  7 15 11
 2455058.62 2009  8 15  2 53   2455059.21 2009  8 15 17  4   2455059.80 2009  8 16  7 16
 2455067.28 2009  8 23 18 49   2455067.88 2009  8 24  9  5   2455068.47 2009  8 24 23 20
 2455075.95 2009  9  1 10 45   2455076.55 2009  9  2  1  5   2455077.14 2009  9  2 15 25
 2455084.61 2009  9 10  2 41   2455085.21 2009  9 10 17  5   2455085.81 2009  9 11  7 29
 2455093.28 2009  9 18 18 37   2455093.88 2009  9 19  9  5   2455094.48 2009  9 19 23 34
 2455101.94 2009  9 27 10 33   2455102.55 2009  9 28  1  5   2455103.15 2009  9 28 15 38
 2455110.60 2009 10  6  2 29   2455111.21 2009 10  6 17  6   2455111.82 2009 10  7  7 43
 2455119.27 2009 10 14 18 24   2455119.88 2009 10 15  9  6   2455120.49 2009 10 15 23 47
 2455127.93 2009 10 23 10 20   2455128.55 2009 10 24  1  6   2455129.16 2009 10 24 15 52
 2455136.59 2009 11  1  2 16   2455137.21 2009 11  1 17  6   2455137.83 2009 11  2  7 56
 2455145.26 2009 11  9 18 12   2455145.88 2009 11 10  9  6   2455146.50 2009 11 11  0  1
 2455153.92 2009 11 18 10  8   2455154.55 2009 11 19  1  6   2455155.17 2009 11 19 16  5
 2455162.59 2009 11 27  2  4   2455163.21 2009 11 27 17  7   2455163.84 2009 11 28  8 10
 2455171.25 2009 12  5 18  0   2455171.88 2009 12  6  9  7   2455172.51 2009 12  7  0 14
 2455179.91 2009 12 14  9 56   2455180.55 2009 12 15  1  7   2455181.18 2009 12 15 16 19
 2455188.58 2009 12 23  1 51   2455189.21 2009 12 23 17  7   2455189.85 2009 12 24  8 23
 2455197.24 2009 12 31 17 47   2455197.88 2010  1  1  9  7   2455198.52 2010  1  2  0 28
 2455205.91 2010  1  9  9 43   2455206.55 2010  1 10  1  8   2455207.19 2010  1 10 16 32
 2455214.57 2010  1 18  1 39   2455215.21 2010  1 18 17  8   2455215.86 2010  1 19  8 37
 2455223.23 2010  1 26 17 35   2455223.88 2010  1 27  9  8   2455224.53 2010  1 28  0 41
 2455231.90 2010  2  4  9 31   2455232.55 2010  2  5  1  8   2455233.20 2010  2  5 16 46
 2455240.56 2010  2 13  1 27   2455241.21 2010  2 13 17  8   2455241.87 2010  2 14  8 50
 2455249.22 2010  2 21 17 22   2455249.88 2010  2 22  9  9   2455250.54 2010  2 23  0 55
 2455257.89 2010  3  2  9 18   2455258.55 2010  3  3  1  9   2455259.21 2010  3  3 16 59
 2455266.55 2010  3 11  1 14   2455267.21 2010  3 11 17  9   2455267.88 2010  3 12  9  4
 2455275.22 2010  3 19 17 10   2455275.88 2010  3 20  9  9   2455276.55 2010  3 21  1  8
 2455283.88 2010  3 28  9  6   2455284.55 2010  3 29  1  9   2455285.22 2010  3 29 17 13
 2455292.54 2010  4  6  1  2   2455293.22 2010  4  6 17  9   2455293.89 2010  4  7  9 17
 2455301.21 2010  4 14 16 58   2455301.88 2010  4 15  9 10   2455302.56 2010  4 16  1 22
 2455309.87 2010  4 23  8 53   2455310.55 2010  4 24  1 10   2455311.23 2010  4 24 17 26
 2455318.53 2010  5  2  0 49   2455319.22 2010  5  2 17 10   2455319.90 2010  5  3  9 31
 2455327.20 2010  5 10 16 45   2455327.88 2010  5 11  9 10   2455328.57 2010  5 12  1 35
 2455335.86 2010  5 19  8 41   2455336.55 2010  5 20  1 10   2455337.24 2010  5 20 17 40
 2455344.53 2010  5 28  0 37   2455345.22 2010  5 28 17 11   2455345.91 2010  5 29  9 44
 2455353.19 2010  6  5 16 33   2455353.88 2010  6  6  9 11   2455354.58 2010  6  7  1 49
 2455361.85 2010  6 14  8 29   2455362.55 2010  6 15  1 11   2455363.25 2010  6 15 17 53
 2455370.52 2010  6 23  0 25   2455371.22 2010  6 23 17 11   2455371.92 2010  6 24  9 58
 2455379.18 2010  7  1 16 20   2455379.88 2010  7  2  9 11   2455380.59 2010  7  3  2  2
 2455387.84 2010  7 10  8 16   2455388.55 2010  7 11  1 11   2455389.25 2010  7 11 18  7
 2455396.51 2010  7 19  0 12   2455397.22 2010  7 19 17 12   2455397.92 2010  7 20 10 11
 2455405.17 2010  7 27 16  8   2455405.88 2010  7 28  9 12   2455406.59 2010  7 29  2 16
 2455413.84 2010  8  5  8  4   2455414.55 2010  8  6  1 12   2455415.26 2010  8  6 18 20
 2455422.50 2010  8 14  0  0   2455423.22 2010  8 14 17 12   2455423.93 2010  8 15 10 25
 2455431.16 2010  8 22 15 56   2455431.88 2010  8 23  9 12   2455432.60 2010  8 24  2 29
 2455439.83 2010  8 31  7 51   2455440.55 2010  9  1  1 13   2455441.27 2010  9  1 18 34
 2455448.49 2010  9  8 23 47   2455449.22 2010  9  9 17 13   2455449.94 2010  9 10 10 38
 2455457.16 2010  9 17 15 43   2455457.88 2010  9 18  9 13   2455458.61 2010  9 19  2 43
 2455465.82 2010  9 26  7 39   2455466.55 2010  9 27  1 13   2455467.28 2010  9 27 18 47
 2455474.48 2010 10  4 23 35   2455475.22 2010 10  5 17 13   2455475.95 2010 10  6 10 52
 2455483.15 2010 10 13 15 31   2455483.88 2010 10 14  9 13   2455484.62 2010 10 15  2 56
 2455491.81 2010 10 22  7 27   2455492.55 2010 10 23  1 14   2455493.29 2010 10 23 19  1
 2455500.47 2010 10 30 23 22   2455501.22 2010 10 31 17 14   2455501.96 2010 11  1 11  5
 2455509.14 2010 11  8 15 18   2455509.89 2010 11  9  9 14   2455510.63 2010 11 10  3 10
 2455517.80 2010 11 17  7 14   2455518.55 2010 11 18  1 14   2455519.30 2010 11 18 19 14
 2455526.47 2010 11 25 23 10   2455527.22 2010 11 26 17 14   2455527.97 2010 11 27 11 19
 2455535.13 2010 12  4 15  6   2455535.89 2010 12  5  9 15   2455536.64 2010 12  6  3 23
 2455543.79 2010 12 13  7  2   2455544.55 2010 12 14  1 15   2455545.31 2010 12 14 19 28
 2455552.46 2010 12 21 22 58   2455553.22 2010 12 22 17 15   2455553.98 2010 12 23 11 32
 2455561.12 2010 12 30 14 54   2455561.89 2010 12 31  9 15   2455562.65 2011  1  1  3 37
 2455569.78 2011  1  8  6 49   2455570.55 2011  1  9  1 15   2455571.32 2011  1  9 19 41
 2455578.45 2011  1 16 22 45   2455579.22 2011  1 17 17 15   2455579.99 2011  1 18 11 46
 2455587.11 2011  1 25 14 41   2455587.89 2011  1 26  9 16   2455588.66 2011  1 27  3 50
 2455595.78 2011  2  3  6 37   2455596.55 2011  2  4  1 16   2455597.33 2011  2  4 19 55
 2455604.44 2011  2 11 22 33   2455605.22 2011  2 12 17 16   2455606.00 2011  2 13 11 59
 2455613.10 2011  2 20 14 29   2455613.89 2011  2 21  9 16   2455614.67 2011  2 22  4  4
 2455621.77 2011  3  1  6 25   2455622.55 2011  3  2  1 16   2455623.34 2011  3  2 20  8
 2455630.43 2011  3  9 22 20   2455631.22 2011  3 10 17 17   2455632.01 2011  3 11 12 13
 2455639.09 2011  3 18 14 16   2455639.89 2011  3 19  9 17   2455640.68 2011  3 20  4 17
 2455647.76 2011  3 27  6 12   2455648.55 2011  3 28  1 17   2455649.35 2011  3 28 20 22
 2455656.42 2011  4  4 22  8   2455657.22 2011  4  5 17 17   2455658.02 2011  4  6 12 26
 2455665.09 2011  4 13 14  4   2455665.89 2011  4 14  9 17   2455666.69 2011  4 15  4 31
 2455673.75 2011  4 22  6  0   2455674.55 2011  4 23  1 17   2455675.36 2011  4 23 20 35
 2455682.41 2011  4 30 21 56   2455683.22 2011  5  1 17 18   2455684.03 2011  5  2 12 40
 2455691.08 2011  5  9 13 51   2455691.89 2011  5 10  9 18   2455692.70 2011  5 11  4 44
 2455699.74 2011  5 18  5 47   2455700.55 2011  5 19  1 18   2455701.37 2011  5 19 20 49
 2455708.41 2011  5 26 21 43   2455709.22 2011  5 27 17 18   2455710.04 2011  5 28 12 53
 2455717.07 2011  6  4 13 39   2455717.89 2011  6  5  9 18   2455718.71 2011  6  6  4 58
 2455725.73 2011  6 13  5 35   2455726.55 2011  6 14  1 19   2455727.38 2011  6 14 21  2
 2455734.40 2011  6 21 21 31   2455735.22 2011  6 22 17 19   2455736.05 2011  6 23 13  7
 2455743.06 2011  6 30 13 27   2455743.89 2011  7  1  9 19   2455744.72 2011  7  2  5 11
 2455751.72 2011  7  9  5 22   2455752.56 2011  7 10  1 19   2455753.39 2011  7 10 21 16
 2455760.39 2011  7 17 21 18   2455761.22 2011  7 18 17 19   2455762.06 2011  7 19 13 20
 2455769.05 2011  7 26 13 14   2455769.89 2011  7 27  9 20   2455770.73 2011  7 28  5 25
 2455777.72 2011  8  4  5 10   2455778.56 2011  8  5  1 20   2455779.40 2011  8  5 21 29
