 Predicted Transit Epochs: HD69830__ d

 Predicted Duration of a Central Transit:    10.   Hours

 Begin Transit Window           PREDICTED CENTRAL TRANSIT     End Transit Window
                                     All Times UT

                               HJD        Year M  D  H  M
 2456746.81 2014  3 30  7 21   2456833.95 2014  6 25 10 44   2456921.09 2014  9 20 14  6
 2456940.81 2014 10 10  7 21   2457030.95 2015  1  8 10 44   2457121.09 2015  4  8 14  6
 2457134.81 2015  4 22  7 21   2457227.95 2015  7 24 10 44   2457321.09 2015 10 25 14  6
 2457328.81 2015 11  2  7 21   2457424.95 2016  2  6 10 44   2457521.09 2016  5 12 14  6
 2457522.81 2016  5 14  7 21   2457621.95 2016  8 21 10 44   2457721.09 2016 11 28 14  6
 2457716.81 2016 11 24  7 21   2457818.95 2017  3  6 10 44   2457921.09 2017  6 16 14  6
 2457910.81 2017  6  6  7 21   2458015.95 2017  9 19 10 44   2458121.09 2018  1  2 14  6
 2458104.81 2017 12 17  7 21   2458212.95 2018  4  4 10 44   2458321.09 2018  7 21 14  6
 2458298.81 2018  6 29  7 21   2458409.95 2018 10 18 10 44   2458521.09 2019  2  6 14  6
 2458492.81 2019  1  9  7 21   2458606.95 2019  5  3 10 44   2458721.09 2019  8 25 14  6
 2458686.81 2019  7 22  7 21   2458803.95 2019 11 16 10 44   2458921.09 2020  3 12 14  6
 2458880.81 2020  2  1  7 21   2459000.95 2020  5 31 10 44   2459121.09 2020  9 28 14  6
 2459074.81 2020  8 13  7 21   2459197.95 2020 12 14 10 44   2459321.09 2021  4 16 14  6
 2459268.81 2021  2 23  7 21   2459394.95 2021  6 29 10 44   2459521.09 2021 11  2 14  6
 2459462.81 2021  9  5  7 21   2459591.95 2022  1 12 10 44   2459721.09 2022  5 21 14  6
 2459656.81 2022  3 18  7 21   2459788.95 2022  7 28 10 44   2459921.09 2022 12  7 14  6
 2459850.81 2022  9 28  7 21   2459985.95 2023  2 10 10 44   2460121.09 2023  6 25 14  6
 2460044.81 2023  4 10  7 21   2460182.95 2023  8 26 10 44   2460321.09 2024  1 11 14  6
 2460238.81 2023 10 21  7 21   2460379.95 2024  3 10 10 44   2460521.09 2024  7 29 14  6
 2460432.81 2024  5  2  7 21   2460576.95 2024  9 23 10 44   2460721.09 2025  2 14 14  6
 2460626.81 2024 11 12  7 21   2460773.95 2025  4  8 10 44   2460921.09 2025  9  2 14  6
 2460820.81 2025  5 25  7 21   2460970.95 2025 10 22 10 44   2461121.09 2026  3 21 14  6
 2461014.81 2025 12  5  7 21   2461167.95 2026  5  7 10 44   2461321.09 2026 10  7 14  6
 2461208.81 2026  6 17  7 21   2461364.95 2026 11 20 10 44   2461521.09 2027  4 25 14  6
 2461402.81 2026 12 28  7 21   2461561.95 2027  6  5 10 44   2461721.09 2027 11 11 14  6
 2461596.81 2027  7 10  7 21   2461758.95 2027 12 19 10 44   2461921.09 2028  5 29 14  6
 2461790.81 2028  1 20  7 21   2461955.95 2028  7  3 10 44   2462121.09 2028 12 15 14  6
 2461984.81 2028  8  1  7 21   2462152.95 2029  1 16 10 44   2462321.09 2029  7  3 14  6
 2462178.81 2029  2 11  7 21   2462349.95 2029  8  1 10 44   2462521.09 2030  1 19 14  6
 2462372.81 2029  8 24  7 21   2462546.95 2030  2 14 10 44   2462721.09 2030  8  7 14  6
 2462566.81 2030  3  6  7 21   2462743.95 2030  8 30 10 44   2462921.09 2031  2 23 14  6
 2462760.81 2030  9 16  7 21   2462940.95 2031  3 15 10 44   2463121.09 2031  9 11 14  6
 2462954.81 2031  3 29  7 21   2463137.95 2031  9 28 10 44   2463321.09 2032  3 29 14  6
 2463148.81 2031 10  9  7 21   2463334.95 2032  4 12 10 44   2463521.09 2032 10 15 14  6
 2463342.81 2032  4 20  7 21   2463531.95 2032 10 26 10 44   2463721.09 2033  5  3 14  6
 2463536.81 2032 10 31  7 21   2463728.95 2033  5 11 10 44   2463921.09 2033 11 19 14  6
 2463730.81 2033  5 13  7 21   2463925.95 2033 11 24 10 44   2464121.09 2034  6  7 14  6
 2463924.81 2033 11 23  7 21   2464122.95 2034  6  9 10 44   2464321.09 2034 12 24 14  6
 2464118.81 2034  6  5  7 21   2464319.95 2034 12 23 10 44   2464521.09 2035  7 12 14  6
