 Predicted Transit Epochs: HD69830__ c

 Predicted Duration of a Central Transit:   333. Minutes

 Begin Transit Window           PREDICTED CENTRAL TRANSIT     End Transit Window
                                     All Times UT

                               HJD        Year M  D  H  M
 2456765.86 2014  4 18  8 44   2456772.97 2014  4 25 11 11   2456780.07 2014  5  2 13 39
 2456797.38 2014  5 19 21 12   2456804.53 2014  5 27  0 38   2456811.67 2014  6  3  4  3
 2456828.90 2014  6 20  9 41   2456836.09 2014  6 27 14  4   2456843.27 2014  7  4 18 27
 2456860.42 2014  7 21 22 10   2456867.65 2014  7 29  3 30   2456874.87 2014  8  5  8 51
 2456891.94 2014  8 22 10 39   2456899.21 2014  8 29 16 57   2456906.47 2014  9  5 23 15
 2456923.46 2014  9 22 23  8   2456930.77 2014  9 30  6 23   2456938.07 2014 10  7 13 39
 2456954.98 2014 10 24 11 36   2456962.33 2014 10 31 19 50   2456969.67 2014 11  8  4  3
 2456986.50 2014 11 25  0  5   2456993.89 2014 12  2  9 16   2457001.27 2014 12  9 18 27
 2457018.02 2014 12 26 12 34   2457025.45 2015  1  2 22 42   2457032.87 2015  1 10  8 51
 2457049.54 2015  1 27  1  3   2457057.01 2015  2  3 12  9   2457064.47 2015  2 10 23 15
 2457081.06 2015  2 27 13 32   2457088.57 2015  3  7  1 35   2457096.07 2015  3 14 13 39
 2457112.58 2015  3 31  2  0   2457120.13 2015  4  7 15  2   2457127.67 2015  4 15  4  3
 2457144.10 2015  5  1 14 29   2457151.69 2015  5  9  4 28   2457159.27 2015  5 16 18 27
 2457175.62 2015  6  2  2 58   2457183.25 2015  6  9 17 54   2457190.87 2015  6 17  8 51
 2457207.14 2015  7  3 15 27   2457214.81 2015  7 11  7 21   2457222.47 2015  7 18 23 15
 2457238.66 2015  8  4  3 56   2457246.37 2015  8 11 20 47   2457254.07 2015  8 19 13 39
 2457270.18 2015  9  4 16 24   2457277.93 2015  9 12 10 14   2457285.67 2015  9 20  4  3
 2457301.70 2015 10  6  4 53   2457309.49 2015 10 13 23 40   2457317.27 2015 10 21 18 27
 2457333.22 2015 11  6 17 22   2457341.05 2015 11 14 13  6   2457348.87 2015 11 22  8 51
 2457364.74 2015 12  8  5 51   2457372.61 2015 12 16  2 33   2457380.47 2015 12 23 23 15
 2457396.26 2016  1  8 18 20   2457404.17 2016  1 16 15 59   2457412.07 2016  1 24 13 39
 2457427.78 2016  2  9  6 48   2457435.73 2016  2 17  5 26   2457443.67 2016  2 25  4  3
 2457459.30 2016  3 11 19 17   2457467.29 2016  3 19 18 52   2457475.27 2016  3 27 18 27
 2457490.82 2016  4 12  7 46   2457498.85 2016  4 20  8 18   2457506.87 2016  4 28  8 51
 2457522.34 2016  5 13 20 15   2457530.41 2016  5 21 21 45   2457538.47 2016  5 29 23 15
 2457553.86 2016  6 14  8 44   2457561.97 2016  6 22 11 11   2457570.07 2016  6 30 13 39
 2457585.38 2016  7 15 21 12   2457593.53 2016  7 24  0 38   2457601.67 2016  8  1  4  3
 2457616.90 2016  8 16  9 41   2457625.09 2016  8 24 14  4   2457633.27 2016  9  1 18 27
 2457648.42 2016  9 16 22 10   2457656.65 2016  9 25  3 30   2457664.87 2016 10  3  8 51
 2457679.94 2016 10 18 10 39   2457688.21 2016 10 26 16 57   2457696.47 2016 11  3 23 15
 2457711.46 2016 11 18 23  8   2457719.77 2016 11 27  6 23   2457728.07 2016 12  5 13 39
 2457742.98 2016 12 20 11 36   2457751.33 2016 12 28 19 50   2457759.67 2017  1  6  4  3
 2457774.50 2017  1 21  0  5   2457782.89 2017  1 29  9 16   2457791.27 2017  2  6 18 27
 2457806.02 2017  2 21 12 34   2457814.45 2017  3  1 22 42   2457822.87 2017  3 10  8 51
 2457837.54 2017  3 25  1  3   2457846.01 2017  4  2 12  9   2457854.47 2017  4 10 23 15
 2457869.06 2017  4 25 13 32   2457877.57 2017  5  4  1 35   2457886.07 2017  5 12 13 39
 2457900.58 2017  5 27  2  0   2457909.13 2017  6  4 15  2   2457917.67 2017  6 13  4  3
 2457932.10 2017  6 27 14 29   2457940.69 2017  7  6  4 28   2457949.27 2017  7 14 18 27
 2457963.62 2017  7 29  2 58   2457972.25 2017  8  6 17 54   2457980.87 2017  8 15  8 51
 2457995.14 2017  8 29 15 27   2458003.81 2017  9  7  7 21   2458012.47 2017  9 15 23 15
 2458026.66 2017  9 30  3 56   2458035.37 2017 10  8 20 47   2458044.07 2017 10 17 13 39
 2458058.18 2017 10 31 16 24   2458066.93 2017 11  9 10 14   2458075.67 2017 11 18  4  3
 2458089.70 2017 12  2  4 53   2458098.49 2017 12 10 23 40   2458107.27 2017 12 19 18 27
 2458121.22 2018  1  2 17 22   2458130.05 2018  1 11 13  6   2458138.87 2018  1 20  8 51
 2458152.74 2018  2  3  5 51   2458161.61 2018  2 12  2 33   2458170.47 2018  2 20 23 15
 2458184.26 2018  3  6 18 20   2458193.17 2018  3 15 15 59   2458202.07 2018  3 24 13 39
 2458215.78 2018  4  7  6 48   2458224.73 2018  4 16  5 26   2458233.67 2018  4 25  4  3
 2458247.30 2018  5  8 19 17   2458256.29 2018  5 17 18 52   2458265.27 2018  5 26 18 27
 2458278.82 2018  6  9  7 46   2458287.85 2018  6 18  8 18   2458296.87 2018  6 27  8 51
 2458310.34 2018  7 10 20 15   2458319.41 2018  7 19 21 45   2458328.47 2018  7 28 23 15
 2458341.86 2018  8 11  8 44   2458350.97 2018  8 20 11 11   2458360.07 2018  8 29 13 39
 2458373.38 2018  9 11 21 12   2458382.53 2018  9 21  0 38   2458391.67 2018  9 30  4  3
 2458404.90 2018 10 13  9 41   2458414.09 2018 10 22 14  4   2458423.27 2018 10 31 18 27
 2458436.42 2018 11 13 22 10   2458445.65 2018 11 23  3 30   2458454.87 2018 12  2  8 51
 2458467.94 2018 12 15 10 39   2458477.21 2018 12 24 16 57   2458486.47 2019  1  2 23 15
 2458499.46 2019  1 15 23  8   2458508.77 2019  1 25  6 23   2458518.07 2019  2  3 13 39
 2458530.98 2019  2 16 11 36   2458540.33 2019  2 25 19 50   2458549.67 2019  3  7  4  3
 2458562.50 2019  3 20  0  5   2458571.89 2019  3 29  9 16   2458581.27 2019  4  7 18 27
 2458594.02 2019  4 20 12 34   2458603.45 2019  4 29 22 42   2458612.87 2019  5  9  8 51
 2458625.54 2019  5 22  1  3   2458635.01 2019  5 31 12  9   2458644.47 2019  6  9 23 15
 2458657.06 2019  6 22 13 32   2458666.57 2019  7  2  1 35   2458676.07 2019  7 11 13 39
 2458688.58 2019  7 24  2  0   2458698.13 2019  8  2 15  2   2458707.67 2019  8 12  4  3
 2458720.10 2019  8 24 14 29   2458729.69 2019  9  3  4 28   2458739.27 2019  9 12 18 27
 2458751.62 2019  9 25  2 58   2458761.25 2019 10  4 17 54   2458770.87 2019 10 14  8 51
 2458783.14 2019 10 26 15 27   2458792.81 2019 11  5  7 21   2458802.47 2019 11 14 23 15
 2458814.66 2019 11 27  3 56   2458824.37 2019 12  6 20 47   2458834.07 2019 12 16 13 39
 2458846.18 2019 12 28 16 24   2458855.93 2020  1  7 10 14   2458865.67 2020  1 17  4  3
 2458877.70 2020  1 29  4 53   2458887.49 2020  2  7 23 40   2458897.27 2020  2 17 18 27
 2458909.22 2020  2 29 17 22   2458919.05 2020  3 10 13  6   2458928.87 2020  3 20  8 51
 2458940.74 2020  4  1  5 51   2458950.61 2020  4 11  2 33   2458960.47 2020  4 20 23 15
 2458972.26 2020  5  2 18 20   2458982.17 2020  5 12 15 59   2458992.07 2020  5 22 13 39
 2459003.78 2020  6  3  6 48   2459013.73 2020  6 13  5 26   2459023.67 2020  6 23  4  3
 2459035.30 2020  7  4 19 17   2459045.29 2020  7 14 18 52   2459055.27 2020  7 24 18 27
 2459066.82 2020  8  5  7 46   2459076.85 2020  8 15  8 18   2459086.87 2020  8 25  8 51
 2459098.34 2020  9  5 20 15   2459108.41 2020  9 15 21 45   2459118.47 2020  9 25 23 15
 2459129.86 2020 10  7  8 44   2459139.97 2020 10 17 11 11   2459150.07 2020 10 27 13 39
 2459161.38 2020 11  7 21 12   2459171.53 2020 11 18  0 38   2459181.67 2020 11 28  4  3
 2459192.90 2020 12  9  9 41   2459203.09 2020 12 19 14  4   2459213.27 2020 12 29 18 27
 2459224.42 2021  1  9 22 10   2459234.65 2021  1 20  3 30   2459244.87 2021  1 30  8 51
 2459255.94 2021  2 10 10 39   2459266.21 2021  2 20 16 57   2459276.47 2021  3  2 23 15
 2459287.46 2021  3 13 23  8   2459297.77 2021  3 24  6 23   2459308.07 2021  4  3 13 39
 2459318.98 2021  4 14 11 36   2459329.33 2021  4 24 19 50   2459339.67 2021  5  5  4  3
 2459350.50 2021  5 16  0  5   2459360.89 2021  5 26  9 16   2459371.27 2021  6  5 18 27
 2459382.02 2021  6 16 12 34   2459392.45 2021  6 26 22 42   2459402.87 2021  7  7  8 51
 2459413.54 2021  7 18  1  3   2459424.01 2021  7 28 12  9   2459434.47 2021  8  7 23 15
 2459445.06 2021  8 18 13 32   2459455.57 2021  8 29  1 35   2459466.07 2021  9  8 13 39
 2459476.58 2021  9 19  2  0   2459487.13 2021  9 29 15  2   2459497.67 2021 10 10  4  3
 2459508.10 2021 10 20 14 29   2459518.69 2021 10 31  4 28   2459529.27 2021 11 10 18 27
 2459539.62 2021 11 21  2 58   2459550.25 2021 12  1 17 54   2459560.87 2021 12 12  8 51
 2459571.14 2021 12 22 15 27   2459581.81 2022  1  2  7 21   2459592.47 2022  1 12 23 15
 2459602.66 2022  1 23  3 56   2459613.37 2022  2  2 20 47   2459624.07 2022  2 13 13 39
 2459634.18 2022  2 23 16 24   2459644.93 2022  3  6 10 14   2459655.67 2022  3 17  4  3
 2459665.70 2022  3 27  4 53   2459676.49 2022  4  6 23 40   2459687.27 2022  4 17 18 27
 2459697.22 2022  4 27 17 22   2459708.05 2022  5  8 13  6   2459718.87 2022  5 19  8 51
 2459728.74 2022  5 29  5 51   2459739.61 2022  6  9  2 33   2459750.47 2022  6 19 23 15
 2459760.26 2022  6 29 18 20   2459771.17 2022  7 10 15 59   2459782.07 2022  7 21 13 39
 2459791.78 2022  7 31  6 48   2459802.73 2022  8 11  5 26   2459813.67 2022  8 22  4  3
 2459823.30 2022  8 31 19 17   2459834.29 2022  9 11 18 52   2459845.27 2022  9 22 18 27
 2459854.82 2022 10  2  7 46   2459865.85 2022 10 13  8 18   2459876.87 2022 10 24  8 51
 2459886.34 2022 11  2 20 15   2459897.41 2022 11 13 21 45   2459908.47 2022 11 24 23 15
 2459917.86 2022 12  4  8 44   2459928.97 2022 12 15 11 11   2459940.07 2022 12 26 13 39
 2459949.38 2023  1  4 21 12   2459960.53 2023  1 16  0 38   2459971.67 2023  1 27  4  3
 2459980.90 2023  2  5  9 41   2459992.09 2023  2 16 14  4   2460003.27 2023  2 27 18 27
 2460012.42 2023  3  8 22 10   2460023.65 2023  3 20  3 30   2460034.87 2023  3 31  8 51
 2460043.94 2023  4  9 10 39   2460055.21 2023  4 20 16 57   2460066.47 2023  5  1 23 15
 2460075.46 2023  5 10 23  8   2460086.77 2023  5 22  6 23   2460098.07 2023  6  2 13 39
 2460106.98 2023  6 11 11 36   2460118.33 2023  6 22 19 50   2460129.67 2023  7  4  4  3
 2460138.50 2023  7 13  0  5   2460149.89 2023  7 24  9 16   2460161.27 2023  8  4 18 27
 2460170.02 2023  8 13 12 34   2460181.45 2023  8 24 22 42   2460192.87 2023  9  5  8 51
 2460201.54 2023  9 14  1  3   2460213.01 2023  9 25 12  9   2460224.47 2023 10  6 23 15
 2460233.06 2023 10 15 13 32   2460244.57 2023 10 27  1 35   2460256.07 2023 11  7 13 39
 2460264.58 2023 11 16  2  0   2460276.13 2023 11 27 15  2   2460287.67 2023 12  9  4  3
 2460296.10 2023 12 17 14 29   2460307.69 2023 12 29  4 28   2460319.27 2024  1  9 18 27
 2460327.62 2024  1 18  2 58   2460339.25 2024  1 29 17 54   2460350.87 2024  2 10  8 51
 2460359.14 2024  2 18 15 27   2460370.81 2024  3  1  7 21   2460382.47 2024  3 12 23 15
 2460390.66 2024  3 21  3 56   2460402.37 2024  4  1 20 47   2460414.07 2024  4 13 13 39
 2460422.18 2024  4 21 16 24   2460433.93 2024  5  3 10 14   2460445.67 2024  5 15  4  3
 2460453.70 2024  5 23  4 53   2460465.49 2024  6  3 23 40   2460477.27 2024  6 15 18 27
 2460485.22 2024  6 23 17 22   2460497.05 2024  7  5 13  6   2460508.87 2024  7 17  8 51
 2460516.74 2024  7 25  5 51   2460528.61 2024  8  6  2 33   2460540.47 2024  8 17 23 15
 2460548.26 2024  8 25 18 20   2460560.17 2024  9  6 15 59   2460572.07 2024  9 18 13 39
 2460579.78 2024  9 26  6 48   2460591.73 2024 10  8  5 26   2460603.67 2024 10 20  4  3
 2460611.30 2024 10 27 19 17   2460623.29 2024 11  8 18 52   2460635.27 2024 11 20 18 27
 2460642.82 2024 11 28  7 46   2460654.85 2024 12 10  8 18   2460666.87 2024 12 22  8 51
 2460674.34 2024 12 29 20 15   2460686.41 2025  1 10 21 45   2460698.47 2025  1 22 23 15
 2460705.86 2025  1 30  8 44   2460717.97 2025  2 11 11 11   2460730.07 2025  2 23 13 39
 2460737.38 2025  3  2 21 12   2460749.53 2025  3 15  0 38   2460761.67 2025  3 27  4  3
 2460768.90 2025  4  3  9 41   2460781.09 2025  4 15 14  4   2460793.27 2025  4 27 18 27
 2460800.42 2025  5  4 22 10   2460812.65 2025  5 17  3 30   2460824.87 2025  5 29  8 51
 2460831.94 2025  6  5 10 39   2460844.21 2025  6 17 16 57   2460856.47 2025  6 29 23 15
 2460863.46 2025  7  6 23  8   2460875.77 2025  7 19  6 23   2460888.07 2025  7 31 13 39
 2460894.98 2025  8  7 11 36   2460907.33 2025  8 19 19 50   2460919.67 2025  9  1  4  3
 2460926.50 2025  9  8  0  5   2460938.89 2025  9 20  9 16   2460951.27 2025 10  2 18 27
 2460958.02 2025 10  9 12 34   2460970.45 2025 10 21 22 42   2460982.87 2025 11  3  8 51
 2460989.54 2025 11 10  1  3   2461002.01 2025 11 22 12  9   2461014.47 2025 12  4 23 15
 2461021.06 2025 12 11 13 32   2461033.57 2025 12 24  1 35   2461046.07 2026  1  5 13 39
 2461052.58 2026  1 12  2  0   2461065.13 2026  1 24 15  2   2461077.67 2026  2  6  4  3
 2461084.10 2026  2 12 14 29   2461096.69 2026  2 25  4 28   2461109.27 2026  3  9 18 27
 2461115.62 2026  3 16  2 58   2461128.25 2026  3 28 17 54   2461140.87 2026  4 10  8 51
 2461147.14 2026  4 16 15 27   2461159.81 2026  4 29  7 21   2461172.47 2026  5 11 23 15
 2461178.66 2026  5 18  3 56   2461191.37 2026  5 30 20 47   2461204.07 2026  6 12 13 39
 2461210.18 2026  6 18 16 24   2461222.93 2026  7  1 10 14   2461235.67 2026  7 14  4  3
 2461241.70 2026  7 20  4 53   2461254.49 2026  8  1 23 40   2461267.27 2026  8 14 18 27
 2461273.22 2026  8 20 17 22   2461286.05 2026  9  2 13  6   2461298.87 2026  9 15  8 51
 2461304.74 2026  9 21  5 51   2461317.61 2026 10  4  2 33   2461330.47 2026 10 16 23 15
 2461336.26 2026 10 22 18 20   2461349.17 2026 11  4 15 59   2461362.07 2026 11 17 13 39
 2461367.78 2026 11 23  6 48   2461380.73 2026 12  6  5 26   2461393.67 2026 12 19  4  3
 2461399.30 2026 12 24 19 17   2461412.29 2027  1  6 18 52   2461425.27 2027  1 19 18 27
 2461430.82 2027  1 25  7 46   2461443.85 2027  2  7  8 18   2461456.87 2027  2 20  8 51
 2461462.34 2027  2 25 20 15   2461475.41 2027  3 10 21 45   2461488.47 2027  3 23 23 15
 2461493.86 2027  3 29  8 44   2461506.97 2027  4 11 11 11   2461520.07 2027  4 24 13 39
 2461525.38 2027  4 29 21 12   2461538.53 2027  5 13  0 38   2461551.67 2027  5 26  4  3
 2461556.90 2027  5 31  9 41   2461570.09 2027  6 13 14  4   2461583.27 2027  6 26 18 27
 2461588.42 2027  7  1 22 10   2461601.65 2027  7 15  3 30   2461614.87 2027  7 28  8 51
 2461619.94 2027  8  2 10 39   2461633.21 2027  8 15 16 57   2461646.47 2027  8 28 23 15
 2461651.46 2027  9  2 23  8   2461664.77 2027  9 16  6 23   2461678.07 2027  9 29 13 39
 2461682.98 2027 10  4 11 36   2461696.33 2027 10 17 19 50   2461709.67 2027 10 31  4  3
 2461714.50 2027 11  5  0  5   2461727.89 2027 11 18  9 16   2461741.27 2027 12  1 18 27
 2461746.02 2027 12  6 12 34   2461759.45 2027 12 19 22 42   2461772.87 2028  1  2  8 51
 2461777.54 2028  1  7  1  3   2461791.01 2028  1 20 12  9   2461804.47 2028  2  2 23 15
 2461809.06 2028  2  7 13 32   2461822.57 2028  2 21  1 35   2461836.07 2028  3  5 13 39
 2461840.58 2028  3 10  2  0   2461854.13 2028  3 23 15  2   2461867.67 2028  4  6  4  3
 2461872.10 2028  4 10 14 29   2461885.69 2028  4 24  4 28   2461899.27 2028  5  7 18 27
 2461903.62 2028  5 12  2 58   2461917.25 2028  5 25 17 54   2461930.87 2028  6  8  8 51
 2461935.14 2028  6 12 15 27   2461948.81 2028  6 26  7 21   2461962.47 2028  7  9 23 15
 2461966.66 2028  7 14  3 56   2461980.37 2028  7 27 20 47   2461994.07 2028  8 10 13 39
 2461998.18 2028  8 14 16 24   2462011.93 2028  8 28 10 14   2462025.67 2028  9 11  4  3
 2462029.70 2028  9 15  4 53   2462043.49 2028  9 28 23 40   2462057.27 2028 10 12 18 27
 2462061.22 2028 10 16 17 22   2462075.05 2028 10 30 13  6   2462088.87 2028 11 13  8 51
 2462092.74 2028 11 17  5 51   2462106.61 2028 12  1  2 33   2462120.47 2028 12 14 23 15
 2462124.26 2028 12 18 18 20   2462138.17 2029  1  1 15 59   2462152.07 2029  1 15 13 39
 2462155.78 2029  1 19  6 48   2462169.73 2029  2  2  5 26   2462183.67 2029  2 16  4  3
 2462187.30 2029  2 19 19 17   2462201.29 2029  3  5 18 52   2462215.27 2029  3 19 18 27
 2462218.82 2029  3 23  7 46   2462232.85 2029  4  6  8 18   2462246.87 2029  4 20  8 51
 2462250.34 2029  4 23 20 15   2462264.41 2029  5  7 21 45   2462278.47 2029  5 21 23 15
 2462281.86 2029  5 25  8 44   2462295.97 2029  6  8 11 11   2462310.07 2029  6 22 13 39
 2462313.38 2029  6 25 21 12   2462327.53 2029  7 10  0 38   2462341.67 2029  7 24  4  3
 2462344.90 2029  7 27  9 41   2462359.09 2029  8 10 14  4   2462373.27 2029  8 24 18 27
 2462376.42 2029  8 27 22 10   2462390.65 2029  9 11  3 30   2462404.87 2029  9 25  8 51
 2462407.94 2029  9 28 10 39   2462422.21 2029 10 12 16 57   2462436.47 2029 10 26 23 15
 2462439.46 2029 10 29 23  8   2462453.77 2029 11 13  6 23   2462468.07 2029 11 27 13 39
 2462470.98 2029 11 30 11 36   2462485.33 2029 12 14 19 50   2462499.67 2029 12 29  4  3
 2462502.50 2030  1  1  0  5   2462516.89 2030  1 15  9 16   2462531.27 2030  1 29 18 27
 2462534.02 2030  2  1 12 34   2462548.45 2030  2 15 22 42   2462562.87 2030  3  2  8 51
 2462565.54 2030  3  5  1  3   2462580.01 2030  3 19 12  9   2462594.47 2030  4  2 23 15
 2462597.06 2030  4  5 13 32   2462611.57 2030  4 20  1 35   2462626.07 2030  5  4 13 39
 2462628.58 2030  5  7  2  0   2462643.13 2030  5 21 15  2   2462657.67 2030  6  5  4  3
 2462660.10 2030  6  7 14 29   2462674.69 2030  6 22  4 28   2462689.27 2030  7  6 18 27
 2462691.62 2030  7  9  2 58   2462706.25 2030  7 23 17 54   2462720.87 2030  8  7  8 51
 2462723.14 2030  8  9 15 27   2462737.81 2030  8 24  7 21   2462752.47 2030  9  7 23 15
 2462754.66 2030  9 10  3 56   2462769.37 2030  9 24 20 47   2462784.07 2030 10  9 13 39
 2462786.18 2030 10 11 16 24   2462800.93 2030 10 26 10 14   2462815.67 2030 11 10  4  3
 2462817.70 2030 11 12  4 53   2462832.49 2030 11 26 23 40   2462847.27 2030 12 11 18 27
 2462849.22 2030 12 13 17 22   2462864.05 2030 12 28 13  6   2462878.87 2031  1 12  8 51
 2462880.74 2031  1 14  5 51   2462895.61 2031  1 29  2 33   2462910.47 2031  2 12 23 15
 2462912.26 2031  2 14 18 20   2462927.17 2031  3  1 15 59   2462942.07 2031  3 16 13 39
 2462943.78 2031  3 18  6 48   2462958.73 2031  4  2  5 26   2462973.67 2031  4 17  4  3
 2462975.30 2031  4 18 19 17   2462990.29 2031  5  3 18 52   2463005.27 2031  5 18 18 27
 2463006.82 2031  5 20  7 46   2463021.85 2031  6  4  8 18   2463036.87 2031  6 19  8 51
 2463038.34 2031  6 20 20 15   2463053.41 2031  7  5 21 45   2463068.47 2031  7 20 23 15
 2463069.86 2031  7 22  8 44   2463084.97 2031  8  6 11 11   2463100.07 2031  8 21 13 39
 2463101.38 2031  8 22 21 12   2463116.53 2031  9  7  0 38   2463131.67 2031  9 22  4  3
 2463132.90 2031  9 23  9 41   2463148.09 2031 10  8 14  4   2463163.27 2031 10 23 18 27
 2463164.42 2031 10 24 22 10   2463179.65 2031 11  9  3 30   2463194.87 2031 11 24  8 51
 2463195.94 2031 11 25 10 39   2463211.21 2031 12 10 16 57   2463226.47 2031 12 25 23 15
 2463227.46 2031 12 26 23  8   2463242.77 2032  1 11  6 23   2463258.07 2032  1 26 13 39
 2463258.98 2032  1 27 11 36   2463274.33 2032  2 11 19 50   2463289.67 2032  2 27  4  3
 2463290.50 2032  2 28  0  5   2463305.89 2032  3 14  9 16   2463321.27 2032  3 29 18 27
 2463322.02 2032  3 30 12 34   2463337.45 2032  4 14 22 42   2463352.87 2032  4 30  8 51
 2463353.54 2032  5  1  1  3   2463369.01 2032  5 16 12  9   2463384.47 2032  5 31 23 15
 2463385.06 2032  6  1 13 32   2463400.57 2032  6 17  1 35   2463416.07 2032  7  2 13 39
 2463416.58 2032  7  3  2  0   2463432.13 2032  7 18 15  2   2463447.67 2032  8  3  4  3
 2463448.10 2032  8  3 14 29   2463463.69 2032  8 19  4 28   2463479.27 2032  9  3 18 27
 2463479.62 2032  9  4  2 58   2463495.25 2032  9 19 17 54   2463510.87 2032 10  5  8 51
 2463511.14 2032 10  5 15 27   2463526.81 2032 10 21  7 21   2463542.47 2032 11  5 23 15
 2463542.66 2032 11  6  3 56   2463558.37 2032 11 21 20 47   2463574.07 2032 12  7 13 39
 2463574.18 2032 12  7 16 24   2463589.93 2032 12 23 10 14   2463605.67 2033  1  8  4  3
 2463605.70 2033  1  8  4 53   2463621.49 2033  1 23 23 40   2463637.27 2033  2  8 18 27
 2463637.22 2033  2  8 17 22   2463653.05 2033  2 24 13  6   2463668.87 2033  3 12  8 51
 2463668.74 2033  3 12  5 51   2463684.61 2033  3 28  2 33   2463700.47 2033  4 12 23 15
 2463700.26 2033  4 12 18 20   2463716.17 2033  4 28 15 59   2463732.07 2033  5 14 13 39
 2463731.78 2033  5 14  6 48   2463747.73 2033  5 30  5 26   2463763.67 2033  6 15  4  3
 2463763.30 2033  6 14 19 17   2463779.29 2033  6 30 18 52   2463795.27 2033  7 16 18 27
 2463794.82 2033  7 16  7 46   2463810.85 2033  8  1  8 18   2463826.87 2033  8 17  8 51
 2463826.34 2033  8 16 20 15   2463842.41 2033  9  1 21 45   2463858.47 2033  9 17 23 15
 2463857.86 2033  9 17  8 44   2463873.97 2033 10  3 11 11   2463890.07 2033 10 19 13 39
 2463889.38 2033 10 18 21 12   2463905.53 2033 11  4  0 38   2463921.67 2033 11 20  4  3
 2463920.90 2033 11 19  9 41   2463937.09 2033 12  5 14  4   2463953.27 2033 12 21 18 27
 2463952.42 2033 12 20 22 10   2463968.65 2034  1  6  3 30   2463984.87 2034  1 22  8 51
 2463983.94 2034  1 21 10 39   2464000.21 2034  2  6 16 57   2464016.47 2034  2 22 23 15
 2464015.46 2034  2 21 23  8   2464031.77 2034  3 10  6 23   2464048.07 2034  3 26 13 39
 2464046.98 2034  3 25 11 36   2464063.33 2034  4 10 19 50   2464079.67 2034  4 27  4  3
 2464078.50 2034  4 26  0  5   2464094.89 2034  5 12  9 16   2464111.27 2034  5 28 18 27
 2464110.02 2034  5 27 12 34   2464126.45 2034  6 12 22 42   2464142.87 2034  6 29  8 51
 2464141.54 2034  6 28  1  3   2464158.01 2034  7 14 12  9   2464174.47 2034  7 30 23 15
 2464173.06 2034  7 29 13 32   2464189.57 2034  8 15  1 35   2464206.07 2034  8 31 13 39
