 Predicted Transit Epochs: HD73526__ c

 Predicted Duration of a Central Transit:    14.   Hours

 Begin Transit Window           PREDICTED CENTRAL TRANSIT     End Transit Window
                                     All Times UT

                               HJD        Year M  D  H  M
 2454612.82 2008  5 26  7 40   2454656.78 2008  7  9  6 45   2454700.74 2008  8 22  5 50
 2454988.82 2009  6  6  7 40   2455033.68 2009  7 21  4 21   2455078.54 2009  9  4  1  2
 2455364.82 2010  6 17  7 40   2455410.58 2010  8  2  1 57   2455456.34 2010  9 16 20 14
 2455740.82 2011  6 28  7 40   2455787.48 2011  8 13 23 33   2455834.14 2011  9 29 15 26
 2456116.82 2012  7  8  7 40   2456164.38 2012  8 24 21  9   2456211.94 2012 10 11 10 38
 2456492.82 2013  7 19  7 40   2456541.28 2013  9  5 18 45   2456589.74 2013 10 24  5 50
 2456868.82 2014  7 30  7 40   2456918.18 2014  9 17 16 21   2456967.54 2014 11  6  1  2
 2457244.82 2015  8 10  7 40   2457295.08 2015  9 29 13 57   2457345.34 2015 11 18 20 14
 2457620.82 2016  8 20  7 40   2457671.98 2016 10 10 11 33   2457723.14 2016 11 30 15 26
 2457996.82 2017  8 31  7 40   2458048.88 2017 10 22  9  9   2458100.94 2017 12 13 10 38
 2458372.82 2018  9 11  7 40   2458425.78 2018 11  3  6 45   2458478.74 2018 12 26  5 50
 2458748.82 2019  9 22  7 40   2458802.68 2019 11 15  4 21   2458856.54 2020  1  8  1  2
 2459124.82 2020 10  2  7 40   2459179.58 2020 11 26  1 57   2459234.34 2021  1 19 20 14
 2459500.82 2021 10 13  7 40   2459556.48 2021 12  7 23 33   2459612.14 2022  2  1 15 26
 2459876.82 2022 10 24  7 40   2459933.38 2022 12 19 21  9   2459989.94 2023  2 14 10 38
 2460252.82 2023 11  4  7 40   2460310.28 2023 12 31 18 45   2460367.74 2024  2 27  5 50
 2460628.82 2024 11 14  7 40   2460687.18 2025  1 11 16 21   2460745.54 2025  3 11  1  2
 2461004.82 2025 11 25  7 40   2461064.08 2026  1 23 13 57   2461123.34 2026  3 23 20 14
 2461380.82 2026 12  6  7 40   2461440.98 2027  2  4 11 33   2461501.14 2027  4  5 15 26
 2461756.82 2027 12 17  7 40   2461817.88 2028  2 16  9  9   2461878.94 2028  4 17 10 38
 2462132.82 2028 12 27  7 40   2462194.78 2029  2 27  6 45   2462256.74 2029  4 30  5 50
