 Predicted Transit Epochs: HD73256__ b

 Predicted Duration of a Central Transit:   144. Minutes

 Begin Transit Window           PREDICTED CENTRAL TRANSIT     End Transit Window
                                     All Times UT

                               HJD        Year M  D  H  M
 2454924.17 2009  4  2 16  9   2454924.66 2009  4  3  3 43   2454925.14 2009  4  3 15 18
 2454926.72 2009  4  5  5 19   2454927.20 2009  4  5 16 53   2454927.69 2009  4  6  4 28
 2454929.27 2009  4  7 18 28   2454929.75 2009  4  8  6  3   2454930.24 2009  4  8 17 38
 2454931.82 2009  4 10  7 38   2454932.30 2009  4 10 19 13   2454932.78 2009  4 11  6 49
 2454934.37 2009  4 12 20 48   2454934.85 2009  4 13  8 23   2454935.33 2009  4 13 19 59
 2454936.92 2009  4 15  9 57   2454937.40 2009  4 15 21 33   2454937.88 2009  4 16  9  9
 2454939.46 2009  4 17 23  7   2454939.95 2009  4 18 10 43   2454940.43 2009  4 18 22 19
 2454942.01 2009  4 20 12 17   2454942.50 2009  4 20 23 53   2454942.98 2009  4 21 11 29
 2454944.56 2009  4 23  1 27   2454945.04 2009  4 23 13  3   2454945.53 2009  4 24  0 40
 2454947.11 2009  4 25 14 36   2454947.59 2009  4 26  2 13   2454948.08 2009  4 26 13 50
 2454949.66 2009  4 28  3 46   2454950.14 2009  4 28 15 23   2454950.63 2009  4 29  3  0
 2454952.21 2009  4 30 16 56   2454952.69 2009  5  1  4 33   2454953.17 2009  5  1 16 10
 2454954.75 2009  5  3  6  6   2454955.24 2009  5  3 17 43   2454955.72 2009  5  4  5 20
 2454957.30 2009  5  5 19 15   2454957.79 2009  5  6  6 53   2454958.27 2009  5  6 18 31
 2454959.85 2009  5  8  8 25   2454960.34 2009  5  8 20  3   2454960.82 2009  5  9  7 41
 2454962.40 2009  5 10 21 35   2454962.88 2009  5 11  9 13   2454963.37 2009  5 11 20 51
 2454964.95 2009  5 13 10 44   2454965.43 2009  5 13 22 23   2454965.92 2009  5 14 10  1
 2454967.50 2009  5 15 23 54   2454967.98 2009  5 16 11 33   2454968.47 2009  5 16 23 11
 2454970.04 2009  5 18 13  4   2454970.53 2009  5 19  0 43   2454971.02 2009  5 19 12 21
 2454972.59 2009  5 21  2 14   2454973.08 2009  5 21 13 53   2454973.56 2009  5 22  1 32
 2454975.14 2009  5 23 15 23   2454975.63 2009  5 24  3  3   2454976.11 2009  5 24 14 42
 2454977.69 2009  5 26  4 33   2454978.18 2009  5 26 16 13   2454978.66 2009  5 27  3 52
 2454980.24 2009  5 28 17 43   2454980.72 2009  5 29  5 22   2454981.21 2009  5 29 17  2
 2454982.79 2009  5 31  6 53   2454983.27 2009  5 31 18 32   2454983.76 2009  6  1  6 12
 2454985.34 2009  6  2 20  2   2454985.82 2009  6  3  7 42   2454986.31 2009  6  3 19 23
 2454987.88 2009  6  5  9 12   2454988.37 2009  6  5 20 52   2454988.86 2009  6  6  8 33
 2454990.43 2009  6  7 22 22   2454990.92 2009  6  8 10  2   2454991.41 2009  6  8 21 43
 2454992.98 2009  6 10 11 31   2454993.47 2009  6 10 23 12   2454993.95 2009  6 11 10 53
 2454995.53 2009  6 13  0 41   2454996.02 2009  6 13 12 22   2454996.50 2009  6 14  0  3
 2454998.08 2009  6 15 13 51   2454998.56 2009  6 16  1 32   2454999.05 2009  6 16 13 13
 2455000.63 2009  6 18  3  1   2455001.11 2009  6 18 14 42   2455001.60 2009  6 19  2 24
 2455003.17 2009  6 20 16 10   2455003.66 2009  6 21  3 52   2455004.15 2009  6 21 15 34
 2455005.72 2009  6 23  5 20   2455006.21 2009  6 23 17  2   2455006.70 2009  6 24  4 44
 2455008.27 2009  6 25 18 30   2455008.76 2009  6 26  6 12   2455009.25 2009  6 26 17 54
 2455010.82 2009  6 28  7 40   2455011.31 2009  6 28 19 22   2455011.80 2009  6 29  7  4
 2455013.37 2009  6 30 20 49   2455013.86 2009  7  1  8 32   2455014.34 2009  7  1 20 15
 2455015.92 2009  7  3  9 59   2455016.40 2009  7  3 21 42   2455016.89 2009  7  4  9 25
 2455018.46 2009  7  5 23  9   2455018.95 2009  7  6 10 52   2455019.44 2009  7  6 22 35
 2455021.01 2009  7  8 12 18   2455021.50 2009  7  9  0  2   2455021.99 2009  7  9 11 45
 2455023.56 2009  7 11  1 28   2455024.05 2009  7 11 13 12   2455024.54 2009  7 12  0 55
 2455026.11 2009  7 13 14 38   2455026.60 2009  7 14  2 22   2455027.09 2009  7 14 14  6
 2455028.66 2009  7 16  3 48   2455029.15 2009  7 16 15 32   2455029.64 2009  7 17  3 16
 2455031.21 2009  7 18 16 57   2455031.70 2009  7 19  4 42   2455032.18 2009  7 19 16 26
 2455033.76 2009  7 21  6  7   2455034.24 2009  7 21 17 52   2455034.73 2009  7 22  5 36
 2455036.30 2009  7 23 19 17   2455036.79 2009  7 24  7  2   2455037.28 2009  7 24 18 46
 2455038.85 2009  7 26  8 26   2455039.34 2009  7 26 20 11   2455039.83 2009  7 27  7 56
 2455041.40 2009  7 28 21 36   2455041.89 2009  7 29  9 21   2455042.38 2009  7 29 21  7
 2455043.95 2009  7 31 10 46   2455044.44 2009  7 31 22 31   2455044.93 2009  8  1 10 17
 2455046.50 2009  8  2 23 56   2455046.99 2009  8  3 11 41   2455047.48 2009  8  3 23 27
 2455049.05 2009  8  5 13  5   2455049.54 2009  8  6  0 51   2455050.03 2009  8  6 12 37
 2455051.59 2009  8  8  2 15   2455052.08 2009  8  8 14  1   2455052.57 2009  8  9  1 47
 2455054.14 2009  8 10 15 25   2455054.63 2009  8 11  3 11   2455055.12 2009  8 11 14 58
 2455056.69 2009  8 13  4 35   2455057.18 2009  8 13 16 21   2455057.67 2009  8 14  4  8
 2455059.24 2009  8 15 17 44   2455059.73 2009  8 16  5 31   2455060.22 2009  8 16 17 18
 2455061.79 2009  8 18  6 54   2455062.28 2009  8 18 18 41   2455062.77 2009  8 19  6 28
 2455064.34 2009  8 20 20  4   2455064.83 2009  8 21  7 51   2455065.32 2009  8 21 19 38
 2455066.88 2009  8 23  9 13   2455067.38 2009  8 23 21  1   2455067.87 2009  8 24  8 48
 2455069.43 2009  8 25 22 23   2455069.92 2009  8 26 10 11   2455070.42 2009  8 26 21 59
 2455071.98 2009  8 28 11 33   2455072.47 2009  8 28 23 21   2455072.96 2009  8 29 11  9
 2455074.53 2009  8 31  0 43   2455075.02 2009  8 31 12 31   2455075.51 2009  9  1  0 19
 2455077.08 2009  9  2 13 52   2455077.57 2009  9  3  1 41   2455078.06 2009  9  3 13 29
 2455079.63 2009  9  5  3  2   2455080.12 2009  9  5 14 51   2455080.61 2009  9  6  2 39
 2455082.18 2009  9  7 16 12   2455082.67 2009  9  8  4  1   2455083.16 2009  9  8 15 50
 2455084.72 2009  9 10  5 22   2455085.22 2009  9 10 17 11   2455085.71 2009  9 11  5  0
 2455087.27 2009  9 12 18 31   2455087.76 2009  9 13  6 21   2455088.26 2009  9 13 18 10
 2455089.82 2009  9 15  7 41   2455090.31 2009  9 15 19 31   2455090.81 2009  9 16  7 20
 2455092.37 2009  9 17 20 51   2455092.86 2009  9 18  8 41   2455093.35 2009  9 18 20 30
 2455094.92 2009  9 20 10  0   2455095.41 2009  9 20 21 50   2455095.90 2009  9 21  9 41
 2455097.47 2009  9 22 23 10   2455097.96 2009  9 23 11  0   2455098.45 2009  9 23 22 51
 2455100.01 2009  9 25 12 20   2455100.51 2009  9 26  0 10   2455101.00 2009  9 26 12  1
 2455102.56 2009  9 28  1 30   2455103.06 2009  9 28 13 20   2455103.55 2009  9 29  1 11
 2455105.11 2009  9 30 14 39   2455105.60 2009 10  1  2 30   2455106.10 2009 10  1 14 21
 2455107.66 2009 10  3  3 49   2455108.15 2009 10  3 15 40   2455108.65 2009 10  4  3 31
 2455110.21 2009 10  5 16 59   2455110.70 2009 10  6  4 50   2455111.20 2009 10  6 16 42
 2455112.76 2009 10  8  6  8   2455113.25 2009 10  8 18  0   2455113.74 2009 10  9  5 52
 2455115.30 2009 10 10 19 18   2455115.80 2009 10 11  7 10   2455116.29 2009 10 11 19  2
 2455117.85 2009 10 13  8 28   2455118.35 2009 10 13 20 20   2455118.84 2009 10 14  8 12
 2455120.40 2009 10 15 21 38   2455120.90 2009 10 16  9 30   2455121.39 2009 10 16 21 22
 2455122.95 2009 10 18 10 47   2455123.44 2009 10 18 22 40   2455123.94 2009 10 19 10 33
 2455125.50 2009 10 20 23 57   2455125.99 2009 10 21 11 50   2455126.49 2009 10 21 23 43
 2455128.05 2009 10 23 13  7   2455128.54 2009 10 24  1  0   2455129.04 2009 10 24 12 53
 2455130.60 2009 10 26  2 17   2455131.09 2009 10 26 14 10   2455131.59 2009 10 27  2  3
 2455133.14 2009 10 28 15 26   2455133.64 2009 10 29  3 20   2455134.13 2009 10 29 15 13
 2455135.69 2009 10 31  4 36   2455136.19 2009 10 31 16 30   2455136.68 2009 11  1  4 24
 2455138.24 2009 11  2 17 46   2455138.74 2009 11  3  5 40   2455139.23 2009 11  3 17 34
 2455140.79 2009 11  5  6 55   2455141.28 2009 11  5 18 50   2455141.78 2009 11  6  6 44
 2455143.34 2009 11  7 20  5   2455143.83 2009 11  8  8  0   2455144.33 2009 11  8 19 54
 2455145.89 2009 11 10  9 15   2455146.38 2009 11 10 21 10   2455146.88 2009 11 11  9  4
 2455148.43 2009 11 12 22 25   2455148.93 2009 11 13 10 20   2455149.43 2009 11 13 22 14
 2455150.98 2009 11 15 11 34   2455151.48 2009 11 15 23 29   2455151.98 2009 11 16 11 25
 2455153.53 2009 11 18  0 44   2455154.03 2009 11 18 12 39   2455154.52 2009 11 19  0 35
 2455156.08 2009 11 20 13 54   2455156.58 2009 11 21  1 49   2455157.07 2009 11 21 13 45
 2455158.63 2009 11 23  3  4   2455159.12 2009 11 23 14 59   2455159.62 2009 11 24  2 55
 2455161.18 2009 11 25 16 13   2455161.67 2009 11 26  4  9   2455162.17 2009 11 26 16  5
 2455163.72 2009 11 28  5 23   2455164.22 2009 11 28 17 19   2455164.72 2009 11 29  5 16
 2455166.27 2009 11 30 18 33   2455166.77 2009 12  1  6 29   2455167.27 2009 12  1 18 26
 2455168.82 2009 12  3  7 42   2455169.32 2009 12  3 19 39   2455169.82 2009 12  4  7 36
 2455171.37 2009 12  5 20 52   2455171.87 2009 12  6  8 49   2455172.37 2009 12  6 20 46
 2455173.92 2009 12  8 10  2   2455174.42 2009 12  8 21 59   2455174.91 2009 12  9  9 56
 2455176.47 2009 12 10 23 12   2455176.96 2009 12 11 11  9   2455177.46 2009 12 11 23  6
 2455179.02 2009 12 13 12 21   2455179.51 2009 12 14  0 19   2455180.01 2009 12 14 12 17
 2455181.56 2009 12 16  1 31   2455182.06 2009 12 16 13 29   2455182.56 2009 12 17  1 27
 2455184.11 2009 12 18 14 41   2455184.61 2009 12 19  2 39   2455185.11 2009 12 19 14 37
 2455186.66 2009 12 21  3 51   2455187.16 2009 12 21 15 49   2455187.66 2009 12 22  3 47
 2455189.21 2009 12 23 17  0   2455189.71 2009 12 24  4 59   2455190.21 2009 12 24 16 57
 2455191.76 2009 12 26  6 10   2455192.26 2009 12 26 18  9   2455192.76 2009 12 27  6  8
 2455194.31 2009 12 28 19 20   2455194.81 2009 12 29  7 19   2455195.30 2009 12 29 19 18
 2455196.85 2009 12 31  8 29   2455197.35 2009 12 31 20 29   2455197.85 2010  1  1  8 28
 2455199.40 2010  1  2 21 39   2455199.90 2010  1  3  9 39   2455200.40 2010  1  3 21 38
 2455201.95 2010  1  5 10 49   2455202.45 2010  1  5 22 49   2455202.95 2010  1  6 10 48
 2455204.50 2010  1  7 23 59   2455205.00 2010  1  8 11 59   2455205.50 2010  1  8 23 59
 2455207.05 2010  1 10 13  8   2455207.55 2010  1 11  1  9   2455208.05 2010  1 11 13  9
 2455209.60 2010  1 13  2 18   2455210.10 2010  1 13 14 18   2455210.60 2010  1 14  2 19
 2455212.14 2010  1 15 15 28   2455212.65 2010  1 16  3 28   2455213.15 2010  1 16 15 29
 2455214.69 2010  1 18  4 37   2455215.19 2010  1 18 16 38   2455215.69 2010  1 19  4 39
 2455217.24 2010  1 20 17 47   2455217.74 2010  1 21  5 48   2455218.24 2010  1 21 17 49
 2455219.79 2010  1 23  6 57   2455220.29 2010  1 23 18 58   2455220.79 2010  1 24  7  0
 2455222.34 2010  1 25 20  7   2455222.84 2010  1 26  8  8   2455223.34 2010  1 26 20 10
 2455224.89 2010  1 28  9 16   2455225.39 2010  1 28 21 18   2455225.89 2010  1 29  9 20
 2455227.44 2010  1 30 22 26   2455227.94 2010  1 31 10 28   2455228.44 2010  1 31 22 30
 2455229.98 2010  2  2 11 36   2455230.49 2010  2  2 23 38   2455230.99 2010  2  3 11 40
 2455232.53 2010  2  5  0 46   2455233.03 2010  2  5 12 48   2455233.54 2010  2  6  0 51
 2455235.08 2010  2  7 13 55   2455235.58 2010  2  8  1 58   2455236.08 2010  2  8 14  1
 2455237.63 2010  2 10  3  5   2455238.13 2010  2 10 15  8   2455238.63 2010  2 11  3 11
 2455240.18 2010  2 12 16 15   2455240.68 2010  2 13  4 18   2455241.18 2010  2 13 16 21
 2455242.73 2010  2 15  5 24   2455243.23 2010  2 15 17 28   2455243.73 2010  2 16  5 31
 2455245.27 2010  2 17 18 34   2455245.78 2010  2 18  6 38   2455246.28 2010  2 18 18 41
 2455247.82 2010  2 20  7 44   2455248.33 2010  2 20 19 48   2455248.83 2010  2 21  7 52
 2455250.37 2010  2 22 20 54   2455250.87 2010  2 23  8 58   2455251.38 2010  2 23 21  2
 2455252.92 2010  2 25 10  3   2455253.42 2010  2 25 22  8   2455253.93 2010  2 26 10 12
 2455255.47 2010  2 27 23 13   2455255.97 2010  2 28 11 18   2455256.47 2010  2 28 23 22
 2455258.02 2010  3  2 12 23   2455258.52 2010  3  3  0 28   2455259.02 2010  3  3 12 32
 2455260.56 2010  3  5  1 33   2455261.07 2010  3  5 13 38   2455261.57 2010  3  6  1 43
 2455263.11 2010  3  7 14 42   2455263.62 2010  3  8  2 48   2455264.12 2010  3  8 14 53
 2455265.66 2010  3 10  3 52   2455266.17 2010  3 10 15 57   2455266.67 2010  3 11  4  3
 2455268.21 2010  3 12 17  2   2455268.71 2010  3 13  5  7   2455269.22 2010  3 13 17 13
 2455270.76 2010  3 15  6 11   2455271.26 2010  3 15 18 17   2455271.77 2010  3 16  6 23
 2455273.31 2010  3 17 19 21   2455273.81 2010  3 18  7 27   2455274.32 2010  3 18 19 34
 2455275.86 2010  3 20  8 31   2455276.36 2010  3 20 20 37   2455276.86 2010  3 21  8 44
 2455278.40 2010  3 22 21 41   2455278.91 2010  3 23  9 47   2455279.41 2010  3 23 21 54
 2455280.95 2010  3 25 10 50   2455281.46 2010  3 25 22 57   2455281.96 2010  3 26 11  4
 2455283.50 2010  3 28  0  0   2455284.01 2010  3 28 12  7   2455284.51 2010  3 29  0 14
 2455286.05 2010  3 30 13 10   2455286.55 2010  3 31  1 17   2455287.06 2010  3 31 13 24
 2455288.60 2010  4  2  2 20   2455289.10 2010  4  2 14 27   2455289.61 2010  4  3  2 35
 2455291.15 2010  4  4 15 29   2455291.65 2010  4  5  3 37   2455292.16 2010  4  5 15 45
 2455293.69 2010  4  7  4 39   2455294.20 2010  4  7 16 47   2455294.71 2010  4  8  4 55
 2455296.24 2010  4  9 17 49   2455296.75 2010  4 10  5 57   2455297.25 2010  4 10 18  5
 2455298.79 2010  4 12  6 58   2455299.30 2010  4 12 19  7   2455299.80 2010  4 13  7 15
 2455301.34 2010  4 14 20  8   2455301.85 2010  4 15  8 17   2455302.35 2010  4 15 20 26
 2455303.89 2010  4 17  9 18   2455304.39 2010  4 17 21 27   2455304.90 2010  4 18  9 36
 2455306.44 2010  4 19 22 28   2455306.94 2010  4 20 10 37   2455307.45 2010  4 20 22 46
 2455308.98 2010  4 22 11 37   2455309.49 2010  4 22 23 47   2455310.00 2010  4 23 11 56
 2455311.53 2010  4 25  0 47   2455312.04 2010  4 25 12 57   2455312.55 2010  4 26  1  6
 2455314.08 2010  4 27 13 57   2455314.59 2010  4 28  2  7   2455315.10 2010  4 28 14 16
 2455316.63 2010  4 30  3  6   2455317.14 2010  4 30 15 17   2455317.64 2010  5  1  3 27
 2455319.18 2010  5  2 16 16   2455319.69 2010  5  3  4 27   2455320.19 2010  5  3 16 37
 2455321.73 2010  5  5  5 26   2455322.23 2010  5  5 17 36   2455322.74 2010  5  6  5 47
 2455324.28 2010  5  7 18 36   2455324.78 2010  5  8  6 46   2455325.29 2010  5  8 18 57
 2455326.82 2010  5 10  7 45   2455327.33 2010  5 10 19 56   2455327.84 2010  5 11  8  7
 2455329.37 2010  5 12 20 55   2455329.88 2010  5 13  9  6   2455330.39 2010  5 13 21 18
 2455331.92 2010  5 15 10  5   2455332.43 2010  5 15 22 16   2455332.94 2010  5 16 10 28
 2455334.47 2010  5 17 23 15   2455334.98 2010  5 18 11 26   2455335.49 2010  5 18 23 38
 2455337.02 2010  5 20 12 24   2455337.53 2010  5 21  0 36   2455338.03 2010  5 21 12 48
 2455339.57 2010  5 23  1 34   2455340.07 2010  5 23 13 46   2455340.58 2010  5 24  1 58
 2455342.11 2010  5 25 14 44   2455342.62 2010  5 26  2 56   2455343.13 2010  5 26 15  9
 2455344.66 2010  5 28  3 53   2455345.17 2010  5 28 16  6   2455345.68 2010  5 29  4 19
 2455347.21 2010  5 30 17  3   2455347.72 2010  5 31  5 16   2455348.23 2010  5 31 17 29
 2455349.76 2010  6  2  6 13   2455350.27 2010  6  2 18 26   2455350.78 2010  6  3  6 39
 2455352.31 2010  6  4 19 23   2455352.82 2010  6  5  7 36   2455353.33 2010  6  5 19 49
 2455354.86 2010  6  7  8 32   2455355.37 2010  6  7 20 46   2455355.87 2010  6  8  8 59
 2455357.40 2010  6  9 21 42   2455357.91 2010  6 10  9 56   2455358.42 2010  6 10 22 10
 2455359.95 2010  6 12 10 52   2455360.46 2010  6 12 23  6   2455360.97 2010  6 13 11 20
 2455362.50 2010  6 15  0  2   2455363.01 2010  6 15 12 16   2455363.52 2010  6 16  0 30
 2455365.05 2010  6 17 13 11   2455365.56 2010  6 18  1 26   2455366.07 2010  6 18 13 40
 2455367.60 2010  6 20  2 21   2455368.11 2010  6 20 14 36   2455368.62 2010  6 21  2 50
 2455370.15 2010  6 22 15 31   2455370.66 2010  6 23  3 46   2455371.17 2010  6 23 16  1
 2455372.70 2010  6 25  4 40   2455373.21 2010  6 25 16 56   2455373.72 2010  6 26  5 11
 2455375.24 2010  6 27 17 50   2455375.75 2010  6 28  6  6   2455376.26 2010  6 28 18 21
 2455377.79 2010  6 30  7  0   2455378.30 2010  6 30 19 16   2455378.81 2010  7  1  7 31
 2455380.34 2010  7  2 20 10   2455380.85 2010  7  3  8 25   2455381.36 2010  7  3 20 41
 2455382.89 2010  7  5  9 19   2455383.40 2010  7  5 21 35   2455383.91 2010  7  6  9 52
 2455385.44 2010  7  7 22 29   2455385.95 2010  7  8 10 45   2455386.46 2010  7  8 23  2
 2455387.99 2010  7 10 11 39   2455388.50 2010  7 10 23 55   2455389.01 2010  7 11 12 12
 2455390.53 2010  7 13  0 48   2455391.05 2010  7 13 13  5   2455391.56 2010  7 14  1 22
 2455393.08 2010  7 15 13 58   2455393.59 2010  7 16  2 15   2455394.11 2010  7 16 14 32
 2455395.63 2010  7 18  3  8   2455396.14 2010  7 18 15 25   2455396.65 2010  7 19  3 42
 2455398.18 2010  7 20 16 18   2455398.69 2010  7 21  4 35   2455399.20 2010  7 21 16 53
 2455400.73 2010  7 23  5 27   2455401.24 2010  7 23 17 45   2455401.75 2010  7 24  6  3
 2455403.28 2010  7 25 18 37   2455403.79 2010  7 26  6 55   2455404.30 2010  7 26 19 13
 2455405.82 2010  7 28  7 47   2455406.34 2010  7 28 20  5   2455406.85 2010  7 29  8 23
 2455408.37 2010  7 30 20 57   2455408.89 2010  7 31  9 15   2455409.40 2010  7 31 21 33
 2455410.92 2010  8  2 10  6   2455411.43 2010  8  2 22 25   2455411.95 2010  8  3 10 44
 2455413.47 2010  8  4 23 16   2455413.98 2010  8  5 11 35   2455414.50 2010  8  5 23 54
 2455416.02 2010  8  7 12 26   2455416.53 2010  8  8  0 45   2455417.04 2010  8  8 13  4
 2455418.57 2010  8 10  1 35   2455419.08 2010  8 10 13 55   2455419.59 2010  8 11  2 14
 2455421.12 2010  8 12 14 45   2455421.63 2010  8 13  3  5   2455422.14 2010  8 13 15 24
 2455423.66 2010  8 15  3 55   2455424.18 2010  8 15 16 15   2455424.69 2010  8 16  4 34
 2455426.21 2010  8 17 17  5   2455426.73 2010  8 18  5 25   2455427.24 2010  8 18 17 45
 2455428.76 2010  8 20  6 14   2455429.27 2010  8 20 18 35   2455429.79 2010  8 21  6 55
 2455431.31 2010  8 22 19 24   2455431.82 2010  8 23  7 45   2455432.34 2010  8 23 20  5
 2455433.86 2010  8 25  8 34   2455434.37 2010  8 25 20 55   2455434.89 2010  8 26  9 15
 2455436.41 2010  8 27 21 44   2455436.92 2010  8 28 10  4   2455437.43 2010  8 28 22 25
 2455438.95 2010  8 30 10 53   2455439.47 2010  8 30 23 14   2455439.98 2010  8 31 11 36
 2455441.50 2010  9  2  0  3   2455442.02 2010  9  2 12 24   2455442.53 2010  9  3  0 46
 2455444.05 2010  9  4 13 13   2455444.57 2010  9  5  1 34   2455445.08 2010  9  5 13 56
 2455446.60 2010  9  7  2 22   2455447.11 2010  9  7 14 44   2455447.63 2010  9  8  3  6
 2455449.15 2010  9  9 15 32   2455449.66 2010  9 10  3 54   2455450.18 2010  9 10 16 16
 2455451.70 2010  9 12  4 42   2455452.21 2010  9 12 17  4   2455452.73 2010  9 13  5 27
 2455454.24 2010  9 14 17 52   2455454.76 2010  9 15  6 14   2455455.28 2010  9 15 18 37
 2455456.79 2010  9 17  7  1   2455457.31 2010  9 17 19 24   2455457.82 2010  9 18  7 47
 2455459.34 2010  9 19 20 11   2455459.86 2010  9 20  8 34   2455460.37 2010  9 20 20 57
 2455461.89 2010  9 22  9 21   2455462.41 2010  9 22 21 44   2455462.92 2010  9 23 10  7
 2455464.44 2010  9 24 22 31   2455464.95 2010  9 25 10 54   2455465.47 2010  9 25 23 17
 2455466.99 2010  9 27 11 40   2455467.50 2010  9 28  0  4   2455468.02 2010  9 28 12 28
 2455469.54 2010  9 30  0 50   2455470.05 2010  9 30 13 14   2455470.57 2010 10  1  1 38
 2455472.08 2010 10  2 14  0   2455472.60 2010 10  3  2 24   2455473.12 2010 10  3 14 48
 2455474.63 2010 10  5  3  9   2455475.15 2010 10  5 15 34   2455475.67 2010 10  6  3 58
 2455477.18 2010 10  7 16 19   2455477.70 2010 10  8  4 44   2455478.21 2010 10  8 17  8
 2455479.73 2010 10 10  5 29   2455480.25 2010 10 10 17 54   2455480.76 2010 10 11  6 19
 2455482.28 2010 10 12 18 39   2455482.79 2010 10 13  7  4   2455483.31 2010 10 13 19 29
 2455484.83 2010 10 15  7 48   2455485.34 2010 10 15 20 14   2455485.86 2010 10 16  8 39
 2455487.37 2010 10 17 20 58   2455487.89 2010 10 18  9 24   2455488.41 2010 10 18 21 49
 2455489.92 2010 10 20 10  8   2455490.44 2010 10 20 22 34   2455490.96 2010 10 21 10 59
 2455492.47 2010 10 22 23 17   2455492.99 2010 10 23 11 43   2455493.51 2010 10 24  0  9
 2455495.02 2010 10 25 12 27   2455495.54 2010 10 26  0 53   2455496.06 2010 10 26 13 20
 2455497.57 2010 10 28  1 37   2455498.09 2010 10 28 14  3   2455498.60 2010 10 29  2 30
 2455500.12 2010 10 30 14 47   2455500.63 2010 10 31  3 13   2455501.15 2010 10 31 15 40
 2455502.66 2010 11  2  3 56   2455503.18 2010 11  2 16 23   2455503.70 2010 11  3  4 50
 2455505.21 2010 11  4 17  6   2455505.73 2010 11  5  5 33   2455506.25 2010 11  5 18  0
 2455507.76 2010 11  7  6 16   2455508.28 2010 11  7 18 43   2455508.80 2010 11  8  7 11
 2455510.31 2010 11  9 19 26   2455510.83 2010 11 10  7 53   2455511.35 2010 11 10 20 21
 2455512.86 2010 11 12  8 35   2455513.38 2010 11 12 21  3   2455513.90 2010 11 13  9 31
 2455515.41 2010 11 14 21 45   2455515.93 2010 11 15 10 13   2455516.45 2010 11 15 22 41
 2455517.96 2010 11 17 10 55   2455518.47 2010 11 17 23 23   2455518.99 2010 11 18 11 51
 2455520.50 2010 11 20  0  4   2455521.02 2010 11 20 12 33   2455521.54 2010 11 21  1  2
 2455523.05 2010 11 22 13 14   2455523.57 2010 11 23  1 43   2455524.09 2010 11 23 14 12
 2455525.60 2010 11 25  2 24   2455526.12 2010 11 25 14 53   2455526.64 2010 11 26  3 22
 2455528.15 2010 11 27 15 34   2455528.67 2010 11 28  4  3   2455529.19 2010 11 28 16 32
 2455530.70 2010 11 30  4 43   2455531.22 2010 11 30 17 13   2455531.74 2010 12  1  5 42
 2455533.25 2010 12  2 17 53   2455533.77 2010 12  3  6 23   2455534.29 2010 12  3 18 52
 2455535.79 2010 12  5  7  3   2455536.31 2010 12  5 19 33   2455536.84 2010 12  6  8  3
 2455538.34 2010 12  7 20 13   2455538.86 2010 12  8  8 43   2455539.38 2010 12  8 21 13
 2455540.89 2010 12 10  9 22   2455541.41 2010 12 10 21 53   2455541.93 2010 12 11 10 23
 2455543.44 2010 12 12 22 32   2455543.96 2010 12 13 11  3   2455544.48 2010 12 13 23 33
 2455545.99 2010 12 15 11 42   2455546.51 2010 12 16  0 13   2455547.03 2010 12 16 12 43
 2455548.54 2010 12 18  0 51   2455549.06 2010 12 18 13 23   2455549.58 2010 12 19  1 54
 2455551.08 2010 12 20 14  1   2455551.61 2010 12 21  2 32   2455552.13 2010 12 21 15  4
 2455553.63 2010 12 23  3 11   2455554.15 2010 12 23 15 42   2455554.68 2010 12 24  4 14
 2455556.18 2010 12 25 16 21   2455556.70 2010 12 26  4 52   2455557.23 2010 12 26 17 24
 2455558.73 2010 12 28  5 30   2455559.25 2010 12 28 18  2   2455559.77 2010 12 29  6 34
 2455561.28 2010 12 30 18 40   2455561.80 2010 12 31  7 12   2455562.32 2010 12 31 19 45
 2455563.83 2011  1  2  7 50   2455564.35 2011  1  2 20 22   2455564.87 2011  1  3  8 55
 2455566.38 2011  1  4 21  0   2455566.90 2011  1  5  9 32   2455567.42 2011  1  5 22  5
 2455568.92 2011  1  7 10  9   2455569.45 2011  1  7 22 42   2455569.97 2011  1  8 11 15
 2455571.47 2011  1  9 23 19   2455571.99 2011  1 10 11 52   2455572.52 2011  1 11  0 25
 2455574.02 2011  1 12 12 29   2455574.54 2011  1 13  1  2   2455575.07 2011  1 13 13 35
 2455576.57 2011  1 15  1 38   2455577.09 2011  1 15 14 12   2455577.62 2011  1 16  2 46
 2455579.12 2011  1 17 14 48   2455579.64 2011  1 18  3 22   2455580.16 2011  1 18 15 56
 2455581.67 2011  1 20  3 58   2455582.19 2011  1 20 16 32   2455582.71 2011  1 21  5  6
 2455584.21 2011  1 22 17  8   2455584.74 2011  1 23  5 42   2455585.26 2011  1 23 18 16
 2455586.76 2011  1 25  6 17   2455587.29 2011  1 25 18 52   2455587.81 2011  1 26  7 26
 2455589.31 2011  1 27 19 27   2455589.83 2011  1 28  8  2   2455590.36 2011  1 28 20 37
 2455591.86 2011  1 30  8 37   2455592.38 2011  1 30 21 12   2455592.91 2011  1 31  9 47
 2455594.41 2011  2  1 21 46   2455594.93 2011  2  2 10 22   2455595.46 2011  2  2 22 57
 2455596.96 2011  2  4 10 56   2455597.48 2011  2  4 23 32   2455598.01 2011  2  5 12  7
 2455599.50 2011  2  7  0  6   2455600.03 2011  2  7 12 42   2455600.55 2011  2  8  1 17
 2455602.05 2011  2  9 13 16   2455602.58 2011  2 10  1 52   2455603.10 2011  2 10 14 27
 2455604.60 2011  2 12  2 25   2455605.13 2011  2 12 15  2   2455605.65 2011  2 13  3 38
 2455607.15 2011  2 14 15 35   2455607.67 2011  2 15  4 11   2455608.20 2011  2 15 16 48
 2455609.70 2011  2 17  4 45   2455610.22 2011  2 17 17 21   2455610.75 2011  2 18  5 58
 2455612.25 2011  2 19 17 55   2455612.77 2011  2 20  6 31   2455613.30 2011  2 20 19  8
 2455614.79 2011  2 22  7  4   2455615.32 2011  2 22 19 41   2455615.85 2011  2 23  8 18
 2455617.34 2011  2 24 20 14   2455617.87 2011  2 25  8 51   2455618.40 2011  2 25 21 29
 2455619.89 2011  2 27  9 24   2455620.42 2011  2 27 22  1   2455620.94 2011  2 28 10 39
 2455622.44 2011  3  1 22 33   2455622.97 2011  3  2 11 11   2455623.49 2011  3  2 23 49
 2455624.99 2011  3  4 11 43   2455625.52 2011  3  5  0 21   2455626.04 2011  3  5 12 59
 2455627.54 2011  3  7  0 53   2455628.06 2011  3  7 13 31   2455628.59 2011  3  8  2  9
 2455630.09 2011  3  9 14  3   2455630.61 2011  3 10  2 41   2455631.14 2011  3 10 15 20
 2455632.63 2011  3 12  3 12   2455633.16 2011  3 12 15 51   2455633.69 2011  3 13  4 30
 2455635.18 2011  3 14 16 22   2455635.71 2011  3 15  5  1   2455636.24 2011  3 15 17 40
 2455637.73 2011  3 17  5 32   2455638.26 2011  3 17 18 11   2455638.79 2011  3 18  6 50
 2455640.28 2011  3 19 18 42   2455640.81 2011  3 20  7 21   2455641.33 2011  3 20 20  0
 2455642.83 2011  3 22  7 51   2455643.36 2011  3 22 20 31   2455643.88 2011  3 23  9 10
 2455645.38 2011  3 24 21  1   2455645.90 2011  3 25  9 41   2455646.43 2011  3 25 22 21
 2455647.92 2011  3 27 10 11   2455648.45 2011  3 27 22 51   2455648.98 2011  3 28 11 31
 2455650.47 2011  3 29 23 20   2455651.00 2011  3 30 12  1   2455651.53 2011  3 31  0 41
 2455653.02 2011  4  1 12 30   2455653.55 2011  4  2  1 11   2455654.08 2011  4  2 13 51
 2455655.57 2011  4  4  1 40   2455656.10 2011  4  4 14 21   2455656.63 2011  4  5  3  1
 2455658.12 2011  4  6 14 50   2455658.65 2011  4  7  3 31   2455659.18 2011  4  7 16 12
 2455660.67 2011  4  9  3 59   2455661.20 2011  4  9 16 41   2455661.72 2011  4 10  5 22
 2455663.21 2011  4 11 17  9   2455663.74 2011  4 12  5 50   2455664.27 2011  4 12 18 32
 2455665.76 2011  4 14  6 19   2455666.29 2011  4 14 19  0   2455666.82 2011  4 15  7 42
 2455668.31 2011  4 16 19 29   2455668.84 2011  4 17  8 10   2455669.37 2011  4 17 20 52
 2455670.86 2011  4 19  8 38   2455671.39 2011  4 19 21 20   2455671.92 2011  4 20 10  2
 2455673.41 2011  4 21 21 48   2455673.94 2011  4 22 10 30   2455674.47 2011  4 22 23 13
 2455675.96 2011  4 24 10 58   2455676.49 2011  4 24 23 40   2455677.02 2011  4 25 12 23
 2455678.51 2011  4 27  0  7   2455679.04 2011  4 27 12 50   2455679.56 2011  4 28  1 33
 2455681.05 2011  4 29 13 17   2455681.58 2011  4 30  2  0   2455682.11 2011  4 30 14 43
 2455683.60 2011  5  2  2 27   2455684.13 2011  5  2 15 10   2455684.66 2011  5  3  3 53
 2455686.15 2011  5  4 15 37   2455686.68 2011  5  5  4 20   2455687.21 2011  5  5 17  4
 2455688.70 2011  5  7  4 46   2455689.23 2011  5  7 17 30   2455689.76 2011  5  8  6 14
 2455691.25 2011  5  9 17 56   2455691.78 2011  5 10  6 40   2455692.31 2011  5 10 19 24
 2455693.80 2011  5 12  7  6   2455694.33 2011  5 12 19 50   2455694.86 2011  5 13  8 34
 2455696.34 2011  5 14 20 15   2455696.88 2011  5 15  9  0   2455697.41 2011  5 15 21 44
 2455698.89 2011  5 17  9 25   2455699.42 2011  5 17 22 10   2455699.95 2011  5 18 10 55
 2455701.44 2011  5 19 22 35   2455701.97 2011  5 20 11 20   2455702.50 2011  5 21  0  5
 2455703.99 2011  5 22 11 45   2455704.52 2011  5 23  0 30   2455705.05 2011  5 23 13 15
 2455706.54 2011  5 25  0 54   2455707.07 2011  5 25 13 40   2455707.60 2011  5 26  2 25
 2455709.09 2011  5 27 14  4   2455709.62 2011  5 28  2 50   2455710.15 2011  5 28 15 35
 2455711.63 2011  5 30  3 14   2455712.17 2011  5 30 16  0   2455712.70 2011  5 31  4 45
 2455714.18 2011  6  1 16 24   2455714.72 2011  6  2  5 10   2455715.25 2011  6  2 17 56
 2455716.73 2011  6  4  5 33   2455717.26 2011  6  4 18 20   2455717.80 2011  6  5  7  6
 2455719.28 2011  6  6 18 43   2455719.81 2011  6  7  7 30   2455720.34 2011  6  7 20 16
 2455721.83 2011  6  9  7 53   2455722.36 2011  6  9 20 39   2455722.89 2011  6 10  9 26
 2455724.38 2011  6 11 21  2   2455724.91 2011  6 12  9 49   2455725.44 2011  6 12 22 36
 2455726.93 2011  6 14 10 12   2455727.46 2011  6 14 22 59   2455727.99 2011  6 15 11 47
 2455729.47 2011  6 16 23 22   2455730.01 2011  6 17 12  9   2455730.54 2011  6 18  0 57
 2455732.02 2011  6 19 12 32   2455732.56 2011  6 20  1 19   2455733.09 2011  6 20 14  7
 2455734.57 2011  6 22  1 41   2455735.10 2011  6 22 14 29   2455735.64 2011  6 23  3 17
 2455737.12 2011  6 24 14 51   2455737.65 2011  6 25  3 39   2455738.19 2011  6 25 16 27
 2455739.67 2011  6 27  4  1   2455740.20 2011  6 27 16 49   2455740.73 2011  6 28  5 37
 2455742.22 2011  6 29 17 11   2455742.75 2011  6 30  5 59   2455743.28 2011  6 30 18 48
 2455744.76 2011  7  2  6 20   2455745.30 2011  7  2 19  9   2455745.83 2011  7  3  7 58
 2455747.31 2011  7  4 19 30   2455747.85 2011  7  5  8 19   2455748.38 2011  7  5 21  8
 2455749.86 2011  7  7  8 40   2455750.40 2011  7  7 21 29   2455750.93 2011  7  8 10 18
 2455752.41 2011  7  9 21 49   2455752.94 2011  7 10 10 39   2455753.48 2011  7 10 23 28
 2455754.96 2011  7 12 10 59   2455755.49 2011  7 12 23 49   2455756.03 2011  7 13 12 39
 2455757.51 2011  7 15  0  9   2455758.04 2011  7 15 12 59   2455758.58 2011  7 16  1 49
 2455760.05 2011  7 17 13 19   2455760.59 2011  7 18  2  9   2455761.12 2011  7 18 14 59
 2455762.60 2011  7 20  2 28   2455763.14 2011  7 20 15 19   2455763.67 2011  7 21  4  9
 2455765.15 2011  7 22 15 38   2455765.69 2011  7 23  4 29   2455766.22 2011  7 23 17 19
 2455767.70 2011  7 25  4 48   2455768.24 2011  7 25 17 39   2455768.77 2011  7 26  6 30
 2455770.25 2011  7 27 17 57   2455770.78 2011  7 28  6 49   2455771.32 2011  7 28 19 40
 2455772.80 2011  7 30  7  7   2455773.33 2011  7 30 19 59   2455773.87 2011  7 31  8 50
 2455775.35 2011  8  1 20 17   2455775.88 2011  8  2  9  9   2455776.42 2011  8  2 22  0
