 Predicted Transit Epochs: HD73267__ b

 Predicted Duration of a Central Transit:    27.   Hours

 Begin Transit Window           PREDICTED CENTRAL TRANSIT     End Transit Window
                                     All Times UT

                               HJD        Year M  D  H  M
 2455157.64 2009 11 22  3 26   2455192.94 2009 12 27 10 30   2455228.23 2010  1 31 17 33
 2456410.64 2013  4 28  3 26   2456452.94 2013  6  9 10 30   2456495.23 2013  7 21 17 33
 2457663.64 2016 10  2  3 26   2457712.94 2016 11 20 10 30   2457762.23 2017  1  8 17 33
 2458916.64 2020  3  8  3 26   2458972.94 2020  5  3 10 30   2459029.23 2020  6 28 17 33
 2460169.64 2023  8 13  3 26   2460232.94 2023 10 15 10 30   2460296.23 2023 12 17 17 33
 2461422.64 2027  1 17  3 26   2461492.94 2027  3 28 10 30   2461563.23 2027  6  6 17 33
 2462675.64 2030  6 23  3 26   2462752.94 2030  9  8 10 30   2462830.23 2030 11 24 17 33
