 Predicted Transit Epochs: HD73526__ b

 Predicted Duration of a Central Transit:    10.   Hours

 Begin Transit Window           PREDICTED CENTRAL TRANSIT     End Transit Window
                                     All Times UT

                               HJD        Year M  D  H  M
 2456739.91 2014  3 23  9 48   2456765.88 2014  4 18  9 10   2456791.86 2014  5 14  8 33
 2456927.11 2014  9 26 14 36   2456953.38 2014 10 22 21 10   2456979.66 2014 11 18  3 45
 2457114.31 2015  4  1 19 24   2457140.88 2015  4 28  9 10   2457167.46 2015  5 24 22 57
 2457301.51 2015 10  6  0 12   2457328.38 2015 11  1 21 10   2457355.26 2015 11 28 18  9
 2457488.71 2016  4 10  5  0   2457515.88 2016  5  7  9 10   2457543.06 2016  6  3 13 21
 2457675.91 2016 10 14  9 48   2457703.38 2016 11 10 21 10   2457730.86 2016 12  8  8 33
 2457863.11 2017  4 19 14 36   2457890.88 2017  5 17  9 10   2457918.66 2017  6 14  3 45
 2458050.31 2017 10 23 19 24   2458078.38 2017 11 20 21 10   2458106.46 2017 12 18 22 57
 2458237.51 2018  4 29  0 12   2458265.88 2018  5 27  9 10   2458294.26 2018  6 24 18  9
 2458424.71 2018 11  2  5  0   2458453.38 2018 11 30 21 10   2458482.06 2018 12 29 13 21
 2458611.91 2019  5  8  9 48   2458640.88 2019  6  6  9 10   2458669.86 2019  7  5  8 33
 2458799.11 2019 11 11 14 36   2458828.38 2019 12 10 21 10   2458857.66 2020  1  9  3 45
 2458986.31 2020  5 16 19 24   2459015.88 2020  6 15  9 10   2459045.46 2020  7 14 22 57
 2459173.51 2020 11 20  0 12   2459203.38 2020 12 19 21 10   2459233.26 2021  1 18 18  9
 2459360.71 2021  5 26  5  0   2459390.88 2021  6 25  9 10   2459421.06 2021  7 25 13 21
 2459547.91 2021 11 29  9 48   2459578.38 2021 12 29 21 10   2459608.86 2022  1 29  8 33
 2459735.11 2022  6  4 14 36   2459765.88 2022  7  5  9 10   2459796.66 2022  8  5  3 45
 2459922.31 2022 12  8 19 24   2459953.38 2023  1  8 21 10   2459984.46 2023  2  8 22 57
 2460109.51 2023  6 14  0 12   2460140.88 2023  7 15  9 10   2460172.26 2023  8 15 18  9
 2460296.71 2023 12 18  5  0   2460328.38 2024  1 18 21 10   2460360.06 2024  2 19 13 21
 2460483.91 2024  6 22  9 48   2460515.88 2024  7 24  9 10   2460547.86 2024  8 25  8 33
 2460671.11 2024 12 26 14 36   2460703.38 2025  1 27 21 10   2460735.66 2025  3  1  3 45
 2460858.31 2025  7  1 19 24   2460890.88 2025  8  3  9 10   2460923.46 2025  9  4 22 57
 2461045.51 2026  1  5  0 12   2461078.38 2026  2  6 21 10   2461111.26 2026  3 11 18  9
 2461232.71 2026  7 11  5  0   2461265.88 2026  8 13  9 10   2461299.06 2026  9 15 13 21
 2461419.91 2027  1 14  9 48   2461453.38 2027  2 16 21 10   2461486.86 2027  3 22  8 33
 2461607.11 2027  7 20 14 36   2461640.88 2027  8 23  9 10   2461674.66 2027  9 26  3 45
 2461794.31 2028  1 23 19 24   2461828.38 2028  2 26 21 10   2461862.46 2028  3 31 22 57
 2461981.51 2028  7 29  0 12   2462015.88 2028  9  1  9 10   2462050.26 2028 10  5 18  9
 2462168.71 2029  2  1  5  0   2462203.38 2029  3  7 21 10   2462238.06 2029  4 11 13 21
 2462355.91 2029  8  7  9 48   2462390.88 2029  9 11  9 10   2462425.86 2029 10 16  8 33
 2462543.11 2030  2 10 14 36   2462578.38 2030  3 17 21 10   2462613.66 2030  4 22  3 45
 2462730.31 2030  8 16 19 24   2462765.88 2030  9 21  9 10   2462801.46 2030 10 26 22 57
 2462917.51 2031  2 20  0 12   2462953.38 2031  3 27 21 10   2462989.26 2031  5  2 18  9
 2463104.71 2031  8 26  5  0   2463140.88 2031 10  1  9 10   2463177.06 2031 11  6 13 21
 2463291.91 2032  2 29  9 48   2463328.38 2032  4  5 21 10   2463364.86 2032  5 12  8 33
 2463479.11 2032  9  3 14 36   2463515.88 2032 10 10  9 10   2463552.66 2032 11 16  3 45
 2463666.31 2033  3  9 19 24   2463703.38 2033  4 15 21 10   2463740.46 2033  5 22 22 57
 2463853.51 2033  9 13  0 12   2463890.88 2033 10 20  9 10   2463928.26 2033 11 26 18  9
 2464040.71 2034  3 19  5  0   2464078.38 2034  4 25 21 10   2464116.06 2034  6  2 13 21
 2464227.91 2034  9 22  9 48   2464265.88 2034 10 30  9 10   2464303.86 2034 12  7  8 33
