 Predicted Transit Epochs: HD74156__ b

 Predicted Duration of a Central Transit:   415. Minutes

 Begin Transit Window           PREDICTED CENTRAL TRANSIT     End Transit Window
                                     All Times UT

                               HJD        Year M  D  H  M
 2456778.69 2014  5  1  4 28   2456780.78 2014  5  3  6 48   2456782.88 2014  5  5  9  8
 2456830.31 2014  6 21 19 25   2456832.43 2014  6 23 22 14   2456834.54 2014  6 26  1  2
 2456881.93 2014  8 12 10 22   2456884.07 2014  8 14 13 40   2456886.21 2014  8 16 16 57
 2456933.56 2014 10  3  1 20   2456935.71 2014 10  5  5  6   2456937.87 2014 10  7  8 52
 2456985.18 2014 11 23 16 17   2456987.36 2014 11 25 20 32   2456989.53 2014 11 28  0 46
 2457036.80 2015  1 14  7 14   2457039.00 2015  1 16 11 57   2457041.20 2015  1 18 16 41
 2457088.42 2015  3  6 22 11   2457090.64 2015  3  9  3 23   2457092.86 2015  3 11  8 36
 2457140.05 2015  4 27 13  8   2457142.28 2015  4 29 18 49   2457144.52 2015  5  2  0 31
 2457191.67 2015  6 18  4  5   2457193.93 2015  6 20 10 15   2457196.18 2015  6 22 16 25
 2457243.29 2015  8  8 19  2   2457245.57 2015  8 11  1 41   2457247.85 2015  8 13  8 20
 2457294.92 2015  9 29  9 59   2457297.21 2015 10  1 17  7   2457299.51 2015 10  4  0 15
 2457346.54 2015 11 20  0 57   2457348.86 2015 11 22  8 33   2457351.17 2015 11 24 16  9
 2457398.16 2016  1 10 15 54   2457400.50 2016  1 12 23 59   2457402.84 2016  1 15  8  4
 2457449.79 2016  3  2  6 51   2457452.14 2016  3  4 15 25   2457454.50 2016  3  6 23 59
 2457501.41 2016  4 22 21 48   2457503.79 2016  4 25  6 51   2457506.16 2016  4 27 15 54
 2457553.03 2016  6 13 12 45   2457555.43 2016  6 15 22 17   2457557.83 2016  6 18  7 48
 2457604.65 2016  8  4  3 42   2457607.07 2016  8  6 13 43   2457609.49 2016  8  8 23 43
 2457656.28 2016  9 24 18 39   2457658.71 2016  9 27  5  9   2457661.15 2016  9 29 15 38
 2457707.90 2016 11 15  9 36   2457710.36 2016 11 17 20 34   2457712.81 2016 11 20  7 32
 2457759.52 2017  1  6  0 34   2457762.00 2017  1  8 12  0   2457764.48 2017  1 10 23 27
 2457811.15 2017  2 26 15 31   2457813.64 2017  3  1  3 26   2457816.14 2017  3  3 15 22
 2457862.77 2017  4 19  6 28   2457865.29 2017  4 21 18 52   2457867.80 2017  4 24  7 17
 2457914.39 2017  6  9 21 25   2457916.93 2017  6 12 10 18   2457919.47 2017  6 14 23 11
 2457966.02 2017  7 31 12 22   2457968.57 2017  8  3  1 44   2457971.13 2017  8  5 15  6
 2458017.64 2017  9 21  3 19   2458020.22 2017  9 23 17 10   2458022.79 2017  9 26  7  1
 2458069.26 2017 11 11 18 16   2458071.86 2017 11 14  8 36   2458074.46 2017 11 16 22 56
 2458120.88 2018  1  2  9 13   2458123.50 2018  1  5  0  2   2458126.12 2018  1  7 14 50
 2458172.51 2018  2 23  0 10   2458175.14 2018  2 25 15 28   2458177.78 2018  2 28  6 45
 2458224.13 2018  4 15 15  8   2458226.79 2018  4 18  6 54   2458229.44 2018  4 20 22 40
 2458275.75 2018  6  6  6  5   2458278.43 2018  6  8 22 20   2458281.11 2018  6 11 14 34
 2458327.38 2018  7 27 21  2   2458330.07 2018  7 30 13 45   2458332.77 2018  8  2  6 29
 2458379.00 2018  9 17 11 59   2458381.72 2018  9 20  5 11   2458384.43 2018  9 22 22 24
 2458430.62 2018 11  8  2 56   2458433.36 2018 11 10 20 37   2458436.10 2018 11 13 14 19
 2458482.25 2018 12 29 17 53   2458485.00 2019  1  1 12  3   2458487.76 2019  1  4  6 13
 2458533.87 2019  2 19  8 50   2458536.65 2019  2 22  3 29   2458539.42 2019  2 24 22  8
 2458585.49 2019  4 11 23 47   2458588.29 2019  4 14 18 55   2458591.09 2019  4 17 14  3
 2458637.11 2019  6  2 14 45   2458639.93 2019  6  5 10 21   2458642.75 2019  6  8  5 57
 2458688.74 2019  7 24  5 42   2458691.57 2019  7 27  1 47   2458694.41 2019  7 29 21 52
 2458740.36 2019  9 13 20 39   2458743.22 2019  9 16 17 13   2458746.07 2019  9 19 13 47
 2458791.98 2019 11  4 11 36   2458794.86 2019 11  7  8 39   2458797.74 2019 11 10  5 42
 2458843.61 2019 12 26  2 33   2458846.50 2019 12 29  0  5   2458849.40 2019 12 31 21 36
 2458895.23 2020  2 15 17 30   2458898.15 2020  2 18 15 31   2458901.06 2020  2 21 13 31
 2458946.85 2020  4  7  8 27   2458949.79 2020  4 10  6 57   2458952.73 2020  4 13  5 26
 2458998.48 2020  5 28 23 24   2459001.43 2020  5 31 22 22   2459004.39 2020  6  3 21 20
 2459050.10 2020  7 19 14 22   2459053.08 2020  7 22 13 48   2459056.05 2020  7 25 13 15
 2459101.72 2020  9  9  5 19   2459104.72 2020  9 12  5 14   2459107.72 2020  9 15  5 10
 2459153.34 2020 10 30 20 16   2459156.36 2020 11  2 20 40   2459159.38 2020 11  5 21  5
 2459204.97 2020 12 21 11 13   2459208.00 2020 12 24 12  6   2459211.04 2020 12 27 12 59
 2459256.59 2021  2 11  2 10   2459259.65 2021  2 14  3 32   2459262.70 2021  2 17  4 54
 2459308.21 2021  4  3 17  7   2459311.29 2021  4  6 18 58   2459314.37 2021  4  9 20 49
 2459359.84 2021  5 25  8  4   2459362.93 2021  5 28 10 24   2459366.03 2021  5 31 12 44
 2459411.46 2021  7 15 23  1   2459414.58 2021  7 19  1 50   2459417.69 2021  7 22  4 38
 2459463.08 2021  9  5 13 58   2459466.22 2021  9  8 17 16   2459469.36 2021  9 11 20 33
 2459514.71 2021 10 27  4 56   2459517.86 2021 10 30  8 42   2459521.02 2021 11  2 12 28
 2459566.33 2021 12 17 19 53   2459569.51 2021 12 21  0  8   2459572.68 2021 12 24  4 22
 2459617.95 2022  2  7 10 50   2459621.15 2022  2 10 15 33   2459624.35 2022  2 13 20 17
 2459669.57 2022  3 31  1 47   2459672.79 2022  4  3  6 59   2459676.01 2022  4  6 12 12
 2459721.20 2022  5 21 16 44   2459724.43 2022  5 24 22 25   2459727.67 2022  5 28  4  7
 2459772.82 2022  7 12  7 41   2459776.08 2022  7 15 13 51   2459779.33 2022  7 18 20  1
 2459824.44 2022  9  1 22 38   2459827.72 2022  9  5  5 17   2459831.00 2022  9  8 11 56
 2459876.07 2022 10 23 13 35   2459879.36 2022 10 26 20 43   2459882.66 2022 10 30  3 51
 2459927.69 2022 12 14  4 33   2459931.01 2022 12 17 12  9   2459934.32 2022 12 20 19 45
 2459979.31 2023  2  3 19 30   2459982.65 2023  2  7  3 35   2459985.99 2023  2 10 11 40
 2460030.94 2023  3 27 10 27   2460034.29 2023  3 30 19  1   2460037.65 2023  4  3  3 35
 2460082.56 2023  5 18  1 24   2460085.94 2023  5 21 10 27   2460089.31 2023  5 24 19 30
 2460134.18 2023  7  8 16 21   2460137.58 2023  7 12  1 53   2460140.98 2023  7 15 11 24
 2460185.80 2023  8 29  7 18   2460189.22 2023  9  1 17 19   2460192.64 2023  9  5  3 19
 2460237.43 2023 10 19 22 15   2460240.86 2023 10 23  8 45   2460244.30 2023 10 26 19 14
 2460289.05 2023 12 10 13 12   2460292.51 2023 12 14  0 10   2460295.96 2023 12 17 11  8
 2460340.67 2024  1 31  4 10   2460344.15 2024  2  3 15 36   2460347.63 2024  2  7  3  3
 2460392.30 2024  3 22 19  7   2460395.79 2024  3 26  7  2   2460399.29 2024  3 29 18 58
 2460443.92 2024  5 13 10  4   2460447.44 2024  5 16 22 28   2460450.95 2024  5 20 10 53
 2460495.54 2024  7  4  1  1   2460499.08 2024  7  7 13 54   2460502.62 2024  7 11  2 47
 2460547.17 2024  8 24 15 58   2460550.72 2024  8 28  5 20   2460554.28 2024  8 31 18 42
 2460598.79 2024 10 15  6 55   2460602.37 2024 10 18 20 46   2460605.94 2024 10 22 10 37
 2460650.41 2024 12  5 21 52   2460654.01 2024 12  9 12 12   2460657.61 2024 12 13  2 32
 2460702.03 2025  1 26 12 49   2460705.65 2025  1 30  3 38   2460709.27 2025  2  2 18 26
 2460753.66 2025  3 19  3 46   2460757.29 2025  3 22 19  4   2460760.93 2025  3 26 10 21
 2460805.28 2025  5  9 18 44   2460808.94 2025  5 13 10 30   2460812.59 2025  5 17  2 16
 2460856.90 2025  6 30  9 41   2460860.58 2025  7  4  1 56   2460864.26 2025  7  7 18 10
 2460908.53 2025  8 21  0 38   2460912.22 2025  8 24 17 21   2460915.92 2025  8 28 10  5
 2460960.15 2025 10 11 15 35   2460963.87 2025 10 15  8 47   2460967.58 2025 10 19  2  0
 2461011.77 2025 12  2  6 32   2461015.51 2025 12  6  0 13   2461019.25 2025 12  9 17 55
 2461063.40 2026  1 22 21 29   2461067.15 2026  1 26 15 39   2461070.91 2026  1 30  9 49
 2461115.02 2026  3 15 12 26   2461118.80 2026  3 19  7  5   2461122.57 2026  3 23  1 44
 2461166.64 2026  5  6  3 23   2461170.44 2026  5  9 22 31   2461174.24 2026  5 13 17 39
 2461218.26 2026  6 26 18 21   2461222.08 2026  6 30 13 57   2461225.90 2026  7  4  9 33
 2461269.89 2026  8 17  9 18   2461273.72 2026  8 21  5 23   2461277.56 2026  8 25  1 28
 2461321.51 2026 10  8  0 15   2461325.37 2026 10 11 20 49   2461329.22 2026 10 15 17 23
 2461373.13 2026 11 28 15 12   2461377.01 2026 12  2 12 15   2461380.89 2026 12  6  9 18
 2461424.76 2027  1 19  6  9   2461428.65 2027  1 23  3 41   2461432.55 2027  1 27  1 12
 2461476.38 2027  3 11 21  6   2461480.30 2027  3 15 19  7   2461484.21 2027  3 19 17  7
 2461528.00 2027  5  2 12  3   2461531.94 2027  5  6 10 33   2461535.88 2027  5 10  9  2
 2461579.63 2027  6 23  3  0   2461583.58 2027  6 27  1 58   2461587.54 2027  7  1  0 56
 2461631.25 2027  8 13 17 58   2461635.23 2027  8 17 17 24   2461639.20 2027  8 21 16 51
 2461682.87 2027 10  4  8 55   2461686.87 2027 10  8  8 50   2461690.87 2027 10 12  8 46
 2461734.49 2027 11 24 23 52   2461738.51 2027 11 29  0 16   2461742.53 2027 12  3  0 41
 2461786.12 2028  1 15 14 49   2461790.15 2028  1 19 15 42   2461794.19 2028  1 23 16 35
 2461837.74 2028  3  7  5 46   2461841.80 2028  3 11  7  8   2461845.85 2028  3 15  8 30
 2461889.36 2028  4 27 20 43   2461893.44 2028  5  1 22 34   2461897.52 2028  5  6  0 25
 2461940.99 2028  6 18 11 40   2461945.08 2028  6 22 14  0   2461949.18 2028  6 26 16 20
 2461992.61 2028  8  9  2 37   2461996.73 2028  8 13  5 26   2462000.84 2028  8 17  8 14
 2462044.23 2028  9 29 17 34   2462048.37 2028 10  3 20 52   2462052.51 2028 10  8  0  9
 2462095.86 2028 11 20  8 32   2462100.01 2028 11 24 12 18   2462104.17 2028 11 28 16  4
 2462147.48 2029  1 10 23 29   2462151.66 2029  1 15  3 44   2462155.83 2029  1 19  7 58
 2462199.10 2029  3  3 14 26   2462203.30 2029  3  7 19  9   2462207.50 2029  3 11 23 53
 2462250.72 2029  4 24  5 23   2462254.94 2029  4 28 10 35   2462259.16 2029  5  2 15 48
 2462302.35 2029  6 14 20 20   2462306.58 2029  6 19  2  1   2462310.82 2029  6 23  7 43
 2462353.97 2029  8  5 11 17   2462358.23 2029  8  9 17 27   2462362.48 2029  8 13 23 37
 2462405.59 2029  9 26  2 14   2462409.87 2029  9 30  8 53   2462414.15 2029 10  4 15 32
 2462457.22 2029 11 16 17 11   2462461.51 2029 11 21  0 19   2462465.81 2029 11 25  7 27
 2462508.84 2030  1  7  8  9   2462513.16 2030  1 11 15 45   2462517.47 2030  1 15 23 21
 2462560.46 2030  2 27 23  6   2462564.80 2030  3  4  7 11   2462569.14 2030  3  8 15 16
 2462612.09 2030  4 20 14  3   2462616.44 2030  4 24 22 37   2462620.80 2030  4 29  7 11
 2462663.71 2030  6 11  5  0   2462668.09 2030  6 15 14  3   2462672.46 2030  6 19 23  6
 2462715.33 2030  8  1 19 57   2462719.73 2030  8  6  5 29   2462724.13 2030  8 10 15  0
 2462766.95 2030  9 22 10 54   2462771.37 2030  9 26 20 55   2462775.79 2030 10  1  6 55
 2462818.58 2030 11 13  1 51   2462823.01 2030 11 17 12 21   2462827.45 2030 11 21 22 50
 2462870.20 2031  1  3 16 48   2462874.66 2031  1  8  3 46   2462879.11 2031  1 12 14 44
 2462921.82 2031  2 24  7 46   2462926.30 2031  2 28 19 12   2462930.78 2031  3  5  6 39
 2462973.45 2031  4 16 22 43   2462977.94 2031  4 21 10 38   2462982.44 2031  4 25 22 34
 2463025.07 2031  6  7 13 40   2463029.59 2031  6 12  2  4   2463034.10 2031  6 16 14 29
 2463076.69 2031  7 29  4 37   2463081.23 2031  8  2 17 30   2463085.77 2031  8  7  6 23
 2463128.32 2031  9 18 19 34   2463132.87 2031  9 23  8 56   2463137.43 2031  9 27 22 18
 2463179.94 2031 11  9 10 31   2463184.52 2031 11 14  0 22   2463189.09 2031 11 18 14 13
 2463231.56 2031 12 31  1 28   2463236.16 2032  1  4 15 48   2463240.76 2032  1  9  6  8
 2463283.18 2032  2 20 16 25   2463287.80 2032  2 25  7 14   2463292.42 2032  2 29 22  2
 2463334.81 2032  4 12  7 22   2463339.44 2032  4 16 22 40   2463344.08 2032  4 21 13 57
 2463386.43 2032  6  2 22 20   2463391.09 2032  6  7 14  6   2463395.74 2032  6 12  5 52
 2463438.05 2032  7 24 13 17   2463442.73 2032  7 29  5 32   2463447.41 2032  8  2 21 46
 2463489.68 2032  9 14  4 14   2463494.37 2032  9 18 20 57   2463499.07 2032  9 23 13 41
 2463541.30 2032 11  4 19 11   2463546.02 2032 11  9 12 23   2463550.73 2032 11 14  5 36
 2463592.92 2032 12 26 10  8   2463597.66 2032 12 31  3 49   2463602.40 2033  1  4 21 31
 2463644.55 2033  2 16  1  5   2463649.30 2033  2 20 19 15   2463654.06 2033  2 25 13 25
 2463696.17 2033  4  8 16  2   2463700.95 2033  4 13 10 41   2463705.72 2033  4 18  5 20
 2463747.79 2033  5 30  6 59   2463752.59 2033  6  4  2  7   2463757.39 2033  6  8 21 15
 2463799.41 2033  7 20 21 57   2463804.23 2033  7 25 17 33   2463809.05 2033  7 30 13  9
 2463851.04 2033  9 10 12 54   2463855.87 2033  9 15  8 59   2463860.71 2033  9 20  5  4
 2463902.66 2033 11  1  3 51   2463907.52 2033 11  6  0 25   2463912.37 2033 11 10 20 59
 2463954.28 2033 12 22 18 48   2463959.16 2033 12 27 15 51   2463964.04 2034  1  1 12 54
 2464005.91 2034  2 12  9 45   2464010.80 2034  2 17  7 17   2464015.70 2034  2 22  4 48
 2464057.53 2034  4  5  0 42   2464062.45 2034  4  9 22 43   2464067.36 2034  4 14 20 43
 2464109.15 2034  5 26 15 39   2464114.09 2034  5 31 14  9   2464119.03 2034  6  5 12 38
 2464160.78 2034  7 17  6 36   2464165.73 2034  7 22  5 34   2464170.69 2034  7 27  4 32
 2464212.40 2034  9  6 21 34   2464217.38 2034  9 11 21  0   2464222.35 2034  9 16 20 27
