 Predicted Transit Epochs: HD75289__ b

 Predicted Duration of a Central Transit:   211. Minutes

 Begin Transit Window           PREDICTED CENTRAL TRANSIT     End Transit Window
                                     All Times UT

                               HJD        Year M  D  H  M
 2454924.56 2009  4  3  1 24   2454925.19 2009  4  3 16 28   2454925.81 2009  4  4  7 32
 2454928.07 2009  4  6 13 37   2454928.70 2009  4  7  4 41   2454929.32 2009  4  7 19 46
 2454931.58 2009  4 10  1 50   2454932.21 2009  4 10 16 55   2454932.83 2009  4 11  7 59
 2454935.09 2009  4 13 14  3   2454935.71 2009  4 14  5  8   2454936.34 2009  4 14 20 13
 2454938.60 2009  4 17  2 17   2454939.22 2009  4 17 17 21   2454939.85 2009  4 18  8 26
 2454942.10 2009  4 20 14 30   2454942.73 2009  4 21  5 35   2454943.36 2009  4 21 20 40
 2454945.61 2009  4 24  2 43   2454946.24 2009  4 24 17 48   2454946.87 2009  4 25  8 53
 2454949.12 2009  4 27 14 56   2454949.75 2009  4 28  6  1   2454950.38 2009  4 28 21  6
 2454952.63 2009  5  1  3 10   2454953.26 2009  5  1 18 15   2454953.89 2009  5  2  9 20
 2454956.14 2009  5  4 15 23   2454956.77 2009  5  5  6 28   2454957.40 2009  5  5 21 33
 2454959.65 2009  5  8  3 36   2454960.28 2009  5  8 18 41   2454960.91 2009  5  9  9 47
 2454963.16 2009  5 11 15 49   2454963.79 2009  5 12  6 55   2454964.42 2009  5 12 22  0
 2454966.67 2009  5 15  4  3   2454967.30 2009  5 15 19  8   2454967.93 2009  5 16 10 14
 2454970.18 2009  5 18 16 16   2454970.81 2009  5 19  7 22   2454971.44 2009  5 19 22 27
 2454973.69 2009  5 22  4 29   2454974.32 2009  5 22 19 35   2454974.95 2009  5 23 10 40
 2454977.20 2009  5 25 16 42   2454977.83 2009  5 26  7 48   2454978.45 2009  5 26 22 54
 2454980.71 2009  5 29  4 56   2454981.33 2009  5 29 20  2   2454981.96 2009  5 30 11  7
 2454984.21 2009  6  1 17  9   2454984.84 2009  6  2  8 15   2454985.47 2009  6  2 23 21
 2454987.72 2009  6  5  5 22   2454988.35 2009  6  5 20 28   2454988.98 2009  6  6 11 34
 2454991.23 2009  6  8 17 35   2454991.86 2009  6  9  8 42   2454992.49 2009  6  9 23 48
 2454994.74 2009  6 12  5 49   2454995.37 2009  6 12 20 55   2454996.00 2009  6 13 12  1
 2454998.25 2009  6 15 18  2   2454998.88 2009  6 16  9  8   2454999.51 2009  6 17  0 15
 2455001.76 2009  6 19  6 15   2455002.39 2009  6 19 21 22   2455003.02 2009  6 20 12 28
 2455005.27 2009  6 22 18 29   2455005.90 2009  6 23  9 35   2455006.53 2009  6 24  0 41
 2455008.78 2009  6 26  6 42   2455009.41 2009  6 26 21 48   2455010.04 2009  6 27 12 55
 2455012.29 2009  6 29 18 55   2455012.92 2009  6 30 10  2   2455013.55 2009  7  1  1  8
 2455015.80 2009  7  3  7  8   2455016.43 2009  7  3 22 15   2455017.06 2009  7  4 13 22
 2455019.31 2009  7  6 19 22   2455019.94 2009  7  7 10 28   2455020.57 2009  7  8  1 35
 2455022.82 2009  7 10  7 35   2455023.45 2009  7 10 22 42   2455024.08 2009  7 11 13 49
 2455026.33 2009  7 13 19 48   2455026.96 2009  7 14 10 55   2455027.59 2009  7 15  2  2
 2455029.83 2009  7 17  8  1   2455030.46 2009  7 17 23  8   2455031.09 2009  7 18 14 15
 2455033.34 2009  7 20 20 15   2455033.97 2009  7 21 11 22   2455034.60 2009  7 22  2 29
 2455036.85 2009  7 24  8 28   2455037.48 2009  7 24 23 35   2455038.11 2009  7 25 14 42
 2455040.36 2009  7 27 20 41   2455040.99 2009  7 28 11 48   2455041.62 2009  7 29  2 56
 2455043.87 2009  7 31  8 54   2455044.50 2009  8  1  0  2   2455045.13 2009  8  1 15  9
 2455047.38 2009  8  3 21  8   2455048.01 2009  8  4 12 15   2455048.64 2009  8  5  3 23
 2455050.89 2009  8  7  9 21   2455051.52 2009  8  8  0 28   2455052.15 2009  8  8 15 36
 2455054.40 2009  8 10 21 34   2455055.03 2009  8 11 12 42   2455055.66 2009  8 12  3 50
 2455057.91 2009  8 14  9 47   2455058.54 2009  8 15  0 55   2455059.17 2009  8 15 16  3
 2455061.42 2009  8 17 22  1   2455062.05 2009  8 18 13  8   2455062.68 2009  8 19  4 16
 2455064.93 2009  8 21 10 14   2455065.56 2009  8 22  1 22   2455066.19 2009  8 22 16 30
 2455068.44 2009  8 24 22 27   2455069.07 2009  8 25 13 35   2455069.70 2009  8 26  4 43
 2455071.94 2009  8 28 10 40   2455072.58 2009  8 29  1 49   2455073.21 2009  8 29 16 57
 2455075.45 2009  8 31 22 54   2455076.08 2009  9  1 14  2   2455076.72 2009  9  2  5 10
 2455078.96 2009  9  4 11  7   2455079.59 2009  9  5  2 15   2455080.23 2009  9  5 17 24
 2455082.47 2009  9  7 23 20   2455083.10 2009  9  8 14 29   2455083.73 2009  9  9  5 37
 2455085.98 2009  9 11 11 33   2455086.61 2009  9 12  2 42   2455087.24 2009  9 12 17 50
 2455089.49 2009  9 14 23 47   2455090.12 2009  9 15 14 55   2455090.75 2009  9 16  6  4
 2455093.00 2009  9 18 12  0   2455093.63 2009  9 19  3  9   2455094.26 2009  9 19 18 17
 2455096.51 2009  9 22  0 13   2455097.14 2009  9 22 15 22   2455097.77 2009  9 23  6 31
 2455100.02 2009  9 25 12 26   2455100.65 2009  9 26  3 35   2455101.28 2009  9 26 18 44
 2455103.53 2009  9 29  0 40   2455104.16 2009  9 29 15 49   2455104.79 2009  9 30  6 58
 2455107.04 2009 10  2 12 53   2455107.67 2009 10  3  4  2   2455108.30 2009 10  3 19 11
 2455110.55 2009 10  6  1  6   2455111.18 2009 10  6 16 15   2455111.81 2009 10  7  7 25
 2455114.06 2009 10  9 13 19   2455114.69 2009 10 10  4 29   2455115.32 2009 10 10 19 38
 2455117.56 2009 10 13  1 33   2455118.20 2009 10 13 16 42   2455118.83 2009 10 14  7 51
 2455121.07 2009 10 16 13 46   2455121.71 2009 10 17  4 55   2455122.34 2009 10 17 20  5
 2455124.58 2009 10 20  1 59   2455125.21 2009 10 20 17  9   2455125.85 2009 10 21  8 18
 2455128.09 2009 10 23 14 12   2455128.72 2009 10 24  5 22   2455129.36 2009 10 24 20 32
 2455131.60 2009 10 27  2 26   2455132.23 2009 10 27 17 35   2455132.87 2009 10 28  8 45
 2455135.11 2009 10 30 14 39   2455135.74 2009 10 31  5 49   2455136.37 2009 10 31 20 59
 2455138.62 2009 11  3  2 52   2455139.25 2009 11  3 18  2   2455139.88 2009 11  4  9 12
 2455142.13 2009 11  6 15  5   2455142.76 2009 11  7  6 15   2455143.39 2009 11  7 21 25
 2455145.64 2009 11 10  3 19   2455146.27 2009 11 10 18 29   2455146.90 2009 11 11  9 39
 2455149.15 2009 11 13 15 32   2455149.78 2009 11 14  6 42   2455150.41 2009 11 14 21 52
 2455152.66 2009 11 17  3 45   2455153.29 2009 11 17 18 55   2455153.92 2009 11 18 10  6
 2455156.17 2009 11 20 15 58   2455156.80 2009 11 21  7  9   2455157.43 2009 11 21 22 19
 2455159.68 2009 11 24  4 12   2455160.31 2009 11 24 19 22   2455160.94 2009 11 25 10 33
 2455163.18 2009 11 27 16 25   2455163.82 2009 11 28  7 35   2455164.45 2009 11 28 22 46
 2455166.69 2009 12  1  4 38   2455167.33 2009 12  1 19 49   2455167.96 2009 12  2 11  0
 2455170.20 2009 12  4 16 51   2455170.84 2009 12  5  8  2   2455171.47 2009 12  5 23 13
 2455173.71 2009 12  8  5  5   2455174.34 2009 12  8 20 16   2455174.98 2009 12  9 11 26
 2455177.22 2009 12 11 17 18   2455177.85 2009 12 12  8 29   2455178.49 2009 12 12 23 40
 2455180.73 2009 12 15  5 31   2455181.36 2009 12 15 20 42   2455182.00 2009 12 16 11 53
 2455184.24 2009 12 18 17 44   2455184.87 2009 12 19  8 56   2455185.50 2009 12 20  0  7
 2455187.75 2009 12 22  5 58   2455188.38 2009 12 22 21  9   2455189.01 2009 12 23 12 20
 2455191.26 2009 12 25 18 11   2455191.89 2009 12 26  9 22   2455192.52 2009 12 27  0 34
 2455194.77 2009 12 29  6 24   2455195.40 2009 12 29 21 36   2455196.03 2009 12 30 12 47
 2455198.28 2010  1  1 18 37   2455198.91 2010  1  2  9 49   2455199.54 2010  1  3  1  0
 2455201.79 2010  1  5  6 51   2455202.42 2010  1  5 22  2   2455203.05 2010  1  6 13 14
 2455205.29 2010  1  8 19  4   2455205.93 2010  1  9 10 16   2455206.56 2010  1 10  1 27
 2455208.80 2010  1 12  7 17   2455209.44 2010  1 12 22 29   2455210.07 2010  1 13 13 41
 2455212.31 2010  1 15 19 30   2455212.95 2010  1 16 10 42   2455213.58 2010  1 17  1 54
 2455215.82 2010  1 19  7 44   2455216.46 2010  1 19 22 56   2455217.09 2010  1 20 14  8
 2455219.33 2010  1 22 19 57   2455219.96 2010  1 23 11  9   2455220.60 2010  1 24  2 21
 2455222.84 2010  1 26  8 10   2455223.47 2010  1 26 23 22   2455224.11 2010  1 27 14 34
 2455226.35 2010  1 29 20 23   2455226.98 2010  1 30 11 36   2455227.62 2010  1 31  2 48
 2455229.86 2010  2  2  8 37   2455230.49 2010  2  2 23 49   2455231.13 2010  2  3 15  1
 2455233.37 2010  2  5 20 50   2455234.00 2010  2  6 12  2   2455234.64 2010  2  7  3 15
 2455236.88 2010  2  9  9  3   2455237.51 2010  2 10  0 16   2455238.14 2010  2 10 15 28
 2455240.39 2010  2 12 21 16   2455241.02 2010  2 13 12 29   2455241.65 2010  2 14  3 42
 2455243.90 2010  2 16  9 30   2455244.53 2010  2 17  0 42   2455245.16 2010  2 17 15 55
 2455247.41 2010  2 19 21 43   2455248.04 2010  2 20 12 56   2455248.67 2010  2 21  4  9
 2455250.91 2010  2 23  9 56   2455251.55 2010  2 24  1  9   2455252.18 2010  2 24 16 22
 2455254.42 2010  2 26 22  9   2455255.06 2010  2 27 13 22   2455255.69 2010  2 28  4 35
 2455257.93 2010  3  2 10 23   2455258.57 2010  3  3  1 36   2455259.20 2010  3  3 16 49
 2455261.44 2010  3  5 22 36   2455262.08 2010  3  6 13 49   2455262.71 2010  3  7  5  2
 2455264.95 2010  3  9 10 49   2455265.59 2010  3 10  2  2   2455266.22 2010  3 10 17 16
 2455268.46 2010  3 12 23  2   2455269.09 2010  3 13 14 16   2455269.73 2010  3 14  5 29
 2455271.97 2010  3 16 11 16   2455272.60 2010  3 17  2 29   2455273.24 2010  3 17 17 43
 2455275.48 2010  3 19 23 29   2455276.11 2010  3 20 14 42   2455276.75 2010  3 21  5 56
 2455278.99 2010  3 23 11 42   2455279.62 2010  3 24  2 56   2455280.26 2010  3 24 18  9
 2455282.50 2010  3 26 23 55   2455283.13 2010  3 27 15  9   2455283.77 2010  3 28  6 23
 2455286.01 2010  3 30 12  9   2455286.64 2010  3 31  3 23   2455287.28 2010  3 31 18 36
 2455289.52 2010  4  3  0 22   2455290.15 2010  4  3 15 36   2455290.78 2010  4  4  6 50
 2455293.02 2010  4  6 12 35   2455293.66 2010  4  7  3 49   2455294.29 2010  4  7 19  3
 2455296.53 2010  4 10  0 48   2455297.17 2010  4 10 16  3   2455297.80 2010  4 11  7 17
 2455300.04 2010  4 13 13  2   2455300.68 2010  4 14  4 16   2455301.31 2010  4 14 19 30
 2455303.55 2010  4 17  1 15   2455304.19 2010  4 17 16 29   2455304.82 2010  4 18  7 44
 2455307.06 2010  4 20 13 28   2455307.70 2010  4 21  4 43   2455308.33 2010  4 21 19 57
 2455310.57 2010  4 24  1 41   2455311.21 2010  4 24 16 56   2455311.84 2010  4 25  8 10
 2455314.08 2010  4 27 13 55   2455314.72 2010  4 28  5  9   2455315.35 2010  4 28 20 24
 2455317.59 2010  5  1  2  8   2455318.22 2010  5  1 17 23   2455318.86 2010  5  2  8 37
 2455321.10 2010  5  4 14 21   2455321.73 2010  5  5  5 36   2455322.37 2010  5  5 20 51
 2455324.61 2010  5  8  2 34   2455325.24 2010  5  8 17 49   2455325.88 2010  5  9  9  4
 2455328.12 2010  5 11 14 48   2455328.75 2010  5 12  6  3   2455329.39 2010  5 12 21 18
 2455331.63 2010  5 15  3  1   2455332.26 2010  5 15 18 16   2455332.90 2010  5 16  9 31
 2455335.14 2010  5 18 15 14   2455335.77 2010  5 19  6 29   2455336.41 2010  5 19 21 44
 2455338.64 2010  5 22  3 27   2455339.28 2010  5 22 18 43   2455339.92 2010  5 23  9 58
 2455342.15 2010  5 25 15 41   2455342.79 2010  5 26  6 56   2455343.42 2010  5 26 22 11
 2455345.66 2010  5 29  3 54   2455346.30 2010  5 29 19  9   2455346.93 2010  5 30 10 25
 2455349.17 2010  6  1 16  7   2455349.81 2010  6  2  7 23   2455350.44 2010  6  2 22 38
 2455352.68 2010  6  5  4 20   2455353.32 2010  6  5 19 36   2455353.95 2010  6  6 10 52
 2455356.19 2010  6  8 16 34   2455356.83 2010  6  9  7 49   2455357.46 2010  6  9 23  5
 2455359.70 2010  6 12  4 47   2455360.34 2010  6 12 20  3   2455360.97 2010  6 13 11 19
 2455363.21 2010  6 15 17  0   2455363.84 2010  6 16  8 16   2455364.48 2010  6 16 23 32
 2455366.72 2010  6 19  5 13   2455367.35 2010  6 19 20 29   2455367.99 2010  6 20 11 45
 2455370.23 2010  6 22 17 27   2455370.86 2010  6 23  8 43   2455371.50 2010  6 23 23 59
 2455373.74 2010  6 26  5 40   2455374.37 2010  6 26 20 56   2455375.01 2010  6 27 12 12
 2455377.25 2010  6 29 17 53   2455377.88 2010  6 30  9  9   2455378.52 2010  7  1  0 26
 2455380.75 2010  7  3  6  7   2455381.39 2010  7  3 21 23   2455382.03 2010  7  4 12 39
 2455384.26 2010  7  6 18 20   2455384.90 2010  7  7  9 36   2455385.54 2010  7  8  0 53
 2455387.77 2010  7 10  6 33   2455388.41 2010  7 10 21 50   2455389.05 2010  7 11 13  6
 2455391.28 2010  7 13 18 46   2455391.92 2010  7 14 10  3   2455392.56 2010  7 15  1 19
 2455394.79 2010  7 17  7  0   2455395.43 2010  7 17 22 16   2455396.06 2010  7 18 13 33
 2455398.30 2010  7 20 19 13   2455398.94 2010  7 21 10 30   2455399.57 2010  7 22  1 46
 2455401.81 2010  7 24  7 26   2455402.45 2010  7 24 22 43   2455403.08 2010  7 25 14  0
 2455405.32 2010  7 27 19 39   2455405.96 2010  7 28 10 56   2455406.59 2010  7 29  2 13
 2455408.83 2010  7 31  7 53   2455409.47 2010  7 31 23 10   2455410.10 2010  8  1 14 27
 2455412.34 2010  8  3 20  6   2455412.97 2010  8  4 11 23   2455413.61 2010  8  5  2 40
 2455415.85 2010  8  7  8 19   2455416.48 2010  8  7 23 36   2455417.12 2010  8  8 14 54
 2455419.36 2010  8 10 20 32   2455419.99 2010  8 11 11 50   2455420.63 2010  8 12  3  7
 2455422.87 2010  8 14  8 46   2455423.50 2010  8 15  0  3   2455424.14 2010  8 15 15 20
 2455426.37 2010  8 17 20 59   2455427.01 2010  8 18 12 16   2455427.65 2010  8 19  3 34
 2455429.88 2010  8 21  9 12   2455430.52 2010  8 22  0 30   2455431.16 2010  8 22 15 47
 2455433.39 2010  8 24 21 25   2455434.03 2010  8 25 12 43   2455434.67 2010  8 26  4  1
 2455436.90 2010  8 28  9 39   2455437.54 2010  8 29  0 56   2455438.18 2010  8 29 16 14
 2455440.41 2010  8 31 21 52   2455441.05 2010  9  1 13 10   2455441.69 2010  9  2  4 28
 2455443.92 2010  9  4 10  5   2455444.56 2010  9  5  1 23   2455445.20 2010  9  5 16 41
 2455447.43 2010  9  7 22 18   2455448.07 2010  9  8 13 36   2455448.70 2010  9  9  4 54
 2455450.94 2010  9 11 10 32   2455451.58 2010  9 12  1 50   2455452.21 2010  9 12 17  8
 2455454.45 2010  9 14 22 45   2455455.09 2010  9 15 14  3   2455455.72 2010  9 16  5 21
 2455457.96 2010  9 18 10 58   2455458.60 2010  9 19  2 16   2455459.23 2010  9 19 17 35
 2455461.47 2010  9 21 23 11   2455462.10 2010  9 22 14 30   2455462.74 2010  9 23  5 48
 2455464.98 2010  9 25 11 25   2455465.61 2010  9 26  2 43   2455466.25 2010  9 26 18  2
 2455468.48 2010  9 28 23 38   2455469.12 2010  9 29 14 56   2455469.76 2010  9 30  6 15
 2455471.99 2010 10  2 11 51   2455472.63 2010 10  3  3 10   2455473.27 2010 10  3 18 28
 2455475.50 2010 10  6  0  4   2455476.14 2010 10  6 15 23   2455476.78 2010 10  7  6 42
 2455479.01 2010 10  9 12 18   2455479.65 2010 10 10  3 36   2455480.29 2010 10 10 18 55
 2455482.52 2010 10 13  0 31   2455483.16 2010 10 13 15 50   2455483.80 2010 10 14  7  9
 2455486.03 2010 10 16 12 44   2455486.67 2010 10 17  4  3   2455487.31 2010 10 17 19 22
 2455489.54 2010 10 20  0 57   2455490.18 2010 10 20 16 17   2455490.82 2010 10 21  7 36
 2455493.05 2010 10 23 13 11   2455493.69 2010 10 24  4 30   2455494.33 2010 10 24 19 49
 2455496.56 2010 10 27  1 24   2455497.20 2010 10 27 16 43   2455497.84 2010 10 28  8  3
 2455500.07 2010 10 30 13 37   2455500.71 2010 10 31  4 57   2455501.34 2010 10 31 20 16
 2455503.58 2010 11  3  1 50   2455504.22 2010 11  3 17 10   2455504.85 2010 11  4  8 29
 2455507.09 2010 11  6 14  4   2455507.72 2010 11  7  5 23   2455508.36 2010 11  7 20 43
 2455510.60 2010 11 10  2 17   2455511.23 2010 11 10 17 37   2455511.87 2010 11 11  8 56
 2455514.10 2010 11 13 14 30   2455514.74 2010 11 14  5 50   2455515.38 2010 11 14 21 10
 2455517.61 2010 11 17  2 43   2455518.25 2010 11 17 18  3   2455518.89 2010 11 18  9 23
 2455521.12 2010 11 20 14 57   2455521.76 2010 11 21  6 17   2455522.40 2010 11 21 21 37
 2455524.63 2010 11 24  3 10   2455525.27 2010 11 24 18 30   2455525.91 2010 11 25  9 50
 2455528.14 2010 11 27 15 23   2455528.78 2010 11 28  6 43   2455529.42 2010 11 28 22  3
 2455531.65 2010 12  1  3 36   2455532.29 2010 12  1 18 57   2455532.93 2010 12  2 10 17
 2455535.16 2010 12  4 15 50   2455535.80 2010 12  5  7 10   2455536.44 2010 12  5 22 30
 2455538.67 2010 12  8  4  3   2455539.31 2010 12  8 19 23   2455539.95 2010 12  9 10 44
 2455542.18 2010 12 11 16 16   2455542.82 2010 12 12  7 37   2455543.46 2010 12 12 22 57
 2455545.69 2010 12 15  4 29   2455546.33 2010 12 15 19 50   2455546.97 2010 12 16 11 11
 2455549.20 2010 12 18 16 43   2455549.84 2010 12 19  8  3   2455550.48 2010 12 19 23 24
 2455552.71 2010 12 22  4 56   2455553.35 2010 12 22 20 17   2455553.98 2010 12 23 11 38
 2455556.22 2010 12 25 17  9   2455556.85 2010 12 26  8 30   2455557.49 2010 12 26 23 51
 2455559.72 2010 12 29  5 22   2455560.36 2010 12 29 20 43   2455561.00 2010 12 30 12  4
 2455563.23 2011  1  1 17 36   2455563.87 2011  1  2  8 57   2455564.51 2011  1  3  0 18
 2455566.74 2011  1  5  5 49   2455567.38 2011  1  5 21 10   2455568.02 2011  1  6 12 31
 2455570.25 2011  1  8 18  2   2455570.89 2011  1  9  9 23   2455571.53 2011  1 10  0 45
 2455573.76 2011  1 12  6 15   2455574.40 2011  1 12 21 37   2455575.04 2011  1 13 12 58
 2455577.27 2011  1 15 18 29   2455577.91 2011  1 16  9 50   2455578.55 2011  1 17  1 12
 2455580.78 2011  1 19  6 42   2455581.42 2011  1 19 22  3   2455582.06 2011  1 20 13 25
 2455584.29 2011  1 22 18 55   2455584.93 2011  1 23 10 17   2455585.57 2011  1 24  1 38
 2455587.80 2011  1 26  7  8   2455588.44 2011  1 26 22 30   2455589.08 2011  1 27 13 52
 2455591.31 2011  1 29 19 22   2455591.95 2011  1 30 10 43   2455592.59 2011  1 31  2  5
 2455594.82 2011  2  2  7 35   2455595.46 2011  2  2 22 57   2455596.10 2011  2  3 14 19
 2455598.33 2011  2  5 19 48   2455598.97 2011  2  6 11 10   2455599.61 2011  2  7  2 32
 2455601.83 2011  2  9  8  1   2455602.48 2011  2  9 23 24   2455603.12 2011  2 10 14 46
 2455605.34 2011  2 12 20 15   2455605.98 2011  2 13 11 37   2455606.62 2011  2 14  2 59
 2455608.85 2011  2 16  8 28   2455609.49 2011  2 16 23 50   2455610.13 2011  2 17 15 13
 2455612.36 2011  2 19 20 41   2455613.00 2011  2 20 12  4   2455613.64 2011  2 21  3 26
 2455615.87 2011  2 23  8 54   2455616.51 2011  2 24  0 17   2455617.15 2011  2 24 15 39
 2455619.38 2011  2 26 21  8   2455620.02 2011  2 27 12 30   2455620.66 2011  2 28  3 53
 2455622.89 2011  3  2  9 21   2455623.53 2011  3  3  0 44   2455624.17 2011  3  3 16  6
 2455626.40 2011  3  5 21 34   2455627.04 2011  3  6 12 57   2455627.68 2011  3  7  4 20
 2455629.91 2011  3  9  9 47   2455630.55 2011  3 10  1 10   2455631.19 2011  3 10 16 33
 2455633.42 2011  3 12 22  1   2455634.06 2011  3 13 13 24   2455634.70 2011  3 14  4 47
 2455636.93 2011  3 16 10 14   2455637.57 2011  3 17  1 37   2455638.21 2011  3 17 17  0
 2455640.44 2011  3 19 22 27   2455641.08 2011  3 20 13 50   2455641.72 2011  3 21  5 13
 2455643.95 2011  3 23 10 40   2455644.59 2011  3 24  2  4   2455645.23 2011  3 24 17 27
 2455647.45 2011  3 26 22 54   2455648.10 2011  3 27 14 17   2455648.74 2011  3 28  5 40
 2455650.96 2011  3 30 11  7   2455651.60 2011  3 31  2 30   2455652.25 2011  3 31 17 54
 2455654.47 2011  4  2 23 20   2455655.11 2011  4  3 14 44   2455655.76 2011  4  4  6  7
 2455657.98 2011  4  6 11 33   2455658.62 2011  4  7  2 57   2455659.26 2011  4  7 18 21
 2455661.49 2011  4  9 23 47   2455662.13 2011  4 10 15 10   2455662.77 2011  4 11  6 34
 2455665.00 2011  4 13 12  0   2455665.64 2011  4 14  3 24   2455666.28 2011  4 14 18 48
 2455668.51 2011  4 17  0 13   2455669.15 2011  4 17 15 37   2455669.79 2011  4 18  7  1
 2455672.02 2011  4 20 12 26   2455672.66 2011  4 21  3 50   2455673.30 2011  4 21 19 14
 2455675.53 2011  4 24  0 40   2455676.17 2011  4 24 16  4   2455676.81 2011  4 25  7 28
 2455679.04 2011  4 27 12 53   2455679.68 2011  4 28  4 17   2455680.32 2011  4 28 19 41
 2455682.55 2011  5  1  1  6   2455683.19 2011  5  1 16 30   2455683.83 2011  5  2  7 55
 2455686.06 2011  5  4 13 19   2455686.70 2011  5  5  4 44   2455687.34 2011  5  5 20  8
 2455689.56 2011  5  8  1 33   2455690.21 2011  5  8 16 57   2455690.85 2011  5  9  8 22
 2455693.07 2011  5 11 13 46   2455693.72 2011  5 12  5 10   2455694.36 2011  5 12 20 35
 2455696.58 2011  5 15  1 59   2455697.23 2011  5 15 17 24   2455697.87 2011  5 16  8 48
 2455700.09 2011  5 18 14 12   2455700.73 2011  5 19  5 37   2455701.38 2011  5 19 21  2
 2455703.60 2011  5 22  2 26   2455704.24 2011  5 22 17 51   2455704.89 2011  5 23  9 15
 2455707.11 2011  5 25 14 39   2455707.75 2011  5 26  6  4   2455708.40 2011  5 26 21 29
 2455710.62 2011  5 29  2 52   2455711.26 2011  5 29 18 17   2455711.90 2011  5 30  9 42
 2455714.13 2011  6  1 15  5   2455714.77 2011  6  2  6 31   2455715.41 2011  6  2 21 56
 2455717.64 2011  6  5  3 19   2455718.28 2011  6  5 18 44   2455718.92 2011  6  6 10  9
 2455721.15 2011  6  8 15 32   2455721.79 2011  6  9  6 57   2455722.43 2011  6  9 22 23
 2455724.66 2011  6 12  3 45   2455725.30 2011  6 12 19 11   2455725.94 2011  6 13 10 36
 2455728.17 2011  6 15 15 58   2455728.81 2011  6 16  7 24   2455729.45 2011  6 16 22 49
 2455731.68 2011  6 19  4 12   2455732.32 2011  6 19 19 37   2455732.96 2011  6 20 11  3
 2455735.18 2011  6 22 16 25   2455735.83 2011  6 23  7 51   2455736.47 2011  6 23 23 16
 2455738.69 2011  6 26  4 38   2455739.34 2011  6 26 20  4   2455739.98 2011  6 27 11 30
 2455742.20 2011  6 29 16 51   2455742.85 2011  6 30  8 17   2455743.49 2011  6 30 23 43
 2455745.71 2011  7  3  5  5   2455746.35 2011  7  3 20 31   2455747.00 2011  7  4 11 57
 2455749.22 2011  7  6 17 18   2455749.86 2011  7  7  8 44   2455750.51 2011  7  8  0 10
 2455752.73 2011  7 10  5 31   2455753.37 2011  7 10 20 57   2455754.02 2011  7 11 12 23
 2455756.24 2011  7 13 17 45   2455756.88 2011  7 14  9 11   2455757.53 2011  7 15  0 37
 2455759.75 2011  7 17  5 58   2455760.39 2011  7 17 21 24   2455761.04 2011  7 18 12 50
 2455763.26 2011  7 20 18 11   2455763.90 2011  7 21  9 37   2455764.54 2011  7 22  1  4
 2455766.77 2011  7 24  6 24   2455767.41 2011  7 24 21 51   2455768.05 2011  7 25 13 17
 2455770.28 2011  7 27 18 38   2455770.92 2011  7 28 10  4   2455771.56 2011  7 29  1 31
 2455773.79 2011  7 31  6 51   2455774.43 2011  7 31 22 17   2455775.07 2011  8  1 13 44
 2455777.29 2011  8  3 19  4   2455777.94 2011  8  4 10 31   2455778.58 2011  8  5  1 57
