 Predicted Transit Epochs: HD76700__ b

 Predicted Duration of a Central Transit:   186. Minutes

 Begin Transit Window           PREDICTED CENTRAL TRANSIT     End Transit Window
                                     All Times UT

                               HJD        Year M  D  H  M
 2454927.96 2009  4  6 10 58   2454928.13 2009  4  6 15  7   2454928.30 2009  4  6 19 16
 2454931.93 2009  4 10 10 16   2454932.10 2009  4 10 14 25   2454932.27 2009  4 10 18 35
 2454935.90 2009  4 14  9 34   2454936.07 2009  4 14 13 44   2454936.25 2009  4 14 17 53
 2454939.87 2009  4 18  8 52   2454940.04 2009  4 18 13  2   2454940.22 2009  4 18 17 12
 2454943.84 2009  4 22  8 10   2454944.01 2009  4 22 12 20   2454944.19 2009  4 22 16 31
 2454947.81 2009  4 26  7 27   2454947.99 2009  4 26 11 38   2454948.16 2009  4 26 15 49
 2454951.78 2009  4 30  6 45   2454951.96 2009  4 30 10 56   2454952.13 2009  4 30 15  8
 2454955.75 2009  5  4  6  3   2454955.93 2009  5  4 10 15   2454956.10 2009  5  4 14 26
 2454959.72 2009  5  8  5 21   2454959.90 2009  5  8  9 33   2454960.07 2009  5  8 13 45
 2454963.69 2009  5 12  4 39   2454963.87 2009  5 12  8 51   2454964.04 2009  5 12 13  3
 2454967.66 2009  5 16  3 57   2454967.84 2009  5 16  8  9   2454968.02 2009  5 16 12 22
 2454971.64 2009  5 20  3 15   2454971.81 2009  5 20  7 28   2454971.99 2009  5 20 11 40
 2454975.61 2009  5 24  2 33   2454975.78 2009  5 24  6 46   2454975.96 2009  5 24 10 59
 2454979.58 2009  5 28  1 51   2454979.75 2009  5 28  6  4   2454979.93 2009  5 28 10 17
 2454983.55 2009  6  1  1  8   2454983.72 2009  6  1  5 22   2454983.90 2009  6  1  9 36
 2454987.52 2009  6  5  0 26   2454987.70 2009  6  5  4 40   2454987.87 2009  6  5  8 55
 2454991.49 2009  6  8 23 44   2454991.67 2009  6  9  3 59   2454991.84 2009  6  9  8 13
 2454995.46 2009  6 12 23  2   2454995.64 2009  6 13  3 17   2454995.81 2009  6 13  7 32
 2454999.43 2009  6 16 22 20   2454999.61 2009  6 17  2 35   2454999.79 2009  6 17  6 50
 2455003.40 2009  6 20 21 38   2455003.58 2009  6 21  1 53   2455003.76 2009  6 21  6  9
 2455007.37 2009  6 24 20 56   2455007.55 2009  6 25  1 12   2455007.73 2009  6 25  5 27
 2455011.34 2009  6 28 20 14   2455011.52 2009  6 29  0 30   2455011.70 2009  6 29  4 46
 2455015.31 2009  7  2 19 32   2455015.49 2009  7  2 23 48   2455015.67 2009  7  3  4  4
 2455019.28 2009  7  6 18 49   2455019.46 2009  7  6 23  6   2455019.64 2009  7  7  3 23
 2455023.26 2009  7 10 18  7   2455023.43 2009  7 10 22 24   2455023.61 2009  7 11  2 42
 2455027.23 2009  7 14 17 25   2455027.40 2009  7 14 21 43   2455027.58 2009  7 15  2  0
 2455031.20 2009  7 18 16 43   2455031.38 2009  7 18 21  1   2455031.55 2009  7 19  1 19
 2455035.17 2009  7 22 16  1   2455035.35 2009  7 22 20 19   2455035.53 2009  7 23  0 37
 2455039.14 2009  7 26 15 19   2455039.32 2009  7 26 19 37   2455039.50 2009  7 26 23 56
 2455043.11 2009  7 30 14 37   2455043.29 2009  7 30 18 55   2455043.47 2009  7 30 23 14
 2455047.08 2009  8  3 13 55   2455047.26 2009  8  3 18 14   2455047.44 2009  8  3 22 33
 2455051.05 2009  8  7 13 12   2455051.23 2009  8  7 17 32   2455051.41 2009  8  7 21 51
 2455055.02 2009  8 11 12 30   2455055.20 2009  8 11 16 50   2455055.38 2009  8 11 21 10
 2455058.99 2009  8 15 11 48   2455059.17 2009  8 15 16  8   2455059.35 2009  8 15 20 28
 2455062.96 2009  8 19 11  6   2455063.14 2009  8 19 15 27   2455063.32 2009  8 19 19 47
 2455066.93 2009  8 23 10 24   2455067.11 2009  8 23 14 45   2455067.30 2009  8 23 19  6
 2455070.90 2009  8 27  9 42   2455071.09 2009  8 27 14  3   2455071.27 2009  8 27 18 24
 2455074.88 2009  8 31  9  0   2455075.06 2009  8 31 13 21   2455075.24 2009  8 31 17 43
 2455078.85 2009  9  4  8 18   2455079.03 2009  9  4 12 39   2455079.21 2009  9  4 17  1
 2455082.82 2009  9  8  7 36   2455083.00 2009  9  8 11 58   2455083.18 2009  9  8 16 20
 2455086.79 2009  9 12  6 53   2455086.97 2009  9 12 11 16   2455087.15 2009  9 12 15 38
 2455090.76 2009  9 16  6 11   2455090.94 2009  9 16 10 34   2455091.12 2009  9 16 14 57
 2455094.73 2009  9 20  5 29   2455094.91 2009  9 20  9 52   2455095.09 2009  9 20 14 15
 2455098.70 2009  9 24  4 47   2455098.88 2009  9 24  9 11   2455099.07 2009  9 24 13 34
 2455102.67 2009  9 28  4  5   2455102.85 2009  9 28  8 29   2455103.04 2009  9 28 12 53
 2455106.64 2009 10  2  3 23   2455106.82 2009 10  2  7 47   2455107.01 2009 10  2 12 11
 2455110.61 2009 10  6  2 41   2455110.80 2009 10  6  7  5   2455110.98 2009 10  6 11 30
 2455114.58 2009 10 10  1 59   2455114.77 2009 10 10  6 23   2455114.95 2009 10 10 10 48
 2455118.55 2009 10 14  1 17   2455118.74 2009 10 14  5 42   2455118.92 2009 10 14 10  7
 2455122.52 2009 10 18  0 34   2455122.71 2009 10 18  5  0   2455122.89 2009 10 18  9 25
 2455126.50 2009 10 21 23 52   2455126.68 2009 10 22  4 18   2455126.86 2009 10 22  8 44
 2455130.47 2009 10 25 23 10   2455130.65 2009 10 26  3 36   2455130.84 2009 10 26  8  2
 2455134.44 2009 10 29 22 28   2455134.62 2009 10 30  2 55   2455134.81 2009 10 30  7 21
 2455138.41 2009 11  2 21 46   2455138.59 2009 11  3  2 13   2455138.78 2009 11  3  6 39
 2455142.38 2009 11  6 21  4   2455142.56 2009 11  7  1 31   2455142.75 2009 11  7  5 58
 2455146.35 2009 11 10 20 22   2455146.53 2009 11 11  0 49   2455146.72 2009 11 11  5 17
 2455150.32 2009 11 14 19 40   2455150.51 2009 11 15  0  7   2455150.69 2009 11 15  4 35
 2455154.29 2009 11 18 18 58   2455154.48 2009 11 18 23 26   2455154.66 2009 11 19  3 54
 2455158.26 2009 11 22 18 15   2455158.45 2009 11 22 22 44   2455158.63 2009 11 23  3 12
 2455162.23 2009 11 26 17 33   2455162.42 2009 11 26 22  2   2455162.61 2009 11 27  2 31
 2455166.20 2009 11 30 16 51   2455166.39 2009 11 30 21 20   2455166.58 2009 12  1  1 49
 2455170.17 2009 12  4 16  9   2455170.36 2009 12  4 20 38   2455170.55 2009 12  5  1  8
 2455174.14 2009 12  8 15 27   2455174.33 2009 12  8 19 57   2455174.52 2009 12  9  0 26
 2455178.11 2009 12 12 14 45   2455178.30 2009 12 12 19 15   2455178.49 2009 12 12 23 45
 2455182.09 2009 12 16 14  3   2455182.27 2009 12 16 18 33   2455182.46 2009 12 16 23  3
 2455186.06 2009 12 20 13 21   2455186.24 2009 12 20 17 51   2455186.43 2009 12 20 22 22
 2455190.03 2009 12 24 12 39   2455190.22 2009 12 24 17 10   2455190.40 2009 12 24 21 41
 2455194.00 2009 12 28 11 56   2455194.19 2009 12 28 16 28   2455194.37 2009 12 28 20 59
 2455197.97 2010  1  1 11 14   2455198.16 2010  1  1 15 46   2455198.35 2010  1  1 20 18
 2455201.94 2010  1  5 10 32   2455202.13 2010  1  5 15  4   2455202.32 2010  1  5 19 36
 2455205.91 2010  1  9  9 50   2455206.10 2010  1  9 14 22   2455206.29 2010  1  9 18 55
 2455209.88 2010  1 13  9  8   2455210.07 2010  1 13 13 41   2455210.26 2010  1 13 18 13
 2455213.85 2010  1 17  8 26   2455214.04 2010  1 17 12 59   2455214.23 2010  1 17 17 32
 2455217.82 2010  1 21  7 44   2455218.01 2010  1 21 12 17   2455218.20 2010  1 21 16 50
 2455221.79 2010  1 25  7  2   2455221.98 2010  1 25 11 35   2455222.17 2010  1 25 16  9
 2455225.76 2010  1 29  6 20   2455225.95 2010  1 29 10 54   2455226.14 2010  1 29 15 28
 2455229.73 2010  2  2  5 37   2455229.93 2010  2  2 10 12   2455230.12 2010  2  2 14 46
 2455233.71 2010  2  6  4 55   2455233.90 2010  2  6  9 30   2455234.09 2010  2  6 14  5
 2455237.68 2010  2 10  4 13   2455237.87 2010  2 10  8 48   2455238.06 2010  2 10 13 23
 2455241.65 2010  2 14  3 31   2455241.84 2010  2 14  8  6   2455242.03 2010  2 14 12 42
 2455245.62 2010  2 18  2 49   2455245.81 2010  2 18  7 25   2455246.00 2010  2 18 12  0
 2455249.59 2010  2 22  2  7   2455249.78 2010  2 22  6 43   2455249.97 2010  2 22 11 19
 2455253.56 2010  2 26  1 25   2455253.75 2010  2 26  6  1   2455253.94 2010  2 26 10 37
 2455257.53 2010  3  2  0 43   2455257.72 2010  3  2  5 19   2455257.91 2010  3  2  9 56
 2455261.50 2010  3  6  0  1   2455261.69 2010  3  6  4 37   2455261.89 2010  3  6  9 14
 2455265.47 2010  3  9 23 18   2455265.66 2010  3 10  3 56   2455265.86 2010  3 10  8 33
 2455269.44 2010  3 13 22 36   2455269.64 2010  3 14  3 14   2455269.83 2010  3 14  7 52
 2455273.41 2010  3 17 21 54   2455273.61 2010  3 18  2 32   2455273.80 2010  3 18  7 10
 2455277.38 2010  3 21 21 12   2455277.58 2010  3 22  1 50   2455277.77 2010  3 22  6 29
 2455281.35 2010  3 25 20 30   2455281.55 2010  3 26  1  9   2455281.74 2010  3 26  5 47
 2455285.33 2010  3 29 19 48   2455285.52 2010  3 30  0 27   2455285.71 2010  3 30  5  6
 2455289.30 2010  4  2 19  6   2455289.49 2010  4  2 23 45   2455289.68 2010  4  3  4 24
 2455293.27 2010  4  6 18 24   2455293.46 2010  4  6 23  3   2455293.66 2010  4  7  3 43
 2455297.24 2010  4 10 17 41   2455297.43 2010  4 10 22 21   2455297.63 2010  4 11  3  1
 2455301.21 2010  4 14 16 59   2455301.40 2010  4 14 21 40   2455301.60 2010  4 15  2 20
 2455305.18 2010  4 18 16 17   2455305.37 2010  4 18 20 58   2455305.57 2010  4 19  1 39
 2455309.15 2010  4 22 15 35   2455309.34 2010  4 22 20 16   2455309.54 2010  4 23  0 57
 2455313.12 2010  4 26 14 53   2455313.32 2010  4 26 19 34   2455313.51 2010  4 27  0 16
 2455317.09 2010  4 30 14 11   2455317.29 2010  4 30 18 53   2455317.48 2010  4 30 23 34
 2455321.06 2010  5  4 13 29   2455321.26 2010  5  4 18 11   2455321.45 2010  5  4 22 53
 2455325.03 2010  5  8 12 47   2455325.23 2010  5  8 17 29   2455325.42 2010  5  8 22 11
 2455329.00 2010  5 12 12  5   2455329.20 2010  5 12 16 47   2455329.40 2010  5 12 21 30
 2455332.97 2010  5 16 11 22   2455333.17 2010  5 16 16  5   2455333.37 2010  5 16 20 48
 2455336.95 2010  5 20 10 40   2455337.14 2010  5 20 15 24   2455337.34 2010  5 20 20  7
 2455340.92 2010  5 24  9 58   2455341.11 2010  5 24 14 42   2455341.31 2010  5 24 19 25
 2455344.89 2010  5 28  9 16   2455345.08 2010  5 28 14  0   2455345.28 2010  5 28 18 44
 2455348.86 2010  6  1  8 34   2455349.05 2010  6  1 13 18   2455349.25 2010  6  1 18  3
 2455352.83 2010  6  5  7 52   2455353.03 2010  6  5 12 37   2455353.22 2010  6  5 17 21
 2455356.80 2010  6  9  7 10   2455357.00 2010  6  9 11 55   2455357.19 2010  6  9 16 40
 2455360.77 2010  6 13  6 28   2455360.97 2010  6 13 11 13   2455361.17 2010  6 13 15 58
 2455364.74 2010  6 17  5 46   2455364.94 2010  6 17 10 31   2455365.14 2010  6 17 15 17
 2455368.71 2010  6 21  5  3   2455368.91 2010  6 21  9 49   2455369.11 2010  6 21 14 35
 2455372.68 2010  6 25  4 21   2455372.88 2010  6 25  9  8   2455373.08 2010  6 25 13 54
 2455376.65 2010  6 29  3 39   2455376.85 2010  6 29  8 26   2455377.05 2010  6 29 13 12
 2455380.62 2010  7  3  2 57   2455380.82 2010  7  3  7 44   2455381.02 2010  7  3 12 31
 2455384.59 2010  7  7  2 15   2455384.79 2010  7  7  7  2   2455384.99 2010  7  7 11 50
 2455388.56 2010  7 11  1 33   2455388.76 2010  7 11  6 20   2455388.96 2010  7 11 11  8
 2455392.54 2010  7 15  0 51   2455392.74 2010  7 15  5 39   2455392.94 2010  7 15 10 27
 2455396.51 2010  7 19  0  9   2455396.71 2010  7 19  4 57   2455396.91 2010  7 19  9 45
 2455400.48 2010  7 22 23 27   2455400.68 2010  7 23  4 15   2455400.88 2010  7 23  9  4
 2455404.45 2010  7 26 22 44   2455404.65 2010  7 27  3 33   2455404.85 2010  7 27  8 22
 2455408.42 2010  7 30 22  2   2455408.62 2010  7 31  2 52   2455408.82 2010  7 31  7 41
 2455412.39 2010  8  3 21 20   2455412.59 2010  8  4  2 10   2455412.79 2010  8  4  6 59
 2455416.36 2010  8  7 20 38   2455416.56 2010  8  8  1 28   2455416.76 2010  8  8  6 18
 2455420.33 2010  8 11 19 56   2455420.53 2010  8 12  0 46   2455420.73 2010  8 12  5 36
 2455424.30 2010  8 15 19 14   2455424.50 2010  8 16  0  4   2455424.71 2010  8 16  4 55
 2455428.27 2010  8 19 18 32   2455428.47 2010  8 19 23 23   2455428.68 2010  8 20  4 14
 2455432.24 2010  8 23 17 50   2455432.45 2010  8 23 22 41   2455432.65 2010  8 24  3 32
 2455436.21 2010  8 27 17  8   2455436.42 2010  8 27 21 59   2455436.62 2010  8 28  2 51
 2455440.18 2010  8 31 16 25   2455440.39 2010  8 31 21 17   2455440.59 2010  9  1  2  9
 2455444.16 2010  9  4 15 43   2455444.36 2010  9  4 20 36   2455444.56 2010  9  5  1 28
 2455448.13 2010  9  8 15  1   2455448.33 2010  9  8 19 54   2455448.53 2010  9  9  0 46
 2455452.10 2010  9 12 14 19   2455452.30 2010  9 12 19 12   2455452.50 2010  9 13  0  5
 2455456.07 2010  9 16 13 37   2455456.27 2010  9 16 18 30   2455456.47 2010  9 16 23 23
 2455460.04 2010  9 20 12 55   2455460.24 2010  9 20 17 48   2455460.45 2010  9 20 22 42
 2455464.01 2010  9 24 12 13   2455464.21 2010  9 24 17  7   2455464.42 2010  9 24 22  1
 2455467.98 2010  9 28 11 31   2455468.18 2010  9 28 16 25   2455468.39 2010  9 28 21 19
 2455471.95 2010 10  2 10 49   2455472.16 2010 10  2 15 43   2455472.36 2010 10  2 20 38
 2455475.92 2010 10  6 10  6   2455476.13 2010 10  6 15  1   2455476.33 2010 10  6 19 56
 2455479.89 2010 10 10  9 24   2455480.10 2010 10 10 14 20   2455480.30 2010 10 10 19 15
 2455483.86 2010 10 14  8 42   2455484.07 2010 10 14 13 38   2455484.27 2010 10 14 18 33
 2455487.83 2010 10 18  8  0   2455488.04 2010 10 18 12 56   2455488.24 2010 10 18 17 52
 2455491.80 2010 10 22  7 18   2455492.01 2010 10 22 12 14   2455492.22 2010 10 22 17 10
 2455495.78 2010 10 26  6 36   2455495.98 2010 10 26 11 32   2455496.19 2010 10 26 16 29
 2455499.75 2010 10 30  5 54   2455499.95 2010 10 30 10 51   2455500.16 2010 10 30 15 47
 2455503.72 2010 11  3  5 12   2455503.92 2010 11  3 10  9   2455504.13 2010 11  3 15  6
 2455507.69 2010 11  7  4 30   2455507.89 2010 11  7  9 27   2455508.10 2010 11  7 14 25
 2455511.66 2010 11 11  3 47   2455511.87 2010 11 11  8 45   2455512.07 2010 11 11 13 43
 2455515.63 2010 11 15  3  5   2455515.84 2010 11 15  8  3   2455516.04 2010 11 15 13  2
 2455519.60 2010 11 19  2 23   2455519.81 2010 11 19  7 22   2455520.01 2010 11 19 12 20
 2455523.57 2010 11 23  1 41   2455523.78 2010 11 23  6 40   2455523.99 2010 11 23 11 39
 2455527.54 2010 11 27  0 59   2455527.75 2010 11 27  5 58   2455527.96 2010 11 27 10 57
 2455531.51 2010 12  1  0 17   2455531.72 2010 12  1  5 16   2455531.93 2010 12  1 10 16
 2455535.48 2010 12  4 23 35   2455535.69 2010 12  5  4 35   2455535.90 2010 12  5  9 34
 2455539.45 2010 12  8 22 53   2455539.66 2010 12  9  3 53   2455539.87 2010 12  9  8 53
 2455543.42 2010 12 12 22 10   2455543.63 2010 12 13  3 11   2455543.84 2010 12 13  8 12
 2455547.40 2010 12 16 21 28   2455547.60 2010 12 17  2 29   2455547.81 2010 12 17  7 30
 2455551.37 2010 12 20 20 46   2455551.57 2010 12 21  1 47   2455551.78 2010 12 21  6 49
 2455555.34 2010 12 24 20  4   2455555.55 2010 12 25  1  6   2455555.76 2010 12 25  6  7
 2455559.31 2010 12 28 19 22   2455559.52 2010 12 29  0 24   2455559.73 2010 12 29  5 26
 2455563.28 2011  1  1 18 40   2455563.49 2011  1  1 23 42   2455563.70 2011  1  2  4 44
 2455567.25 2011  1  5 17 58   2455567.46 2011  1  5 23  0   2455567.67 2011  1  6  4  3
 2455571.22 2011  1  9 17 16   2455571.43 2011  1  9 22 19   2455571.64 2011  1 10  3 21
 2455575.19 2011  1 13 16 34   2455575.40 2011  1 13 21 37   2455575.61 2011  1 14  2 40
 2455579.16 2011  1 17 15 51   2455579.37 2011  1 17 20 55   2455579.58 2011  1 18  1 58
 2455583.13 2011  1 21 15  9   2455583.34 2011  1 21 20 13   2455583.55 2011  1 22  1 17
 2455587.10 2011  1 25 14 27   2455587.31 2011  1 25 19 31   2455587.53 2011  1 26  0 36
 2455591.07 2011  1 29 13 45   2455591.28 2011  1 29 18 50   2455591.50 2011  1 29 23 54
 2455595.04 2011  2  2 13  3   2455595.26 2011  2  2 18  8   2455595.47 2011  2  2 23 13
 2455599.01 2011  2  6 12 21   2455599.23 2011  2  6 17 26   2455599.44 2011  2  6 22 31
 2455602.99 2011  2 10 11 39   2455603.20 2011  2 10 16 44   2455603.41 2011  2 10 21 50
 2455606.96 2011  2 14 10 57   2455607.17 2011  2 14 16  2   2455607.38 2011  2 14 21  8
 2455610.93 2011  2 18 10 15   2455611.14 2011  2 18 15 21   2455611.35 2011  2 18 20 27
 2455614.90 2011  2 22  9 32   2455615.11 2011  2 22 14 39   2455615.32 2011  2 22 19 45
 2455618.87 2011  2 26  8 50   2455619.08 2011  2 26 13 57   2455619.29 2011  2 26 19  4
 2455622.84 2011  3  2  8  8   2455623.05 2011  3  2 13 15   2455623.27 2011  3  2 18 23
 2455626.81 2011  3  6  7 26   2455627.02 2011  3  6 12 34   2455627.24 2011  3  6 17 41
 2455630.78 2011  3 10  6 44   2455630.99 2011  3 10 11 52   2455631.21 2011  3 10 17  0
 2455634.75 2011  3 14  6  2   2455634.97 2011  3 14 11 10   2455635.18 2011  3 14 16 18
 2455638.72 2011  3 18  5 20   2455638.94 2011  3 18 10 28   2455639.15 2011  3 18 15 37
 2455642.69 2011  3 22  4 38   2455642.91 2011  3 22  9 46   2455643.12 2011  3 22 14 55
 2455646.66 2011  3 26  3 56   2455646.88 2011  3 26  9  5   2455647.09 2011  3 26 14 14
 2455650.63 2011  3 30  3 13   2455650.85 2011  3 30  8 23   2455651.06 2011  3 30 13 32
 2455654.61 2011  4  3  2 31   2455654.82 2011  4  3  7 41   2455655.04 2011  4  3 12 51
 2455658.58 2011  4  7  1 49   2455658.79 2011  4  7  6 59   2455659.01 2011  4  7 12  9
 2455662.55 2011  4 11  1  7   2455662.76 2011  4 11  6 18   2455662.98 2011  4 11 11 28
 2455666.52 2011  4 15  0 25   2455666.73 2011  4 15  5 36   2455666.95 2011  4 15 10 47
 2455670.49 2011  4 18 23 43   2455670.70 2011  4 19  4 54   2455670.92 2011  4 19 10  5
 2455674.46 2011  4 22 23  1   2455674.68 2011  4 23  4 12   2455674.89 2011  4 23  9 24
 2455678.43 2011  4 26 22 19   2455678.65 2011  4 27  3 30   2455678.86 2011  4 27  8 42
 2455682.40 2011  4 30 21 37   2455682.62 2011  5  1  2 49   2455682.83 2011  5  1  8  1
 2455686.37 2011  5  4 20 54   2455686.59 2011  5  5  2  7   2455686.81 2011  5  5  7 19
 2455690.34 2011  5  8 20 12   2455690.56 2011  5  9  1 25   2455690.78 2011  5  9  6 38
 2455694.31 2011  5 12 19 30   2455694.53 2011  5 13  0 43   2455694.75 2011  5 13  5 56
 2455698.28 2011  5 16 18 48   2455698.50 2011  5 17  0  2   2455698.72 2011  5 17  5 15
 2455702.25 2011  5 20 18  6   2455702.47 2011  5 20 23 20   2455702.69 2011  5 21  4 33
 2455706.23 2011  5 24 17 24   2455706.44 2011  5 24 22 38   2455706.66 2011  5 25  3 52
 2455710.20 2011  5 28 16 42   2455710.41 2011  5 28 21 56   2455710.63 2011  5 29  3 11
 2455714.17 2011  6  1 16  0   2455714.39 2011  6  1 21 14   2455714.60 2011  6  2  2 29
 2455718.14 2011  6  5 15 18   2455718.36 2011  6  5 20 33   2455718.58 2011  6  6  1 48
 2455722.11 2011  6  9 14 35   2455722.33 2011  6  9 19 51   2455722.55 2011  6 10  1  6
 2455726.08 2011  6 13 13 53   2455726.30 2011  6 13 19  9   2455726.52 2011  6 14  0 25
 2455730.05 2011  6 17 13 11   2455730.27 2011  6 17 18 27   2455730.49 2011  6 17 23 43
 2455734.02 2011  6 21 12 29   2455734.24 2011  6 21 17 45   2455734.46 2011  6 21 23  2
 2455737.99 2011  6 25 11 47   2455738.21 2011  6 25 17  4   2455738.43 2011  6 25 22 20
 2455741.96 2011  6 29 11  5   2455742.18 2011  6 29 16 22   2455742.40 2011  6 29 21 39
 2455745.93 2011  7  3 10 23   2455746.15 2011  7  3 15 40   2455746.37 2011  7  3 20 58
 2455749.90 2011  7  7  9 41   2455750.12 2011  7  7 14 58   2455750.34 2011  7  7 20 16
 2455753.87 2011  7 11  8 59   2455754.10 2011  7 11 14 17   2455754.32 2011  7 11 19 35
 2455757.85 2011  7 15  8 16   2455758.07 2011  7 15 13 35   2455758.29 2011  7 15 18 53
 2455761.82 2011  7 19  7 34   2455762.04 2011  7 19 12 53   2455762.26 2011  7 19 18 12
 2455765.79 2011  7 23  6 52   2455766.01 2011  7 23 12 11   2455766.23 2011  7 23 17 30
 2455769.76 2011  7 27  6 10   2455769.98 2011  7 27 11 29   2455770.20 2011  7 27 16 49
 2455773.73 2011  7 31  5 28   2455773.95 2011  7 31 10 48   2455774.17 2011  7 31 16  7
 2455777.70 2011  8  4  4 46   2455777.92 2011  8  4 10  6   2455778.14 2011  8  4 15 26
