 Predicted Transit Epochs: HD7924___ b

 Predicted Duration of a Central Transit:   151. Minutes

 Begin Transit Window           PREDICTED CENTRAL TRANSIT     End Transit Window
                                     All Times UT

                               HJD        Year M  D  H  M
 2456757.08 2014  4  9 13 50   2456757.88 2014  4 10  9  7   2456758.68 2014  4 11  4 25
 2456762.47 2014  4 14 23 22   2456763.28 2014  4 15 18 41   2456764.08 2014  4 16 14  0
 2456767.87 2014  4 20  8 53   2456768.68 2014  4 21  4 14   2456769.48 2014  4 21 23 35
 2456773.27 2014  4 25 18 25   2456774.08 2014  4 26 13 48   2456774.88 2014  4 27  9 10
 2456778.66 2014  5  1  3 56   2456779.47 2014  5  1 23 21   2456780.28 2014  5  2 18 46
 2456784.06 2014  5  6 13 28   2456784.87 2014  5  7  8 54   2456785.68 2014  5  8  4 21
 2456789.46 2014  5 11 22 59   2456790.27 2014  5 12 18 28   2456791.08 2014  5 13 13 56
 2456794.86 2014  5 17  8 31   2456795.67 2014  5 18  4  1   2456796.48 2014  5 18 23 31
 2456800.25 2014  5 22 18  2   2456801.07 2014  5 23 13 35   2456801.88 2014  5 24  9  7
 2456805.65 2014  5 28  3 34   2456806.46 2014  5 28 23  8   2456807.28 2014  5 29 18 42
 2456811.05 2014  6  2 13  5   2456811.86 2014  6  3  8 41   2456812.68 2014  6  4  4 17
 2456816.44 2014  6  7 22 37   2456817.26 2014  6  8 18 15   2456818.08 2014  6  9 13 52
 2456821.84 2014  6 13  8  8   2456822.66 2014  6 14  3 48   2456823.48 2014  6 14 23 28
 2456827.24 2014  6 18 17 40   2456828.06 2014  6 19 13 21   2456828.88 2014  6 20  9  3
 2456832.63 2014  6 24  3 11   2456833.46 2014  6 24 22 55   2456834.28 2014  6 25 18 38
 2456838.03 2014  6 29 12 43   2456838.85 2014  6 30  8 28   2456839.68 2014  7  1  4 13
 2456843.43 2014  7  4 22 14   2456844.25 2014  7  5 18  2   2456845.08 2014  7  6 13 49
 2456848.82 2014  7 10  7 46   2456849.65 2014  7 11  3 35   2456850.48 2014  7 11 23 24
 2456854.22 2014  7 15 17 17   2456855.05 2014  7 16 13  8   2456855.87 2014  7 17  8 59
 2456859.62 2014  7 21  2 49   2456860.45 2014  7 21 22 42   2456861.27 2014  7 22 18 34
 2456865.01 2014  7 26 12 20   2456865.84 2014  7 27  8 15   2456866.67 2014  7 28  4 10
 2456870.41 2014  7 31 21 52   2456871.24 2014  8  1 17 48   2456872.07 2014  8  2 13 45
 2456875.81 2014  8  6  7 23   2456876.64 2014  8  7  3 22   2456877.47 2014  8  7 23 20
 2456881.21 2014  8 11 16 55   2456882.04 2014  8 12 12 55   2456882.87 2014  8 13  8 55
 2456886.60 2014  8 17  2 27   2456887.44 2014  8 17 22 29   2456888.27 2014  8 18 18 31
 2456892.00 2014  8 22 11 58   2456892.84 2014  8 23  8  2   2456893.67 2014  8 24  4  6
 2456897.40 2014  8 27 21 30   2456898.23 2014  8 28 17 35   2456899.07 2014  8 29 13 41
 2456902.79 2014  9  2  7  1   2456903.63 2014  9  3  3  9   2456904.47 2014  9  3 23 16
 2456908.19 2014  9  7 16 33   2456909.03 2014  9  8 12 42   2456909.87 2014  9  9  8 52
 2456913.59 2014  9 13  2  4   2456914.43 2014  9 13 22 15   2456915.27 2014  9 14 18 27
 2456918.98 2014  9 18 11 36   2456919.83 2014  9 19  7 49   2456920.67 2014  9 20  4  2
 2456924.38 2014  9 23 21  7   2456925.22 2014  9 24 17 22   2456926.07 2014  9 25 13 37
 2456929.78 2014  9 29  6 39   2456930.62 2014  9 30  2 56   2456931.47 2014  9 30 23 13
 2456935.17 2014 10  4 16 10   2456936.02 2014 10  5 12 29   2456936.87 2014 10  6  8 48
 2456940.57 2014 10 10  1 42   2456941.42 2014 10 10 22  2   2456942.27 2014 10 11 18 23
 2456945.97 2014 10 15 11 13   2456946.82 2014 10 16  7 36   2456947.67 2014 10 17  3 58
 2456951.36 2014 10 20 20 45   2456952.22 2014 10 21 17  9   2456953.07 2014 10 22 13 34
 2456956.76 2014 10 26  6 16   2456957.61 2014 10 27  2 43   2456958.46 2014 10 27 23  9
 2456962.16 2014 10 31 15 48   2456963.01 2014 11  1 12 16   2456963.86 2014 11  2  8 44
 2456967.56 2014 11  6  1 19   2456968.41 2014 11  6 21 49   2456969.26 2014 11  7 18 19
 2456972.95 2014 11 11 10 51   2456973.81 2014 11 12  7 23   2456974.66 2014 11 13  3 55
 2456978.35 2014 11 16 20 22   2456979.21 2014 11 17 16 56   2456980.06 2014 11 18 13 30
 2456983.75 2014 11 22  5 54   2456984.60 2014 11 23  2 29   2456985.46 2014 11 23 23  5
 2456989.14 2014 11 27 15 25   2456990.00 2014 11 28 12  3   2456990.86 2014 11 29  8 40
 2456994.54 2014 12  3  0 57   2456995.40 2014 12  3 21 36   2456996.26 2014 12  4 18 16
 2456999.94 2014 12  8 10 28   2457000.80 2014 12  9  7 10   2457001.66 2014 12 10  3 51
 2457005.33 2014 12 13 20  0   2457006.20 2014 12 14 16 43   2457007.06 2014 12 15 13 26
 2457010.73 2014 12 19  5 31   2457011.59 2014 12 20  2 16   2457012.46 2014 12 20 23  1
 2457016.13 2014 12 24 15  3   2457016.99 2014 12 25 11 50   2457017.86 2014 12 26  8 37
 2457021.52 2014 12 30  0 34   2457022.39 2014 12 30 21 23   2457023.26 2014 12 31 18 12
 2457026.92 2015  1  4 10  6   2457027.79 2015  1  5  6 56   2457028.66 2015  1  6  3 47
 2457032.32 2015  1  9 19 37   2457033.19 2015  1 10 16 30   2457034.06 2015  1 11 13 22
 2457037.71 2015  1 15  5  9   2457038.59 2015  1 16  2  3   2457039.46 2015  1 16 22 58
 2457043.11 2015  1 20 14 40   2457043.98 2015  1 21 11 37   2457044.86 2015  1 22  8 33
 2457048.51 2015  1 26  0 12   2457049.38 2015  1 26 21 10   2457050.26 2015  1 27 18  8
 2457053.91 2015  1 31  9 43   2457054.78 2015  2  1  6 43   2457055.66 2015  2  2  3 43
 2457059.30 2015  2  5 19 15   2457060.18 2015  2  6 16 17   2457061.05 2015  2  7 13 19
 2457064.70 2015  2 11  4 46   2457065.58 2015  2 12  1 50   2457066.45 2015  2 12 22 54
 2457070.10 2015  2 16 14 18   2457070.97 2015  2 17 11 23   2457071.85 2015  2 18  8 29
 2457075.49 2015  2 21 23 49   2457076.37 2015  2 22 20 57   2457077.25 2015  2 23 18  4
 2457080.89 2015  2 27  9 21   2457081.77 2015  2 28  6 30   2457082.65 2015  3  1  3 40
 2457086.29 2015  3  4 18 52   2457087.17 2015  3  5 16  4   2457088.05 2015  3  6 13 15
 2457091.68 2015  3 10  4 24   2457092.57 2015  3 11  1 37   2457093.45 2015  3 11 22 50
 2457097.08 2015  3 15 13 55   2457097.97 2015  3 16 11 10   2457098.85 2015  3 17  8 25
 2457102.48 2015  3 20 23 27   2457103.36 2015  3 21 20 44   2457104.25 2015  3 22 18  1
 2457107.87 2015  3 26  8 58   2457108.76 2015  3 27  6 17   2457109.65 2015  3 28  3 36
 2457113.27 2015  3 31 18 30   2457114.16 2015  4  1 15 51   2457115.05 2015  4  2 13 11
 2457118.67 2015  4  6  4  1   2457119.56 2015  4  7  1 24   2457120.45 2015  4  7 22 46
 2457124.06 2015  4 11 13 33   2457124.96 2015  4 12 10 57   2457125.85 2015  4 13  8 22
 2457129.46 2015  4 16 23  4   2457130.35 2015  4 17 20 31   2457131.25 2015  4 18 17 57
 2457134.86 2015  4 22  8 36   2457135.75 2015  4 23  6  4   2457136.65 2015  4 24  3 32
 2457140.26 2015  4 27 18  7   2457141.15 2015  4 28 15 37   2457142.05 2015  4 29 13  7
 2457145.65 2015  5  3  3 39   2457146.55 2015  5  4  1 11   2457147.45 2015  5  4 22 43
 2457151.05 2015  5  8 13 10   2457151.95 2015  5  9 10 44   2457152.85 2015  5 10  8 18
 2457156.45 2015  5 13 22 42   2457157.35 2015  5 14 20 18   2457158.25 2015  5 15 17 53
 2457161.84 2015  5 19  8 13   2457162.74 2015  5 20  5 51   2457163.65 2015  5 21  3 28
 2457167.24 2015  5 24 17 45   2457168.14 2015  5 25 15 24   2457169.04 2015  5 26 13  4
 2457172.64 2015  5 30  3 16   2457173.54 2015  5 31  0 58   2457174.44 2015  5 31 22 39
 2457178.03 2015  6  4 12 48   2457178.94 2015  6  5 10 31   2457179.84 2015  6  6  8 14
 2457183.43 2015  6  9 22 19   2457184.34 2015  6 10 20  4   2457185.24 2015  6 11 17 49
 2457188.83 2015  6 15  7 51   2457189.73 2015  6 16  5 38   2457190.64 2015  6 17  3 25
 2457194.22 2015  6 20 17 22   2457195.13 2015  6 21 15 11   2457196.04 2015  6 22 13  0
 2457199.62 2015  6 26  2 54   2457200.53 2015  6 27  0 45   2457201.44 2015  6 27 22 35
 2457205.02 2015  7  1 12 25   2457205.93 2015  7  2 10 18   2457206.84 2015  7  3  8 10
 2457210.41 2015  7  6 21 57   2457211.33 2015  7  7 19 51   2457212.24 2015  7  8 17 46
 2457215.81 2015  7 12  7 28   2457216.73 2015  7 13  5 25   2457217.64 2015  7 14  3 21
 2457221.21 2015  7 17 17  0   2457222.12 2015  7 18 14 58   2457223.04 2015  7 19 12 56
 2457226.61 2015  7 23  2 31   2457227.52 2015  7 24  0 31   2457228.44 2015  7 24 22 31
 2457232.00 2015  7 28 12  3   2457232.92 2015  7 29 10  5   2457233.84 2015  7 30  8  7
 2457237.40 2015  8  2 21 34   2457238.32 2015  8  3 19 38   2457239.24 2015  8  4 17 42
 2457242.80 2015  8  8  7  6   2457243.72 2015  8  9  5 12   2457244.64 2015  8 10  3 17
 2457248.19 2015  8 13 16 37   2457249.11 2015  8 14 14 45   2457250.04 2015  8 15 12 52
 2457253.59 2015  8 19  2  9   2457254.51 2015  8 20  0 18   2457255.44 2015  8 20 22 28
 2457258.99 2015  8 24 11 41   2457259.91 2015  8 25  9 52   2457260.84 2015  8 26  8  3
 2457264.38 2015  8 29 21 12   2457265.31 2015  8 30 19 25   2457266.24 2015  8 31 17 38
 2457269.78 2015  9  4  6 44   2457270.71 2015  9  5  4 58   2457271.63 2015  9  6  3 13
 2457275.18 2015  9  9 16 15   2457276.11 2015  9 10 14 32   2457277.03 2015  9 11 12 49
 2457280.57 2015  9 15  1 47   2457281.50 2015  9 16  0  5   2457282.43 2015  9 16 22 24
 2457285.97 2015  9 20 11 18   2457286.90 2015  9 21  9 39   2457287.83 2015  9 22  7 59
 2457291.37 2015  9 25 20 50   2457292.30 2015  9 26 19 12   2457293.23 2015  9 27 17 34
 2457296.76 2015 10  1  6 21   2457297.70 2015 10  2  4 45   2457298.63 2015 10  3  3 10
 2457302.16 2015 10  6 15 53   2457303.10 2015 10  7 14 19   2457304.03 2015 10  8 12 45
 2457307.56 2015 10 12  1 24   2457308.49 2015 10 12 23 52   2457309.43 2015 10 13 22 20
 2457312.96 2015 10 17 10 56   2457313.89 2015 10 18  9 26   2457314.83 2015 10 19  7 55
 2457318.35 2015 10 22 20 27   2457319.29 2015 10 23 18 59   2457320.23 2015 10 24 17 31
 2457323.75 2015 10 28  5 59   2457324.69 2015 10 29  4 32   2457325.63 2015 10 30  3  6
 2457329.15 2015 11  2 15 30   2457330.09 2015 11  3 14  6   2457331.03 2015 11  4 12 41
 2457334.54 2015 11  8  1  2   2457335.49 2015 11  8 23 39   2457336.43 2015 11  9 22 16
 2457339.94 2015 11 13 10 33   2457340.88 2015 11 14  9 12   2457341.83 2015 11 15  7 52
 2457345.34 2015 11 18 20  5   2457346.28 2015 11 19 18 46   2457347.23 2015 11 20 17 27
 2457350.73 2015 11 24  5 36   2457351.68 2015 11 25  4 19   2457352.63 2015 11 26  3  2
 2457356.13 2015 11 29 15  8   2457357.08 2015 11 30 13 53   2457358.03 2015 12  1 12 37
 2457361.53 2015 12  5  0 39   2457362.48 2015 12  5 23 26   2457363.43 2015 12  6 22 13
 2457366.92 2015 12 10 10 11   2457367.87 2015 12 11  8 59   2457368.83 2015 12 12  7 48
 2457372.32 2015 12 15 19 42   2457373.27 2015 12 16 18 33   2457374.22 2015 12 17 17 23
 2457377.72 2015 12 21  5 14   2457378.67 2015 12 22  4  6   2457379.62 2015 12 23  2 59
 2457383.12 2015 12 26 14 45   2457384.07 2015 12 27 13 39   2457385.02 2015 12 28 12 34
 2457388.51 2016  1  1  0 17   2457389.47 2016  1  1 23 13   2457390.42 2016  1  2 22  9
 2457393.91 2016  1  6  9 48   2457394.87 2016  1  7  8 46   2457395.82 2016  1  8  7 44
 2457399.31 2016  1 11 19 20   2457400.26 2016  1 12 18 20   2457401.22 2016  1 13 17 20
 2457404.70 2016  1 17  4 51   2457405.66 2016  1 18  3 53   2457406.62 2016  1 19  2 55
 2457410.10 2016  1 22 14 23   2457411.06 2016  1 23 13 26   2457412.02 2016  1 24 12 30
 2457415.50 2016  1 27 23 54   2457416.46 2016  1 28 23  0   2457417.42 2016  1 29 22  5
 2457420.89 2016  2  2  9 26   2457421.86 2016  2  3  8 33   2457422.82 2016  2  4  7 41
 2457426.29 2016  2  7 18 57   2457427.25 2016  2  8 18  6   2457428.22 2016  2  9 17 16
 2457431.69 2016  2 13  4 29   2457432.65 2016  2 14  3 40   2457433.62 2016  2 15  2 51
 2457437.08 2016  2 18 14  0   2457438.05 2016  2 19 13 13   2457439.02 2016  2 20 12 26
 2457442.48 2016  2 23 23 32   2457443.45 2016  2 24 22 47   2457444.42 2016  2 25 22  2
 2457447.88 2016  2 29  9  3   2457448.85 2016  3  1  8 20   2457449.82 2016  3  2  7 37
 2457453.27 2016  3  5 18 35   2457454.25 2016  3  6 17 53   2457455.22 2016  3  7 17 12
 2457458.67 2016  3 11  4  6   2457459.64 2016  3 12  3 27   2457460.62 2016  3 13  2 47
 2457464.07 2016  3 16 13 38   2457465.04 2016  3 17 13  0   2457466.02 2016  3 18 12 23
 2457469.47 2016  3 21 23  9   2457470.44 2016  3 22 22 34   2457471.42 2016  3 23 21 58
 2457474.86 2016  3 27  8 41   2457475.84 2016  3 28  8  7   2457476.81 2016  3 29  7 33
 2457480.26 2016  4  1 18 12   2457481.24 2016  4  2 17 40   2457482.21 2016  4  3 17  8
 2457485.66 2016  4  7  3 44   2457486.63 2016  4  8  3 14   2457487.61 2016  4  9  2 44
 2457491.05 2016  4 12 13 15   2457492.03 2016  4 13 12 47   2457493.01 2016  4 14 12 19
 2457496.45 2016  4 17 22 47   2457497.43 2016  4 18 22 20   2457498.41 2016  4 19 21 54
 2457501.85 2016  4 23  8 18   2457502.83 2016  4 24  7 54   2457503.81 2016  4 25  7 29
 2457507.24 2016  4 28 17 50   2457508.23 2016  4 29 17 27   2457509.21 2016  4 30 17  5
 2457512.64 2016  5  4  3 21   2457513.63 2016  5  5  3  1   2457514.61 2016  5  6  2 40
 2457518.04 2016  5  9 12 53   2457519.02 2016  5 10 12 34   2457520.01 2016  5 11 12 15
 2457523.43 2016  5 14 22 24   2457524.42 2016  5 15 22  7   2457525.41 2016  5 16 21 50
 2457528.83 2016  5 20  7 56   2457529.82 2016  5 21  7 41   2457530.81 2016  5 22  7 26
 2457534.23 2016  5 25 17 27   2457535.22 2016  5 26 17 14   2457536.21 2016  5 27 17  1
 2457539.62 2016  5 31  2 59   2457540.62 2016  6  1  2 47   2457541.61 2016  6  2  2 36
 2457545.02 2016  6  5 12 30   2457546.01 2016  6  6 12 21   2457547.01 2016  6  7 12 11
 2457550.42 2016  6 10 22  2   2457551.41 2016  6 11 21 54   2457552.41 2016  6 12 21 47
 2457555.82 2016  6 16  7 33   2457556.81 2016  6 17  7 28   2457557.81 2016  6 18  7 22
 2457561.21 2016  6 21 17  5   2457562.21 2016  6 22 17  1   2457563.21 2016  6 23 16 57
 2457566.61 2016  6 27  2 36   2457567.61 2016  6 28  2 34   2457568.61 2016  6 29  2 32
 2457572.01 2016  7  2 12  8   2457573.01 2016  7  3 12  8   2457574.01 2016  7  4 12  8
 2457577.40 2016  7  7 21 39   2457578.40 2016  7  8 21 41   2457579.41 2016  7  9 21 43
 2457582.80 2016  7 13  7 11   2457583.80 2016  7 14  7 14   2457584.80 2016  7 15  7 18
 2457588.20 2016  7 18 16 42   2457589.20 2016  7 19 16 48   2457590.20 2016  7 20 16 53
 2457593.59 2016  7 24  2 14   2457594.60 2016  7 25  2 21   2457595.60 2016  7 26  2 29
 2457598.99 2016  7 29 11 45   2457600.00 2016  7 30 11 55   2457601.00 2016  7 31 12  4
 2457604.39 2016  8  3 21 17   2457605.39 2016  8  4 21 28   2457606.40 2016  8  5 21 39
 2457609.78 2016  8  9  6 48   2457610.79 2016  8 10  7  1   2457611.80 2016  8 11  7 14
