 Predicted Transit Epochs: HD80606__ b

Observed Transit Duration:   12.1   Hours

 Begin Transit Window           PREDICTED CENTRAL TRANSIT     End Transit Window
                                     All Times UT

                               HJD        Year M  D  H  M
 2454987.45 2009  6  4 22 47   2454987.74 2009  6  5  5 42   2454988.03 2009  6  5 12 37
 2455098.87 2009  9 24  8 58   2455099.17 2009  9 24 15 58   2455099.46 2009  9 24 22 58
 2455210.30 2010  1 13 19 10   2455210.59 2010  1 14  2 14   2455210.89 2010  1 14  9 18
 2455321.72 2010  5  5  5 21   2455322.02 2010  5  5 12 30   2455322.32 2010  5  5 19 39
 2455433.15 2010  8 24 15 32   2455433.45 2010  8 24 22 46   2455433.75 2010  8 25  5 59
 2455544.57 2010 12 14  1 43   2455544.88 2010 12 14  9  2   2455545.18 2010 12 14 16 20
 2455656.00 2011  4  4 11 55   2455656.30 2011  4  4 19 17   2455656.61 2011  4  5  2 40
 2455767.42 2011  7 24 22  6   2455767.73 2011  7 25  5 33   2455768.04 2011  7 25 13  1
 2455878.85 2011 11 13  8 17   2455879.16 2011 11 13 15 49   2455879.47 2011 11 13 23 21
 2455990.27 2012  3  3 18 29   2455990.59 2012  3  4  2  5   2455990.90 2012  3  4  9 42
 2456101.69 2012  6 23  4 40   2456102.01 2012  6 23 12 21   2456102.34 2012  6 23 20  2
 2456213.12 2012 10 12 14 51   2456213.44 2012 10 12 22 37   2456213.77 2012 10 13  6 23
 2456324.54 2013  2  1  1  2   2456324.87 2013  2  1  8 53   2456325.20 2013  2  1 16 43
 2456435.97 2013  5 23 11 14   2456436.30 2013  5 23 19  9   2456436.63 2013  5 24  3  4
 2456547.39 2013  9 11 21 25   2456547.73 2013  9 12  5 25   2456548.06 2013  9 12 13 24
 2456658.82 2014  1  1  7 36   2456659.15 2014  1  1 15 40   2456659.49 2014  1  1 23 45
 2456770.24 2014  4 22 17 48   2456770.58 2014  4 23  1 56   2456770.92 2014  4 23 10  5
 2456881.67 2014  8 12  3 59   2456882.01 2014  8 12 12 12   2456882.35 2014  8 12 20 26
 2456993.09 2014 12  1 14 10   2456993.44 2014 12  1 22 28   2456993.78 2014 12  2  6 46
 2457104.52 2015  3 23  0 21   2457104.86 2015  3 23  8 44   2457105.21 2015  3 23 17  7
 2457215.94 2015  7 12 10 33   2457216.29 2015  7 12 19  0   2457216.64 2015  7 13  3 27
 2457327.36 2015 10 31 20 44   2457327.72 2015 11  1  5 16   2457328.08 2015 11  1 13 48
 2457438.79 2016  2 20  6 55   2457439.15 2016  2 20 15 32   2457439.51 2016  2 21  0  8
 2457550.21 2016  6 10 17  6   2457550.58 2016  6 11  1 48   2457550.94 2016  6 11 10 29
 2457661.64 2016  9 30  3 18   2457662.00 2016  9 30 12  3   2457662.37 2016  9 30 20 49
 2457773.06 2017  1 19 13 29   2457773.43 2017  1 19 22 19   2457773.80 2017  1 20  7 10
 2457884.49 2017  5 10 23 40   2457884.86 2017  5 11  8 35   2457885.23 2017  5 11 17 30
 2457995.91 2017  8 30  9 52   2457996.29 2017  8 30 18 51   2457996.66 2017  8 31  3 51
 2458107.34 2017 12 19 20  3   2458107.71 2017 12 20  5  7   2458108.09 2017 12 20 14 11
 2458218.76 2018  4 10  6 14   2458219.14 2018  4 10 15 23   2458219.52 2018  4 11  0 32
 2458330.18 2018  7 30 16 25   2458330.57 2018  7 31  1 39   2458330.95 2018  7 31 10 52
 2458441.61 2018 11 19  2 37   2458442.00 2018 11 19 11 55   2458442.38 2018 11 19 21 13
 2458553.03 2019  3 10 12 48   2458553.42 2019  3 10 22 11   2458553.81 2019  3 11  7 33
 2458664.46 2019  6 29 22 59   2458664.85 2019  6 30  8 26   2458665.25 2019  6 30 17 54
 2458775.88 2019 10 19  9 11   2458776.28 2019 10 19 18 42   2458776.68 2019 10 20  4 14
 2458887.31 2020  2  7 19 22   2458887.71 2020  2  8  4 58   2458888.11 2020  2  8 14 35
 2458998.73 2020  5 29  5 33   2458999.14 2020  5 29 15 14   2458999.54 2020  5 30  0 55
 2459110.16 2020  9 17 15 44   2459110.56 2020  9 18  1 30   2459110.97 2020  9 18 11 16
 2459221.58 2021  1  7  1 56   2459221.99 2021  1  7 11 46   2459222.40 2021  1  7 21 36
 2459333.01 2021  4 28 12  7   2459333.42 2021  4 28 22  2   2459333.83 2021  4 29  7 57
 2459444.43 2021  8 17 22 18   2459444.85 2021  8 18  8 18   2459445.26 2021  8 18 18 17
 2459555.85 2021 12  7  8 30   2459556.27 2021 12  7 18 34   2459556.69 2021 12  8  4 38
 2459667.28 2022  3 28 18 41   2459667.70 2022  3 29  4 49   2459668.12 2022  3 29 14 58
 2459778.70 2022  7 18  4 52   2459779.13 2022  7 18 15  5   2459779.55 2022  7 19  1 19
 2459890.13 2022 11  6 15  3   2459890.56 2022 11  7  1 21   2459890.99 2022 11  7 11 39
 2460001.55 2023  2 26  1 15   2460001.98 2023  2 26 11 37   2460002.42 2023  2 26 22  0
 2460112.98 2023  6 17 11 26   2460113.41 2023  6 17 21 53   2460113.85 2023  6 18  8 20
 2460224.40 2023 10  6 21 37   2460224.84 2023 10  7  8  9   2460225.28 2023 10  7 18 41
 2460335.83 2024  1 26  7 48   2460336.27 2024  1 26 18 25   2460336.71 2024  1 27  5  1
 2460447.25 2024  5 16 18  0   2460447.70 2024  5 17  4 41   2460448.14 2024  5 17 15 21
 2460558.67 2024  9  5  4 11   2460559.12 2024  9  5 14 57   2460559.57 2024  9  6  1 42
 2460670.10 2024 12 25 14 22   2460670.55 2024 12 26  1 12   2460671.00 2024 12 26 12  2
 2460781.52 2025  4 16  0 34   2460781.98 2025  4 16 11 28   2460782.43 2025  4 16 22 23
 2460892.95 2025  8  5 10 45   2460893.41 2025  8  5 21 44   2460893.86 2025  8  6  8 43
 2461004.37 2025 11 24 20 56   2461004.83 2025 11 25  8  0   2461005.29 2025 11 25 19  4
 2461115.80 2026  3 16  7  7   2461116.26 2026  3 16 18 16   2461116.73 2026  3 17  5 24
 2461227.22 2026  7  5 17 19   2461227.69 2026  7  6  4 32   2461228.16 2026  7  6 15 45
 2461338.65 2026 10 25  3 30   2461339.12 2026 10 25 14 48   2461339.59 2026 10 26  2  5
 2461450.07 2027  2 13 13 41   2461450.54 2027  2 14  1  4   2461451.02 2027  2 14 12 26
 2461561.50 2027  6  4 23 53   2461561.97 2027  6  5 11 20   2461562.45 2027  6  5 22 46
 2461672.92 2027  9 24 10  4   2461673.40 2027  9 24 21 35   2461673.88 2027  9 25  9  7
 2461784.34 2028  1 13 20 15   2461784.83 2028  1 14  7 51   2461785.31 2028  1 14 19 27
 2461895.77 2028  5  4  6 26   2461896.26 2028  5  4 18  7   2461896.74 2028  5  5  5 48
 2462007.19 2028  8 23 16 38   2462007.68 2028  8 24  4 23   2462008.17 2028  8 24 16  8
 2462118.62 2028 12 13  2 49   2462119.11 2028 12 13 14 39   2462119.60 2028 12 14  2 29
 2462230.04 2029  4  3 13  0   2462230.54 2029  4  4  0 55   2462231.03 2029  4  4 12 49
 2462341.47 2029  7 23 23 12   2462341.97 2029  7 24 11 11   2462342.47 2029  7 24 23 10
 2462452.89 2029 11 12  9 23   2462453.39 2029 11 12 21 27   2462453.90 2029 11 13  9 30
