 Predicted Transit Epochs: HD81688__ b

 Predicted Duration of a Central Transit:   102.   Hours

 Begin Transit Window           PREDICTED CENTRAL TRANSIT     End Transit Window
                                     All Times UT

                               HJD        Year M  D  H  M
 2456790.30 2014  5 12 19  9   2456797.88 2014  5 20  9 14   2456805.47 2014  5 27 23 19
 2456974.14 2014 11 12 15 18   2456981.90 2014 11 20  9 43   2456989.67 2014 11 28  4  7
 2457157.98 2015  5 15 11 28   2457165.92 2015  5 23 10 11   2457173.87 2015  5 31  8 55
 2457341.82 2015 11 15  7 37   2457349.94 2015 11 23 10 40   2457358.07 2015 12  1 13 43
 2457525.66 2016  5 17  3 47   2457533.96 2016  5 25 11  9   2457542.27 2016  6  2 18 31
 2457709.50 2016 11 16 23 57   2457717.98 2016 11 25 11 38   2457726.47 2016 12  3 23 19
 2457893.34 2017  5 19 20  6   2457902.00 2017  5 28 12  7   2457910.67 2017  6  6  4  7
 2458077.18 2017 11 19 16 16   2458086.02 2017 11 28 12 35   2458094.87 2017 12  7  8 55
 2458261.02 2018  5 22 12 25   2458270.04 2018  5 31 13  4   2458279.07 2018  6  9 13 43
 2458444.86 2018 11 22  8 35   2458454.06 2018 12  1 13 33   2458463.27 2018 12 10 18 31
 2458628.70 2019  5 25  4 45   2458638.08 2019  6  3 14  2   2458647.47 2019  6 12 23 19
 2458812.54 2019 11 25  0 54   2458822.10 2019 12  4 14 31   2458831.67 2019 12 14  4  7
 2458996.38 2020  5 26 21  4   2459006.12 2020  6  5 15  0   2459015.87 2020  6 15  8 55
 2459180.22 2020 11 26 17 13   2459190.15 2020 12  6 15 28   2459200.07 2020 12 16 13 43
 2459364.06 2021  5 29 13 23   2459374.16 2021  6  8 15 57   2459384.27 2021  6 18 18 31
 2459547.90 2021 11 29  9 33   2459558.18 2021 12  9 16 26   2459568.47 2021 12 19 23 19
 2459731.74 2022  6  1  5 42   2459742.20 2022  6 11 16 55   2459752.67 2022  6 22  4  7
 2459915.58 2022 12  2  1 52   2459926.22 2022 12 12 17 23   2459936.87 2022 12 23  8 55
 2460099.42 2023  6  3 22  1   2460110.24 2023  6 14 17 52   2460121.07 2023  6 25 13 43
 2460283.26 2023 12  4 18 11   2460294.26 2023 12 15 18 21   2460305.27 2023 12 26 18 31
 2460467.10 2024  6  5 14 21   2460478.28 2024  6 16 18 50   2460489.47 2024  6 27 23 19
 2460650.94 2024 12  6 10 30   2460662.30 2024 12 17 19 19   2460673.67 2024 12 29  4  7
 2460834.78 2025  6  8  6 40   2460846.32 2025  6 19 19 47   2460857.87 2025  7  1  8 55
 2461018.62 2025 12  9  2 49   2461030.34 2025 12 20 20 16   2461042.07 2026  1  1 13 43
 2461202.46 2026  6 10 22 59   2461214.36 2026  6 22 20 45   2461226.27 2026  7  4 18 31
 2461386.30 2026 12 11 19  9   2461398.38 2026 12 23 21 14   2461410.47 2027  1  4 23 19
 2461570.14 2027  6 13 15 18   2461582.40 2027  6 25 21 43   2461594.67 2027  7  8  4  7
 2461753.98 2027 12 14 11 28   2461766.42 2027 12 26 22 11   2461778.87 2028  1  8  8 55
 2461937.82 2028  6 15  7 37   2461950.44 2028  6 27 22 40   2461963.07 2028  7 10 13 43
 2462121.66 2028 12 16  3 47   2462134.46 2028 12 28 23  9   2462147.27 2029  1 10 18 31
 2462305.50 2029  6 17 23 57   2462318.48 2029  6 30 23 38   2462331.47 2029  7 13 23 19
 2462489.34 2029 12 18 20  6   2462502.50 2030  1  1  0  7   2462515.67 2030  1 14  4  7
 2462673.18 2030  6 20 16 16   2462686.52 2030  7  4  0 35   2462699.87 2030  7 17  8 55
 2462857.02 2030 12 21 12 25   2462870.54 2031  1  4  1  4   2462884.07 2031  1 17 13 43
 2463040.86 2031  6 23  8 35   2463054.56 2031  7  7  1 33   2463068.27 2031  7 20 18 31
 2463224.70 2031 12 24  4 45   2463238.58 2032  1  7  2  2   2463252.47 2032  1 20 23 19
 2463408.54 2032  6 25  0 54   2463422.60 2032  7  9  2 31   2463436.67 2032  7 23  4  7
 2463592.38 2032 12 25 21  4   2463606.62 2033  1  9  3  0   2463620.87 2033  1 23  8 55
 2463776.22 2033  6 27 17 13   2463790.65 2033  7 12  3 28   2463805.07 2033  7 26 13 43
 2463960.06 2033 12 28 13 23   2463974.66 2034  1 12  3 57   2463989.27 2034  1 26 18 31
 2464143.90 2034  6 30  9 33   2464158.68 2034  7 15  4 26   2464173.47 2034  7 29 23 19
 2464327.74 2034 12 31  5 42   2464342.70 2035  1 15  4 55   2464357.67 2035  1 30  4  7
