 Predicted Transit Epochs: HD82943__ c

 Predicted Duration of a Central Transit:     9.   Hours

 Begin Transit Window           PREDICTED CENTRAL TRANSIT     End Transit Window
                                     All Times UT

                               HJD        Year M  D  H  M
 2456877.12 2014  8  7 14 49   2456882.50 2014  8 13  0  4   2456887.89 2014  8 18  9 19
 2457096.32 2015  3 14 19 37   2457101.90 2015  3 20  9 40   2457107.49 2015  3 25 23 43
 2457315.52 2015 10 20  0 25   2457321.30 2015 10 25 19 16   2457327.09 2015 10 31 14  7
 2457534.72 2016  5 26  5 13   2457540.70 2016  6  1  4 52   2457546.69 2016  6  7  4 31
 2457753.92 2016 12 31 10  1   2457760.10 2017  1  6 14 28   2457766.29 2017  1 12 18 55
 2457973.12 2017  8  7 14 49   2457979.50 2017  8 14  0  4   2457985.89 2017  8 20  9 19
 2458192.32 2018  3 14 19 37   2458198.90 2018  3 21  9 40   2458205.49 2018  3 27 23 43
 2458411.52 2018 10 20  0 25   2458418.30 2018 10 26 19 16   2458425.09 2018 11  2 14  7
 2458630.72 2019  5 27  5 13   2458637.70 2019  6  3  4 52   2458644.69 2019  6 10  4 31
 2458849.92 2020  1  1 10  1   2458857.10 2020  1  8 14 28   2458864.29 2020  1 15 18 55
 2459069.12 2020  8  7 14 49   2459076.50 2020  8 15  0  4   2459083.89 2020  8 22  9 19
 2459288.32 2021  3 14 19 37   2459295.90 2021  3 22  9 40   2459303.49 2021  3 29 23 43
 2459507.52 2021 10 20  0 25   2459515.30 2021 10 27 19 16   2459523.09 2021 11  4 14  7
 2459726.72 2022  5 27  5 13   2459734.70 2022  6  4  4 52   2459742.69 2022  6 12  4 31
 2459945.92 2023  1  1 10  1   2459954.10 2023  1  9 14 28   2459962.29 2023  1 17 18 55
 2460165.12 2023  8  8 14 49   2460173.50 2023  8 17  0  4   2460181.89 2023  8 25  9 19
 2460384.32 2024  3 14 19 37   2460392.90 2024  3 23  9 40   2460401.49 2024  3 31 23 43
 2460603.52 2024 10 20  0 25   2460612.30 2024 10 28 19 16   2460621.09 2024 11  6 14  7
 2460822.72 2025  5 27  5 13   2460831.70 2025  6  5  4 52   2460840.69 2025  6 14  4 31
 2461041.92 2026  1  1 10  1   2461051.10 2026  1 10 14 28   2461060.29 2026  1 19 18 55
 2461261.12 2026  8  8 14 49   2461270.50 2026  8 18  0  4   2461279.89 2026  8 27  9 19
 2461480.32 2027  3 15 19 37   2461489.90 2027  3 25  9 40   2461499.49 2027  4  3 23 43
 2461699.52 2027 10 21  0 25   2461709.30 2027 10 30 19 16   2461719.09 2027 11  9 14  7
 2461918.72 2028  5 27  5 13   2461928.70 2028  6  6  4 52   2461938.69 2028  6 16  4 31
 2462137.92 2029  1  1 10  1   2462148.10 2029  1 11 14 28   2462158.29 2029  1 21 18 55
 2462357.12 2029  8  8 14 49   2462367.50 2029  8 19  0  4   2462377.89 2029  8 29  9 19
 2462576.32 2030  3 15 19 37   2462586.90 2030  3 26  9 40   2462597.49 2030  4  5 23 43
 2462795.52 2030 10 21  0 25   2462806.30 2030 10 31 19 16   2462817.09 2030 11 11 14  7
 2463014.72 2031  5 28  5 13   2463025.70 2031  6  8  4 52   2463036.69 2031  6 19  4 31
 2463233.92 2032  1  2 10  1   2463245.10 2032  1 13 14 28   2463256.29 2032  1 24 18 55
 2463453.12 2032  8  8 14 49   2463464.50 2032  8 20  0  4   2463475.89 2032  8 31  9 19
 2463672.32 2033  3 15 19 37   2463683.90 2033  3 27  9 40   2463695.49 2033  4  7 23 43
 2463891.52 2033 10 21  0 25   2463903.30 2033 11  1 19 16   2463915.09 2033 11 13 14  7
 2464110.72 2034  5 28  5 13   2464122.70 2034  6  9  4 52   2464134.69 2034  6 21  4 31
 2464329.92 2035  1  2 10  1   2464342.10 2035  1 14 14 28   2464354.29 2035  1 26 18 55
