 Predicted Transit Epochs: HD82943__ b

 Predicted Duration of a Central Transit:    19.   Hours

 Begin Transit Window           PREDICTED CENTRAL TRANSIT     End Transit Window
                                     All Times UT

                               HJD        Year M  D  H  M
 2455052.32 2009  8  8 19 44   2455076.40 2009  9  1 21 37   2455100.48 2009  9 25 23 29
 2455486.02 2010 10 16 12 32   2455511.50 2010 11 11  0  1   2455536.98 2010 12  6 11 29
 2455919.72 2011 12 24  5 20   2455946.60 2012  1 20  2 25   2455973.48 2012  2 15 23 29
 2456353.42 2013  3  1 22  8   2456381.70 2013  3 30  4 49   2456409.98 2013  4 27 11 29
 2456787.12 2014  5  9 14 56   2456816.80 2014  6  8  7 13   2456846.48 2014  7  7 23 29
 2457220.82 2015  7 17  7 44   2457251.90 2015  8 17  9 37   2457282.98 2015  9 17 11 29
 2457654.52 2016  9 23  0 32   2457687.00 2016 10 25 12  1   2457719.48 2016 11 26 23 29
 2458088.22 2017 11 30 17 20   2458122.10 2018  1  3 14 25   2458155.98 2018  2  6 11 29
 2458521.92 2019  2  7 10  8   2458557.20 2019  3 14 16 49   2458592.48 2019  4 18 23 29
 2458955.62 2020  4 16  2 56   2458992.30 2020  5 22 19 13   2459028.98 2020  6 28 11 29
 2459389.32 2021  6 23 19 44   2459427.40 2021  7 31 21 37   2459465.48 2021  9  7 23 29
 2459823.02 2022  8 31 12 32   2459862.50 2022 10 10  0  1   2459901.98 2022 11 18 11 29
 2460256.72 2023 11  8  5 20   2460297.60 2023 12 19  2 25   2460338.48 2024  1 28 23 29
 2460690.42 2025  1 14 22  8   2460732.70 2025  2 26  4 49   2460774.98 2025  4  9 11 29
 2461124.12 2026  3 24 14 56   2461167.80 2026  5  7  7 13   2461211.48 2026  6 19 23 29
 2461557.82 2027  6  1  7 44   2461602.90 2027  7 16  9 37   2461647.98 2027  8 30 11 29
 2461991.52 2028  8  8  0 32   2462038.00 2028  9 23 12  1   2462084.48 2028 11  8 23 29
 2462425.22 2029 10 15 17 20   2462473.10 2029 12  2 14 25   2462520.98 2030  1 19 11 29
