 Predicted Transit Epochs: HD83443__ b

 Predicted Duration of a Central Transit:   190. Minutes

 Begin Transit Window           PREDICTED CENTRAL TRANSIT     End Transit Window
                                     All Times UT

                               HJD        Year M  D  H  M
 2454925.57 2009  4  4  1 34   2454925.69 2009  4  4  4 38   2454925.82 2009  4  4  7 41
 2454928.55 2009  4  7  1 14   2454928.68 2009  4  7  4 17   2454928.81 2009  4  7  7 20
 2454931.54 2009  4 10  0 53   2454931.66 2009  4 10  3 56   2454931.79 2009  4 10  7  0
 2454934.52 2009  4 13  0 32   2454934.65 2009  4 13  3 36   2454934.78 2009  4 13  6 39
 2454937.51 2009  4 16  0 11   2454937.64 2009  4 16  3 15   2454937.76 2009  4 16  6 19
 2454940.49 2009  4 18 23 50   2454940.62 2009  4 19  2 54   2454940.75 2009  4 19  5 58
 2454943.48 2009  4 21 23 29   2454943.61 2009  4 22  2 33   2454943.73 2009  4 22  5 38
 2454946.46 2009  4 24 23  8   2454946.59 2009  4 25  2 13   2454946.72 2009  4 25  5 17
 2454949.45 2009  4 27 22 47   2454949.58 2009  4 28  1 52   2454949.71 2009  4 28  4 57
 2454952.44 2009  4 30 22 26   2454952.56 2009  5  1  1 31   2454952.69 2009  5  1  4 36
 2454955.42 2009  5  3 22  5   2454955.55 2009  5  4  1 11   2454955.68 2009  5  4  4 16
 2454958.41 2009  5  6 21 44   2454958.53 2009  5  7  0 50   2454958.66 2009  5  7  3 55
 2454961.39 2009  5  9 21 24   2454961.52 2009  5 10  0 29   2454961.65 2009  5 10  3 35
 2454964.38 2009  5 12 21  3   2454964.51 2009  5 13  0  8   2454964.64 2009  5 13  3 14
 2454967.36 2009  5 15 20 42   2454967.49 2009  5 15 23 48   2454967.62 2009  5 16  2 54
 2454970.35 2009  5 18 20 21   2454970.48 2009  5 18 23 27   2454970.61 2009  5 19  2 33
 2454973.33 2009  5 21 20  0   2454973.46 2009  5 21 23  6   2454973.59 2009  5 22  2 13
 2454976.32 2009  5 24 19 39   2454976.45 2009  5 24 22 46   2454976.58 2009  5 25  1 52
 2454979.30 2009  5 27 19 18   2454979.43 2009  5 27 22 25   2454979.56 2009  5 28  1 32
 2454982.29 2009  5 30 18 57   2454982.42 2009  5 30 22  4   2454982.55 2009  5 31  1 11
 2454985.28 2009  6  2 18 36   2454985.41 2009  6  2 21 43   2454985.54 2009  6  3  0 51
 2454988.26 2009  6  5 18 15   2454988.39 2009  6  5 21 23   2454988.52 2009  6  6  0 30
 2454991.25 2009  6  8 17 54   2454991.38 2009  6  8 21  2   2454991.51 2009  6  9  0 10
 2454994.23 2009  6 11 17 34   2454994.36 2009  6 11 20 41   2454994.49 2009  6 11 23 49
 2454997.22 2009  6 14 17 13   2454997.35 2009  6 14 20 21   2454997.48 2009  6 14 23 29
 2455000.20 2009  6 17 16 52   2455000.33 2009  6 17 20  0   2455000.46 2009  6 17 23  8
 2455003.19 2009  6 20 16 31   2455003.32 2009  6 20 19 39   2455003.45 2009  6 20 22 48
 2455006.17 2009  6 23 16 10   2455006.30 2009  6 23 19 18   2455006.44 2009  6 23 22 27
 2455009.16 2009  6 26 15 49   2455009.29 2009  6 26 18 58   2455009.42 2009  6 26 22  7
 2455012.14 2009  6 29 15 28   2455012.28 2009  6 29 18 37   2455012.41 2009  6 29 21 46
 2455015.13 2009  7  2 15  7   2455015.26 2009  7  2 18 16   2455015.39 2009  7  2 21 26
 2455018.12 2009  7  5 14 46   2455018.25 2009  7  5 17 56   2455018.38 2009  7  5 21  5
 2455021.10 2009  7  8 14 25   2455021.23 2009  7  8 17 35   2455021.36 2009  7  8 20 45
 2455024.09 2009  7 11 14  4   2455024.22 2009  7 11 17 14   2455024.35 2009  7 11 20 24
 2455027.07 2009  7 14 13 43   2455027.20 2009  7 14 16 54   2455027.34 2009  7 14 20  4
 2455030.06 2009  7 17 13 23   2455030.19 2009  7 17 16 33   2455030.32 2009  7 17 19 43
 2455033.04 2009  7 20 13  2   2455033.18 2009  7 20 16 12   2455033.31 2009  7 20 19 23
 2455036.03 2009  7 23 12 41   2455036.16 2009  7 23 15 51   2455036.29 2009  7 23 19  2
 2455039.01 2009  7 26 12 20   2455039.15 2009  7 26 15 31   2455039.28 2009  7 26 18 41
 2455042.00 2009  7 29 11 59   2455042.13 2009  7 29 15 10   2455042.26 2009  7 29 18 21
 2455044.99 2009  8  1 11 38   2455045.12 2009  8  1 14 49   2455045.25 2009  8  1 18  0
 2455047.97 2009  8  4 11 17   2455048.10 2009  8  4 14 29   2455048.24 2009  8  4 17 40
 2455050.96 2009  8  7 10 56   2455051.09 2009  8  7 14  8   2455051.22 2009  8  7 17 19
 2455053.94 2009  8 10 10 35   2455054.07 2009  8 10 13 47   2455054.21 2009  8 10 16 59
 2455056.93 2009  8 13 10 14   2455057.06 2009  8 13 13 26   2455057.19 2009  8 13 16 38
 2455059.91 2009  8 16  9 53   2455060.05 2009  8 16 13  6   2455060.18 2009  8 16 16 18
 2455062.90 2009  8 19  9 33   2455063.03 2009  8 19 12 45   2455063.17 2009  8 19 15 57
 2455065.88 2009  8 22  9 12   2455066.02 2009  8 22 12 24   2455066.15 2009  8 22 15 37
 2455068.87 2009  8 25  8 51   2455069.00 2009  8 25 12  4   2455069.14 2009  8 25 15 16
 2455071.85 2009  8 28  8 30   2455071.99 2009  8 28 11 43   2455072.12 2009  8 28 14 56
 2455074.84 2009  8 31  8  9   2455074.97 2009  8 31 11 22   2455075.11 2009  8 31 14 35
 2455077.83 2009  9  3  7 48   2455077.96 2009  9  3 11  1   2455078.09 2009  9  3 14 15
 2455080.81 2009  9  6  7 27   2455080.95 2009  9  6 10 41   2455081.08 2009  9  6 13 54
 2455083.80 2009  9  9  7  6   2455083.93 2009  9  9 10 20   2455084.07 2009  9  9 13 34
 2455086.78 2009  9 12  6 45   2455086.92 2009  9 12  9 59   2455087.05 2009  9 12 13 13
 2455089.77 2009  9 15  6 24   2455089.90 2009  9 15  9 39   2455090.04 2009  9 15 12 53
 2455092.75 2009  9 18  6  3   2455092.89 2009  9 18  9 18   2455093.02 2009  9 18 12 32
 2455095.74 2009  9 21  5 43   2455095.87 2009  9 21  8 57   2455096.01 2009  9 21 12 12
 2455098.72 2009  9 24  5 22   2455098.86 2009  9 24  8 36   2455098.99 2009  9 24 11 51
 2455101.71 2009  9 27  5  1   2455101.84 2009  9 27  8 16   2455101.98 2009  9 27 11 31
 2455104.69 2009  9 30  4 40   2455104.83 2009  9 30  7 55   2455104.97 2009  9 30 11 10
 2455107.68 2009 10  3  4 19   2455107.82 2009 10  3  7 34   2455107.95 2009 10  3 10 50
 2455110.67 2009 10  6  3 58   2455110.80 2009 10  6  7 14   2455110.94 2009 10  6 10 29
 2455113.65 2009 10  9  3 37   2455113.79 2009 10  9  6 53   2455113.92 2009 10  9 10  9
 2455116.64 2009 10 12  3 16   2455116.77 2009 10 12  6 32   2455116.91 2009 10 12  9 48
 2455119.62 2009 10 15  2 55   2455119.76 2009 10 15  6 11   2455119.89 2009 10 15  9 28
 2455122.61 2009 10 18  2 34   2455122.74 2009 10 18  5 51   2455122.88 2009 10 18  9  7
 2455125.59 2009 10 21  2 13   2455125.73 2009 10 21  5 30   2455125.87 2009 10 21  8 47
 2455128.58 2009 10 24  1 52   2455128.72 2009 10 24  5  9   2455128.85 2009 10 24  8 26
 2455131.56 2009 10 27  1 32   2455131.70 2009 10 27  4 49   2455131.84 2009 10 27  8  6
 2455134.55 2009 10 30  1 11   2455134.69 2009 10 30  4 28   2455134.82 2009 10 30  7 45
 2455137.53 2009 11  2  0 50   2455137.67 2009 11  2  4  7   2455137.81 2009 11  2  7 25
 2455140.52 2009 11  5  0 29   2455140.66 2009 11  5  3 47   2455140.79 2009 11  5  7  4
 2455143.51 2009 11  8  0  8   2455143.64 2009 11  8  3 26   2455143.78 2009 11  8  6 44
 2455146.49 2009 11 10 23 47   2455146.63 2009 11 11  3  5   2455146.77 2009 11 11  6 23
 2455149.48 2009 11 13 23 26   2455149.61 2009 11 14  2 44   2455149.75 2009 11 14  6  3
 2455152.46 2009 11 16 23  5   2455152.60 2009 11 17  2 24   2455152.74 2009 11 17  5 42
 2455155.45 2009 11 19 22 44   2455155.59 2009 11 20  2  3   2455155.72 2009 11 20  5 22
 2455158.43 2009 11 22 22 23   2455158.57 2009 11 23  1 42   2455158.71 2009 11 23  5  1
 2455161.42 2009 11 25 22  2   2455161.56 2009 11 26  1 22   2455161.70 2009 11 26  4 41
 2455164.40 2009 11 28 21 42   2455164.54 2009 11 29  1  1   2455164.68 2009 11 29  4 20
 2455167.39 2009 12  1 21 21   2455167.53 2009 12  2  0 40   2455167.67 2009 12  2  4  0
 2455170.38 2009 12  4 21  0   2455170.51 2009 12  5  0 19   2455170.65 2009 12  5  3 39
 2455173.36 2009 12  7 20 39   2455173.50 2009 12  7 23 59   2455173.64 2009 12  8  3 19
 2455176.35 2009 12 10 20 18   2455176.49 2009 12 10 23 38   2455176.62 2009 12 11  2 58
 2455179.33 2009 12 13 19 57   2455179.47 2009 12 13 23 17   2455179.61 2009 12 14  2 38
 2455182.32 2009 12 16 19 36   2455182.46 2009 12 16 22 57   2455182.60 2009 12 17  2 17
 2455185.30 2009 12 19 19 15   2455185.44 2009 12 19 22 36   2455185.58 2009 12 20  1 57
 2455188.29 2009 12 22 18 54   2455188.43 2009 12 22 22 15   2455188.57 2009 12 23  1 36
 2455191.27 2009 12 25 18 33   2455191.41 2009 12 25 21 54   2455191.55 2009 12 26  1 16
 2455194.26 2009 12 28 18 12   2455194.40 2009 12 28 21 34   2455194.54 2009 12 29  0 55
 2455197.24 2009 12 31 17 52   2455197.38 2009 12 31 21 13   2455197.52 2010  1  1  0 35
 2455200.23 2010  1  3 17 31   2455200.37 2010  1  3 20 52   2455200.51 2010  1  4  0 14
 2455203.22 2010  1  6 17 10   2455203.36 2010  1  6 20 32   2455203.50 2010  1  6 23 54
 2455206.20 2010  1  9 16 49   2455206.34 2010  1  9 20 11   2455206.48 2010  1  9 23 33
 2455209.19 2010  1 12 16 28   2455209.33 2010  1 12 19 50   2455209.47 2010  1 12 23 13
 2455212.17 2010  1 15 16  7   2455212.31 2010  1 15 19 29   2455212.45 2010  1 15 22 52
 2455215.16 2010  1 18 15 46   2455215.30 2010  1 18 19  9   2455215.44 2010  1 18 22 31
 2455218.14 2010  1 21 15 25   2455218.28 2010  1 21 18 48   2455218.42 2010  1 21 22 11
 2455221.13 2010  1 24 15  4   2455221.27 2010  1 24 18 27   2455221.41 2010  1 24 21 50
 2455224.11 2010  1 27 14 43   2455224.25 2010  1 27 18  7   2455224.40 2010  1 27 21 30
 2455227.10 2010  1 30 14 22   2455227.24 2010  1 30 17 46   2455227.38 2010  1 30 21  9
 2455230.08 2010  2  2 14  2   2455230.23 2010  2  2 17 25   2455230.37 2010  2  2 20 49
 2455233.07 2010  2  5 13 41   2455233.21 2010  2  5 17  5   2455233.35 2010  2  5 20 28
 2455236.06 2010  2  8 13 20   2455236.20 2010  2  8 16 44   2455236.34 2010  2  8 20  8
 2455239.04 2010  2 11 12 59   2455239.18 2010  2 11 16 23   2455239.32 2010  2 11 19 47
 2455242.03 2010  2 14 12 38   2455242.17 2010  2 14 16  2   2455242.31 2010  2 14 19 27
 2455245.01 2010  2 17 12 17   2455245.15 2010  2 17 15 42   2455245.30 2010  2 17 19  6
 2455248.00 2010  2 20 11 56   2455248.14 2010  2 20 15 21   2455248.28 2010  2 20 18 46
 2455250.98 2010  2 23 11 35   2455251.13 2010  2 23 15  0   2455251.27 2010  2 23 18 25
 2455253.97 2010  2 26 11 14   2455254.11 2010  2 26 14 40   2455254.25 2010  2 26 18  5
 2455256.95 2010  3  1 10 53   2455257.10 2010  3  1 14 19   2455257.24 2010  3  1 17 44
 2455259.94 2010  3  4 10 32   2455260.08 2010  3  4 13 58   2455260.23 2010  3  4 17 24
 2455262.92 2010  3  7 10 11   2455263.07 2010  3  7 13 37   2455263.21 2010  3  7 17  3
 2455265.91 2010  3 10  9 51   2455266.05 2010  3 10 13 17   2455266.20 2010  3 10 16 43
 2455268.90 2010  3 13  9 30   2455269.04 2010  3 13 12 56   2455269.18 2010  3 13 16 22
 2455271.88 2010  3 16  9  9   2455272.02 2010  3 16 12 35   2455272.17 2010  3 16 16  2
 2455274.87 2010  3 19  8 48   2455275.01 2010  3 19 12 15   2455275.15 2010  3 19 15 41
 2455277.85 2010  3 22  8 27   2455278.00 2010  3 22 11 54   2455278.14 2010  3 22 15 21
 2455280.84 2010  3 25  8  6   2455280.98 2010  3 25 11 33   2455281.13 2010  3 25 15  0
 2455283.82 2010  3 28  7 45   2455283.97 2010  3 28 11 12   2455284.11 2010  3 28 14 40
 2455286.81 2010  3 31  7 24   2455286.95 2010  3 31 10 52   2455287.10 2010  3 31 14 19
 2455289.79 2010  4  3  7  3   2455289.94 2010  4  3 10 31   2455290.08 2010  4  3 13 59
 2455292.78 2010  4  6  6 42   2455292.92 2010  4  6 10 10   2455293.07 2010  4  6 13 38
 2455295.77 2010  4  9  6 21   2455295.91 2010  4  9  9 50   2455296.05 2010  4  9 13 18
 2455298.75 2010  4 12  6  1   2455298.90 2010  4 12  9 29   2455299.04 2010  4 12 12 57
 2455301.74 2010  4 15  5 40   2455301.88 2010  4 15  9  8   2455302.03 2010  4 15 12 37
 2455304.72 2010  4 18  5 19   2455304.87 2010  4 18  8 47   2455305.01 2010  4 18 12 16
 2455307.71 2010  4 21  4 58   2455307.85 2010  4 21  8 27   2455308.00 2010  4 21 11 56
 2455310.69 2010  4 24  4 37   2455310.84 2010  4 24  8  6   2455310.98 2010  4 24 11 35
 2455313.68 2010  4 27  4 16   2455313.82 2010  4 27  7 45   2455313.97 2010  4 27 11 15
 2455316.66 2010  4 30  3 55   2455316.81 2010  4 30  7 25   2455316.95 2010  4 30 10 54
 2455319.65 2010  5  3  3 34   2455319.79 2010  5  3  7  4   2455319.94 2010  5  3 10 34
 2455322.63 2010  5  6  3 13   2455322.78 2010  5  6  6 43   2455322.93 2010  5  6 10 13
 2455325.62 2010  5  9  2 52   2455325.77 2010  5  9  6 23   2455325.91 2010  5  9  9 53
 2455328.61 2010  5 12  2 31   2455328.75 2010  5 12  6  2   2455328.90 2010  5 12  9 32
 2455331.59 2010  5 15  2 11   2455331.74 2010  5 15  5 41   2455331.88 2010  5 15  9 12
 2455334.58 2010  5 18  1 50   2455334.72 2010  5 18  5 20   2455334.87 2010  5 18  8 51
 2455337.56 2010  5 21  1 29   2455337.71 2010  5 21  5  0   2455337.85 2010  5 21  8 31
 2455340.55 2010  5 24  1  8   2455340.69 2010  5 24  4 39   2455340.84 2010  5 24  8 10
 2455343.53 2010  5 27  0 47   2455343.68 2010  5 27  4 18   2455343.83 2010  5 27  7 50
 2455346.52 2010  5 30  0 26   2455346.67 2010  5 30  3 58   2455346.81 2010  5 30  7 29
 2455349.50 2010  6  2  0  5   2455349.65 2010  6  2  3 37   2455349.80 2010  6  2  7  9
 2455352.49 2010  6  4 23 44   2455352.64 2010  6  5  3 16   2455352.78 2010  6  5  6 48
 2455355.47 2010  6  7 23 23   2455355.62 2010  6  8  2 55   2455355.77 2010  6  8  6 28
 2455358.46 2010  6 10 23  2   2455358.61 2010  6 11  2 35   2455358.76 2010  6 11  6  7
 2455361.45 2010  6 13 22 41   2455361.59 2010  6 14  2 14   2455361.74 2010  6 14  5 47
 2455364.43 2010  6 16 22 20   2455364.58 2010  6 17  1 53   2455364.73 2010  6 17  5 26
 2455367.42 2010  6 19 22  0   2455367.56 2010  6 20  1 33   2455367.71 2010  6 20  5  6
 2455370.40 2010  6 22 21 39   2455370.55 2010  6 23  1 12   2455370.70 2010  6 23  4 45
 2455373.39 2010  6 25 21 18   2455373.54 2010  6 26  0 51   2455373.68 2010  6 26  4 25
 2455376.37 2010  6 28 20 57   2455376.52 2010  6 29  0 30   2455376.67 2010  6 29  4  4
 2455379.36 2010  7  1 20 36   2455379.51 2010  7  2  0 10   2455379.66 2010  7  2  3 44
 2455382.34 2010  7  4 20 15   2455382.49 2010  7  4 23 49   2455382.64 2010  7  5  3 23
 2455385.33 2010  7  7 19 54   2455385.48 2010  7  7 23 28   2455385.63 2010  7  8  3  3
 2455388.32 2010  7 10 19 33   2455388.46 2010  7 10 23  8   2455388.61 2010  7 11  2 42
 2455391.30 2010  7 13 19 12   2455391.45 2010  7 13 22 47   2455391.60 2010  7 14  2 21
 2455394.29 2010  7 16 18 51   2455394.44 2010  7 16 22 26   2455394.58 2010  7 17  2  1
 2455397.27 2010  7 19 18 30   2455397.42 2010  7 19 22  5   2455397.57 2010  7 20  1 40
 2455400.26 2010  7 22 18 10   2455400.41 2010  7 22 21 45   2455400.56 2010  7 23  1 20
 2455403.24 2010  7 25 17 49   2455403.39 2010  7 25 21 24   2455403.54 2010  7 26  0 59
 2455406.23 2010  7 28 17 28   2455406.38 2010  7 28 21  3   2455406.53 2010  7 29  0 39
 2455409.21 2010  7 31 17  7   2455409.36 2010  7 31 20 43   2455409.51 2010  8  1  0 18
 2455412.20 2010  8  3 16 46   2455412.35 2010  8  3 20 22   2455412.50 2010  8  3 23 58
 2455415.18 2010  8  6 16 25   2455415.33 2010  8  6 20  1   2455415.48 2010  8  6 23 37
 2455418.17 2010  8  9 16  4   2455418.32 2010  8  9 19 40   2455418.47 2010  8  9 23 17
 2455421.16 2010  8 12 15 43   2455421.31 2010  8 12 19 20   2455421.46 2010  8 12 22 56
 2455424.14 2010  8 15 15 22   2455424.29 2010  8 15 18 59   2455424.44 2010  8 15 22 36
 2455427.13 2010  8 18 15  1   2455427.28 2010  8 18 18 38   2455427.43 2010  8 18 22 15
 2455430.11 2010  8 21 14 40   2455430.26 2010  8 21 18 18   2455430.41 2010  8 21 21 55
 2455433.10 2010  8 24 14 20   2455433.25 2010  8 24 17 57   2455433.40 2010  8 24 21 34
 2455436.08 2010  8 27 13 59   2455436.23 2010  8 27 17 36   2455436.38 2010  8 27 21 14
 2455439.07 2010  8 30 13 38   2455439.22 2010  8 30 17 16   2455439.37 2010  8 30 20 53
 2455442.05 2010  9  2 13 17   2455442.21 2010  9  2 16 55   2455442.36 2010  9  2 20 33
 2455445.04 2010  9  5 12 56   2455445.19 2010  9  5 16 34   2455445.34 2010  9  5 20 12
 2455448.02 2010  9  8 12 35   2455448.18 2010  9  8 16 13   2455448.33 2010  9  8 19 52
 2455451.01 2010  9 11 12 14   2455451.16 2010  9 11 15 53   2455451.31 2010  9 11 19 31
 2455454.00 2010  9 14 11 53   2455454.15 2010  9 14 15 32   2455454.30 2010  9 14 19 11
 2455456.98 2010  9 17 11 32   2455457.13 2010  9 17 15 11   2455457.29 2010  9 17 18 50
 2455459.97 2010  9 20 11 11   2455460.12 2010  9 20 14 51   2455460.27 2010  9 20 18 30
 2455462.95 2010  9 23 10 50   2455463.10 2010  9 23 14 30   2455463.26 2010  9 23 18  9
 2455465.94 2010  9 26 10 29   2455466.09 2010  9 26 14  9   2455466.24 2010  9 26 17 49
 2455468.92 2010  9 29 10  9   2455469.08 2010  9 29 13 48   2455469.23 2010  9 29 17 28
 2455471.91 2010 10  2  9 48   2455472.06 2010 10  2 13 28   2455472.21 2010 10  2 17  8
 2455474.89 2010 10  5  9 27   2455475.05 2010 10  5 13  7   2455475.20 2010 10  5 16 47
 2455477.88 2010 10  8  9  6   2455478.03 2010 10  8 12 46   2455478.19 2010 10  8 16 27
 2455480.86 2010 10 11  8 45   2455481.02 2010 10 11 12 26   2455481.17 2010 10 11 16  6
 2455483.85 2010 10 14  8 24   2455484.00 2010 10 14 12  5   2455484.16 2010 10 14 15 46
 2455486.84 2010 10 17  8  3   2455486.99 2010 10 17 11 44   2455487.14 2010 10 17 15 25
 2455489.82 2010 10 20  7 42   2455489.97 2010 10 20 11 23   2455490.13 2010 10 20 15  5
 2455492.81 2010 10 23  7 21   2455492.96 2010 10 23 11  3   2455493.11 2010 10 23 14 44
 2455495.79 2010 10 26  7  0   2455495.95 2010 10 26 10 42   2455496.10 2010 10 26 14 24
 2455498.78 2010 10 29  6 39   2455498.93 2010 10 29 10 21   2455499.09 2010 10 29 14  3
 2455501.76 2010 11  1  6 19   2455501.92 2010 11  1 10  1   2455502.07 2010 11  1 13 43
 2455504.75 2010 11  4  5 58   2455504.90 2010 11  4  9 40   2455505.06 2010 11  4 13 22
 2455507.73 2010 11  7  5 37   2455507.89 2010 11  7  9 19   2455508.04 2010 11  7 13  2
 2455510.72 2010 11 10  5 16   2455510.87 2010 11 10  8 58   2455511.03 2010 11 10 12 41
 2455513.71 2010 11 13  4 55   2455513.86 2010 11 13  8 38   2455514.01 2010 11 13 12 21
 2455516.69 2010 11 16  4 34   2455516.85 2010 11 16  8 17   2455517.00 2010 11 16 12  0
 2455519.68 2010 11 19  4 13   2455519.83 2010 11 19  7 56   2455519.99 2010 11 19 11 40
 2455522.66 2010 11 22  3 52   2455522.82 2010 11 22  7 36   2455522.97 2010 11 22 11 19
 2455525.65 2010 11 25  3 31   2455525.80 2010 11 25  7 15   2455525.96 2010 11 25 10 59
 2455528.63 2010 11 28  3 10   2455528.79 2010 11 28  6 54   2455528.94 2010 11 28 10 38
 2455531.62 2010 12  1  2 49   2455531.77 2010 12  1  6 34   2455531.93 2010 12  1 10 18
 2455534.60 2010 12  4  2 29   2455534.76 2010 12  4  6 13   2455534.91 2010 12  4  9 57
 2455537.59 2010 12  7  2  8   2455537.74 2010 12  7  5 52   2455537.90 2010 12  7  9 37
 2455540.57 2010 12 10  1 47   2455540.73 2010 12 10  5 31   2455540.89 2010 12 10  9 16
 2455543.56 2010 12 13  1 26   2455543.72 2010 12 13  5 11   2455543.87 2010 12 13  8 56
 2455546.55 2010 12 16  1  5   2455546.70 2010 12 16  4 50   2455546.86 2010 12 16  8 35
 2455549.53 2010 12 19  0 44   2455549.69 2010 12 19  4 29   2455549.84 2010 12 19  8 15
 2455552.52 2010 12 22  0 23   2455552.67 2010 12 22  4  9   2455552.83 2010 12 22  7 54
 2455555.50 2010 12 25  0  2   2455555.66 2010 12 25  3 48   2455555.82 2010 12 25  7 34
 2455558.49 2010 12 27 23 41   2455558.64 2010 12 28  3 27   2455558.80 2010 12 28  7 13
 2455561.47 2010 12 30 23 20   2455561.63 2010 12 31  3  6   2455561.79 2010 12 31  6 53
 2455564.46 2011  1  2 22 59   2455564.62 2011  1  3  2 46   2455564.77 2011  1  3  6 32
 2455567.44 2011  1  5 22 38   2455567.60 2011  1  6  2 25   2455567.76 2011  1  6  6 11
 2455570.43 2011  1  8 22 18   2455570.59 2011  1  9  2  4   2455570.74 2011  1  9  5 51
 2455573.41 2011  1 11 21 57   2455573.57 2011  1 12  1 44   2455573.73 2011  1 12  5 30
 2455576.40 2011  1 14 21 36   2455576.56 2011  1 15  1 23   2455576.72 2011  1 15  5 10
 2455579.39 2011  1 17 21 15   2455579.54 2011  1 18  1  2   2455579.70 2011  1 18  4 49
 2455582.37 2011  1 20 20 54   2455582.53 2011  1 21  0 41   2455582.69 2011  1 21  4 29
 2455585.36 2011  1 23 20 33   2455585.51 2011  1 24  0 21   2455585.67 2011  1 24  4  8
 2455588.34 2011  1 26 20 12   2455588.50 2011  1 27  0  0   2455588.66 2011  1 27  3 48
 2455591.33 2011  1 29 19 51   2455591.49 2011  1 29 23 39   2455591.64 2011  1 30  3 27
 2455594.31 2011  2  1 19 30   2455594.47 2011  2  1 23 19   2455594.63 2011  2  2  3  7
 2455597.30 2011  2  4 19  9   2455597.46 2011  2  4 22 58   2455597.62 2011  2  5  2 46
 2455600.28 2011  2  7 18 48   2455600.44 2011  2  7 22 37   2455600.60 2011  2  8  2 26
 2455603.27 2011  2 10 18 28   2455603.43 2011  2 10 22 16   2455603.59 2011  2 11  2  5
 2455606.25 2011  2 13 18  7   2455606.41 2011  2 13 21 56   2455606.57 2011  2 14  1 45
 2455609.24 2011  2 16 17 46   2455609.40 2011  2 16 21 35   2455609.56 2011  2 17  1 24
 2455612.23 2011  2 19 17 25   2455612.39 2011  2 19 21 14   2455612.54 2011  2 20  1  4
 2455615.21 2011  2 22 17  4   2455615.37 2011  2 22 20 54   2455615.53 2011  2 23  0 43
 2455618.20 2011  2 25 16 43   2455618.36 2011  2 25 20 33   2455618.52 2011  2 26  0 23
 2455621.18 2011  2 28 16 22   2455621.34 2011  2 28 20 12   2455621.50 2011  3  1  0  2
 2455624.17 2011  3  3 16  1   2455624.33 2011  3  3 19 51   2455624.49 2011  3  3 23 42
 2455627.15 2011  3  6 15 40   2455627.31 2011  3  6 19 31   2455627.47 2011  3  6 23 21
 2455630.14 2011  3  9 15 19   2455630.30 2011  3  9 19 10   2455630.46 2011  3  9 23  1
 2455633.12 2011  3 12 14 58   2455633.28 2011  3 12 18 49   2455633.45 2011  3 12 22 40
 2455636.11 2011  3 15 14 38   2455636.27 2011  3 15 18 29   2455636.43 2011  3 15 22 20
 2455639.10 2011  3 18 14 17   2455639.26 2011  3 18 18  8   2455639.42 2011  3 18 21 59
 2455642.08 2011  3 21 13 56   2455642.24 2011  3 21 17 47   2455642.40 2011  3 21 21 39
 2455645.07 2011  3 24 13 35   2455645.23 2011  3 24 17 27   2455645.39 2011  3 24 21 18
 2455648.05 2011  3 27 13 14   2455648.21 2011  3 27 17  6   2455648.37 2011  3 27 20 58
 2455651.04 2011  3 30 12 53   2455651.20 2011  3 30 16 45   2455651.36 2011  3 30 20 37
 2455654.02 2011  4  2 12 32   2455654.18 2011  4  2 16 24   2455654.35 2011  4  2 20 17
 2455657.01 2011  4  5 12 11   2455657.17 2011  4  5 16  4   2455657.33 2011  4  5 19 56
 2455659.99 2011  4  8 11 50   2455660.16 2011  4  8 15 43   2455660.32 2011  4  8 19 36
 2455662.98 2011  4 11 11 29   2455663.14 2011  4 11 15 22   2455663.30 2011  4 11 19 15
 2455665.96 2011  4 14 11  8   2455666.13 2011  4 14 15  2   2455666.29 2011  4 14 18 55
 2455668.95 2011  4 17 10 47   2455669.11 2011  4 17 14 41   2455669.27 2011  4 17 18 34
 2455671.94 2011  4 20 10 27   2455672.10 2011  4 20 14 20   2455672.26 2011  4 20 18 14
 2455674.92 2011  4 23 10  6   2455675.08 2011  4 23 13 59   2455675.25 2011  4 23 17 53
 2455677.91 2011  4 26  9 45   2455678.07 2011  4 26 13 39   2455678.23 2011  4 26 17 33
 2455680.89 2011  4 29  9 24   2455681.05 2011  4 29 13 18   2455681.22 2011  4 29 17 12
 2455683.88 2011  5  2  9  3   2455684.04 2011  5  2 12 57   2455684.20 2011  5  2 16 52
 2455686.86 2011  5  5  8 42   2455687.03 2011  5  5 12 37   2455687.19 2011  5  5 16 31
 2455689.85 2011  5  8  8 21   2455690.01 2011  5  8 12 16   2455690.17 2011  5  8 16 11
 2455692.83 2011  5 11  8  0   2455693.00 2011  5 11 11 55   2455693.16 2011  5 11 15 50
 2455695.82 2011  5 14  7 39   2455695.98 2011  5 14 11 34   2455696.15 2011  5 14 15 30
 2455698.80 2011  5 17  7 18   2455698.97 2011  5 17 11 14   2455699.13 2011  5 17 15  9
 2455701.79 2011  5 20  6 57   2455701.95 2011  5 20 10 53   2455702.12 2011  5 20 14 49
 2455704.78 2011  5 23  6 37   2455704.94 2011  5 23 10 32   2455705.10 2011  5 23 14 28
 2455707.76 2011  5 26  6 16   2455707.93 2011  5 26 10 12   2455708.09 2011  5 26 14  8
 2455710.75 2011  5 29  5 55   2455710.91 2011  5 29  9 51   2455711.07 2011  5 29 13 47
 2455713.73 2011  6  1  5 34   2455713.90 2011  6  1  9 30   2455714.06 2011  6  1 13 27
 2455716.72 2011  6  4  5 13   2455716.88 2011  6  4  9  9   2455717.05 2011  6  4 13  6
 2455719.70 2011  6  7  4 52   2455719.87 2011  6  7  8 49   2455720.03 2011  6  7 12 46
 2455722.69 2011  6 10  4 31   2455722.85 2011  6 10  8 28   2455723.02 2011  6 10 12 25
 2455725.67 2011  6 13  4 10   2455725.84 2011  6 13  8  7   2455726.00 2011  6 13 12  5
 2455728.66 2011  6 16  3 49   2455728.82 2011  6 16  7 47   2455728.99 2011  6 16 11 44
 2455731.65 2011  6 19  3 28   2455731.81 2011  6 19  7 26   2455731.98 2011  6 19 11 24
 2455734.63 2011  6 22  3  7   2455734.80 2011  6 22  7  5   2455734.96 2011  6 22 11  3
 2455737.62 2011  6 25  2 47   2455737.78 2011  6 25  6 45   2455737.95 2011  6 25 10 43
 2455740.60 2011  6 28  2 26   2455740.77 2011  6 28  6 24   2455740.93 2011  6 28 10 22
 2455743.59 2011  7  1  2  5   2455743.75 2011  7  1  6  3   2455743.92 2011  7  1 10  1
 2455746.57 2011  7  4  1 44   2455746.74 2011  7  4  5 42   2455746.90 2011  7  4  9 41
 2455749.56 2011  7  7  1 23   2455749.72 2011  7  7  5 22   2455749.89 2011  7  7  9 20
 2455752.54 2011  7 10  1  2   2455752.71 2011  7 10  5  1   2455752.88 2011  7 10  9  0
 2455755.53 2011  7 13  0 41   2455755.69 2011  7 13  4 40   2455755.86 2011  7 13  8 39
 2455758.51 2011  7 16  0 20   2455758.68 2011  7 16  4 20   2455758.85 2011  7 16  8 19
 2455761.50 2011  7 18 23 59   2455761.67 2011  7 19  3 59   2455761.83 2011  7 19  7 58
 2455764.49 2011  7 21 23 38   2455764.65 2011  7 22  3 38   2455764.82 2011  7 22  7 38
 2455767.47 2011  7 24 23 17   2455767.64 2011  7 25  3 17   2455767.80 2011  7 25  7 17
 2455770.46 2011  7 27 22 56   2455770.62 2011  7 28  2 57   2455770.79 2011  7 28  6 57
 2455773.44 2011  7 30 22 36   2455773.61 2011  7 31  2 36   2455773.78 2011  7 31  6 36
 2455776.43 2011  8  2 22 15   2455776.59 2011  8  3  2 15   2455776.76 2011  8  3  6 16
