 Predicted Transit Epochs: HD8574___ b

 Predicted Duration of a Central Transit:    14.   Hours

 Begin Transit Window           PREDICTED CENTRAL TRANSIT     End Transit Window
                                     All Times UT

                               HJD        Year M  D  H  M
 2456937.58 2014 10  7  1 53   2456963.06 2014 11  1 13 21   2456988.53 2014 11 27  0 49
 2457164.36 2015  5 21 20 36   2457190.61 2015  6 17  2 33   2457216.85 2015  7 13  8 30
 2457391.14 2016  1  3 15 19   2457418.16 2016  1 30 15 45   2457445.17 2016  2 26 16 11
 2457617.92 2016  8 17 10  2   2457645.71 2016  9 14  4 57   2457673.49 2016 10 11 23 51
 2457844.70 2017  4  1  4 46   2457873.26 2017  4 29 18  9   2457901.81 2017  5 28  7 32
 2458071.48 2017 11 13 23 29   2458100.81 2017 12 13  7 21   2458130.13 2018  1 11 15 13
 2458298.26 2018  6 28 18 12   2458328.36 2018  7 28 20 33   2458358.45 2018  8 27 22 54
 2458525.04 2019  2 10 12 55   2458555.91 2019  3 13  9 45   2458586.77 2019  4 13  6 35
 2458751.82 2019  9 25  7 38   2458783.46 2019 10 26 22 57   2458815.09 2019 11 27 14 15
 2458978.60 2020  5  9  2 22   2459011.01 2020  6 10 12  9   2459043.41 2020  7 12 21 56
 2459205.38 2020 12 21 21  5   2459238.56 2021  1 24  1 21   2459271.73 2021  2 26  5 37
 2459432.16 2021  8  5 15 48   2459466.11 2021  9  8 14 33   2459500.05 2021 10 12 13 18
 2459658.94 2022  3 20 10 31   2459693.66 2022  4 24  3 45   2459728.37 2022  5 28 20 59
 2459885.72 2022 11  2  5 14   2459921.21 2022 12  7 16 57   2459956.69 2023  1 12  4 39
 2460112.50 2023  6 16 23 58   2460148.76 2023  7 23  6  9   2460185.01 2023  8 28 12 20
 2460339.28 2024  1 29 18 41   2460376.31 2024  3  6 19 21   2460413.33 2024  4 12 20  1
 2460566.06 2024  9 12 13 24   2460603.86 2024 10 20  8 33   2460641.65 2024 11 27  3 42
 2460792.84 2025  4 27  8  7   2460831.41 2025  6  4 21 45   2460869.97 2025  7 13 11 23
 2461019.62 2025 12 10  2 50   2461058.96 2026  1 18 10 57   2461098.29 2026  2 26 19  3
 2461246.40 2026  7 24 21 34   2461286.51 2026  9  3  0  9   2461326.61 2026 10 13  2 44
 2461473.18 2027  3  8 16 17   2461514.06 2027  4 18 13 21   2461554.93 2027  5 29 10 25
 2461699.96 2027 10 21 11  0   2461741.61 2027 12  2  2 33   2461783.25 2028  1 12 18  6
 2461926.74 2028  6  4  5 43   2461969.16 2028  7 16 15 45   2462011.57 2028  8 28  1 47
 2462153.52 2029  1 17  0 26   2462196.71 2029  3  1  4 57   2462239.89 2029  4 13  9 27
 2462380.30 2029  8 31 19 10   2462424.26 2029 10 14 18  9   2462468.21 2029 11 27 17  8
 2462607.08 2030  4 15 13 53   2462651.81 2030  5 30  7 21   2462696.53 2030  7 14  0 49
 2462833.86 2030 11 28  8 36   2462879.36 2031  1 12 20 33   2462924.85 2031  2 27  8 30
 2463060.64 2031  7 13  3 19   2463106.91 2031  8 28  9 45   2463153.17 2031 10 13 16 11
 2463287.42 2032  2 24 22  2   2463334.46 2032  4 11 22 57   2463381.49 2032  5 28 23 51
 2463514.20 2032 10  8 16 46   2463562.01 2032 11 25 12  9   2463609.81 2033  1 12  7 32
 2463740.98 2033  5 23 11 29   2463789.56 2033  7 11  1 21   2463838.13 2033  8 28 15 13
 2463967.76 2034  1  5  6 12   2464017.11 2034  2 23 14 33   2464066.45 2034  4 13 22 54
 2464194.54 2034  8 20  0 55   2464244.66 2034 10  9  3 45   2464294.77 2034 11 28  6 35
