 Predicted Transit Epochs: HD86081__ b

 Predicted Duration of a Central Transit:   172. Minutes

 Begin Transit Window           PREDICTED CENTRAL TRANSIT     End Transit Window
                                     All Times UT

                               HJD        Year M  D  H  M
 2456756.24 2014  4  8 17 41   2456756.88 2014  4  9  9 12   2456757.53 2014  4 10  0 42
 2456758.37 2014  4 10 20 59   2456759.02 2014  4 11 12 30   2456759.67 2014  4 12  4  0
 2456760.51 2014  4 13  0 16   2456761.16 2014  4 13 15 48   2456761.80 2014  4 14  7 19
 2456762.65 2014  4 15  3 34   2456763.30 2014  4 15 19  6   2456763.94 2014  4 16 10 37
 2456764.79 2014  4 17  6 52   2456765.43 2014  4 17 22 24   2456766.08 2014  4 18 13 55
 2456766.92 2014  4 19 10  9   2456767.57 2014  4 20  1 42   2456768.22 2014  4 20 17 14
 2456769.06 2014  4 21 13 27   2456769.71 2014  4 22  5  0   2456770.36 2014  4 22 20 32
 2456771.20 2014  4 23 16 45   2456771.85 2014  4 24  8 18   2456772.49 2014  4 24 23 50
 2456773.34 2014  4 25 20  3   2456773.98 2014  4 26 11 36   2456774.63 2014  4 27  3  8
 2456775.47 2014  4 27 23 20   2456776.12 2014  4 28 14 54   2456776.77 2014  4 29  6 27
 2456777.61 2014  4 30  2 38   2456778.26 2014  4 30 18 12   2456778.91 2014  5  1  9 45
 2456779.75 2014  5  2  5 56   2456780.40 2014  5  2 21 30   2456781.04 2014  5  3 13  3
 2456781.88 2014  5  4  9 13   2456782.53 2014  5  5  0 48   2456783.18 2014  5  5 16 22
 2456784.02 2014  5  6 12 31   2456784.67 2014  5  7  4  6   2456785.32 2014  5  7 19 40
 2456786.16 2014  5  8 15 49   2456786.81 2014  5  9  7 24   2456787.46 2014  5  9 22 58
 2456788.30 2014  5 10 19  7   2456788.95 2014  5 11 10 42   2456789.60 2014  5 12  2 16
 2456790.43 2014  5 12 22 24   2456791.08 2014  5 13 14  0   2456791.73 2014  5 14  5 35
 2456792.57 2014  5 15  1 42   2456793.22 2014  5 15 17 18   2456793.87 2014  5 16  8 53
 2456794.71 2014  5 17  5  0   2456795.36 2014  5 17 20 36   2456796.01 2014  5 18 12 11
 2456796.85 2014  5 19  8 17   2456797.50 2014  5 19 23 54   2456798.15 2014  5 20 15 30
 2456798.98 2014  5 21 11 35   2456799.63 2014  5 22  3 12   2456800.28 2014  5 22 18 48
 2456801.12 2014  5 23 14 53   2456801.77 2014  5 24  6 30   2456802.42 2014  5 24 22  6
 2456803.26 2014  5 25 18 11   2456803.91 2014  5 26  9 48   2456804.56 2014  5 27  1 24
 2456805.39 2014  5 27 21 28   2456806.05 2014  5 28 13  6   2456806.70 2014  5 29  4 43
 2456807.53 2014  5 30  0 46   2456808.18 2014  5 30 16 24   2456808.83 2014  5 31  8  1
 2456809.67 2014  6  1  4  4   2456810.32 2014  6  1 19 42   2456810.97 2014  6  2 11 19
 2456811.81 2014  6  3  7 21   2456812.46 2014  6  3 23  0   2456813.11 2014  6  4 14 38
 2456813.94 2014  6  5 10 39   2456814.60 2014  6  6  2 18   2456815.25 2014  6  6 17 56
 2456816.08 2014  6  7 13 57   2456816.73 2014  6  8  5 36   2456817.39 2014  6  8 21 14
 2456818.22 2014  6  9 17 15   2456818.87 2014  6 10  8 54   2456819.52 2014  6 11  0 32
 2456820.36 2014  6 11 20 32   2456821.01 2014  6 12 12 12   2456821.66 2014  6 13  3 51
 2456822.49 2014  6 13 23 50   2456823.15 2014  6 14 15 30   2456823.80 2014  6 15  7  9
 2456824.63 2014  6 16  3  8   2456825.28 2014  6 16 18 48   2456825.94 2014  6 17 10 27
 2456826.77 2014  6 18  6 25   2456827.42 2014  6 18 22  6   2456828.07 2014  6 19 13 46
 2456828.91 2014  6 20  9 43   2456829.56 2014  6 21  1 24   2456830.21 2014  6 21 17  4
 2456831.04 2014  6 22 13  1   2456831.70 2014  6 23  4 42   2456832.35 2014  6 23 20 22
 2456833.18 2014  6 24 16 19   2456833.83 2014  6 25  8  0   2456834.49 2014  6 25 23 40
 2456835.32 2014  6 26 19 36   2456835.97 2014  6 27 11 18   2456836.62 2014  6 28  2 59
 2456837.45 2014  6 28 22 54   2456838.11 2014  6 29 14 36   2456838.76 2014  6 30  6 17
 2456839.59 2014  7  1  2 12   2456840.25 2014  7  1 17 54   2456840.90 2014  7  2  9 35
 2456841.73 2014  7  3  5 29   2456842.38 2014  7  3 21 12   2456843.04 2014  7  4 12 54
 2456843.87 2014  7  5  8 47   2456844.52 2014  7  6  0 30   2456845.18 2014  7  6 16 12
 2456846.00 2014  7  7 12  5   2456846.66 2014  7  8  3 48   2456847.31 2014  7  8 19 30
 2456848.14 2014  7  9 15 23   2456848.80 2014  7 10  7  6   2456849.45 2014  7 10 22 49
 2456850.28 2014  7 11 18 40   2456850.93 2014  7 12 10 24   2456851.59 2014  7 13  2  7
 2456852.42 2014  7 13 21 58   2456853.07 2014  7 14 13 42   2456853.73 2014  7 15  5 25
 2456854.55 2014  7 16  1 16   2456855.21 2014  7 16 17  0   2456855.86 2014  7 17  8 43
 2456856.69 2014  7 18  4 33   2456857.35 2014  7 18 20 18   2456858.00 2014  7 19 12  2
 2456858.83 2014  7 20  7 51   2456859.48 2014  7 20 23 36   2456860.14 2014  7 21 15 20
 2456860.96 2014  7 22 11  9   2456861.62 2014  7 23  2 54   2456862.28 2014  7 23 18 38
 2456863.10 2014  7 24 14 27   2456863.76 2014  7 25  6 12   2456864.41 2014  7 25 21 57
 2456865.24 2014  7 26 17 44   2456865.90 2014  7 27  9 30   2456866.55 2014  7 28  1 15
 2456867.38 2014  7 28 21  2   2456868.03 2014  7 29 12 48   2456868.69 2014  7 30  4 33
 2456869.51 2014  7 31  0 20   2456870.17 2014  7 31 16  6   2456870.83 2014  8  1  7 51
 2456871.65 2014  8  2  3 37   2456872.31 2014  8  2 19 24   2456872.97 2014  8  3 11 10
 2456873.79 2014  8  4  6 55   2456874.45 2014  8  4 22 42   2456875.10 2014  8  5 14 28
 2456875.93 2014  8  6 10 13   2456876.58 2014  8  7  2  0   2456877.24 2014  8  7 17 46
 2456878.06 2014  8  8 13 30   2456878.72 2014  8  9  5 18   2456879.38 2014  8  9 21  5
 2456880.20 2014  8 10 16 48   2456880.86 2014  8 11  8 36   2456881.52 2014  8 12  0 23
 2456882.34 2014  8 12 20  6   2456883.00 2014  8 13 11 54   2456883.65 2014  8 14  3 41
 2456884.48 2014  8 14 23 24   2456885.13 2014  8 15 15 12   2456885.79 2014  8 16  6 59
 2456886.61 2014  8 17  2 41   2456887.27 2014  8 17 18 30   2456887.93 2014  8 18 10 18
 2456888.75 2014  8 19  5 59   2456889.41 2014  8 19 21 48   2456890.07 2014  8 20 13 36
 2456890.89 2014  8 21  9 17   2456891.55 2014  8 22  1  6   2456892.20 2014  8 22 16 54
 2456893.02 2014  8 23 12 34   2456893.68 2014  8 24  4 24   2456894.34 2014  8 24 20 13
 2456895.16 2014  8 25 15 52   2456895.82 2014  8 26  7 42   2456896.48 2014  8 26 23 31
 2456897.30 2014  8 27 19 10   2456897.96 2014  8 28 11  0   2456898.62 2014  8 29  2 49
 2456899.44 2014  8 29 22 28   2456900.10 2014  8 30 14 18   2456900.76 2014  8 31  6  7
 2456901.57 2014  9  1  1 45   2456902.23 2014  9  1 17 36   2456902.89 2014  9  2  9 26
 2456903.71 2014  9  3  5  3   2456904.37 2014  9  3 20 54   2456905.03 2014  9  4 12 44
 2456905.85 2014  9  5  8 21   2456906.51 2014  9  6  0 12   2456907.17 2014  9  6 16  2
 2456907.99 2014  9  7 11 38   2456908.65 2014  9  8  3 30   2456909.31 2014  9  8 19 21
 2456910.12 2014  9  9 14 56   2456910.78 2014  9 10  6 48   2456911.44 2014  9 10 22 39
 2456912.26 2014  9 11 18 14   2456912.92 2014  9 12 10  6   2456913.58 2014  9 13  1 57
 2456914.40 2014  9 13 21 32   2456915.06 2014  9 14 13 24   2456915.72 2014  9 15  5 15
 2456916.53 2014  9 16  0 49   2456917.20 2014  9 16 16 42   2456917.86 2014  9 17  8 34
 2456918.67 2014  9 18  4  7   2456919.33 2014  9 18 20  0   2456919.99 2014  9 19 11 52
 2456920.81 2014  9 20  7 25   2456921.47 2014  9 20 23 18   2456922.13 2014  9 21 15 10
 2456922.95 2014  9 22 10 42   2456923.61 2014  9 23  2 36   2456924.27 2014  9 23 18 29
 2456925.08 2014  9 24 14  0   2456925.75 2014  9 25  5 54   2456926.41 2014  9 25 21 47
 2456927.22 2014  9 26 17 18   2456927.88 2014  9 27  9 12   2456928.55 2014  9 28  1  5
 2456929.36 2014  9 28 20 36   2456930.02 2014  9 29 12 30   2456930.68 2014  9 30  4 23
 2456931.50 2014  9 30 23 53   2456932.16 2014 10  1 15 48   2456932.82 2014 10  2  7 42
 2456933.63 2014 10  3  3 11   2456934.30 2014 10  3 19  6   2456934.96 2014 10  4 11  0
 2456935.77 2014 10  5  6 29   2456936.43 2014 10  5 22 24   2456937.10 2014 10  6 14 18
 2456937.91 2014 10  7  9 46   2456938.57 2014 10  8  1 42   2456939.23 2014 10  8 17 37
 2456940.04 2014 10  9 13  4   2456940.71 2014 10 10  5  0   2456941.37 2014 10 10 20 55
 2456942.18 2014 10 11 16 22   2456942.85 2014 10 12  8 18   2456943.51 2014 10 13  0 13
 2456944.32 2014 10 13 19 40   2456944.98 2014 10 14 11 36   2456945.65 2014 10 15  3 31
 2456946.46 2014 10 15 22 57   2456947.12 2014 10 16 14 54   2456947.78 2014 10 17  6 50
 2456948.59 2014 10 18  2 15   2456949.26 2014 10 18 18 12   2456949.92 2014 10 19 10  8
 2456950.73 2014 10 20  5 33   2456951.40 2014 10 20 21 30   2456952.06 2014 10 21 13 26
 2456952.87 2014 10 22  8 50   2456953.53 2014 10 23  0 48   2456954.20 2014 10 23 16 45
 2456955.01 2014 10 24 12  8   2456955.67 2014 10 25  4  6   2456956.34 2014 10 25 20  3
 2456957.14 2014 10 26 15 26   2456957.81 2014 10 27  7 24   2456958.47 2014 10 27 23 21
 2456959.28 2014 10 28 18 44   2456959.95 2014 10 29 10 42   2456960.61 2014 10 30  2 39
 2456961.42 2014 10 30 22  1   2456962.08 2014 10 31 14  0   2456962.75 2014 11  1  5 58
 2456963.56 2014 11  2  1 19   2456964.22 2014 11  2 17 18   2456964.89 2014 11  3  9 16
 2456965.69 2014 11  4  4 37   2456966.36 2014 11  4 20 36   2456967.02 2014 11  5 12 34
 2456967.83 2014 11  6  7 54   2456968.50 2014 11  6 23 54   2456969.16 2014 11  7 15 53
 2456969.97 2014 11  8 11 12   2456970.63 2014 11  9  3 12   2456971.30 2014 11  9 19 11
 2456972.10 2014 11 10 14 30   2456972.77 2014 11 11  6 30   2456973.44 2014 11 11 22 29
 2456974.24 2014 11 12 17 48   2456974.91 2014 11 13  9 48   2456975.57 2014 11 14  1 47
 2456976.38 2014 11 14 21  5   2456977.05 2014 11 15 13  6   2456977.71 2014 11 16  5  6
 2456978.52 2014 11 17  0 23   2456979.18 2014 11 17 16 24   2456979.85 2014 11 18  8 24
 2456980.65 2014 11 19  3 41   2456981.32 2014 11 19 19 42   2456981.99 2014 11 20 11 42
 2456982.79 2014 11 21  6 58   2456983.46 2014 11 21 23  0   2456984.13 2014 11 22 15  1
 2456984.93 2014 11 23 10 16   2456985.60 2014 11 24  2 18   2456986.26 2014 11 24 18 19
 2456987.07 2014 11 25 13 34   2456987.73 2014 11 26  5 36   2456988.40 2014 11 26 21 37
 2456989.20 2014 11 27 16 52   2456989.87 2014 11 28  8 54   2456990.54 2014 11 29  0 56
 2456991.34 2014 11 29 20  9   2456992.01 2014 11 30 12 12   2456992.68 2014 12  1  4 14
 2456993.48 2014 12  1 23 27   2456994.15 2014 12  2 15 30   2456994.81 2014 12  3  7 32
 2456995.61 2014 12  4  2 45   2456996.28 2014 12  4 18 48   2456996.95 2014 12  5 10 50
 2456997.75 2014 12  6  6  2   2456998.42 2014 12  6 22  6   2456999.09 2014 12  7 14  9
 2456999.89 2014 12  8  9 20   2457000.56 2014 12  9  1 24   2457001.23 2014 12  9 17 27
 2457002.03 2014 12 10 12 38   2457002.70 2014 12 11  4 42   2457003.37 2014 12 11 20 45
 2457004.16 2014 12 12 15 56   2457004.83 2014 12 13  8  0   2457005.50 2014 12 14  0  4
 2457006.30 2014 12 14 19 13   2457006.97 2014 12 15 11 18   2457007.64 2014 12 16  3 22
 2457008.44 2014 12 16 22 31   2457009.11 2014 12 17 14 36   2457009.78 2014 12 18  6 40
 2457010.58 2014 12 19  1 49   2457011.25 2014 12 19 17 54   2457011.92 2014 12 20  9 58
 2457012.71 2014 12 21  5  6   2457013.38 2014 12 21 21 12   2457014.05 2014 12 22 13 17
 2457014.85 2014 12 23  8 24   2457015.52 2014 12 24  0 30   2457016.19 2014 12 24 16 35
 2457016.99 2014 12 25 11 42   2457017.66 2014 12 26  3 48   2457018.33 2014 12 26 19 53
 2457019.12 2014 12 27 14 59   2457019.80 2014 12 28  7  6   2457020.47 2014 12 28 23 12
 2457021.26 2014 12 29 18 17   2457021.93 2014 12 30 10 24   2457022.60 2014 12 31  2 30
 2457023.40 2014 12 31 21 35   2457024.07 2015  1  1 13 42   2457024.74 2015  1  2  5 48
 2457025.54 2015  1  3  0 53   2457026.21 2015  1  3 17  0   2457026.88 2015  1  4  9  6
 2457027.67 2015  1  5  4 10   2457028.35 2015  1  5 20 18   2457029.02 2015  1  6 12 25
 2457029.81 2015  1  7  7 28   2457030.48 2015  1  7 23 36   2457031.16 2015  1  8 15 43
 2457031.95 2015  1  9 10 46   2457032.62 2015  1 10  2 54   2457033.29 2015  1 10 19  1
 2457034.09 2015  1 11 14  3   2457034.76 2015  1 12  6 12   2457035.43 2015  1 12 22 20
 2457036.22 2015  1 13 17 21   2457036.90 2015  1 14  9 30   2457037.57 2015  1 15  1 38
 2457038.36 2015  1 15 20 39   2457039.03 2015  1 16 12 48   2457039.71 2015  1 17  4 56
 2457040.50 2015  1 17 23 57   2457041.17 2015  1 18 16  6   2457041.84 2015  1 19  8 14
 2457042.64 2015  1 20  3 14   2457043.31 2015  1 20 19 24   2457043.98 2015  1 21 11 33
 2457044.77 2015  1 22  6 32   2457045.45 2015  1 22 22 42   2457046.12 2015  1 23 14 51
 2457046.91 2015  1 24  9 50   2457047.58 2015  1 25  2  0   2457048.26 2015  1 25 18  9
 2457049.05 2015  1 26 13  7   2457049.72 2015  1 27  5 18   2457050.39 2015  1 27 21 28
 2457051.18 2015  1 28 16 25   2457051.86 2015  1 29  8 36   2457052.53 2015  1 30  0 46
 2457053.32 2015  1 30 19 43   2457054.00 2015  1 31 11 54   2457054.67 2015  2  1  4  4
 2457055.46 2015  2  1 23  1   2457056.13 2015  2  2 15 12   2457056.81 2015  2  3  7 22
 2457057.60 2015  2  4  2 18   2457058.27 2015  2  4 18 30   2457058.95 2015  2  5 10 41
 2457059.73 2015  2  6  5 36   2457060.41 2015  2  6 21 48   2457061.08 2015  2  7 13 59
 2457061.87 2015  2  8  8 54   2457062.55 2015  2  9  1  6   2457063.22 2015  2  9 17 17
 2457064.01 2015  2 10 12 11   2457064.68 2015  2 11  4 24   2457065.36 2015  2 11 20 36
 2457066.15 2015  2 12 15 29   2457066.82 2015  2 13  7 42   2457067.50 2015  2 13 23 54
 2457068.28 2015  2 14 18 47   2457068.96 2015  2 15 11  0   2457069.63 2015  2 16  3 12
 2457070.42 2015  2 16 22  5   2457071.10 2015  2 17 14 18   2457071.77 2015  2 18  6 30
 2457072.56 2015  2 19  1 22   2457073.23 2015  2 19 17 36   2457073.91 2015  2 20  9 49
 2457074.69 2015  2 21  4 40   2457075.37 2015  2 21 20 54   2457076.05 2015  2 22 13  7
 2457076.83 2015  2 23  7 58   2457077.51 2015  2 24  0 12   2457078.18 2015  2 24 16 25
 2457078.97 2015  2 25 11 15   2457079.65 2015  2 26  3 30   2457080.32 2015  2 26 19 44
 2457081.11 2015  2 27 14 33   2457081.78 2015  2 28  6 48   2457082.46 2015  2 28 23  2
 2457083.24 2015  3  1 17 51   2457083.92 2015  3  2 10  6   2457084.60 2015  3  3  2 20
 2457085.38 2015  3  3 21  9   2457086.06 2015  3  4 13 24   2457086.74 2015  3  5  5 38
 2457087.52 2015  3  6  0 26   2457088.20 2015  3  6 16 42   2457088.87 2015  3  7  8 57
 2457089.66 2015  3  8  3 44   2457090.33 2015  3  8 20  0   2457091.01 2015  3  9 12 15
 2457091.79 2015  3 10  7  2   2457092.47 2015  3 10 23 18   2457093.15 2015  3 11 15 33
 2457093.93 2015  3 12 10 19   2457094.61 2015  3 13  2 36   2457095.29 2015  3 13 18 52
 2457096.07 2015  3 14 13 37   2457096.75 2015  3 15  5 54   2457097.42 2015  3 15 22 10
 2457098.21 2015  3 16 16 55   2457098.88 2015  3 17  9 12   2457099.56 2015  3 18  1 28
 2457100.34 2015  3 18 20 13   2457101.02 2015  3 19 12 30   2457101.70 2015  3 20  4 46
 2457102.48 2015  3 20 23 30   2457103.16 2015  3 21 15 48   2457103.84 2015  3 22  8  5
 2457104.62 2015  3 23  2 48   2457105.30 2015  3 23 19  6   2457105.97 2015  3 24 11 23
 2457106.75 2015  3 25  6  6   2457107.43 2015  3 25 22 24   2457108.11 2015  3 26 14 41
 2457108.89 2015  3 27  9 23   2457109.57 2015  3 28  1 42   2457110.25 2015  3 28 18  0
 2457111.03 2015  3 29 12 41   2457111.71 2015  3 30  5  0   2457112.39 2015  3 30 21 18
 2457113.17 2015  3 31 15 59   2457113.85 2015  4  1  8 18   2457114.53 2015  4  2  0 36
 2457115.30 2015  4  2 19 17   2457115.98 2015  4  3 11 36   2457116.66 2015  4  4  3 55
 2457117.44 2015  4  4 22 34   2457118.12 2015  4  5 14 54   2457118.80 2015  4  6  7 13
 2457119.58 2015  4  7  1 52   2457120.26 2015  4  7 18 12   2457120.94 2015  4  8 10 31
 2457121.72 2015  4  9  5 10   2457122.40 2015  4  9 21 30   2457123.08 2015  4 10 13 49
 2457123.85 2015  4 11  8 27   2457124.53 2015  4 12  0 48   2457125.21 2015  4 12 17  8
 2457125.99 2015  4 13 11 45   2457126.67 2015  4 14  4  6   2457127.35 2015  4 14 20 26
 2457128.13 2015  4 15 15  3   2457128.81 2015  4 16  7 24   2457129.49 2015  4 16 23 44
 2457130.26 2015  4 17 18 21   2457130.95 2015  4 18 10 42   2457131.63 2015  4 19  3  3
 2457132.40 2015  4 19 21 38   2457133.08 2015  4 20 14  0   2457133.76 2015  4 21  6 21
 2457134.54 2015  4 22  0 56   2457135.22 2015  4 22 17 18   2457135.90 2015  4 23  9 39
 2457136.68 2015  4 24  4 14   2457137.36 2015  4 24 20 36   2457138.04 2015  4 25 12 57
 2457138.81 2015  4 26  7 31   2457139.50 2015  4 26 23 54   2457140.18 2015  4 27 16 16
 2457140.95 2015  4 28 10 49   2457141.63 2015  4 29  3 12   2457142.32 2015  4 29 19 34
 2457143.09 2015  4 30 14  7   2457143.77 2015  5  1  6 30   2457144.45 2015  5  1 22 52
 2457145.23 2015  5  2 17 24   2457145.91 2015  5  3  9 48   2457146.59 2015  5  4  2 11
 2457147.36 2015  5  4 20 42   2457148.05 2015  5  5 13  6   2457148.73 2015  5  6  5 29
 2457149.50 2015  5  7  0  0   2457150.18 2015  5  7 16 24   2457150.87 2015  5  8  8 47
 2457151.64 2015  5  9  3 18   2457152.32 2015  5  9 19 42   2457153.00 2015  5 10 12  5
 2457153.77 2015  5 11  6 35   2457154.46 2015  5 11 23  0   2457155.14 2015  5 12 15 24
 2457155.91 2015  5 13  9 53   2457156.60 2015  5 14  2 18   2457157.28 2015  5 14 18 42
 2457158.05 2015  5 15 13 11   2457158.73 2015  5 16  5 36   2457159.42 2015  5 16 22  0
 2457160.19 2015  5 17 16 28   2457160.87 2015  5 18  8 54   2457161.55 2015  5 19  1 19
 2457162.32 2015  5 19 19 46   2457163.01 2015  5 20 12 12   2457163.69 2015  5 21  4 37
 2457164.46 2015  5 21 23  4   2457165.15 2015  5 22 15 30   2457165.83 2015  5 23  7 55
 2457166.60 2015  5 24  2 22   2457167.28 2015  5 24 18 48   2457167.97 2015  5 25 11 13
 2457168.74 2015  5 26  5 39   2457169.42 2015  5 26 22  6   2457170.11 2015  5 27 14 32
 2457170.87 2015  5 28  8 57   2457171.56 2015  5 29  1 24   2457172.24 2015  5 29 17 50
 2457173.01 2015  5 30 12 15   2457173.70 2015  5 31  4 42   2457174.38 2015  5 31 21  8
 2457175.15 2015  6  1 15 32   2457175.83 2015  6  2  8  0   2457176.52 2015  6  3  0 27
 2457177.29 2015  6  3 18 50   2457177.97 2015  6  4 11 18   2457178.66 2015  6  5  3 45
 2457179.42 2015  6  5 22  8   2457180.11 2015  6  6 14 36   2457180.79 2015  6  7  7  3
 2457181.56 2015  6  8  1 26   2457182.25 2015  6  8 17 54   2457182.93 2015  6  9 10 21
 2457183.70 2015  6 10  4 43   2457184.38 2015  6 10 21 12   2457185.07 2015  6 11 13 40
 2457185.83 2015  6 12  8  1   2457186.52 2015  6 13  0 30   2457187.21 2015  6 13 16 58
 2457187.97 2015  6 14 11 19   2457188.66 2015  6 15  3 48   2457189.34 2015  6 15 20 16
 2457190.11 2015  6 16 14 36   2457190.80 2015  6 17  7  6   2457191.48 2015  6 17 23 35
 2457192.25 2015  6 18 17 54   2457192.93 2015  6 19 10 24   2457193.62 2015  6 20  2 53
 2457194.38 2015  6 20 21 12   2457195.07 2015  6 21 13 42   2457195.76 2015  6 22  6 11
 2457196.52 2015  6 23  0 30   2457197.21 2015  6 23 17  0   2457197.90 2015  6 24  9 29
 2457198.66 2015  6 25  3 47   2457199.35 2015  6 25 20 18   2457200.03 2015  6 26 12 48
 2457200.80 2015  6 27  7  5   2457201.48 2015  6 27 23 36   2457202.17 2015  6 28 16  6
 2457202.93 2015  6 29 10 23   2457203.62 2015  6 30  2 54   2457204.31 2015  6 30 19 24
 2457205.07 2015  7  1 13 40   2457205.76 2015  7  2  6 12   2457206.45 2015  7  2 22 43
 2457207.21 2015  7  3 16 58   2457207.90 2015  7  4  9 30   2457208.58 2015  7  5  2  1
 2457209.34 2015  7  5 20 16   2457210.03 2015  7  6 12 48   2457210.72 2015  7  7  5 19
 2457211.48 2015  7  7 23 34   2457212.17 2015  7  8 16  6   2457212.86 2015  7  9  8 37
 2457213.62 2015  7 10  2 51   2457214.31 2015  7 10 19 24   2457215.00 2015  7 11 11 56
 2457215.76 2015  7 12  6  9   2457216.45 2015  7 12 22 42   2457217.14 2015  7 13 15 14
 2457217.89 2015  7 14  9 27   2457218.58 2015  7 15  2  0   2457219.27 2015  7 15 18 32
 2457220.03 2015  7 16 12 44   2457220.72 2015  7 17  5 18   2457221.41 2015  7 17 21 51
 2457222.17 2015  7 18 16  2   2457222.86 2015  7 19  8 36   2457223.55 2015  7 20  1  9
 2457224.31 2015  7 20 19 20   2457225.00 2015  7 21 11 54   2457225.69 2015  7 22  4 27
 2457226.44 2015  7 22 22 38   2457227.13 2015  7 23 15 12   2457227.82 2015  7 24  7 45
 2457228.58 2015  7 25  1 55   2457229.27 2015  7 25 18 30   2457229.96 2015  7 26 11  4
 2457230.72 2015  7 27  5 13   2457231.41 2015  7 27 21 48   2457232.10 2015  7 28 14 22
 2457232.85 2015  7 29  8 31   2457233.55 2015  7 30  1  6   2457234.24 2015  7 30 17 40
 2457234.99 2015  7 31 11 48   2457235.68 2015  8  1  4 24   2457236.37 2015  8  1 20 59
 2457237.13 2015  8  2 15  6   2457237.82 2015  8  3  7 42   2457238.51 2015  8  4  0 17
 2457239.27 2015  8  4 18 24   2457239.96 2015  8  5 11  0   2457240.65 2015  8  6  3 35
 2457241.40 2015  8  6 21 42   2457242.10 2015  8  7 14 18   2457242.79 2015  8  8  6 53
 2457243.54 2015  8  9  0 59   2457244.23 2015  8  9 17 36   2457244.93 2015  8 10 10 12
 2457245.68 2015  8 11  4 17   2457246.37 2015  8 11 20 54   2457247.06 2015  8 12 13 30
 2457247.82 2015  8 13  7 35   2457248.51 2015  8 14  0 12   2457249.20 2015  8 14 16 48
 2457249.95 2015  8 15 10 52   2457250.65 2015  8 16  3 30   2457251.34 2015  8 16 20  7
 2457252.09 2015  8 17 14 10   2457252.78 2015  8 18  6 48   2457253.48 2015  8 18 23 25
 2457254.23 2015  8 19 17 28   2457254.92 2015  8 20 10  6   2457255.61 2015  8 21  2 43
 2457256.37 2015  8 21 20 46   2457257.06 2015  8 22 13 24   2457257.75 2015  8 23  6  2
 2457258.50 2015  8 24  0  3   2457259.20 2015  8 24 16 42   2457259.89 2015  8 25  9 20
 2457260.64 2015  8 26  3 21   2457261.33 2015  8 26 20  0   2457262.03 2015  8 27 12 38
 2457262.78 2015  8 28  6 39   2457263.47 2015  8 28 23 18   2457264.16 2015  8 29 15 56
 2457264.91 2015  8 30  9 56   2457265.61 2015  8 31  2 36   2457266.30 2015  8 31 19 15
 2457267.05 2015  9  1 13 14   2457267.75 2015  9  2  5 54   2457268.44 2015  9  2 22 33
 2457269.19 2015  9  3 16 32   2457269.88 2015  9  4  9 12   2457270.58 2015  9  5  1 51
 2457271.33 2015  9  5 19 50   2457272.02 2015  9  6 12 30   2457272.72 2015  9  7  5 10
 2457273.46 2015  9  7 23  7   2457274.16 2015  9  8 15 48   2457274.85 2015  9  9  8 28
 2457275.60 2015  9 10  2 25   2457276.30 2015  9 10 19  6   2457276.99 2015  9 11 11 46
 2457277.74 2015  9 12  5 43   2457278.43 2015  9 12 22 24   2457279.13 2015  9 13 15  4
 2457279.88 2015  9 14  9  0   2457280.57 2015  9 15  1 42   2457281.27 2015  9 15 18 23
 2457282.01 2015  9 16 12 18   2457282.71 2015  9 17  5  0   2457283.40 2015  9 17 21 41
 2457284.15 2015  9 18 15 36   2457284.85 2015  9 19  8 18   2457285.54 2015  9 20  0 59
 2457286.29 2015  9 20 18 53   2457286.98 2015  9 21 11 36   2457287.68 2015  9 22  4 18
 2457288.42 2015  9 22 22 11   2457289.12 2015  9 23 14 54   2457289.82 2015  9 24  7 36
 2457290.56 2015  9 25  1 29   2457291.26 2015  9 25 18 12   2457291.95 2015  9 26 10 54
 2457292.70 2015  9 27  4 47   2457293.40 2015  9 27 21 30   2457294.09 2015  9 28 14 12
 2457294.84 2015  9 29  8  4   2457295.53 2015  9 30  0 48   2457296.23 2015  9 30 17 31
 2457296.97 2015 10  1 11 22   2457297.67 2015 10  2  4  6   2457298.37 2015 10  2 20 49
 2457299.11 2015 10  3 14 40   2457299.81 2015 10  4  7 24   2457300.51 2015 10  5  0  7
 2457301.25 2015 10  5 17 57   2457301.95 2015 10  6 10 42   2457302.64 2015 10  7  3 26
 2457303.39 2015 10  7 21 15   2457304.08 2015 10  8 14  0   2457304.78 2015 10  9  6 44
 2457305.52 2015 10 10  0 33   2457306.22 2015 10 10 17 18   2457306.92 2015 10 11 10  2
 2457307.66 2015 10 12  3 51   2457308.36 2015 10 12 20 36   2457309.06 2015 10 13 13 20
 2457309.80 2015 10 14  7  8   2457310.50 2015 10 14 23 54   2457311.19 2015 10 15 16 39
 2457311.94 2015 10 16 10 26   2457312.63 2015 10 17  3 12   2457313.33 2015 10 17 19 57
 2457314.07 2015 10 18 13 44   2457314.77 2015 10 19  6 30   2457315.47 2015 10 19 23 15
 2457316.21 2015 10 20 17  1   2457316.91 2015 10 21  9 48   2457317.61 2015 10 22  2 34
 2457318.35 2015 10 22 20 19   2457319.05 2015 10 23 13  6   2457319.74 2015 10 24  5 52
 2457320.48 2015 10 24 23 37   2457321.18 2015 10 25 16 24   2457321.88 2015 10 26  9 10
 2457322.62 2015 10 27  2 55   2457323.32 2015 10 27 19 42   2457324.02 2015 10 28 12 28
 2457324.76 2015 10 29  6 12   2457325.46 2015 10 29 23  0   2457326.16 2015 10 30 15 47
 2457326.90 2015 10 31  9 30   2457327.60 2015 11  1  2 18   2457328.30 2015 11  1 19  5
 2457329.03 2015 11  2 12 48   2457329.73 2015 11  3  5 36   2457330.43 2015 11  3 22 23
 2457331.17 2015 11  4 16  5   2457331.87 2015 11  5  8 54   2457332.57 2015 11  6  1 42
 2457333.31 2015 11  6 19 23   2457334.01 2015 11  7 12 12   2457334.71 2015 11  8  5  0
 2457335.45 2015 11  8 22 41   2457336.15 2015 11  9 15 30   2457336.85 2015 11 10  8 18
 2457337.58 2015 11 11  1 59   2457338.28 2015 11 11 18 48   2457338.98 2015 11 12 11 36
 2457339.72 2015 11 13  5 16   2457340.42 2015 11 13 22  6   2457341.12 2015 11 14 14 55
 2457341.86 2015 11 15  8 34   2457342.56 2015 11 16  1 24   2457343.26 2015 11 16 18 13
 2457343.99 2015 11 17 11 52   2457344.70 2015 11 18  4 42   2457345.40 2015 11 18 21 31
 2457346.13 2015 11 19 15  9   2457346.83 2015 11 20  8  0   2457347.53 2015 11 21  0 50
 2457348.27 2015 11 21 18 27   2457348.97 2015 11 22 11 18   2457349.67 2015 11 23  4  8
 2457350.41 2015 11 23 21 45   2457351.11 2015 11 24 14 36   2457351.81 2015 11 25  7 26
 2457352.54 2015 11 26  1  3   2457353.25 2015 11 26 17 54   2457353.95 2015 11 27 10 44
 2457354.68 2015 11 28  4 20   2457355.38 2015 11 28 21 12   2457356.09 2015 11 29 14  3
 2457356.82 2015 11 30  7 38   2457357.52 2015 12  1  0 30   2457358.22 2015 12  1 17 21
 2457358.96 2015 12  2 10 56   2457359.66 2015 12  3  3 48   2457360.36 2015 12  3 20 39
 2457361.09 2015 12  4 14 13   2457361.80 2015 12  5  7  6   2457362.50 2015 12  5 23 58
 2457363.23 2015 12  6 17 31   2457363.93 2015 12  7 10 24   2457364.64 2015 12  8  3 16
 2457365.37 2015 12  8 20 49   2457366.07 2015 12  9 13 42   2457366.77 2015 12 10  6 34
 2457367.50 2015 12 11  0  7   2457368.21 2015 12 11 17  0   2457368.91 2015 12 12  9 52
 2457369.64 2015 12 13  3 24   2457370.35 2015 12 13 20 18   2457371.05 2015 12 14 13 11
 2457371.78 2015 12 15  6 42   2457372.48 2015 12 15 23 36   2457373.19 2015 12 16 16 29
 2457373.92 2015 12 17 10  0   2457374.62 2015 12 18  2 54   2457375.32 2015 12 18 19 47
 2457376.05 2015 12 19 13 17   2457376.76 2015 12 20  6 12   2457377.46 2015 12 20 23  6
 2457378.19 2015 12 21 16 35   2457378.90 2015 12 22  9 30   2457379.60 2015 12 23  2 24
 2457380.33 2015 12 23 19 53   2457381.03 2015 12 24 12 48   2457381.74 2015 12 25  5 42
 2457382.47 2015 12 25 23 11   2457383.17 2015 12 26 16  6   2457383.88 2015 12 27  9  1
 2457384.60 2015 12 28  2 28   2457385.31 2015 12 28 19 24   2457386.01 2015 12 29 12 19
 2457386.74 2015 12 30  5 46   2457387.45 2015 12 30 22 42   2457388.15 2015 12 31 15 37
 2457388.88 2016  1  1  9  4   2457389.58 2016  1  2  2  0   2457390.29 2016  1  2 18 55
 2457391.02 2016  1  3 12 21   2457391.72 2016  1  4  5 18   2457392.43 2016  1  4 22 14
 2457393.15 2016  1  5 15 39   2457393.86 2016  1  6  8 36   2457394.56 2016  1  7  1 32
 2457395.29 2016  1  7 18 57   2457396.00 2016  1  8 11 54   2457396.70 2016  1  9  4 50
 2457397.43 2016  1  9 22 15   2457398.13 2016  1 10 15 12   2457398.84 2016  1 11  8  9
 2457399.56 2016  1 12  1 32   2457400.27 2016  1 12 18 30   2457400.98 2016  1 13 11 27
 2457401.70 2016  1 14  4 50   2457402.41 2016  1 14 21 48   2457403.11 2016  1 15 14 45
 2457403.84 2016  1 16  8  8   2457404.55 2016  1 17  1  6   2457405.25 2016  1 17 18  3
 2457405.98 2016  1 18 11 25   2457406.68 2016  1 19  4 24   2457407.39 2016  1 19 21 22
 2457408.11 2016  1 20 14 43   2457408.82 2016  1 21  7 42   2457409.53 2016  1 22  0 40
 2457410.25 2016  1 22 18  1   2457410.96 2016  1 23 11  0   2457411.67 2016  1 24  3 58
 2457412.39 2016  1 24 21 18   2457413.10 2016  1 25 14 18   2457413.80 2016  1 26  7 17
 2457414.53 2016  1 27  0 36   2457415.23 2016  1 27 17 36   2457415.94 2016  1 28 10 35
 2457416.66 2016  1 29  3 54   2457417.37 2016  1 29 20 54   2457418.08 2016  1 30 13 53
 2457418.80 2016  1 31  7 12   2457419.51 2016  2  1  0 12   2457420.22 2016  2  1 17 11
 2457420.94 2016  2  2 10 29   2457421.65 2016  2  3  3 30   2457422.35 2016  2  3 20 30
 2457423.07 2016  2  4 13 47   2457423.78 2016  2  5  6 48   2457424.49 2016  2  5 23 48
 2457425.21 2016  2  6 17  5   2457425.92 2016  2  7 10  6   2457426.63 2016  2  8  3  6
 2457427.35 2016  2  8 20 22   2457428.06 2016  2  9 13 24   2457428.77 2016  2 10  6 25
 2457429.49 2016  2 10 23 40   2457430.20 2016  2 11 16 42   2457430.91 2016  2 12  9 43
 2457431.62 2016  2 13  2 58   2457432.33 2016  2 13 20  0   2457433.04 2016  2 14 13  1
 2457433.76 2016  2 15  6 16   2457434.47 2016  2 15 23 18   2457435.18 2016  2 16 16 19
 2457435.90 2016  2 17  9 33   2457436.61 2016  2 18  2 36   2457437.32 2016  2 18 19 38
 2457438.04 2016  2 19 12 51   2457438.75 2016  2 20  5 54   2457439.46 2016  2 20 22 56
 2457440.17 2016  2 21 16  9   2457440.88 2016  2 22  9 12   2457441.59 2016  2 23  2 14
 2457442.31 2016  2 23 19 26   2457443.02 2016  2 24 12 30   2457443.73 2016  2 25  5 33
 2457444.45 2016  2 25 22 44   2457445.16 2016  2 26 15 48   2457445.87 2016  2 27  8 51
 2457446.58 2016  2 28  2  2   2457447.30 2016  2 28 19  6   2457448.01 2016  2 29 12  9
 2457448.72 2016  3  1  5 20   2457449.43 2016  3  1 22 24   2457450.14 2016  3  2 15 27
 2457450.86 2016  3  3  8 37   2457451.57 2016  3  4  1 42   2457452.28 2016  3  4 18 46
 2457453.00 2016  3  5 11 55   2457453.71 2016  3  6  5  0   2457454.42 2016  3  6 22  4
 2457455.13 2016  3  7 15 13   2457455.85 2016  3  8  8 18   2457456.56 2016  3  9  1 22
 2457457.27 2016  3  9 18 30   2457457.98 2016  3 10 11 36   2457458.70 2016  3 11  4 41
 2457459.41 2016  3 11 21 48   2457460.12 2016  3 12 14 54   2457460.83 2016  3 13  7 59
 2457461.55 2016  3 14  1  6   2457462.26 2016  3 14 18 12   2457462.97 2016  3 15 11 17
 2457463.68 2016  3 16  4 24   2457464.40 2016  3 16 21 30   2457465.11 2016  3 17 14 35
 2457465.82 2016  3 18  7 41   2457466.53 2016  3 19  0 48   2457467.25 2016  3 19 17 54
 2457467.96 2016  3 20 10 59   2457468.67 2016  3 21  4  6   2457469.38 2016  3 21 21 12
 2457470.10 2016  3 22 14 17   2457470.81 2016  3 23  7 24   2457471.52 2016  3 24  0 30
 2457472.23 2016  3 24 17 34   2457472.95 2016  3 25 10 42   2457473.66 2016  3 26  3 49
 2457474.37 2016  3 26 20 52   2457475.08 2016  3 27 14  0   2457475.80 2016  3 28  7  7
 2457476.51 2016  3 29  0 10   2457477.22 2016  3 29 17 18   2457477.93 2016  3 30 10 25
 2457478.64 2016  3 31  3 28   2457479.36 2016  3 31 20 36   2457480.07 2016  4  1 13 43
 2457480.78 2016  4  2  6 45   2457481.50 2016  4  2 23 54   2457482.21 2016  4  3 17  2
 2457482.92 2016  4  4 10  3   2457483.63 2016  4  5  3 12   2457484.35 2016  4  5 20 20
 2457485.06 2016  4  6 13 21   2457485.77 2016  4  7  6 30   2457486.49 2016  4  7 23 38
 2457487.19 2016  4  8 16 38   2457487.91 2016  4  9  9 48   2457488.62 2016  4 10  2 57
 2457489.33 2016  4 10 19 56   2457490.05 2016  4 11 13  6   2457490.76 2016  4 12  6 15
 2457491.47 2016  4 12 23 14   2457492.18 2016  4 13 16 24   2457492.90 2016  4 14  9 33
 2457493.61 2016  4 15  2 32   2457494.32 2016  4 15 19 42   2457495.04 2016  4 16 12 51
 2457495.74 2016  4 17  5 49   2457496.46 2016  4 17 23  0   2457497.17 2016  4 18 16 10
 2457497.88 2016  4 19  9  7   2457498.60 2016  4 20  2 18   2457499.31 2016  4 20 19 28
 2457500.02 2016  4 21 12 25   2457500.73 2016  4 22  5 36   2457501.45 2016  4 22 22 46
 2457502.15 2016  4 23 15 42   2457502.87 2016  4 24  8 54   2457503.59 2016  4 25  2  5
 2457504.29 2016  4 25 19  0   2457505.01 2016  4 26 12 12   2457505.72 2016  4 27  5 23
 2457506.43 2016  4 27 22 18   2457507.15 2016  4 28 15 30   2457507.86 2016  4 29  8 41
 2457508.57 2016  4 30  1 36   2457509.28 2016  4 30 18 48   2457510.00 2016  5  1 11 59
 2457510.70 2016  5  2  4 53   2457511.42 2016  5  2 22  6   2457512.14 2016  5  3 15 18
 2457512.84 2016  5  4  8 11   2457513.56 2016  5  5  1 24   2457514.28 2016  5  5 18 36
 2457514.98 2016  5  6 11 29   2457515.70 2016  5  7  4 42   2457516.41 2016  5  7 21 54
 2457517.12 2016  5  8 14 46   2457517.83 2016  5  9  8  0   2457518.55 2016  5 10  1 13
 2457519.25 2016  5 10 18  4   2457519.97 2016  5 11 11 18   2457520.69 2016  5 12  4 31
 2457521.39 2016  5 12 21 22   2457522.11 2016  5 13 14 36   2457522.83 2016  5 14  7 49
 2457523.53 2016  5 15  0 40   2457524.25 2016  5 15 17 54   2457524.96 2016  5 16 11  8
 2457525.67 2016  5 17  3 57   2457526.38 2016  5 17 21 12   2457527.10 2016  5 18 14 26
 2457527.80 2016  5 19  7 15   2457528.52 2016  5 20  0 30   2457529.24 2016  5 20 17 44
 2457529.94 2016  5 21 10 33   2457530.66 2016  5 22  3 48   2457531.38 2016  5 22 21  2
 2457532.08 2016  5 23 13 50   2457532.80 2016  5 24  7  6   2457533.51 2016  5 25  0 21
 2457534.21 2016  5 25 17  8   2457534.93 2016  5 26 10 24   2457535.65 2016  5 27  3 39
 2457536.35 2016  5 27 20 26   2457537.07 2016  5 28 13 42   2457537.79 2016  5 29  6 57
 2457538.49 2016  5 29 23 44   2457539.21 2016  5 30 17  0   2457539.93 2016  5 31 10 16
 2457540.63 2016  6  1  3  1   2457541.35 2016  6  1 20 18   2457542.07 2016  6  2 13 34
 2457542.76 2016  6  3  6 19   2457543.48 2016  6  3 23 36   2457544.20 2016  6  4 16 52
 2457544.90 2016  6  5  9 37   2457545.62 2016  6  6  2 54   2457546.34 2016  6  6 20 10
 2457547.04 2016  6  7 12 54   2457547.76 2016  6  8  6 12   2457548.48 2016  6  8 23 29
 2457549.18 2016  6  9 16 12   2457549.90 2016  6 10  9 30   2457550.62 2016  6 11  2 47
 2457551.31 2016  6 11 19 30   2457552.03 2016  6 12 12 48   2457552.75 2016  6 13  6  5
 2457553.45 2016  6 13 22 47   2457554.17 2016  6 14 16  6   2457554.89 2016  6 15  9 24
 2457555.59 2016  6 16  2  5   2457556.31 2016  6 16 19 24   2457557.03 2016  6 17 12 42
 2457557.72 2016  6 18  5 23   2457558.45 2016  6 18 22 42   2457559.17 2016  6 19 16  0
 2457559.86 2016  6 20  8 41   2457560.58 2016  6 21  2  0   2457561.30 2016  6 21 19 18
 2457562.00 2016  6 22 11 58   2457562.72 2016  6 23  5 18   2457563.44 2016  6 23 22 37
 2457564.14 2016  6 24 15 16   2457564.86 2016  6 25  8 36   2457565.58 2016  6 26  1 55
 2457566.27 2016  6 26 18 34   2457567.00 2016  6 27 11 54   2457567.72 2016  6 28  5 13
 2457568.41 2016  6 28 21 51   2457569.13 2016  6 29 15 12   2457569.86 2016  6 30  8 32
 2457570.55 2016  7  1  1  9   2457571.27 2016  7  1 18 30   2457571.99 2016  7  2 11 50
 2457572.69 2016  7  3  4 27   2457573.41 2016  7  3 21 48   2457574.13 2016  7  4 15  8
 2457574.82 2016  7  5  7 45   2457575.55 2016  7  6  1  6   2457576.27 2016  7  6 18 26
 2457576.96 2016  7  7 11  2   2457577.68 2016  7  8  4 24   2457578.41 2016  7  8 21 45
 2457579.10 2016  7  9 14 20   2457579.82 2016  7 10  7 42   2457580.54 2016  7 11  1  3
 2457581.23 2016  7 11 17 38   2457581.96 2016  7 12 11  0   2457582.68 2016  7 13  4 21
 2457583.37 2016  7 13 20 55   2457584.10 2016  7 14 14 18   2457584.82 2016  7 15  7 40
 2457585.51 2016  7 16  0 13   2457586.23 2016  7 16 17 36   2457586.96 2016  7 17 10 58
 2457587.65 2016  7 18  3 31   2457588.37 2016  7 18 20 54   2457589.09 2016  7 19 14 16
 2457589.78 2016  7 20  6 49   2457590.51 2016  7 21  0 12   2457591.23 2016  7 21 17 34
 2457591.92 2016  7 22 10  6   2457592.65 2016  7 23  3 30   2457593.37 2016  7 23 20 53
 2457594.06 2016  7 24 13 24   2457594.78 2016  7 25  6 48   2457595.51 2016  7 26  0 11
 2457596.20 2016  7 26 16 42   2457596.92 2016  7 27 10  6   2457597.65 2016  7 28  3 29
 2457598.33 2016  7 28 19 59   2457599.06 2016  7 29 13 24   2457599.78 2016  7 30  6 48
 2457600.47 2016  7 30 23 17   2457601.20 2016  7 31 16 42   2457601.92 2016  8  1 10  6
 2457602.61 2016  8  2  2 35   2457603.33 2016  8  2 20  0   2457604.06 2016  8  3 13 24
 2457604.75 2016  8  4  5 53   2457605.47 2016  8  4 23 18   2457606.20 2016  8  5 16 42
 2457606.88 2016  8  6  9 10   2457607.61 2016  8  7  2 36   2457608.33 2016  8  7 20  1
