 Predicted Transit Epochs: HD88133__ b

 Predicted Duration of a Central Transit:   320. Minutes

 Begin Transit Window           PREDICTED CENTRAL TRANSIT     End Transit Window
                                     All Times UT

                               HJD        Year M  D  H  M
 2454925.83 2009  4  4  8  1   2454926.60 2009  4  5  2 17   2454927.36 2009  4  5 20 33
 2454929.25 2009  4  7 17 59   2454930.01 2009  4  8 12 16   2454930.77 2009  4  9  6 33
 2454932.66 2009  4 11  3 57   2454933.43 2009  4 11 22 15   2454934.19 2009  4 12 16 32
 2454936.08 2009  4 14 13 55   2454936.84 2009  4 15  8 13   2454937.61 2009  4 16  2 32
 2454939.50 2009  4 17 23 53   2454940.26 2009  4 18 18 12   2454941.02 2009  4 19 12 32
 2454942.91 2009  4 21  9 51   2454943.67 2009  4 22  4 11   2454944.44 2009  4 22 22 32
 2454946.33 2009  4 24 19 49   2454947.09 2009  4 25 14 10   2454947.86 2009  4 26  8 31
 2454949.74 2009  4 28  5 47   2454950.51 2009  4 29  0  9   2454951.27 2009  4 29 18 31
 2454953.16 2009  5  1 15 45   2454953.92 2009  5  2 10  8   2454954.69 2009  5  3  4 31
 2454956.57 2009  5  5  1 43   2454957.34 2009  5  5 20  7   2454958.10 2009  5  6 14 30
 2454959.99 2009  5  8 11 41   2454960.75 2009  5  9  6  5   2454961.52 2009  5 10  0 30
 2454963.40 2009  5 11 21 39   2454964.17 2009  5 12 16  4   2454964.94 2009  5 13 10 30
 2454966.82 2009  5 15  7 37   2454967.59 2009  5 16  2  3   2454968.35 2009  5 16 20 29
 2454970.23 2009  5 18 17 35   2454971.00 2009  5 19 12  2   2454971.77 2009  5 20  6 29
 2454973.65 2009  5 22  3 33   2454974.42 2009  5 22 22  1   2454975.19 2009  5 23 16 29
 2454977.06 2009  5 25 13 31   2454977.83 2009  5 26  8  0   2454978.60 2009  5 27  2 29
 2454980.48 2009  5 28 23 29   2454981.25 2009  5 29 17 58   2454982.02 2009  5 30 12 28
 2454983.89 2009  6  1  9 27   2454984.67 2009  6  2  3 57   2454985.44 2009  6  2 22 28
 2454987.31 2009  6  4 19 25   2454988.08 2009  6  5 13 56   2454988.85 2009  6  6  8 28
 2454990.72 2009  6  8  5 23   2454991.50 2009  6  8 23 55   2454992.27 2009  6  9 18 27
 2454994.14 2009  6 11 15 21   2454994.91 2009  6 12  9 54   2454995.69 2009  6 13  4 27
 2454997.56 2009  6 15  1 19   2454998.33 2009  6 15 19 53   2454999.10 2009  6 16 14 27
 2455000.97 2009  6 18 11 17   2455001.74 2009  6 19  5 52   2455002.52 2009  6 20  0 26
 2455004.39 2009  6 21 21 15   2455005.16 2009  6 22 15 50   2455005.94 2009  6 23 10 26
 2455007.80 2009  6 25  7 13   2455008.58 2009  6 26  1 49   2455009.35 2009  6 26 20 26
 2455011.22 2009  6 28 17 11   2455011.99 2009  6 29 11 48   2455012.77 2009  6 30  6 26
 2455014.63 2009  7  2  3  9   2455015.41 2009  7  2 21 47   2455016.18 2009  7  3 16 25
 2455018.05 2009  7  5 13  7   2455018.82 2009  7  6  7 46   2455019.60 2009  7  7  2 25
 2455021.46 2009  7  8 23  5   2455022.24 2009  7  9 17 45   2455023.02 2009  7 10 12 25
 2455024.88 2009  7 12  9  3   2455025.66 2009  7 13  3 44   2455026.43 2009  7 13 22 24
 2455028.29 2009  7 15 19  1   2455029.07 2009  7 16 13 42   2455029.85 2009  7 17  8 24
 2455031.71 2009  7 19  4 59   2455032.49 2009  7 19 23 41   2455033.27 2009  7 20 18 24
 2455035.12 2009  7 22 14 57   2455035.90 2009  7 23  9 40   2455036.68 2009  7 24  4 24
 2455038.54 2009  7 26  0 55   2455039.32 2009  7 26 19 39   2455040.10 2009  7 27 14 23
 2455041.95 2009  7 29 10 53   2455042.73 2009  7 30  5 38   2455043.52 2009  7 31  0 23
 2455045.37 2009  8  1 20 51   2455046.15 2009  8  2 15 37   2455046.93 2009  8  3 10 23
 2455048.78 2009  8  5  6 49   2455049.57 2009  8  6  1 36   2455050.35 2009  8  6 20 22
 2455052.20 2009  8  8 16 47   2455052.98 2009  8  9 11 34   2455053.77 2009  8 10  6 22
 2455055.61 2009  8 12  2 45   2455056.40 2009  8 12 21 33   2455057.18 2009  8 13 16 22
 2455059.03 2009  8 15 12 43   2455059.81 2009  8 16  7 32   2455060.60 2009  8 17  2 21
 2455062.45 2009  8 18 22 41   2455063.23 2009  8 19 17 31   2455064.02 2009  8 20 12 21
 2455065.86 2009  8 22  8 39   2455066.65 2009  8 23  3 30   2455067.43 2009  8 23 22 21
 2455069.28 2009  8 25 18 37   2455070.06 2009  8 26 13 29   2455070.85 2009  8 27  8 21
 2455072.69 2009  8 29  4 35   2455073.48 2009  8 29 23 28   2455074.26 2009  8 30 18 20
 2455076.11 2009  9  1 14 33   2455076.89 2009  9  2  9 26   2455077.68 2009  9  3  4 20
 2455079.52 2009  9  5  0 31   2455080.31 2009  9  5 19 25   2455081.10 2009  9  6 14 20
 2455082.94 2009  9  8 10 29   2455083.73 2009  9  9  5 24   2455084.51 2009  9 10  0 19
 2455086.35 2009  9 11 20 27   2455087.14 2009  9 12 15 23   2455087.93 2009  9 13 10 19
 2455089.77 2009  9 15  6 25   2455090.56 2009  9 16  1 22   2455091.35 2009  9 16 20 19
 2455093.18 2009  9 18 16 23   2455093.97 2009  9 19 11 21   2455094.76 2009  9 20  6 18
 2455096.60 2009  9 22  2 21   2455097.39 2009  9 22 21 19   2455098.18 2009  9 23 16 18
 2455100.01 2009  9 25 12 19   2455100.80 2009  9 26  7 18   2455101.60 2009  9 27  2 18
 2455103.43 2009  9 28 22 17   2455104.22 2009  9 29 17 17   2455105.01 2009  9 30 12 18
 2455106.84 2009 10  2  8 15   2455107.64 2009 10  3  3 16   2455108.43 2009 10  3 22 17
 2455110.26 2009 10  5 18 13   2455111.05 2009 10  6 13 15   2455111.85 2009 10  7  8 17
 2455113.67 2009 10  9  4 11   2455114.47 2009 10  9 23 14   2455115.26 2009 10 10 18 17
 2455117.09 2009 10 12 14  9   2455117.88 2009 10 13  9 13   2455118.68 2009 10 14  4 16
 2455120.51 2009 10 16  0  7   2455121.30 2009 10 16 19 11   2455122.09 2009 10 17 14 16
 2455123.92 2009 10 19 10  5   2455124.72 2009 10 20  5 10   2455125.51 2009 10 21  0 16
 2455127.34 2009 10 22 20  3   2455128.13 2009 10 23 15  9   2455128.93 2009 10 24 10 15
 2455130.75 2009 10 26  6  1   2455131.55 2009 10 27  1  8   2455132.34 2009 10 27 20 15
 2455134.17 2009 10 29 15 59   2455134.96 2009 10 30 11  7   2455135.76 2009 10 31  6 15
 2455137.58 2009 11  2  1 57   2455138.38 2009 11  2 21  6   2455139.18 2009 11  3 16 15
 2455141.00 2009 11  5 11 55   2455141.80 2009 11  6  7  5   2455142.59 2009 11  7  2 14
 2455144.41 2009 11  8 21 53   2455145.21 2009 11  9 17  3   2455146.01 2009 11 10 12 14
 2455147.83 2009 11 12  7 51   2455148.63 2009 11 13  3  2   2455149.43 2009 11 13 22 14
 2455151.24 2009 11 15 17 49   2455152.04 2009 11 16 13  1   2455152.84 2009 11 17  8 13
 2455154.66 2009 11 19  3 47   2455155.46 2009 11 19 23  0   2455156.26 2009 11 20 18 13
 2455158.07 2009 11 22 13 45   2455158.87 2009 11 23  8 59   2455159.68 2009 11 24  4 13
 2455161.49 2009 11 25 23 43   2455162.29 2009 11 26 18 58   2455163.09 2009 11 27 14 12
 2455164.90 2009 11 29  9 41   2455165.71 2009 11 30  4 57   2455166.51 2009 12  1  0 12
 2455168.32 2009 12  2 19 39   2455169.12 2009 12  3 14 55   2455169.93 2009 12  4 10 12
 2455171.73 2009 12  6  5 37   2455172.54 2009 12  7  0 54   2455173.34 2009 12  7 20 12
 2455175.15 2009 12  9 15 35   2455175.95 2009 12 10 10 53   2455176.76 2009 12 11  6 11
 2455178.56 2009 12 13  1 33   2455179.37 2009 12 13 20 52   2455180.17 2009 12 14 16 11
 2455181.98 2009 12 16 11 31   2455182.79 2009 12 17  6 51   2455183.59 2009 12 18  2 11
 2455185.40 2009 12 19 21 29   2455186.20 2009 12 20 16 50   2455187.01 2009 12 21 12 10
 2455188.81 2009 12 23  7 27   2455189.62 2009 12 24  2 49   2455190.42 2009 12 24 22 10
 2455192.23 2009 12 26 17 25   2455193.03 2009 12 27 12 47   2455193.84 2009 12 28  8 10
 2455195.64 2009 12 30  3 23   2455196.45 2009 12 30 22 46   2455197.26 2009 12 31 18 10
 2455199.06 2010  1  2 13 21   2455199.86 2010  1  3  8 45   2455200.67 2010  1  4  4  9
 2455202.47 2010  1  5 23 19   2455203.28 2010  1  6 18 44   2455204.09 2010  1  7 14  9
 2455205.89 2010  1  9  9 17   2455206.70 2010  1 10  4 43   2455207.51 2010  1 11  0  9
 2455209.30 2010  1 12 19 15   2455210.11 2010  1 13 14 42   2455210.92 2010  1 14 10  8
 2455212.72 2010  1 16  5 13   2455213.53 2010  1 17  0 40   2455214.34 2010  1 17 20  8
 2455216.13 2010  1 19 15 11   2455216.94 2010  1 20 10 39   2455217.76 2010  1 21  6  8
 2455219.55 2010  1 23  1  9   2455220.36 2010  1 23 20 38   2455221.17 2010  1 24 16  7
 2455222.96 2010  1 26 11  7   2455223.78 2010  1 27  6 37   2455224.59 2010  1 28  2  7
 2455226.38 2010  1 29 21  5   2455227.19 2010  1 30 16 36   2455228.01 2010  1 31 12  7
 2455229.79 2010  2  2  7  3   2455230.61 2010  2  3  2 35   2455231.42 2010  2  3 22  7
 2455233.21 2010  2  5 17  1   2455234.02 2010  2  6 12 34   2455234.84 2010  2  7  8  6
 2455236.62 2010  2  9  2 59   2455237.44 2010  2  9 22 32   2455238.25 2010  2 10 18  6
 2455240.04 2010  2 12 12 57   2455240.86 2010  2 13  8 31   2455241.67 2010  2 14  4  6
 2455243.46 2010  2 15 22 55   2455244.27 2010  2 16 18 30   2455245.09 2010  2 17 14  5
 2455246.87 2010  2 19  8 53   2455247.69 2010  2 20  4 29   2455248.50 2010  2 21  0  5
 2455250.29 2010  2 22 18 51   2455251.10 2010  2 23 14 28   2455251.92 2010  2 24 10  5
 2455253.70 2010  2 26  4 49   2455254.52 2010  2 27  0 27   2455255.34 2010  2 27 20  4
 2455257.12 2010  3  1 14 47   2455257.93 2010  3  2 10 26   2455258.75 2010  3  3  6  4
 2455260.53 2010  3  5  0 45   2455261.35 2010  3  5 20 24   2455262.17 2010  3  6 16  4
 2455263.95 2010  3  8 10 43   2455264.77 2010  3  9  6 23   2455265.59 2010  3 10  2  4
 2455267.36 2010  3 11 20 41   2455268.18 2010  3 12 16 22   2455269.00 2010  3 13 12  3
 2455270.78 2010  3 15  6 39   2455271.60 2010  3 16  2 21   2455272.42 2010  3 16 22  3
 2455274.19 2010  3 18 16 37   2455275.01 2010  3 19 12 20   2455275.84 2010  3 20  8  3
 2455277.61 2010  3 22  2 35   2455278.43 2010  3 22 22 19   2455279.25 2010  3 23 18  2
 2455281.02 2010  3 25 12 33   2455281.85 2010  3 26  8 18   2455282.67 2010  3 27  4  2
 2455284.44 2010  3 28 22 31   2455285.26 2010  3 29 18 16   2455286.08 2010  3 30 14  2
 2455287.85 2010  4  1  8 29   2455288.68 2010  4  2  4 15   2455289.50 2010  4  3  0  1
 2455291.27 2010  4  4 18 27   2455292.09 2010  4  5 14 14   2455292.92 2010  4  6 10  1
 2455294.68 2010  4  8  4 25   2455295.51 2010  4  9  0 13   2455296.33 2010  4  9 20  1
 2455298.10 2010  4 11 14 23   2455298.93 2010  4 12 10 12   2455299.75 2010  4 13  6  1
 2455301.51 2010  4 15  0 21   2455302.34 2010  4 15 20 11   2455303.17 2010  4 16 16  0
 2455304.93 2010  4 18 10 19   2455305.76 2010  4 19  6 10   2455306.58 2010  4 20  2  0
 2455308.35 2010  4 21 20 17   2455309.17 2010  4 22 16  8   2455310.00 2010  4 23 12  0
 2455311.76 2010  4 25  6 15   2455312.59 2010  4 26  2  7   2455313.42 2010  4 26 21 59
 2455315.18 2010  4 28 16 13   2455316.00 2010  4 29 12  6   2455316.83 2010  4 30  7 59
 2455318.59 2010  5  2  2 11   2455319.42 2010  5  2 22  5   2455320.25 2010  5  3 17 59
 2455322.01 2010  5  5 12  9   2455322.84 2010  5  6  8  4   2455323.67 2010  5  7  3 59
 2455325.42 2010  5  8 22  7   2455326.25 2010  5  9 18  3   2455327.08 2010  5 10 13 58
 2455328.84 2010  5 12  8  5   2455329.67 2010  5 13  4  1   2455330.50 2010  5 13 23 58
 2455332.25 2010  5 15 18  3   2455333.08 2010  5 16 14  0   2455333.92 2010  5 17  9 58
 2455335.67 2010  5 19  4  1   2455336.50 2010  5 19 23 59   2455337.33 2010  5 20 19 57
 2455339.08 2010  5 22 13 59   2455339.92 2010  5 23  9 58   2455340.75 2010  5 24  5 57
 2455342.50 2010  5 25 23 57   2455343.33 2010  5 26 19 57   2455344.16 2010  5 27 15 57
 2455345.91 2010  5 29  9 55   2455346.75 2010  5 30  5 56   2455347.58 2010  5 31  1 56
 2455349.33 2010  6  1 19 53   2455350.16 2010  6  2 15 55   2455351.00 2010  6  3 11 56
 2455352.74 2010  6  5  5 51   2455353.58 2010  6  6  1 53   2455354.41 2010  6  6 21 56
 2455356.16 2010  6  8 15 49   2455357.00 2010  6  9 11 52   2455357.83 2010  6 10  7 56
 2455359.57 2010  6 12  1 47   2455360.41 2010  6 12 21 51   2455361.25 2010  6 13 17 55
 2455362.99 2010  6 15 11 45   2455363.83 2010  6 16  7 50   2455364.66 2010  6 17  3 55
 2455366.41 2010  6 18 21 43   2455367.24 2010  6 19 17 49   2455368.08 2010  6 20 13 55
 2455369.82 2010  6 22  7 41   2455370.66 2010  6 23  3 48   2455371.50 2010  6 23 23 54
 2455373.24 2010  6 25 17 39   2455374.07 2010  6 26 13 47   2455374.91 2010  6 27  9 54
 2455376.65 2010  6 29  3 37   2455377.49 2010  6 29 23 45   2455378.33 2010  6 30 19 54
 2455380.07 2010  7  2 13 35   2455380.91 2010  7  3  9 44   2455381.75 2010  7  4  5 53
 2455383.48 2010  7  5 23 33   2455384.32 2010  7  6 19 43   2455385.16 2010  7  7 15 53
 2455386.90 2010  7  9  9 31   2455387.74 2010  7 10  5 42   2455388.58 2010  7 11  1 53
 2455390.31 2010  7 12 19 29   2455391.15 2010  7 13 15 41   2455392.00 2010  7 14 11 53
 2455393.73 2010  7 16  5 27   2455394.57 2010  7 17  1 40   2455395.41 2010  7 17 21 52
 2455397.14 2010  7 19 15 25   2455397.99 2010  7 20 11 39   2455398.83 2010  7 21  7 52
 2455400.56 2010  7 23  1 23   2455401.40 2010  7 23 21 37   2455402.24 2010  7 24 17 52
 2455403.97 2010  7 26 11 21   2455404.82 2010  7 27  7 36   2455405.66 2010  7 28  3 51
 2455407.39 2010  7 29 21 19   2455408.23 2010  7 30 17 35   2455409.08 2010  7 31 13 51
 2455410.80 2010  8  2  7 17   2455411.65 2010  8  3  3 34   2455412.49 2010  8  3 23 51
 2455414.22 2010  8  5 17 15   2455415.06 2010  8  6 13 33   2455415.91 2010  8  7  9 50
 2455417.63 2010  8  9  3 13   2455418.48 2010  8  9 23 32   2455419.33 2010  8 10 19 50
 2455421.05 2010  8 12 13 11   2455421.90 2010  8 13  9 31   2455422.74 2010  8 14  5 50
 2455424.47 2010  8 15 23  9   2455425.31 2010  8 16 19 29   2455426.16 2010  8 17 15 50
 2455427.88 2010  8 19  9  7   2455428.73 2010  8 20  5 28   2455429.58 2010  8 21  1 49
 2455431.30 2010  8 22 19  5   2455432.14 2010  8 23 15 27   2455432.99 2010  8 24 11 49
 2455434.71 2010  8 26  5  3   2455435.56 2010  8 27  1 26   2455436.41 2010  8 27 21 49
 2455438.13 2010  8 29 15  1   2455438.98 2010  8 30 11 25   2455439.83 2010  8 31  7 48
 2455441.54 2010  9  2  0 59   2455442.39 2010  9  2 21 24   2455443.24 2010  9  3 17 48
 2455444.96 2010  9  5 10 57   2455445.81 2010  9  6  7 22   2455446.66 2010  9  7  3 48
 2455448.37 2010  9  8 20 55   2455449.22 2010  9  9 17 21   2455450.07 2010  9 10 13 47
 2455451.79 2010  9 12  6 53   2455452.64 2010  9 13  3 20   2455453.49 2010  9 13 23 47
 2455455.20 2010  9 15 16 51   2455456.06 2010  9 16 13 19   2455456.91 2010  9 17  9 47
 2455458.62 2010  9 19  2 49   2455459.47 2010  9 19 23 18   2455460.32 2010  9 20 19 47
 2455462.03 2010  9 22 12 47   2455462.89 2010  9 23  9 17   2455463.74 2010  9 24  5 46
 2455465.45 2010  9 25 22 45   2455466.30 2010  9 26 19 16   2455467.16 2010  9 27 15 46
 2455468.86 2010  9 29  8 43   2455469.72 2010  9 30  5 14   2455470.57 2010 10  1  1 46
 2455472.28 2010 10  2 18 41   2455473.13 2010 10  3 15 13   2455473.99 2010 10  4 11 45
 2455475.69 2010 10  6  4 39   2455476.55 2010 10  7  1 12   2455477.41 2010 10  7 21 45
 2455479.11 2010 10  9 14 37   2455479.97 2010 10 10 11 11   2455480.82 2010 10 11  7 45
 2455482.52 2010 10 13  0 35   2455483.38 2010 10 13 21 10   2455484.24 2010 10 14 17 45
 2455485.94 2010 10 16 10 33   2455486.80 2010 10 17  7  9   2455487.66 2010 10 18  3 44
 2455489.36 2010 10 19 20 31   2455490.21 2010 10 20 17  8   2455491.07 2010 10 21 13 44
 2455492.77 2010 10 23  6 29   2455493.63 2010 10 24  3  6   2455494.49 2010 10 24 23 44
 2455496.19 2010 10 26 16 27   2455497.05 2010 10 27 13  5   2455497.91 2010 10 28  9 43
 2455499.60 2010 10 30  2 25   2455500.46 2010 10 30 23  4   2455501.32 2010 10 31 19 43
 2455503.02 2010 11  2 12 23   2455503.88 2010 11  3  9  3   2455504.74 2010 11  4  5 43
 2455506.43 2010 11  5 22 21   2455507.29 2010 11  6 19  2   2455508.15 2010 11  7 15 42
 2455509.85 2010 11  9  8 19   2455510.71 2010 11 10  5  1   2455511.57 2010 11 11  1 42
 2455513.26 2010 11 12 18 17   2455514.13 2010 11 13 15  0   2455514.99 2010 11 14 11 42
 2455516.68 2010 11 16  4 15   2455517.54 2010 11 17  0 58   2455518.40 2010 11 17 21 42
 2455520.09 2010 11 19 14 13   2455520.96 2010 11 20 10 57   2455521.82 2010 11 21  7 41
 2455523.51 2010 11 23  0 11   2455524.37 2010 11 23 20 56   2455525.24 2010 11 24 17 41
 2455526.92 2010 11 26 10  9   2455527.79 2010 11 27  6 55   2455528.65 2010 11 28  3 41
 2455530.34 2010 11 29 20  7   2455531.20 2010 11 30 16 54   2455532.07 2010 12  1 13 40
 2455533.75 2010 12  3  6  5   2455534.62 2010 12  4  2 53   2455535.49 2010 12  4 23 40
 2455537.17 2010 12  6 16  3   2455538.04 2010 12  7 12 52   2455538.90 2010 12  8  9 40
 2455540.58 2010 12 10  2  1   2455541.45 2010 12 10 22 50   2455542.32 2010 12 11 19 39
 2455544.00 2010 12 13 11 59   2455544.87 2010 12 14  8 49   2455545.74 2010 12 15  5 39
 2455547.42 2010 12 16 21 57   2455548.28 2010 12 17 18 48   2455549.15 2010 12 18 15 39
 2455550.83 2010 12 20  7 55   2455551.70 2010 12 21  4 47   2455552.57 2010 12 22  1 39
 2455554.25 2010 12 23 17 53   2455555.12 2010 12 24 14 46   2455555.99 2010 12 25 11 38
 2455557.66 2010 12 27  3 51   2455558.53 2010 12 28  0 45   2455559.40 2010 12 28 21 38
 2455561.08 2010 12 30 13 49   2455561.95 2010 12 31 10 43   2455562.82 2011  1  1  7 38
 2455564.49 2011  1  2 23 47   2455565.36 2011  1  3 20 42   2455566.23 2011  1  4 17 37
 2455567.91 2011  1  6  9 45   2455568.78 2011  1  7  6 41   2455569.65 2011  1  8  3 37
 2455571.32 2011  1  9 19 43   2455572.19 2011  1 10 16 40   2455573.07 2011  1 11 13 37
 2455574.74 2011  1 13  5 41   2455575.61 2011  1 14  2 39   2455576.48 2011  1 14 23 36
 2455578.15 2011  1 16 15 39   2455579.03 2011  1 17 12 38   2455579.90 2011  1 18  9 36
 2455581.57 2011  1 20  1 37   2455582.44 2011  1 20 22 37   2455583.32 2011  1 21 19 36
 2455584.98 2011  1 23 11 35   2455585.86 2011  1 24  8 35   2455586.73 2011  1 25  5 36
 2455588.40 2011  1 26 21 33   2455589.27 2011  1 27 18 34   2455590.15 2011  1 28 15 35
 2455591.81 2011  1 30  7 31   2455592.69 2011  1 31  4 33   2455593.57 2011  2  1  1 35
 2455595.23 2011  2  2 17 29   2455596.11 2011  2  3 14 32   2455596.98 2011  2  4 11 35
 2455598.64 2011  2  6  3 27   2455599.52 2011  2  7  0 31   2455600.40 2011  2  7 21 34
 2455602.06 2011  2  9 13 25   2455602.94 2011  2 10 10 30   2455603.82 2011  2 11  7 34
 2455605.47 2011  2 12 23 23   2455606.35 2011  2 13 20 29   2455607.23 2011  2 14 17 34
 2455608.89 2011  2 16  9 21   2455609.77 2011  2 17  6 27   2455610.65 2011  2 18  3 34
 2455612.31 2011  2 19 19 19   2455613.19 2011  2 20 16 26   2455614.07 2011  2 21 13 33
 2455615.72 2011  2 23  5 17   2455616.60 2011  2 24  2 25   2455617.48 2011  2 24 23 33
 2455619.14 2011  2 26 15 15   2455620.02 2011  2 27 12 24   2455620.90 2011  2 28  9 33
 2455622.55 2011  3  2  1 13   2455623.43 2011  3  2 22 23   2455624.31 2011  3  3 19 32
 2455625.97 2011  3  5 11 11   2455626.85 2011  3  6  8 22   2455627.73 2011  3  7  5 32
 2455629.38 2011  3  8 21  9   2455630.26 2011  3  9 18 21   2455631.15 2011  3 10 15 32
 2455632.80 2011  3 12  7  7   2455633.68 2011  3 13  4 19   2455634.56 2011  3 14  1 31
 2455636.21 2011  3 15 17  5   2455637.10 2011  3 16 14 18   2455637.98 2011  3 17 11 31
 2455639.63 2011  3 19  3  3   2455640.51 2011  3 20  0 17   2455641.40 2011  3 20 21 31
 2455643.04 2011  3 22 13  1   2455643.93 2011  3 23 10 16   2455644.81 2011  3 24  7 31
 2455646.46 2011  3 25 22 59   2455647.34 2011  3 26 20 15   2455648.23 2011  3 27 17 30
 2455649.87 2011  3 29  8 57   2455650.76 2011  3 30  6 14   2455651.65 2011  3 31  3 30
 2455653.29 2011  4  1 18 55   2455654.18 2011  4  2 16 12   2455655.06 2011  4  3 13 30
 2455656.70 2011  4  5  4 53   2455657.59 2011  4  6  2 11   2455658.48 2011  4  6 23 29
 2455660.12 2011  4  8 14 51   2455661.01 2011  4  9 12 10   2455661.90 2011  4 10  9 29
 2455663.53 2011  4 12  0 49   2455664.42 2011  4 12 22  9   2455665.31 2011  4 13 19 29
 2455666.95 2011  4 15 10 47   2455667.84 2011  4 16  8  8   2455668.73 2011  4 17  5 28
 2455670.37 2011  4 18 20 45   2455671.26 2011  4 19 18  7   2455672.14 2011  4 20 15 28
 2455673.78 2011  4 22  6 43   2455674.67 2011  4 23  4  6   2455675.56 2011  4 24  1 28
 2455677.20 2011  4 25 16 41   2455678.09 2011  4 26 14  4   2455678.98 2011  4 27 11 28
 2455680.61 2011  4 29  2 39   2455681.50 2011  4 30  0  3   2455682.39 2011  4 30 21 27
 2455684.03 2011  5  2 12 37   2455684.92 2011  5  3 10  2   2455685.81 2011  5  4  7 27
 2455687.44 2011  5  5 22 35   2455688.33 2011  5  6 20  1   2455689.23 2011  5  7 17 27
 2455690.86 2011  5  9  8 33   2455691.75 2011  5 10  6  0   2455692.64 2011  5 11  3 26
 2455694.27 2011  5 12 18 31   2455695.17 2011  5 13 15 59   2455696.06 2011  5 14 13 26
 2455697.69 2011  5 16  4 29   2455698.58 2011  5 17  1 58   2455699.48 2011  5 17 23 26
 2455701.10 2011  5 19 14 27   2455702.00 2011  5 20 11 56   2455702.89 2011  5 21  9 25
 2455704.52 2011  5 23  0 25   2455705.41 2011  5 23 21 55   2455706.31 2011  5 24 19 25
 2455707.93 2011  5 26 10 23   2455708.83 2011  5 27  7 54   2455709.73 2011  5 28  5 25
 2455711.35 2011  5 29 20 21   2455712.25 2011  5 30 17 53   2455713.14 2011  5 31 15 25
 2455714.76 2011  6  2  6 19   2455715.66 2011  6  3  3 52   2455716.56 2011  6  4  1 24
 2455718.18 2011  6  5 16 17   2455719.08 2011  6  6 13 51   2455719.98 2011  6  7 11 24
 2455721.59 2011  6  9  2 15   2455722.49 2011  6  9 23 50   2455723.39 2011  6 10 21 24
 2455725.01 2011  6 12 12 13   2455725.91 2011  6 13  9 48   2455726.81 2011  6 14  7 23
 2455728.42 2011  6 15 22 11   2455729.32 2011  6 16 19 47   2455730.22 2011  6 17 17 23
 2455731.84 2011  6 19  8  9   2455732.74 2011  6 20  5 46   2455733.64 2011  6 21  3 23
 2455735.26 2011  6 22 18  7   2455736.16 2011  6 23 15 45   2455737.06 2011  6 24 13 23
 2455738.67 2011  6 26  4  5   2455739.57 2011  6 27  1 44   2455740.47 2011  6 27 23 22
 2455742.09 2011  6 29 14  3   2455742.99 2011  6 30 11 43   2455743.89 2011  7  1  9 22
 2455745.50 2011  7  3  0  1   2455746.40 2011  7  3 21 42   2455747.31 2011  7  4 19 22
 2455748.92 2011  7  6  9 59   2455749.82 2011  7  7  7 40   2455750.72 2011  7  8  5 21
 2455752.33 2011  7  9 19 57   2455753.24 2011  7 10 17 39   2455754.14 2011  7 11 15 21
 2455755.75 2011  7 13  5 55   2455756.65 2011  7 14  3 38   2455757.56 2011  7 15  1 21
 2455759.16 2011  7 16 15 53   2455760.07 2011  7 17 13 37   2455760.97 2011  7 18 11 20
 2455762.58 2011  7 20  1 51   2455763.48 2011  7 20 23 36   2455764.39 2011  7 21 21 20
 2455765.99 2011  7 23 11 49   2455766.90 2011  7 24  9 35   2455767.81 2011  7 25  7 20
 2455769.41 2011  7 26 21 47   2455770.32 2011  7 27 19 33   2455771.22 2011  7 28 17 20
 2455772.82 2011  7 30  7 45   2455773.73 2011  7 31  5 32   2455774.64 2011  8  1  3 19
 2455776.24 2011  8  2 17 43   2455777.15 2011  8  3 15 31   2455778.06 2011  8  4 13 19
