 Predicted Transit Epochs: HD89744__ b

 Predicted Duration of a Central Transit:    13.   Hours

 Begin Transit Window           PREDICTED CENTRAL TRANSIT     End Transit Window
                                     All Times UT

                               HJD        Year M  D  H  M
 2456852.12 2014  7 13 14 45   2456873.51 2014  8  4  0 21   2456894.91 2014  8 25  9 57
 2457107.72 2015  3 26  5 16   2457130.12 2015  4 17 14 52   2457152.52 2015  5 10  0 28
 2457363.33 2015 12  6 19 48   2457386.72 2015 12 30  5 23   2457410.12 2016  1 22 14 59
 2457618.93 2016  8 18 10 19   2457643.33 2016  9 11 19 55   2457667.73 2016 10  6  5 30
 2457874.54 2017  5  1  0 50   2457899.93 2017  5 26 10 26   2457925.33 2017  6 20 20  2
 2458130.14 2018  1 11 15 21   2458156.54 2018  2  7  0 57   2458182.94 2018  3  5 10 33
 2458385.75 2018  9 24  5 52   2458413.14 2018 10 21 15 28   2458440.54 2018 11 18  1  4
 2458641.35 2019  6  6 20 24   2458669.75 2019  7  5  5 59   2458698.15 2019  8  2 15 35
 2458896.96 2020  2 17 10 55   2458926.35 2020  3 17 20 31   2458955.75 2020  4 16  6  6
 2459152.56 2020 10 30  1 26   2459182.96 2020 11 29 11  2   2459213.36 2020 12 29 20 38
 2459408.17 2021  7 12 15 57   2459439.56 2021  8 13  1 33   2459470.96 2021  9 13 11  9
 2459663.77 2022  3 25  6 28   2459696.17 2022  4 26 16  4   2459728.57 2022  5 29  1 40
 2459919.38 2022 12  5 21  0   2459952.77 2023  1  8  6 35   2459986.17 2023  2 10 16 11
 2460174.98 2023  8 18 11 31   2460209.38 2023  9 21 21  7   2460243.78 2023 10 26  6 42
 2460430.59 2024  4 30  2  2   2460465.98 2024  6  4 11 38   2460501.38 2024  7  9 21 14
 2460686.19 2025  1 10 16 33   2460722.59 2025  2 16  2  9   2460758.99 2025  3 24 11 45
 2460941.80 2025  9 23  7  4   2460979.19 2025 10 30 16 40   2461016.59 2025 12  7  2 16
 2461197.40 2026  6  5 21 36   2461235.80 2026  7 14  7 11   2461274.20 2026  8 21 16 47
 2461453.01 2027  2 16 12  7   2461492.40 2027  3 27 21 43   2461531.80 2027  5  6  7 18
 2461708.61 2027 10 30  2 38   2461749.01 2027 12  9 12 14   2461789.41 2028  1 18 21 50
 2461964.22 2028  7 11 17  9   2462005.61 2028  8 22  2 45   2462047.01 2028 10  2 12 21
 2462219.82 2029  3 24  7 40   2462262.22 2029  5  5 17 16   2462304.62 2029  6 17  2 52
 2462475.43 2029 12  4 22 12   2462518.82 2030  1 17  7 47   2462562.22 2030  3  1 17 23
 2462731.03 2030  8 17 12 43   2462775.43 2030  9 30 22 19   2462819.83 2030 11 14  7 54
 2462986.64 2031  4 30  3 14   2463032.03 2031  6 14 12 50   2463077.43 2031  7 29 22 26
 2463242.24 2032  1 10 17 45   2463288.64 2032  2 26  3 21   2463335.04 2032  4 12 12 57
 2463497.85 2032  9 22  8 16   2463545.24 2032 11  8 17 52   2463592.64 2032 12 26  3 28
 2463753.45 2033  6  4 22 48   2463801.85 2033  7 23  8 23   2463850.25 2033  9  9 17 59
 2464009.06 2034  2 15 13 19   2464058.45 2034  4  5 22 55   2464107.85 2034  5 25  8 30
 2464264.66 2034 10 29  3 50   2464315.06 2034 12 18 13 26   2464365.46 2035  2  6 23  2
