 Predicted Transit Epochs: HD92788__ b

 Predicted Duration of a Central Transit:    21.   Hours

 Begin Transit Window           PREDICTED CENTRAL TRANSIT     End Transit Window
                                     All Times UT

                               HJD        Year M  D  H  M
 2456749.41 2014  4  1 21 46   2456762.06 2014  4 14 13 29   2456774.72 2014  4 27  5 11
 2457073.91 2015  2 20  9 46   2457087.06 2015  3  5 13 29   2457100.22 2015  3 18 17 11
 2457398.41 2016  1 10 21 46   2457412.06 2016  1 24 13 29   2457425.72 2016  2  7  5 11
 2457722.91 2016 11 30  9 46   2457737.06 2016 12 14 13 29   2457751.22 2016 12 28 17 11
 2458047.41 2017 10 20 21 46   2458062.06 2017 11  4 13 29   2458076.72 2017 11 19  5 11
 2458371.91 2018  9 10  9 46   2458387.06 2018  9 25 13 29   2458402.22 2018 10 10 17 11
 2458696.41 2019  7 31 21 46   2458712.06 2019  8 16 13 29   2458727.72 2019  9  1  5 11
 2459020.91 2020  6 20  9 46   2459037.06 2020  7  6 13 29   2459053.22 2020  7 22 17 11
 2459345.41 2021  5 10 21 46   2459362.06 2021  5 27 13 29   2459378.72 2021  6 13  5 11
 2459669.91 2022  3 31  9 46   2459687.06 2022  4 17 13 29   2459704.22 2022  5  4 17 11
 2459994.41 2023  2 18 21 46   2460012.06 2023  3  8 13 29   2460029.72 2023  3 26  5 11
 2460318.91 2024  1  9  9 46   2460337.06 2024  1 27 13 29   2460355.22 2024  2 14 17 11
 2460643.41 2024 11 28 21 46   2460662.06 2024 12 17 13 29   2460680.72 2025  1  5  5 11
 2460967.91 2025 10 19  9 46   2460987.06 2025 11  7 13 29   2461006.22 2025 11 26 17 11
 2461292.41 2026  9  8 21 46   2461312.06 2026  9 28 13 29   2461331.72 2026 10 18  5 11
 2461616.91 2027  7 30  9 46   2461637.06 2027  8 19 13 29   2461657.22 2027  9  8 17 11
 2461941.41 2028  6 18 21 46   2461962.06 2028  7  9 13 29   2461982.72 2028  7 30  5 11
 2462265.91 2029  5  9  9 46   2462287.06 2029  5 30 13 29   2462308.22 2029  6 20 17 11
 2462590.41 2030  3 29 21 46   2462612.06 2030  4 20 13 29   2462633.72 2030  5 12  5 11
 2462914.91 2031  2 17  9 46   2462937.06 2031  3 11 13 29   2462959.22 2031  4  2 17 11
 2463239.41 2032  1  7 21 46   2463262.06 2032  1 30 13 29   2463284.72 2032  2 22  5 11
 2463563.91 2032 11 27  9 46   2463587.06 2032 12 20 13 29   2463610.22 2033  1 12 17 11
 2463888.41 2033 10 17 21 46   2463912.06 2033 11 10 13 29   2463935.72 2033 12  4  5 11
 2464212.91 2034  9  7  9 46   2464237.06 2034 10  1 13 29   2464261.22 2034 10 25 17 11
