 Predicted Transit Epochs: HD93083__ b

 Predicted Duration of a Central Transit:     9.   Hours

 Begin Transit Window           PREDICTED CENTRAL TRANSIT     End Transit Window
                                     All Times UT

                               HJD        Year M  D  H  M
 2454934.58 2009  4 13  1 57   2454945.13 2009  4 23 15 12   2454955.69 2009  5  4  4 28
 2455077.56 2009  9  3  1 28   2455088.71 2009  9 14  5  8   2455099.87 2009  9 25  8 47
 2455220.54 2010  1 24  0 59   2455232.29 2010  2  4 19  3   2455244.05 2010  2 16 13  6
 2455363.52 2010  6 16  0 31   2455375.87 2010  6 28  8 58   2455388.23 2010  7 10 17 25
 2455506.50 2010 11  6  0  2   2455519.45 2010 11 18 22 53   2455532.41 2010 12  1 21 45
 2455649.48 2011  3 28 23 33   2455663.03 2011  4 11 12 48   2455676.59 2011  4 25  2  4
 2455792.46 2011  8 18 23  4   2455806.61 2011  9  2  2 44   2455820.77 2011  9 16  6 23
 2455935.44 2012  1  8 22 35   2455950.19 2012  1 23 16 39   2455964.95 2012  2  7 10 42
 2456078.42 2012  5 30 22  7   2456093.77 2012  6 15  6 34   2456109.13 2012  6 30 15  1
 2456221.40 2012 10 20 21 38   2456237.35 2012 11  5 20 29   2456253.31 2012 11 21 19 21
 2456364.38 2013  3 12 21  9   2456380.93 2013  3 29 10 24   2456397.49 2013  4 14 23 40
 2456507.36 2013  8  2 20 40   2456524.51 2013  8 20  0 20   2456541.67 2013  9  6  3 59
 2456650.34 2013 12 23 20 11   2456668.09 2014  1 10 14 15   2456685.85 2014  1 28  8 18
 2456793.32 2014  5 15 19 43   2456811.67 2014  6  3  4 10   2456830.03 2014  6 21 12 37
 2456936.30 2014 10  5 19 14   2456955.25 2014 10 24 18  5   2456974.21 2014 11 12 16 57
 2457079.28 2015  2 25 18 45   2457098.83 2015  3 17  8  0   2457118.39 2015  4  5 21 16
 2457222.26 2015  7 18 18 16   2457242.41 2015  8  7 21 56   2457262.57 2015  8 28  1 35
 2457365.24 2015 12  8 17 47   2457385.99 2015 12 29 11 51   2457406.75 2016  1 19  5 54
 2457508.22 2016  4 29 17 19   2457529.57 2016  5 21  1 46   2457550.93 2016  6 11 10 13
 2457651.20 2016  9 19 16 50   2457673.15 2016 10 11 15 41   2457695.11 2016 11  2 14 33
 2457794.18 2017  2  9 16 21   2457816.73 2017  3  4  5 36   2457839.29 2017  3 26 18 52
 2457937.16 2017  7  2 15 52   2457960.31 2017  7 25 19 32   2457983.47 2017  8 17 23 11
 2458080.14 2017 11 22 15 23   2458103.89 2017 12 16  9 27   2458127.65 2018  1  9  3 30
 2458223.12 2018  4 14 14 55   2458247.47 2018  5  8 23 22   2458271.83 2018  6  2  7 49
 2458366.10 2018  9  4 14 26   2458391.05 2018  9 29 13 17   2458416.01 2018 10 24 12  9
 2458509.08 2019  1 25 13 57   2458534.63 2019  2 20  3 12   2458560.19 2019  3 17 16 28
 2458652.06 2019  6 17 13 28   2458678.21 2019  7 13 17  8   2458704.37 2019  8  8 20 47
 2458795.04 2019 11  7 12 59   2458821.79 2019 12  4  7  3   2458848.55 2019 12 31  1  6
 2458938.02 2020  3 29 12 31   2458965.37 2020  4 25 20 58   2458992.73 2020  5 23  5 25
 2459081.00 2020  8 19 12  2   2459108.95 2020  9 16 10 53   2459136.91 2020 10 14  9 45
 2459223.98 2021  1  9 11 33   2459252.53 2021  2  7  0 48   2459281.09 2021  3  7 14  4
 2459366.96 2021  6  1 11  4   2459396.11 2021  6 30 14 44   2459425.27 2021  7 29 18 23
 2459509.94 2021 10 22 10 35   2459539.69 2021 11 21  4 39   2459569.45 2021 12 20 22 42
 2459652.92 2022  3 14 10  7   2459683.27 2022  4 13 18 34   2459713.63 2022  5 14  3  1
 2459795.90 2022  8  4  9 38   2459826.85 2022  9  4  8 29   2459857.81 2022 10  5  7 21
 2459938.88 2022 12 25  9  9   2459970.43 2023  1 25 22 24   2460001.99 2023  2 26 11 40
 2460081.86 2023  5 17  8 40   2460114.01 2023  6 18 12 20   2460146.17 2023  7 20 15 59
 2460224.84 2023 10  7  8 11   2460257.59 2023 11  9  2 15   2460290.35 2023 12 11 20 18
 2460367.82 2024  2 27  7 43   2460401.17 2024  3 31 16 10   2460434.53 2024  5  4  0 37
 2460510.80 2024  7 19  7 14   2460544.75 2024  8 22  6  5   2460578.71 2024  9 25  4 57
 2460653.78 2024 12  9  6 45   2460688.33 2025  1 12 20  0   2460722.89 2025  2 16  9 16
 2460796.76 2025  5  1  6 16   2460831.91 2025  6  5  9 56   2460867.07 2025  7 10 13 35
 2460939.74 2025  9 21  5 47   2460975.49 2025 10 26 23 51   2461011.25 2025 12  1 17 54
 2461082.72 2026  2 11  5 19   2461119.07 2026  3 19 13 46   2461155.43 2026  4 24 22 13
 2461225.70 2026  7  4  4 50   2461262.65 2026  8 10  3 41   2461299.61 2026  9 16  2 33
 2461368.68 2026 11 24  4 21   2461406.23 2026 12 31 17 36   2461443.79 2027  2  7  6 52
 2461511.66 2027  4 16  3 52   2461549.81 2027  5 24  7 32   2461587.97 2027  7  1 11 11
 2461654.64 2027  9  6  3 23   2461693.39 2027 10 14 21 27   2461732.15 2027 11 22 15 30
 2461797.62 2028  1 27  2 55   2461836.97 2028  3  6 11 22   2461876.33 2028  4 14 19 49
 2461940.60 2028  6 18  2 26   2461980.55 2028  7 28  1 17   2462020.51 2028  9  6  0  9
 2462083.58 2028 11  8  1 57   2462124.13 2028 12 18 15 12   2462164.69 2029  1 28  4 28
 2462226.56 2029  3 31  1 28   2462267.71 2029  5 11  5  8   2462308.87 2029  6 21  8 47
 2462369.54 2029  8 21  0 59   2462411.29 2029 10  1 19  3   2462453.05 2029 11 12 13  6
