 Predicted Transit Epochs: HD987654_ b

 Predicted Duration of a Central Transit:   358. Minutes

 Begin Transit Window           PREDICTED CENTRAL TRANSIT     End Transit Window
                                     All Times UT

                               HJD        Year M  D  H  M
 2456784.80 2014  5  7  7  9   2456788.62 2014  5 11  2 48   2456792.44 2014  5 14 22 26
 2456826.17 2014  6 17 16  4   2456830.01 2014  6 21 12 11   2456833.85 2014  6 25  8 18
 2456867.54 2014  7 29  0 58   2456871.40 2014  8  1 21 34   2456875.26 2014  8  5 18 10
 2456908.91 2014  9  8  9 52   2456912.79 2014  9 12  6 57   2456916.67 2014  9 16  4  2
 2456950.28 2014 10 19 18 46   2456954.18 2014 10 23 16 20   2456958.08 2014 10 27 13 53
 2456991.65 2014 11 30  3 41   2456995.57 2014 12  4  1 43   2456999.49 2014 12  7 23 45
 2457033.02 2015  1 10 12 35   2457036.96 2015  1 14 11  6   2457040.90 2015  1 18  9 37
 2457074.40 2015  2 20 21 29   2457078.35 2015  2 24 20 29   2457082.31 2015  2 28 19 29
 2457115.77 2015  4  3  6 23   2457119.74 2015  4  7  5 52   2457123.72 2015  4 11  5 21
 2457157.14 2015  5 14 15 18   2457161.14 2015  5 18 15 15   2457165.13 2015  5 22 15 13
 2457198.51 2015  6 25  0 12   2457202.53 2015  6 29  0 38   2457206.55 2015  7  3  1  4
 2457239.88 2015  8  5  9  6   2457243.92 2015  8  9 10  1   2457247.96 2015  8 13 10 56
 2457281.25 2015  9 15 18  0   2457285.31 2015  9 19 19 24   2457289.37 2015  9 23 20 48
 2457322.62 2015 10 27  2 54   2457326.70 2015 10 31  4 47   2457330.78 2015 11  4  6 40
 2457363.99 2015 12  7 11 49   2457368.09 2015 12 11 14 10   2457372.19 2015 12 15 16 32
 2457405.36 2016  1 17 20 43   2457409.48 2016  1 21 23 33   2457413.60 2016  1 26  2 24
 2457446.73 2016  2 28  5 37   2457450.87 2016  3  3  8 56   2457455.01 2016  3  7 12 16
 2457488.11 2016  4  9 14 31   2457492.26 2016  4 13 18 19   2457496.42 2016  4 17 22  7
 2457529.48 2016  5 20 23 26   2457533.65 2016  5 25  3 42   2457537.83 2016  5 29  7 59
 2457570.85 2016  7  1  8 20   2457575.05 2016  7  5 13  5   2457579.24 2016  7  9 17 51
 2457612.22 2016  8 11 17 14   2457616.44 2016  8 15 22 29   2457620.66 2016  8 20  3 43
 2457653.59 2016  9 22  2  8   2457657.83 2016  9 26  7 52   2457662.07 2016  9 30 13 35
 2457694.96 2016 11  2 11  3   2457699.22 2016 11  6 17 15   2457703.48 2016 11 10 23 27
 2457736.33 2016 12 13 19 57   2457740.61 2016 12 18  2 38   2457744.89 2016 12 22  9 18
 2457777.70 2017  1 24  4 51   2457782.00 2017  1 28 12  1   2457786.30 2017  2  1 19 10
 2457819.07 2017  3  6 13 45   2457823.39 2017  3 10 21 24   2457827.71 2017  3 15  5  2
 2457860.44 2017  4 16 22 40   2457864.78 2017  4 21  6 47   2457869.12 2017  4 25 14 54
 2457901.82 2017  5 28  7 34   2457906.17 2017  6  1 16 10   2457910.53 2017  6  6  0 46
 2457943.19 2017  7  8 16 28   2457947.56 2017  7 13  1 33   2457951.94 2017  7 17 10 38
 2457984.56 2017  8 19  1 22   2457988.96 2017  8 23 10 56   2457993.35 2017  8 27 20 29
 2458025.93 2017  9 29 10 17   2458030.35 2017 10  3 20 19   2458034.77 2017 10  8  6 21
 2458067.30 2017 11  9 19 11   2458071.74 2017 11 14  5 42   2458076.18 2017 11 18 16 13
 2458108.67 2017 12 21  4  5   2458113.13 2017 12 25 15  5   2458117.59 2017 12 30  2  5
 2458150.04 2018  1 31 12 59   2458154.52 2018  2  5  0 28   2458159.00 2018  2  9 11 57
 2458191.41 2018  3 13 21 54   2458195.91 2018  3 18  9 51   2458200.41 2018  3 22 21 49
 2458232.78 2018  4 24  6 48   2458237.30 2018  4 28 19 14   2458241.82 2018  5  3  7 40
 2458274.15 2018  6  4 15 42   2458278.69 2018  6  9  4 37   2458283.23 2018  6 13 17 32
 2458315.53 2018  7 16  0 36   2458320.08 2018  7 20 14  0   2458324.64 2018  7 25  3 24
 2458356.90 2018  8 26  9 30   2458361.47 2018  8 30 23 23   2458366.05 2018  9  4 13 16
 2458398.27 2018 10  6 18 25   2458402.87 2018 10 11  8 46   2458407.46 2018 10 15 23  8
 2458439.64 2018 11 17  3 19   2458444.26 2018 11 21 18  9   2458448.88 2018 11 26  9  0
 2458481.01 2018 12 28 12 13   2458485.65 2019  1  2  3 32   2458490.29 2019  1  6 18 52
 2458522.38 2019  2  7 21  7   2458527.04 2019  2 12 12 55   2458531.70 2019  2 17  4 43
 2458563.75 2019  3 21  6  2   2458568.43 2019  3 25 22 18   2458573.11 2019  3 30 14 35
 2458605.12 2019  5  1 14 56   2458609.82 2019  5  6  7 41   2458614.52 2019  5 11  0 27
 2458646.49 2019  6 11 23 50   2458651.21 2019  6 16 17  5   2458655.93 2019  6 21 10 19
 2458687.86 2019  7 23  8 44   2458692.60 2019  7 28  2 28   2458697.34 2019  8  1 20 11
 2458729.24 2019  9  2 17 39   2458733.99 2019  9  7 11 51   2458738.75 2019  9 12  6  3
 2458770.61 2019 10 14  2 33   2458775.38 2019 10 18 21 14   2458780.16 2019 10 23 15 54
 2458811.98 2019 11 24 11 27   2458816.78 2019 11 29  6 37   2458821.57 2019 12  4  1 46
 2458853.35 2020  1  4 20 21   2458858.17 2020  1  9 16  0   2458862.99 2020  1 14 11 38
 2458894.72 2020  2 15  5 16   2458899.56 2020  2 20  1 23   2458904.40 2020  2 24 21 30
 2458936.09 2020  3 27 14 10   2458940.95 2020  4  1 10 46   2458945.81 2020  4  6  7 22
 2458977.46 2020  5  7 23  4   2458982.34 2020  5 12 20  9   2458987.22 2020  5 17 17 14
 2459018.83 2020  6 18  7 58   2459023.73 2020  6 23  5 32   2459028.63 2020  6 28  3  5
 2459060.20 2020  7 29 16 53   2459065.12 2020  8  3 14 55   2459070.04 2020  8  8 12 57
 2459101.57 2020  9  9  1 47   2459106.51 2020  9 14  0 18   2459111.45 2020  9 18 22 49
 2459142.95 2020 10 20 10 41   2459147.90 2020 10 25  9 41   2459152.86 2020 10 30  8 41
 2459184.32 2020 11 30 19 35   2459189.29 2020 12  5 19  4   2459194.27 2020 12 10 18 33
 2459225.69 2021  1 11  4 30   2459230.69 2021  1 16  4 27   2459235.68 2021  1 21  4 25
 2459267.06 2021  2 21 13 24   2459272.08 2021  2 26 13 50   2459277.10 2021  3  3 14 16
 2459308.43 2021  4  3 22 18   2459313.47 2021  4  8 23 13   2459318.51 2021  4 14  0  8
 2459349.80 2021  5 15  7 12   2459354.86 2021  5 20  8 36   2459359.92 2021  5 25 10  0
 2459391.17 2021  6 25 16  6   2459396.25 2021  6 30 17 59   2459401.33 2021  7  5 19 52
 2459432.54 2021  8  6  1  1   2459437.64 2021  8 11  3 22   2459442.74 2021  8 16  5 44
 2459473.91 2021  9 16  9 55   2459479.03 2021  9 21 12 45   2459484.15 2021  9 26 15 36
 2459515.28 2021 10 27 18 49   2459520.42 2021 11  1 22  8   2459525.56 2021 11  7  1 28
 2459556.66 2021 12  8  3 43   2459561.81 2021 12 13  7 31   2459566.97 2021 12 18 11 19
 2459598.03 2022  1 18 12 38   2459603.20 2022  1 23 16 54   2459608.38 2022  1 28 21 11
 2459639.40 2022  2 28 21 32   2459644.60 2022  3  6  2 17   2459649.79 2022  3 11  7  3
 2459680.77 2022  4 11  6 26   2459685.99 2022  4 16 11 41   2459691.21 2022  4 21 16 55
 2459722.14 2022  5 22 15 20   2459727.38 2022  5 27 21  4   2459732.62 2022  6  2  2 47
 2459763.51 2022  7  3  0 15   2459768.77 2022  7  8  6 27   2459774.03 2022  7 13 12 39
 2459804.88 2022  8 13  9  9   2459810.16 2022  8 18 15 50   2459815.44 2022  8 23 22 30
 2459846.25 2022  9 23 18  3   2459851.55 2022  9 29  1 13   2459856.85 2022 10  4  8 22
 2459887.62 2022 11  4  2 57   2459892.94 2022 11  9 10 36   2459898.26 2022 11 14 18 14
 2459928.99 2022 12 15 11 52   2459934.33 2022 12 20 19 59   2459939.67 2022 12 26  4  6
 2459970.37 2023  1 25 20 46   2459975.72 2023  1 31  5 22   2459981.08 2023  2  5 13 58
 2460011.74 2023  3  8  5 40   2460017.11 2023  3 13 14 45   2460022.49 2023  3 18 23 50
 2460053.11 2023  4 18 14 34   2460058.51 2023  4 24  0  8   2460063.90 2023  4 29  9 41
 2460094.48 2023  5 29 23 29   2460099.90 2023  6  4  9 31   2460105.32 2023  6  9 19 33
 2460135.85 2023  7 10  8 23   2460141.29 2023  7 15 18 54   2460146.73 2023  7 21  5 25
 2460177.22 2023  8 20 17 17   2460182.68 2023  8 26  4 17   2460188.14 2023  8 31 15 17
 2460218.59 2023 10  1  2 11   2460224.07 2023 10  6 13 40   2460229.55 2023 10 12  1  9
 2460259.96 2023 11 11 11  6   2460265.46 2023 11 16 23  3   2460270.96 2023 11 22 11  1
 2460301.33 2023 12 22 20  0   2460306.85 2023 12 28  8 26   2460312.37 2024  1  2 20 52
 2460342.70 2024  2  2  4 54   2460348.24 2024  2  7 17 49   2460353.78 2024  2 13  6 44
 2460384.08 2024  3 14 13 48   2460389.63 2024  3 20  3 12   2460395.19 2024  3 25 16 36
 2460425.45 2024  4 24 22 42   2460431.02 2024  4 30 12 35   2460436.60 2024  5  6  2 28
 2460466.82 2024  6  5  7 37   2460472.42 2024  6 10 21 58   2460478.01 2024  6 16 12 20
 2460508.19 2024  7 16 16 31   2460513.81 2024  7 22  7 21   2460519.43 2024  7 27 22 12
 2460549.56 2024  8 27  1 25   2460555.20 2024  9  1 16 44   2460560.84 2024  9  7  8  4
 2460590.93 2024 10  7 10 19   2460596.59 2024 10 13  2  7   2460602.25 2024 10 18 17 55
 2460632.30 2024 11 17 19 14   2460637.98 2024 11 23 11 30   2460643.66 2024 11 29  3 47
 2460673.67 2024 12 29  4  8   2460679.37 2025  1  3 20 53   2460685.07 2025  1  9 13 39
 2460715.04 2025  2  8 13  2   2460720.76 2025  2 14  6 17   2460726.48 2025  2 19 23 31
 2460756.41 2025  3 21 21 56   2460762.15 2025  3 27 15 40   2460767.89 2025  4  2  9 23
 2460797.79 2025  5  2  6 51   2460803.54 2025  5  8  1  3   2460809.30 2025  5 13 19 15
 2460839.16 2025  6 12 15 45   2460844.93 2025  6 18 10 26   2460850.71 2025  6 24  5  6
 2460880.53 2025  7 24  0 39   2460886.33 2025  7 29 19 49   2460892.12 2025  8  4 14 58
 2460921.90 2025  9  3  9 33   2460927.72 2025  9  9  5 12   2460933.54 2025  9 15  0 50
 2460963.27 2025 10 14 18 28   2460969.11 2025 10 20 14 35   2460974.95 2025 10 26 10 42
 2461004.64 2025 11 25  3 22   2461010.50 2025 11 30 23 58   2461016.36 2025 12  6 20 34
 2461046.01 2026  1  5 12 16   2461051.89 2026  1 11  9 21   2461057.77 2026  1 17  6 26
 2461087.38 2026  2 15 21 10   2461093.28 2026  2 21 18 44   2461099.18 2026  2 27 16 17
 2461128.75 2026  3 29  6  5   2461134.67 2026  4  4  4  7   2461140.59 2026  4 10  2  9
 2461170.12 2026  5  9 14 59   2461176.06 2026  5 15 13 30   2461182.00 2026  5 21 12  1
 2461211.50 2026  6 19 23 53   2461217.45 2026  6 25 22 53   2461223.41 2026  7  1 21 53
 2461252.87 2026  7 31  8 47   2461258.84 2026  8  6  8 16   2461264.82 2026  8 12  7 45
 2461294.24 2026  9 10 17 42   2461300.24 2026  9 16 17 39   2461306.23 2026  9 22 17 37
 2461335.61 2026 10 22  2 36   2461341.63 2026 10 28  3  2   2461347.65 2026 11  3  3 28
 2461376.98 2026 12  2 11 30   2461383.02 2026 12  8 12 25   2461389.06 2026 12 14 13 20
 2461418.35 2027  1 12 20 24   2461424.41 2027  1 18 21 48   2461430.47 2027  1 24 23 12
 2461459.72 2027  2 23  5 18   2461465.80 2027  3  1  7 11   2461471.88 2027  3  7  9  4
 2461501.09 2027  4  5 14 13   2461507.19 2027  4 11 16 34   2461513.29 2027  4 17 18 56
 2461542.46 2027  5 16 23  7   2461548.58 2027  5 23  1 57   2461554.70 2027  5 29  4 48
 2461583.83 2027  6 27  8  1   2461589.97 2027  7  3 11 20   2461596.11 2027  7  9 14 40
 2461625.21 2027  8  7 16 55   2461631.36 2027  8 13 20 43   2461637.52 2027  8 20  0 31
 2461666.58 2027  9 18  1 50   2461672.75 2027  9 24  6  6   2461678.93 2027  9 30 10 23
 2461707.95 2027 10 29 10 44   2461714.15 2027 11  4 15 29   2461720.34 2027 11 10 20 15
 2461749.32 2027 12  9 19 38   2461755.54 2027 12 16  0 53   2461761.76 2027 12 22  6  7
 2461790.69 2028  1 20  4 32   2461796.93 2028  1 26 10 16   2461803.17 2028  2  1 15 59
 2461832.06 2028  3  1 13 27   2461838.32 2028  3  7 19 39   2461844.58 2028  3 14  1 51
 2461873.43 2028  4 11 22 21   2461879.71 2028  4 18  5  2   2461885.99 2028  4 24 11 42
 2461914.80 2028  5 23  7 15   2461921.10 2028  5 29 14 25   2461927.40 2028  6  4 21 34
 2461956.17 2028  7  3 16  9   2461962.49 2028  7  9 23 48   2461968.81 2028  7 16  7 26
 2461997.54 2028  8 14  1  4   2462003.88 2028  8 20  9 11   2462010.22 2028  8 26 17 18
 2462038.92 2028  9 24  9 58   2462045.27 2028  9 30 18 34   2462051.63 2028 10  7  3 10
 2462080.29 2028 11  4 18 52   2462086.66 2028 11 11  3 57   2462093.04 2028 11 17 13  2
 2462121.66 2028 12 16  3 46   2462128.06 2028 12 22 13 20   2462134.45 2028 12 28 22 53
 2462163.03 2029  1 26 12 41   2462169.45 2029  2  1 22 43   2462175.87 2029  2  8  8 45
 2462204.40 2029  3  8 21 35   2462210.84 2029  3 15  8  6   2462217.28 2029  3 21 18 37
 2462245.77 2029  4 19  6 29   2462252.23 2029  4 25 17 29   2462258.69 2029  5  2  4 29
 2462287.14 2029  5 30 15 23   2462293.62 2029  6  6  2 52   2462300.10 2029  6 12 14 21
 2462328.51 2029  7 11  0 18   2462335.01 2029  7 17 12 15   2462341.51 2029  7 24  0 13
 2462369.88 2029  8 21  9 12   2462376.40 2029  8 27 21 38   2462382.92 2029  9  3 10  4
 2462411.25 2029 10  1 18  6   2462417.79 2029 10  8  7  1   2462424.33 2029 10 14 19 56
 2462452.63 2029 11 12  3  0   2462459.18 2029 11 18 16 24   2462465.74 2029 11 25  5 48
 2462494.00 2029 12 23 11 54   2462500.57 2029 12 30  1 47   2462507.15 2030  1  5 15 40
 2462535.37 2030  2  2 20 49   2462541.97 2030  2  9 11 10   2462548.56 2030  2 16  1 32
 2462576.74 2030  3 16  5 43   2462583.36 2030  3 22 20 33   2462589.98 2030  3 29 11 24
 2462618.11 2030  4 26 14 37   2462624.75 2030  5  3  5 56   2462631.39 2030  5  9 21 16
 2462659.48 2030  6  6 23 31   2462666.14 2030  6 13 15 19   2462672.80 2030  6 20  7  7
 2462700.85 2030  7 18  8 26   2462707.53 2030  7 25  0 42   2462714.21 2030  7 31 16 59
 2462742.22 2030  8 28 17 20   2462748.92 2030  9  4 10  5   2462755.62 2030  9 11  2 51
 2462783.59 2030 10  9  2 14   2462790.31 2030 10 15 19 29   2462797.03 2030 10 22 12 43
 2462824.96 2030 11 19 11  8   2462831.70 2030 11 26  4 52   2462838.44 2030 12  2 22 35
 2462866.34 2030 12 30 20  3   2462873.09 2031  1  6 14 15   2462879.85 2031  1 13  8 27
 2462907.71 2031  2 10  4 57   2462914.48 2031  2 16 23 38   2462921.26 2031  2 23 18 18
 2462949.08 2031  3 23 13 51   2462955.88 2031  3 30  9  1   2462962.67 2031  4  6  4 10
 2462990.45 2031  5  3 22 45   2462997.27 2031  5 10 18 24   2463004.09 2031  5 17 14  2
 2463031.82 2031  6 14  7 40   2463038.66 2031  6 21  3 47   2463045.50 2031  6 27 23 54
 2463073.19 2031  7 25 16 34   2463080.05 2031  8  1 13 10   2463086.91 2031  8  8  9 46
 2463114.56 2031  9  5  1 28   2463121.44 2031  9 11 22 33   2463128.32 2031  9 18 19 38
 2463155.93 2031 10 16 10 22   2463162.83 2031 10 23  7 56   2463169.73 2031 10 30  5 29
 2463197.30 2031 11 26 19 17   2463204.22 2031 12  3 17 19   2463211.14 2031 12 10 15 21
 2463238.67 2032  1  7  4 11   2463245.61 2032  1 14  2 42   2463252.55 2032  1 21  1 13
 2463280.05 2032  2 17 13  5   2463287.00 2032  2 24 12  5   2463293.96 2032  3  2 11  5
 2463321.42 2032  3 29 21 59   2463328.39 2032  4  5 21 28   2463335.37 2032  4 12 20 57
 2463362.79 2032  5 10  6 54   2463369.79 2032  5 17  6 51   2463376.78 2032  5 24  6 49
 2463404.16 2032  6 20 15 48   2463411.18 2032  6 27 16 14   2463418.20 2032  7  4 16 40
 2463445.53 2032  8  1  0 42   2463452.57 2032  8  8  1 37   2463459.61 2032  8 15  2 32
 2463486.90 2032  9 11  9 36   2463493.96 2032  9 18 11  0   2463501.02 2032  9 25 12 24
 2463528.27 2032 10 22 18 30   2463535.35 2032 10 29 20 23   2463542.43 2032 11  5 22 16
 2463569.64 2032 12  3  3 25   2463576.74 2032 12 10  5 46   2463583.84 2032 12 17  8  8
 2463611.01 2033  1 13 12 19   2463618.13 2033  1 20 15  9   2463625.25 2033  1 27 18  0
 2463652.38 2033  2 23 21 13   2463659.52 2033  3  3  0 32   2463666.66 2033  3 10  3 52
 2463693.76 2033  4  6  6  7   2463700.91 2033  4 13  9 55   2463708.07 2033  4 20 13 43
 2463735.13 2033  5 17 15  2   2463742.30 2033  5 24 19 18   2463749.48 2033  5 31 23 35
 2463776.50 2033  6 27 23 56   2463783.70 2033  7  5  4 41   2463790.89 2033  7 12  9 27
 2463817.87 2033  8  8  8 50   2463825.09 2033  8 15 14  5   2463832.31 2033  8 22 19 19
 2463859.24 2033  9 18 17 44   2463866.48 2033  9 25 23 28   2463873.72 2033 10  3  5 11
 2463900.61 2033 10 30  2 39   2463907.87 2033 11  6  8 51   2463915.13 2033 11 13 15  3
 2463941.98 2033 12 10 11 33   2463949.26 2033 12 17 18 14   2463956.54 2033 12 25  0 54
 2463983.35 2034  1 20 20 27   2463990.65 2034  1 28  3 37   2463997.95 2034  2  4 10 46
 2464024.72 2034  3  3  5 21   2464032.04 2034  3 10 13  0   2464039.36 2034  3 17 20 38
 2464066.09 2034  4 13 14 16   2464073.43 2034  4 20 22 23   2464080.77 2034  4 28  6 30
 2464107.47 2034  5 24 23 10   2464114.82 2034  6  1  7 46   2464122.18 2034  6  8 16 22
 2464148.84 2034  7  5  8  4   2464156.21 2034  7 12 17  9   2464163.59 2034  7 20  2 14
 2464190.21 2034  8 15 16 58   2464197.61 2034  8 23  2 32   2464205.00 2034  8 30 12  5
