 Predicted Transit Epochs: HD99492__ b

 Predicted Duration of a Central Transit:   248. Minutes

 Begin Transit Window           PREDICTED CENTRAL TRANSIT     End Transit Window
                                     All Times UT

                               HJD        Year M  D  H  M
 2454461.34 2007 12 26 20  3   2454466.92 2008  1  1 10  3   2454472.50 2008  1  7  0  4
 2454478.37 2008  1 12 20 50   2454483.96 2008  1 18 10 58   2454489.55 2008  1 24  1  6
 2454495.40 2008  1 29 21 37   2454501.00 2008  2  4 11 53   2454506.59 2008  2 10  2  9
 2454512.43 2008  2 15 22 24   2454518.03 2008  2 21 12 47   2454523.63 2008  2 27  3 11
 2454529.47 2008  3  3 23 11   2454535.07 2008  3  9 13 42   2454540.68 2008  3 15  4 13
 2454546.50 2008  3 20 23 58   2454552.11 2008  3 26 14 37   2454557.72 2008  4  1  5 16
 2454563.53 2008  4  7  0 45   2454569.15 2008  4 12 15 32   2454574.76 2008  4 18  6 18
 2454580.56 2008  4 24  1 32   2454586.19 2008  4 29 16 26   2454591.81 2008  5  5  7 21
 2454597.60 2008  5 11  2 19   2454603.22 2008  5 16 17 21   2454608.85 2008  5 22  8 23
 2454614.63 2008  5 28  3  6   2454620.26 2008  6  2 18 16   2454625.89 2008  6  8  9 26
 2454631.66 2008  6 14  3 53   2454637.30 2008  6 19 19 10   2454642.94 2008  6 25 10 28
 2454648.69 2008  7  1  4 40   2454654.34 2008  7  6 20  5   2454659.98 2008  7 12 11 31
 2454665.73 2008  7 18  5 27   2454671.38 2008  7 23 21  0   2454677.02 2008  7 29 12 33
 2454682.76 2008  8  4  6 14   2454688.41 2008  8  9 21 55   2454694.07 2008  8 15 13 35
 2454699.79 2008  8 21  7  1   2454705.45 2008  8 26 22 49   2454711.11 2008  9  1 14 38
 2454716.83 2008  9  7  7 48   2454722.49 2008  9 12 23 44   2454728.15 2008  9 18 15 40
 2454733.86 2008  9 24  8 35   2454739.53 2008  9 30  0 39   2454745.20 2008 10  5 16 43
 2454750.89 2008 10 11  9 22   2454756.57 2008 10 17  1 33   2454762.24 2008 10 22 17 45
 2454767.92 2008 10 28 10  9   2454773.60 2008 11  3  2 28   2454779.28 2008 11  8 18 48
 2454784.96 2008 11 14 10 56   2454790.64 2008 11 20  3 23   2454796.33 2008 11 25 19 50
 2454801.99 2008 12  1 11 43   2454807.68 2008 12  7  4 18   2454813.37 2008 12 12 20 52
 2454819.02 2008 12 18 12 30   2454824.72 2008 12 24  5 12   2454830.41 2008 12 29 21 55
 2454836.05 2009  1  4 13 17   2454841.76 2009  1 10  6  7   2454847.46 2009  1 15 22 57
 2454853.09 2009  1 21 14  4   2454858.79 2009  1 27  7  2   2454864.50 2009  2  2  0  0
 2454870.12 2009  2  7 14 51   2454875.83 2009  2 13  7 57   2454881.54 2009  2 19  1  2
 2454887.15 2009  2 24 15 38   2454892.87 2009  3  2  8 51   2454898.59 2009  3  8  2  5
 2454904.18 2009  3 13 16 25   2454909.91 2009  3 19  9 46   2454915.63 2009  3 25  3  7
 2454921.22 2009  3 30 17 12   2454926.95 2009  4  5 10 41   2454932.67 2009  4 11  4 10
 2454938.25 2009  4 16 17 59   2454943.98 2009  4 22 11 35   2454949.72 2009  4 28  5 12
 2454955.28 2009  5  3 18 46   2454961.02 2009  5  9 12 30   2454966.76 2009  5 15  6 14
 2454972.31 2009  5 20 19 33   2454978.06 2009  5 26 13 25   2454983.80 2009  6  1  7 17
 2454989.35 2009  6  6 20 20   2454995.10 2009  6 12 14 20   2455000.85 2009  6 18  8 19
 2455006.38 2009  6 23 21  7   2455012.14 2009  6 29 15 14   2455017.89 2009  7  5  9 22
 2455023.41 2009  7 10 21 54   2455029.17 2009  7 16 16  9   2455034.93 2009  7 22 10 24
 2455040.45 2009  7 27 22 41   2455046.21 2009  8  2 17  4   2455051.98 2009  8  8 11 27
 2455057.48 2009  8 13 23 28   2455063.25 2009  8 19 17 58   2455069.02 2009  8 25 12 29
 2455074.51 2009  8 31  0 15   2455080.29 2009  9  5 18 53   2455086.06 2009  9 11 13 32
 2455091.54 2009  9 17  1  2   2455097.33 2009  9 22 19 48   2455103.11 2009  9 28 14 34
 2455108.58 2009 10  4  1 49   2455114.36 2009 10  9 20 43   2455120.15 2009 10 15 15 36
 2455125.61 2009 10 21  2 36   2455131.40 2009 10 26 21 37   2455137.19 2009 11  1 16 39
 2455142.64 2009 11  7  3 23   2455148.44 2009 11 12 22 32   2455154.24 2009 11 18 17 41
 2455159.67 2009 11 24  4 10   2455165.48 2009 11 29 23 27   2455171.28 2009 12  5 18 44
 2455176.71 2009 12 11  4 57   2455182.52 2009 12 17  0 21   2455188.32 2009 12 22 19 46
 2455193.74 2009 12 28  5 44   2455199.55 2010  1  3  1 16   2455205.37 2010  1  8 20 49
 2455210.77 2010  1 14  6 31   2455216.59 2010  1 20  2 11   2455222.41 2010  1 25 21 51
 2455227.80 2010  1 31  7 18   2455233.63 2010  2  6  3  6   2455239.45 2010  2 11 22 53
 2455244.84 2010  2 17  8  5   2455250.67 2010  2 23  4  0   2455256.50 2010  2 28 23 56
 2455261.87 2010  3  6  8 52   2455267.71 2010  3 12  4 55   2455273.54 2010  3 18  0 58
 2455278.90 2010  3 23  9 39   2455284.74 2010  3 29  5 50   2455290.58 2010  4  4  2  1
 2455295.93 2010  4  9 10 26   2455301.78 2010  4 15  6 45   2455307.63 2010  4 21  3  3
 2455312.97 2010  4 26 11 13   2455318.82 2010  5  2  7 39   2455324.67 2010  5  8  4  6
