 Predicted Transit Epochs: HIP14810_ b

 Predicted Duration of a Central Transit:   205. Minutes

 Begin Transit Window           PREDICTED CENTRAL TRANSIT     End Transit Window
                                     All Times UT

                               HJD        Year M  D  H  M
 2456755.86 2014  4  8  8 45   2456756.89 2014  4  9  9 27   2456757.92 2014  4 10 10  8
 2456762.54 2014  4 15  0 52   2456763.57 2014  4 16  1 37   2456764.60 2014  4 17  2 22
 2456769.21 2014  4 21 17  0   2456770.24 2014  4 22 17 47   2456771.27 2014  4 23 18 35
 2456775.88 2014  4 28  9  7   2456776.92 2014  4 29  9 58   2456777.95 2014  4 30 10 48
 2456782.55 2014  5  5  1 15   2456783.59 2014  5  6  2  8   2456784.63 2014  5  7  3  1
 2456789.22 2014  5 11 17 22   2456790.26 2014  5 12 18 18   2456791.30 2014  5 13 19 15
 2456795.90 2014  5 18  9 30   2456796.94 2014  5 19 10 29   2456797.98 2014  5 20 11 28
 2456802.57 2014  5 25  1 37   2456803.61 2014  5 26  2 39   2456804.65 2014  5 27  3 41
 2456809.24 2014  5 31 17 45   2456810.28 2014  6  1 18 49   2456811.33 2014  6  2 19 54
 2456815.91 2014  6  7  9 52   2456816.96 2014  6  8 11  0   2456818.01 2014  6  9 12  7
 2456822.58 2014  6 14  2  0   2456823.63 2014  6 15  3 10   2456824.68 2014  6 16  4 21
 2456829.26 2014  6 20 18  7   2456830.31 2014  6 21 19 20   2456831.36 2014  6 22 20 34
 2456835.93 2014  6 27 10 14   2456836.98 2014  6 28 11 31   2456838.03 2014  6 29 12 47
 2456842.60 2014  7  4  2 22   2456843.65 2014  7  5  3 41   2456844.71 2014  7  6  5  0
 2456849.27 2014  7 10 18 29   2456850.33 2014  7 11 19 51   2456851.38 2014  7 12 21 14
 2456855.94 2014  7 17 10 37   2456857.00 2014  7 18 12  2   2456858.06 2014  7 19 13 27
 2456862.61 2014  7 24  2 44   2456863.68 2014  7 25  4 12   2456864.74 2014  7 26  5 40
 2456869.29 2014  7 30 18 52   2456870.35 2014  7 31 20 23   2456871.41 2014  8  1 21 53
 2456875.96 2014  8  6 10 59   2456877.02 2014  8  7 12 33   2456878.09 2014  8  8 14  6
 2456882.63 2014  8 13  3  7   2456883.70 2014  8 14  4 43   2456884.76 2014  8 15  6 20
 2456889.30 2014  8 19 19 14   2456890.37 2014  8 20 20 54   2456891.44 2014  8 21 22 33
 2456895.97 2014  8 26 11 22   2456897.04 2014  8 27 13  4   2456898.12 2014  8 28 14 46
 2456902.65 2014  9  2  3 29   2456903.72 2014  9  3  5 14   2456904.79 2014  9  4  6 59
 2456909.32 2014  9  8 19 37   2456910.39 2014  9  9 21 25   2456911.47 2014  9 10 23 13
 2456915.99 2014  9 15 11 44   2456917.07 2014  9 16 13 35   2456918.14 2014  9 17 15 26
 2456922.66 2014  9 22  3 52   2456923.74 2014  9 23  5 45   2456924.82 2014  9 24  7 39
 2456929.33 2014  9 28 19 59   2456930.41 2014  9 29 21 56   2456931.49 2014  9 30 23 52
 2456936.00 2014 10  5 12  6   2456937.09 2014 10  6 14  6   2456938.17 2014 10  7 16  5
 2456942.68 2014 10 12  4 14   2456943.76 2014 10 13  6 16   2456944.85 2014 10 14  8 19
 2456949.35 2014 10 18 20 21   2456950.44 2014 10 19 22 27   2456951.52 2014 10 21  0 32
 2456956.02 2014 10 25 12 29   2456957.11 2014 10 26 14 37   2456958.20 2014 10 27 16 45
 2456962.69 2014 11  1  4 36   2456963.78 2014 11  2  6 47   2456964.87 2014 11  3  8 58
 2456969.36 2014 11  7 20 44   2456970.46 2014 11  8 22 58   2456971.55 2014 11 10  1 12
 2456976.04 2014 11 14 12 51   2456977.13 2014 11 15 15  8   2456978.23 2014 11 16 17 25
 2456982.71 2014 11 21  4 59   2456983.80 2014 11 22  7 18   2456984.90 2014 11 23  9 38
 2456989.38 2014 11 27 21  6   2456990.48 2014 11 28 23 29   2456991.58 2014 11 30  1 51
 2456996.05 2014 12  4 13 14   2456997.15 2014 12  5 15 39   2456998.25 2014 12  6 18  4
 2457002.72 2014 12 11  5 21   2457003.83 2014 12 12  7 49   2457004.93 2014 12 13 10 18
 2457009.40 2014 12 17 21 29   2457010.50 2014 12 19  0  0   2457011.61 2014 12 20  2 31
 2457016.07 2014 12 24 13 36   2457017.17 2014 12 25 16 10   2457018.28 2014 12 26 18 44
 2457022.74 2014 12 31  5 43   2457023.85 2015  1  1  8 20   2457024.96 2015  1  2 10 57
 2457029.41 2015  1  6 21 51   2457030.52 2015  1  8  0 31   2457031.63 2015  1  9  3 11
 2457036.08 2015  1 13 13 58   2457037.20 2015  1 14 16 41   2457038.31 2015  1 15 19 24
 2457042.75 2015  1 20  6  6   2457043.87 2015  1 21  8 51   2457044.98 2015  1 22 11 37
 2457049.43 2015  1 26 22 13   2457050.54 2015  1 28  1  2   2457051.66 2015  1 29  3 50
 2457056.10 2015  2  2 14 21   2457057.22 2015  2  3 17 12   2457058.34 2015  2  4 20  3
 2457062.77 2015  2  9  6 28   2457063.89 2015  2 10  9 22   2457065.01 2015  2 11 12 17
 2457069.44 2015  2 15 22 36   2457070.56 2015  2 17  1 33   2457071.69 2015  2 18  4 30
 2457076.11 2015  2 22 14 43   2457077.24 2015  2 23 17 43   2457078.36 2015  2 24 20 43
 2457082.79 2015  3  1  6 51   2457083.91 2015  3  2  9 54   2457085.04 2015  3  3 12 56
 2457089.46 2015  3  7 22 58   2457090.59 2015  3  9  2  4   2457091.72 2015  3 10  5 10
 2457096.13 2015  3 14 15  6   2457097.26 2015  3 15 18 14   2457098.39 2015  3 16 21 23
 2457102.80 2015  3 21  7 13   2457103.93 2015  3 22 10 25   2457105.07 2015  3 23 13 36
 2457109.47 2015  3 27 23 21   2457110.61 2015  3 29  2 35   2457111.74 2015  3 30  5 49
 2457116.14 2015  4  3 15 28   2457117.28 2015  4  4 18 45   2457118.42 2015  4  5 22  2
 2457122.82 2015  4 10  7 35   2457123.96 2015  4 11 10 56   2457125.09 2015  4 12 14 16
 2457129.49 2015  4 16 23 43   2457130.63 2015  4 18  3  6   2457131.77 2015  4 19  6 29
 2457136.16 2015  4 23 15 50   2457137.30 2015  4 24 19 16   2457138.45 2015  4 25 22 42
 2457142.83 2015  4 30  7 58   2457143.98 2015  5  1 11 27   2457145.12 2015  5  2 14 55
 2457149.50 2015  5  7  0  5   2457150.65 2015  5  8  3 37   2457151.80 2015  5  9  7  9
 2457156.18 2015  5 13 16 13   2457157.32 2015  5 14 19 47   2457158.47 2015  5 15 23 22
 2457162.85 2015  5 20  8 20   2457164.00 2015  5 21 11 58   2457165.15 2015  5 22 15 35
 2457169.52 2015  5 27  0 28   2457170.67 2015  5 28  4  8   2457171.83 2015  5 29  7 48
 2457176.19 2015  6  2 16 35   2457177.35 2015  6  3 20 18   2457178.50 2015  6  5  0  2
 2457182.86 2015  6  9  8 43   2457184.02 2015  6 10 12 29   2457185.18 2015  6 11 16 15
 2457189.54 2015  6 16  0 50   2457190.69 2015  6 17  4 39   2457191.85 2015  6 18  8 28
 2457196.21 2015  6 22 16 58   2457197.37 2015  6 23 20 49   2457198.53 2015  6 25  0 41
 2457202.88 2015  6 29  9  5   2457204.04 2015  6 30 13  0   2457205.20 2015  7  1 16 54
 2457209.55 2015  7  6  1 12   2457210.72 2015  7  7  5 10   2457211.88 2015  7  8  9  8
 2457216.22 2015  7 12 17 20   2457217.39 2015  7 13 21 20   2457218.56 2015  7 15  1 21
 2457222.89 2015  7 19  9 27   2457224.06 2015  7 20 13 31   2457225.23 2015  7 21 17 34
 2457229.57 2015  7 26  1 35   2457230.74 2015  7 27  5 41   2457231.91 2015  7 28  9 47
 2457236.24 2015  8  1 17 42   2457237.41 2015  8  2 21 51   2457238.58 2015  8  4  2  1
 2457242.91 2015  8  8  9 50   2457244.08 2015  8  9 14  2   2457245.26 2015  8 10 18 14
 2457249.58 2015  8 15  1 57   2457250.76 2015  8 16  6 12   2457251.94 2015  8 17 10 27
 2457256.25 2015  8 21 18  5   2457257.43 2015  8 22 22 22   2457258.61 2015  8 24  2 40
 2457262.93 2015  8 28 10 12   2457264.11 2015  8 29 14 33   2457265.29 2015  8 30 18 53
 2457269.60 2015  9  4  2 20   2457270.78 2015  9  5  6 43   2457271.96 2015  9  6 11  7
 2457276.27 2015  9 10 18 27   2457277.45 2015  9 11 22 53   2457278.64 2015  9 13  3 20
 2457282.94 2015  9 17 10 35   2457284.13 2015  9 18 15  4   2457285.31 2015  9 19 19 33
 2457289.61 2015  9 24  2 42   2457290.80 2015  9 25  7 14   2457291.99 2015  9 26 11 46
 2457296.28 2015  9 30 18 50   2457297.48 2015 10  1 23 25   2457298.67 2015 10  3  4  0
 2457302.96 2015 10  7 10 57   2457304.15 2015 10  8 15 35   2457305.34 2015 10  9 20 13
 2457309.63 2015 10 14  3  4   2457310.82 2015 10 15  7 45   2457312.02 2015 10 16 12 26
 2457316.30 2015 10 20 19 12   2457317.50 2015 10 21 23 56   2457318.69 2015 10 23  4 39
 2457322.97 2015 10 27 11 19   2457324.17 2015 10 28 16  6   2457325.37 2015 10 29 20 52
 2457329.64 2015 11  3  3 27   2457330.84 2015 11  4  8 16   2457332.05 2015 11  5 13  6
 2457336.32 2015 11  9 19 34   2457337.52 2015 11 11  0 27   2457338.72 2015 11 12  5 19
 2457342.99 2015 11 16 11 42   2457344.19 2015 11 17 16 37   2457345.40 2015 11 18 21 32
 2457349.66 2015 11 23  3 49   2457350.87 2015 11 24  8 47   2457352.07 2015 11 25 13 45
 2457356.33 2015 11 29 19 57   2457357.54 2015 12  1  0 58   2457358.75 2015 12  2  5 59
 2457363.00 2015 12  6 12  4   2457364.21 2015 12  7 17  8   2457365.43 2015 12  8 22 12
 2457369.68 2015 12 13  4 12   2457370.89 2015 12 14  9 18   2457372.10 2015 12 15 14 25
 2457376.35 2015 12 19 20 19   2457377.56 2015 12 21  1 29   2457378.78 2015 12 22  6 38
 2457383.02 2015 12 26 12 27   2457384.24 2015 12 27 17 39   2457385.45 2015 12 28 22 51
 2457389.69 2016  1  2  4 34   2457390.91 2016  1  3  9 49   2457392.13 2016  1  4 15  5
 2457396.36 2016  1  8 20 41   2457397.58 2016  1 10  2  0   2457398.80 2016  1 11  7 18
 2457403.03 2016  1 15 12 49   2457404.26 2016  1 16 18 10   2457405.48 2016  1 17 23 31
 2457409.71 2016  1 22  4 56   2457410.93 2016  1 23 10 20   2457412.16 2016  1 24 15 44
 2457416.38 2016  1 28 21  4   2457417.61 2016  1 30  2 31   2457418.83 2016  1 31  7 58
 2457423.05 2016  2  4 13 11   2457424.28 2016  2  5 18 41   2457425.51 2016  2  7  0 11
 2457429.72 2016  2 11  5 19   2457430.95 2016  2 12 10 51   2457432.18 2016  2 13 16 24
 2457436.39 2016  2 17 21 26   2457437.63 2016  2 19  3  2   2457438.86 2016  2 20  8 37
 2457443.07 2016  2 24 13 34   2457444.30 2016  2 25 19 12   2457445.54 2016  2 27  0 50
 2457449.74 2016  3  2  5 41   2457450.97 2016  3  3 11 22   2457452.21 2016  3  4 17  4
 2457456.41 2016  3  8 21 49   2457457.65 2016  3 10  3 33   2457458.89 2016  3 11  9 17
 2457463.08 2016  3 15 13 56   2457464.32 2016  3 16 19 43   2457465.56 2016  3 18  1 30
 2457469.75 2016  3 22  6  4   2457471.00 2016  3 23 11 53   2457472.24 2016  3 24 17 43
 2457476.42 2016  3 28 22 11   2457477.67 2016  3 30  4  4   2457478.91 2016  3 31  9 57
 2457483.10 2016  4  4 14 19   2457484.34 2016  4  5 20 14   2457485.59 2016  4  7  2 10
 2457489.77 2016  4 11  6 26   2457491.02 2016  4 12 12 25   2457492.27 2016  4 13 18 23
 2457496.44 2016  4 17 22 33   2457497.69 2016  4 19  4 35   2457498.94 2016  4 20 10 36
 2457503.11 2016  4 24 14 41   2457504.37 2016  4 25 20 45   2457505.62 2016  4 27  2 49
 2457509.78 2016  5  1  6 48   2457511.04 2016  5  2 12 56   2457512.29 2016  5  3 19  3
 2457516.46 2016  5  7 22 56   2457517.71 2016  5  9  5  6   2457518.97 2016  5 10 11 16
 2457523.13 2016  5 14 15  3   2457524.39 2016  5 15 21 16   2457525.65 2016  5 17  3 29
 2457529.80 2016  5 21  7 11   2457531.06 2016  5 22 13 27   2457532.32 2016  5 23 19 42
 2457536.47 2016  5 27 23 18   2457537.73 2016  5 29  5 37   2457539.00 2016  5 30 11 56
 2457543.14 2016  6  3 15 26   2457544.41 2016  6  4 21 47   2457545.67 2016  6  6  4  9
 2457549.82 2016  6 10  7 33   2457551.08 2016  6 11 13 58   2457552.35 2016  6 12 20 22
 2457556.49 2016  6 16 23 41   2457557.76 2016  6 18  6  8   2457559.02 2016  6 19 12 35
 2457563.16 2016  6 23 15 48   2457564.43 2016  6 24 22 18   2457565.70 2016  6 26  4 49
 2457569.83 2016  6 30  7 56   2457571.10 2016  7  1 14 29   2457572.38 2016  7  2 21  2
 2457576.50 2016  7  7  0  3   2457577.78 2016  7  8  6 39   2457579.05 2016  7  9 13 15
 2457583.17 2016  7 13 16 10   2457584.45 2016  7 14 22 49   2457585.73 2016  7 16  5 28
 2457589.85 2016  7 20  8 18   2457591.13 2016  7 21 15  0   2457592.40 2016  7 22 21 41
 2457596.52 2016  7 27  0 25   2457597.80 2016  7 28  7 10   2457599.08 2016  7 29 13 55
 2457603.19 2016  8  2 16 33   2457604.47 2016  8  3 23 20   2457605.76 2016  8  5  6  8
 2457609.86 2016  8  9  8 40   2457611.15 2016  8 10 15 31   2457612.43 2016  8 11 22 21
