 Predicted Transit Epochs: HIP14810_ c

 Predicted Duration of a Central Transit:     9.   Hours

 Begin Transit Window           PREDICTED CENTRAL TRANSIT     End Transit Window
                                     All Times UT

                               HJD        Year M  D  H  M
 2456836.90 2014  6 28  9 30   2456837.18 2014  6 28 16 19   2456837.46 2014  6 28 23  9
 2456932.19 2014 10  1 16 26   2456932.47 2014 10  1 23 19   2456932.76 2014 10  2  6 11
 2457027.47 2015  1  4 23 23   2457027.76 2015  1  5  6 18   2457028.05 2015  1  5 13 14
 2457122.76 2015  4 10  6 20   2457123.05 2015  4 10 13 18   2457123.34 2015  4 10 20 16
 2457218.05 2015  7 14 13 17   2457218.35 2015  7 14 20 18   2457218.64 2015  7 15  3 19
 2457313.34 2015 10 17 20 13   2457313.64 2015 10 18  3 17   2457313.93 2015 10 18 10 21
 2457408.63 2016  1 21  3 10   2457408.93 2016  1 21 10 17   2457409.23 2016  1 21 17 24
 2457503.92 2016  4 25 10  7   2457504.22 2016  4 25 17 16   2457504.52 2016  4 26  0 26
 2457599.21 2016  7 29 17  4   2457599.51 2016  7 30  0 16   2457599.81 2016  7 30  7 28
 2457694.50 2016 11  2  0  0   2457694.80 2016 11  2  7 16   2457695.11 2016 11  2 14 31
 2457789.79 2017  2  5  6 57   2457790.09 2017  2  5 14 15   2457790.40 2017  2  5 21 33
 2457885.08 2017  5 11 13 54   2457885.39 2017  5 11 21 15   2457885.69 2017  5 12  4 36
 2457980.37 2017  8 14 20 50   2457980.68 2017  8 15  4 14   2457980.99 2017  8 15 11 38
 2458075.66 2017 11 18  3 47   2458075.97 2017 11 18 11 14   2458076.28 2017 11 18 18 41
 2458170.95 2018  2 21 10 44   2458171.26 2018  2 21 18 14   2458171.57 2018  2 22  1 43
 2458266.24 2018  5 27 17 41   2458266.55 2018  5 28  1 13   2458266.87 2018  5 28  8 46
 2458361.53 2018  8 31  0 37   2458361.84 2018  8 31  8 13   2458362.16 2018  8 31 15 48
 2458456.82 2018 12  4  7 34   2458457.13 2018 12  4 15 13   2458457.45 2018 12  4 22 51
 2458552.11 2019  3  9 14 31   2458552.43 2019  3  9 22 12   2458552.75 2019  3 10  5 53
 2458647.39 2019  6 12 21 28   2458647.72 2019  6 13  5 12   2458648.04 2019  6 13 12 56
 2458742.68 2019  9 16  4 24   2458743.01 2019  9 16 12 11   2458743.33 2019  9 16 19 58
 2458837.97 2019 12 20 11 21   2458838.30 2019 12 20 19 11   2458838.63 2019 12 21  3  1
 2458933.26 2020  3 24 18 18   2458933.59 2020  3 25  2 11   2458933.92 2020  3 25 10  3
 2459028.55 2020  6 28  1 15   2459028.88 2020  6 28  9 10   2459029.21 2020  6 28 17  6
 2459123.84 2020 10  1  8 11   2459124.17 2020 10  1 16 10   2459124.51 2020 10  2  0  8
 2459219.13 2021  1  4 15  8   2459219.47 2021  1  4 23  9   2459219.80 2021  1  5  7 11
 2459314.42 2021  4  9 22  5   2459314.76 2021  4 10  6  9   2459315.09 2021  4 10 14 13
 2459409.71 2021  7 14  5  1   2459410.05 2021  7 14 13  9   2459410.39 2021  7 14 21 16
 2459505.00 2021 10 17 11 58   2459505.34 2021 10 17 20  8   2459505.68 2021 10 18  4 18
 2459600.29 2022  1 20 18 55   2459600.63 2022  1 21  3  8   2459600.97 2022  1 21 11 21
 2459695.58 2022  4 26  1 52   2459695.92 2022  4 26 10  8   2459696.27 2022  4 26 18 23
 2459790.87 2022  7 30  8 48   2459791.21 2022  7 30 17  7   2459791.56 2022  7 31  1 26
 2459886.16 2022 11  2 15 45   2459886.51 2022 11  3  0  7   2459886.85 2022 11  3  8 28
 2459981.45 2023  2  5 22 42   2459981.80 2023  2  6  7  6   2459982.15 2023  2  6 15 31
 2460076.74 2023  5 12  5 39   2460077.09 2023  5 12 14  6   2460077.44 2023  5 12 22 33
 2460172.02 2023  8 15 12 35   2460172.38 2023  8 15 21  6   2460172.73 2023  8 16  5 36
 2460267.31 2023 11 18 19 32   2460267.67 2023 11 19  4  5   2460268.03 2023 11 19 12 38
 2460362.60 2024  2 22  2 29   2460362.96 2024  2 22 11  5   2460363.32 2024  2 22 19 41
 2460457.89 2024  5 27  9 26   2460458.25 2024  5 27 18  4   2460458.61 2024  5 28  2 43
 2460553.18 2024  8 30 16 22   2460553.54 2024  8 31  1  4   2460553.91 2024  8 31  9 46
 2460648.47 2024 12  3 23 19   2460648.84 2024 12  4  8  4   2460649.20 2024 12  4 16 48
 2460743.76 2025  3  9  6 16   2460744.13 2025  3  9 15  3   2460744.49 2025  3  9 23 51
 2460839.05 2025  6 12 13 13   2460839.42 2025  6 12 22  3   2460839.79 2025  6 13  6 53
 2460934.34 2025  9 15 20  9   2460934.71 2025  9 16  5  3   2460935.08 2025  9 16 13 56
 2461029.63 2025 12 20  3  6   2461030.00 2025 12 20 12  2   2461030.37 2025 12 20 20 58
 2461124.92 2026  3 25 10  3   2461125.29 2026  3 25 19  2   2461125.67 2026  3 26  4  1
 2461220.21 2026  6 28 16 59   2461220.58 2026  6 29  2  1   2461220.96 2026  6 29 11  3
 2461315.50 2026 10  1 23 56   2461315.88 2026 10  2  9  1   2461316.25 2026 10  2 18  6
 2461410.79 2027  1  5  6 53   2461411.17 2027  1  5 16  1   2461411.55 2027  1  6  1  8
 2461506.08 2027  4 10 13 50   2461506.46 2027  4 10 23  0   2461506.84 2027  4 11  8 11
 2461601.37 2027  7 14 20 46   2461601.75 2027  7 15  6  0   2461602.13 2027  7 15 15 13
 2461696.66 2027 10 18  3 43   2461697.04 2027 10 18 12 59   2461697.43 2027 10 18 22 16
 2461791.94 2028  1 21 10 40   2461792.33 2028  1 21 19 59   2461792.72 2028  1 22  5 18
 2461887.23 2028  4 25 17 37   2461887.62 2028  4 26  2 59   2461888.01 2028  4 26 12 21
 2461982.52 2028  7 30  0 33   2461982.92 2028  7 30  9 58   2461983.31 2028  7 30 19 23
 2462077.81 2028 11  2  7 30   2462078.21 2028 11  2 16 58   2462078.60 2028 11  3  2 26
 2462173.10 2029  2  5 14 27   2462173.50 2029  2  5 23 58   2462173.90 2029  2  6  9 28
 2462268.39 2029  5 11 21 24   2462268.79 2029  5 12  6 57   2462269.19 2029  5 12 16 31
 2462363.68 2029  8 15  4 20   2462364.08 2029  8 15 13 57   2462364.48 2029  8 15 23 33
 2462458.97 2029 11 18 11 17   2462459.37 2029 11 18 20 56   2462459.78 2029 11 19  6 36
 2462554.26 2030  2 21 18 14   2462554.66 2030  2 22  3 56   2462555.07 2030  2 22 13 38
 2462649.55 2030  5 28  1 11   2462649.96 2030  5 28 10 56   2462650.36 2030  5 28 20 41
 2462744.84 2030  8 31  8  7   2462745.25 2030  8 31 17 55   2462745.66 2030  9  1  3 43
 2462840.13 2030 12  4 15  4   2462840.54 2030 12  5  0 55   2462840.95 2030 12  5 10 46
 2462935.42 2031  3  9 22  1   2462935.83 2031  3 10  7 54   2462936.24 2031  3 10 17 48
 2463030.71 2031  6 13  4 57   2463031.12 2031  6 13 14 54   2463031.54 2031  6 14  0 51
 2463126.00 2031  9 16 11 54   2463126.41 2031  9 16 21 54   2463126.83 2031  9 17  7 53
 2463221.29 2031 12 20 18 51   2463221.70 2031 12 21  4 53   2463222.12 2031 12 21 14 56
 2463316.58 2032  3 25  1 48   2463317.00 2032  3 25 11 53   2463317.42 2032  3 25 21 58
 2463411.86 2032  6 28  8 44   2463412.29 2032  6 28 18 53   2463412.71 2032  6 29  5  1
 2463507.15 2032 10  1 15 41   2463507.58 2032 10  2  1 52   2463508.00 2032 10  2 12  3
 2463602.44 2033  1  4 22 38   2463602.87 2033  1  5  8 52   2463603.30 2033  1  5 19  6
 2463697.73 2033  4 10  5 35   2463698.16 2033  4 10 15 51   2463698.59 2033  4 11  2  8
 2463793.02 2033  7 14 12 31   2463793.45 2033  7 14 22 51   2463793.88 2033  7 15  9 11
 2463888.31 2033 10 17 19 28   2463888.74 2033 10 18  5 51   2463889.18 2033 10 18 16 13
 2463983.60 2034  1 21  2 25   2463984.04 2034  1 21 12 50   2463984.47 2034  1 21 23 16
 2464078.89 2034  4 26  9 22   2464079.33 2034  4 26 19 50   2464079.76 2034  4 27  6 18
 2464174.18 2034  7 30 16 18   2464174.62 2034  7 31  2 50   2464175.06 2034  7 31 13 21
 2464269.47 2034 11  2 23 15   2464269.91 2034 11  3  9 49   2464270.35 2034 11  3 20 23
