 Predicted Transit Epochs: HIP57050_ b

 Predicted Duration of a Central Transit:   317. Minutes

 Begin Transit Window           PREDICTED CENTRAL TRANSIT     End Transit Window
                                     All Times UT

                               HJD        Year M  D  H  M
 2456775.02 2014  4 27 12 24   2456782.65 2014  5  5  3 42   2456790.29 2014  5 12 19  0
 2456816.32 2014  6  7 19 39   2456824.01 2014  6 15 12  9   2456831.69 2014  6 23  4 39
 2456857.62 2014  7 19  2 54   2456865.36 2014  7 26 20 36   2456873.10 2014  8  3 14 18
 2456898.92 2014  8 29 10  9   2456906.71 2014  9  6  5  3   2456914.50 2014  9 13 23 57
 2456940.23 2014 10  9 17 24   2456948.06 2014 10 17 13 30   2456955.90 2014 10 25  9 36
 2456981.53 2014 11 20  0 38   2456989.41 2014 11 27 21 56   2456997.30 2014 12  5 19 15
 2457022.83 2014 12 31  7 53   2457030.77 2015  1  8  6 23   2457038.70 2015  1 16  4 53
 2457064.13 2015  2 10 15  8   2457072.12 2015  2 18 14 50   2457080.11 2015  2 26 14 32
 2457105.43 2015  3 23 22 23   2457113.47 2015  3 31 23 17   2457121.51 2015  4  9  0 11
 2457146.74 2015  5  4  5 38   2457154.82 2015  5 12  7 44   2457162.91 2015  5 20  9 50
 2457188.04 2015  6 14 12 53   2457196.17 2015  6 22 16 11   2457204.31 2015  6 30 19 29
 2457229.34 2015  7 25 20  8   2457237.53 2015  8  3  0 38   2457245.71 2015  8 11  5  8
 2457270.64 2015  9  5  3 23   2457278.88 2015  9 13  9  5   2457287.12 2015  9 21 14 47
 2457311.94 2015 10 16 10 37   2457320.23 2015 10 24 17 32   2457328.52 2015 11  2  0 26
 2457353.25 2015 11 26 17 52   2457361.58 2015 12  5  1 58   2457369.92 2015 12 13 10  5
 2457394.55 2016  1  7  1  7   2457402.93 2016  1 15 10 25   2457411.32 2016  1 23 19 43
 2457435.85 2016  2 17  8 22   2457444.29 2016  2 25 18 52   2457452.72 2016  3  5  5 22
 2457477.15 2016  3 29 15 37   2457485.64 2016  4  7  3 19   2457494.13 2016  4 15 15  1
 2457518.45 2016  5  9 22 52   2457526.99 2016  5 18 11 46   2457535.53 2016  5 27  0 40
 2457559.76 2016  6 20  6  7   2457568.34 2016  6 28 20 13   2457576.93 2016  7  7 10 19
 2457601.06 2016  7 31 13 22   2457609.69 2016  8  9  4 40   2457618.33 2016  8 17 19 58
 2457642.36 2016  9 10 20 36   2457651.05 2016  9 19 13  7   2457659.73 2016  9 28  5 37
 2457683.66 2016 10 22  3 51   2457692.40 2016 10 30 21 33   2457701.14 2016 11  8 15 16
 2457724.96 2016 12  2 11  6   2457733.75 2016 12 11  6  0   2457742.54 2016 12 20  0 54
 2457766.27 2017  1 12 18 21   2457775.10 2017  1 21 14 27   2457783.94 2017  1 30 10 33
 2457807.57 2017  2 23  1 36   2457816.45 2017  3  3 22 54   2457825.34 2017  3 12 20 12
 2457848.87 2017  4  5  8 51   2457857.81 2017  4 14  7 21   2457866.74 2017  4 23  5 51
 2457890.17 2017  5 16 16  6   2457899.16 2017  5 25 15 48   2457908.15 2017  6  3 15 30
 2457931.47 2017  6 26 23 21   2457940.51 2017  7  6  0 15   2457949.55 2017  7 15  1  9
 2457972.78 2017  8  7  6 36   2457981.86 2017  8 16  8 42   2457990.95 2017  8 25 10 48
 2458014.08 2017  9 17 13 50   2458023.21 2017  9 26 17  8   2458032.35 2017 10  5 20 27
 2458055.38 2017 10 28 21  5   2458064.57 2017 11  7  1 35   2458073.75 2017 11 16  6  5
 2458096.68 2017 12  9  4 20   2458105.92 2017 12 18 10  2   2458115.16 2017 12 27 15 44
 2458137.98 2018  1 19 11 35   2458147.27 2018  1 28 18 29   2458156.56 2018  2  7  1 23
 2458179.29 2018  3  1 18 50   2458188.62 2018  3 11  2 56   2458197.96 2018  3 20 11  2
 2458220.59 2018  4 12  2  5   2458229.97 2018  4 21 11 23   2458239.36 2018  4 30 20 41
 2458261.89 2018  5 23  9 20   2458271.33 2018  6  1 19 50   2458280.76 2018  6 11  6 20
 2458303.19 2018  7  3 16 35   2458312.68 2018  7 13  4 17   2458322.17 2018  7 22 15 59
 2458344.49 2018  8 13 23 49   2458354.03 2018  8 23 12 44   2458363.57 2018  9  2  1 38
 2458385.80 2018  9 24  7  4   2458395.38 2018 10  3 21 10   2458404.97 2018 10 13 11 17
 2458427.10 2018 11  4 14 19   2458436.73 2018 11 14  5 37   2458446.37 2018 11 23 20 55
 2458468.40 2018 12 15 21 34   2458478.09 2018 12 25 14  4   2458487.77 2019  1  4  6 34
 2458509.70 2019  1 26  4 49   2458519.44 2019  2  4 22 31   2458529.18 2019  2 14 16 13
 2458551.00 2019  3  8 12  4   2458560.79 2019  3 18  6 58   2458570.58 2019  3 28  1 52
 2458592.31 2019  4 18 19 19   2458602.14 2019  4 28 15 25   2458611.98 2019  5  8 11 31
 2458633.61 2019  5 30  2 34   2458643.49 2019  6  8 23 52   2458653.38 2019  6 18 21 10
 2458674.91 2019  7 10  9 48   2458684.85 2019  7 20  8 19   2458694.78 2019  7 30  6 49
 2458716.21 2019  8 20 17  3   2458726.20 2019  8 30 16 45   2458736.19 2019  9  9 16 28
 2458757.51 2019 10  1  0 18   2458767.55 2019 10 11  1 12   2458777.59 2019 10 21  2  6
 2458798.82 2019 11 11  7 33   2458808.90 2019 11 21  9 39   2458818.99 2019 12  1 11 45
 2458840.12 2019 12 22 14 48   2458850.25 2020  1  1 18  6   2458860.39 2020  1 11 21 24
 2458881.42 2020  2  1 22  3   2458891.61 2020  2 12  2 33   2458901.79 2020  2 22  7  3
 2458922.72 2020  3 14  5 18   2458932.96 2020  3 24 11  0   2458943.20 2020  4  3 16 42
 2458964.02 2020  4 24 12 33   2458974.31 2020  5  4 19 27   2458984.60 2020  5 15  2 21
 2459005.33 2020  6  4 19 48   2459015.66 2020  6 15  3 54   2459026.00 2020  6 25 12  0
 2459046.63 2020  7 16  3  2   2459057.01 2020  7 26 12 20   2459067.40 2020  8  5 21 39
 2459087.93 2020  8 26 10 17   2459098.37 2020  9  5 20 47   2459108.80 2020  9 16  7 17
 2459129.23 2020 10  6 17 32   2459139.72 2020 10 17  5 14   2459150.21 2020 10 27 16 56
 2459170.53 2020 11 17  0 47   2459181.07 2020 11 27 13 41   2459191.61 2020 12  8  2 35
 2459211.84 2020 12 28  8  2   2459222.42 2021  1  7 22  8   2459233.01 2021  1 18 12 14
 2459253.14 2021  2  7 15 17   2459263.77 2021  2 18  6 35   2459274.41 2021  2 28 21 53
 2459294.44 2021  3 20 22 32   2459305.13 2021  3 31 15  2   2459315.81 2021  4 11  7 32
 2459335.74 2021  5  1  5 47   2459346.48 2021  5 11 23 29   2459357.22 2021  5 22 17 11
 2459377.04 2021  6 11 13  1   2459387.83 2021  6 22  7 56   2459398.62 2021  7  3  2 50
 2459418.35 2021  7 22 20 16   2459429.18 2021  8  2 16 22   2459440.02 2021  8 13 12 29
 2459459.65 2021  9  2  3 31   2459470.53 2021  9 13  0 49   2459481.42 2021  9 23 22  7
 2459500.95 2021 10 13 10 46   2459511.89 2021 10 24  9 16   2459522.82 2021 11  4  7 46
 2459542.25 2021 11 23 18  1   2459553.24 2021 12  4 17 43   2459564.23 2021 12 15 17 25
 2459583.55 2022  1  4  1 16   2459594.59 2022  1 15  2 10   2459605.63 2022  1 26  3  4
 2459624.86 2022  2 14  8 31   2459635.94 2022  2 25 10 37   2459647.03 2022  3  8 12 43
 2459666.16 2022  3 27 15 46   2459677.29 2022  4  7 19  4   2459688.43 2022  4 18 22 22
 2459707.46 2022  5  7 23  0   2459718.65 2022  5 19  3 31   2459729.83 2022  5 30  8  1
 2459748.76 2022  6 18  6 15   2459760.00 2022  6 29 11 57   2459771.24 2022  7 10 17 40
 2459790.06 2022  7 29 13 30   2459801.35 2022  8  9 20 24   2459812.64 2022  8 21  3 18
 2459831.37 2022  9  8 20 45   2459842.70 2022  9 20  4 51   2459854.04 2022 10  1 12 57
 2459872.67 2022 10 20  4  0   2459884.05 2022 10 31 13 18   2459895.44 2022 11 11 22 36
 2459913.97 2022 11 30 11 15   2459925.41 2022 12 11 21 45   2459936.84 2022 12 23  8 15
 2459955.27 2023  1 10 18 30   2459966.76 2023  1 22  6 12   2459978.25 2023  2  2 17 54
 2459996.57 2023  2 21  1 45   2460008.11 2023  3  4 14 39   2460019.65 2023  3 16  3 33
 2460037.88 2023  4  3  9  0   2460049.46 2023  4 14 23  6   2460061.05 2023  4 26 13 12
 2460079.18 2023  5 14 16 14   2460090.81 2023  5 26  7 32   2460102.45 2023  6  6 22 51
 2460120.48 2023  6 24 23 29   2460132.17 2023  7  6 15 59   2460143.85 2023  7 18  8 29
 2460161.78 2023  8  5  6 44   2460173.52 2023  8 17  0 26   2460185.26 2023  8 28 18  8
 2460203.08 2023  9 15 13 59   2460214.87 2023  9 27  8 53   2460226.66 2023 10  9  3 47
 2460244.39 2023 10 26 21 14   2460256.22 2023 11  7 17 20   2460268.06 2023 11 19 13 26
 2460285.69 2023 12  7  4 29   2460297.57 2023 12 19  1 47   2460309.46 2023 12 30 23  5
 2460326.99 2024  1 17 11 44   2460338.93 2024  1 29 10 14   2460350.86 2024  2 10  8 44
 2460368.29 2024  2 27 18 59   2460380.28 2024  3 10 18 41   2460392.27 2024  3 22 18 23
 2460409.59 2024  4  9  2 13   2460421.63 2024  4 21  3  8   2460433.67 2024  5  3  4  2
 2460450.90 2024  5 20  9 28   2460462.98 2024  6  1 11 34   2460475.07 2024  6 13 13 41
 2460492.20 2024  6 30 16 43   2460504.33 2024  7 12 20  1   2460516.47 2024  7 24 23 19
 2460533.50 2024  8 10 23 58   2460545.69 2024  8 23  4 28   2460557.87 2024  9  4  8 58
 2460574.80 2024  9 21  7 13   2460587.04 2024 10  3 12 55   2460599.28 2024 10 15 18 37
 2460616.10 2024 11  1 14 28   2460628.39 2024 11 13 21 22   2460640.68 2024 11 26  4 16
 2460657.41 2024 12 12 21 43   2460669.74 2024 12 25  5 49   2460682.08 2025  1  6 13 55
 2460698.71 2025  1 23  4 58   2460711.09 2025  2  4 14 16   2460723.48 2025  2 16 23 34
 2460740.01 2025  3  5 12 12   2460752.45 2025  3 17 22 43   2460764.88 2025  3 30  9 13
 2460781.31 2025  4 15 19 27   2460793.80 2025  4 28  7  9   2460806.29 2025  5 10 18 52
 2460822.61 2025  5 27  2 42   2460835.15 2025  6  8 15 36   2460847.69 2025  6 21  4 30
 2460863.92 2025  7  7  9 57   2460876.50 2025  7 20  0  3   2460889.09 2025  8  1 14  9
 2460905.22 2025  8 17 17 12   2460917.85 2025  8 30  8 30   2460930.49 2025  9 11 23 48
 2460946.52 2025  9 28  0 27   2460959.21 2025 10 10 16 57   2460971.89 2025 10 23  9 27
 2460987.82 2025 11  8  7 42   2461000.56 2025 11 21  1 24   2461013.30 2025 12  3 19  6
 2461029.12 2025 12 19 14 57   2461041.91 2026  1  1  9 51   2461054.70 2026  1 14  4 45
 2461070.43 2026  1 29 22 12   2461083.26 2026  2 11 18 18   2461096.10 2026  2 24 14 24
 2461111.73 2026  3 12  5 26   2461124.61 2026  3 25  2 44   2461137.50 2026  4  7  0  3
 2461153.03 2026  4 22 12 41   2461165.97 2026  5  5 11 11   2461178.90 2026  5 18  9 41
 2461194.33 2026  6  2 19 56   2461207.32 2026  6 15 19 38   2461220.31 2026  6 28 19 20
 2461235.63 2026  7 14  3 11   2461248.67 2026  7 27  4  5   2461261.71 2026  8  9  4 59
 2461276.94 2026  8 24 10 26   2461290.02 2026  9  6 12 32   2461303.11 2026  9 19 14 38
 2461318.24 2026 10  4 17 41   2461331.37 2026 10 17 20 59   2461344.51 2026 10 31  0 17
 2461359.54 2026 11 15  0 56   2461372.73 2026 11 28  5 26   2461385.91 2026 12 11  9 56
 2461400.84 2026 12 26  8 11   2461414.08 2027  1  8 13 53   2461427.32 2027  1 21 19 35
 2461442.14 2027  2  5 15 25   2461455.43 2027  2 18 22 20   2461468.72 2027  3  4  5 14
 2461483.45 2027  3 18 22 40   2461496.78 2027  4  1  6 46   2461510.12 2027  4 14 14 53
 2461524.75 2027  4 29  5 55   2461538.13 2027  5 12 15 13   2461551.52 2027  5 26  0 31
 2461566.05 2027  6  9 13 10   2461579.49 2027  6 22 23 40   2461592.92 2027  7  6 10 10
 2461607.35 2027  7 20 20 25   2461620.84 2027  8  3  8  7   2461634.33 2027  8 16 19 49
 2461648.65 2027  8 31  3 40   2461662.19 2027  9 13 16 34   2461675.73 2027  9 27  5 28
 2461689.96 2027 10 11 10 55   2461703.54 2027 10 25  1  1   2461717.13 2027 11  7 15  7
 2461731.26 2027 11 21 18 10   2461744.89 2027 12  5  9 28   2461758.53 2027 12 19  0 46
 2461772.56 2028  1  2  1 24   2461786.25 2028  1 15 17 55   2461799.93 2028  1 29 10 25
 2461813.86 2028  2 12  8 39   2461827.60 2028  2 26  2 21   2461841.34 2028  3 10 20  4
 2461855.16 2028  3 24 15 54   2461868.95 2028  4  7 10 48   2461882.74 2028  4 21  5 42
 2461896.47 2028  5  4 23  9   2461910.30 2028  5 18 19 15   2461924.14 2028  6  1 15 21
 2461937.77 2028  6 15  6 24   2461951.65 2028  6 29  3 42   2461965.54 2028  7 13  1  0
 2461979.07 2028  7 26 13 39   2461993.01 2028  8  9 12  9   2462006.94 2028  8 23 10 39
 2462020.37 2028  9  5 20 54   2462034.36 2028  9 19 20 36   2462048.35 2028 10  3 20 18
 2462061.67 2028 10 17  4  9   2462075.71 2028 10 31  5  3   2462089.75 2028 11 14  5 57
 2462102.98 2028 11 27 11 24   2462117.06 2028 12 11 13 30   2462131.15 2028 12 25 15 36
 2462144.28 2029  1  7 18 38   2462158.41 2029  1 21 21 56   2462172.55 2029  2  5  1 15
 2462185.58 2029  2 18  1 53   2462199.77 2029  3  4  6 23   2462213.95 2029  3 18 10 53
 2462226.88 2029  3 31  9  8   2462241.12 2029  4 14 14 50   2462255.36 2029  4 28 20 32
 2462268.18 2029  5 11 16 23   2462282.47 2029  5 25 23 17   2462296.76 2029  6  9  6 11
 2462309.49 2029  6 21 23 38   2462323.82 2029  7  6  7 44   2462338.16 2029  7 20 15 50
 2462350.79 2029  8  2  6 53   2462365.17 2029  8 16 16 11   2462379.56 2029  8 31  1 29
 2462392.09 2029  9 12 14  8   2462406.53 2029  9 27  0 38   2462420.96 2029 10 11 11  8
 2462433.39 2029 10 23 21 23   2462447.88 2029 11  7  9  5   2462462.37 2029 11 21 20 47
 2462474.69 2029 12  4  4 37   2462489.23 2029 12 18 17 32   2462503.77 2030  1  2  6 26
 2462516.00 2030  1 14 11 52   2462530.58 2030  1 29  1 58   2462545.17 2030  2 12 16  5
 2462557.30 2030  2 24 19  7   2462571.93 2030  3 11 10 25   2462586.57 2030  3 26  1 43
 2462598.60 2030  4  7  2 22   2462613.29 2030  4 21 18 52   2462627.97 2030  5  6 11 22
 2462639.90 2030  5 18  9 37   2462654.64 2030  6  2  3 19   2462669.38 2030  6 16 21  1
 2462681.20 2030  6 28 16 52   2462695.99 2030  7 13 11 46   2462710.78 2030  7 28  6 40
 2462722.51 2030  8  9  0  7   2462737.34 2030  8 23 20 13   2462752.18 2030  9  7 16 19
 2462763.81 2030  9 19  7 22   2462778.69 2030 10  4  4 40   2462793.58 2030 10 19  1 58
 2462805.11 2030 10 30 14 36   2462820.05 2030 11 14 13  7   2462834.98 2030 11 29 11 37
 2462846.41 2030 12 10 21 51   2462861.40 2030 12 25 21 33   2462876.39 2031  1  9 21 16
 2462887.71 2031  1 21  5  6   2462902.75 2031  2  5  6  0   2462917.79 2031  2 20  6 54
 2462929.02 2031  3  3 12 21   2462944.10 2031  3 18 14 27   2462959.19 2031  4  2 16 33
 2462970.32 2031  4 13 19 36   2462985.45 2031  4 28 22 54   2463000.59 2031  5 14  2 12
 2463011.62 2031  5 25  2 51   2463026.81 2031  6  9  7 21   2463041.99 2031  6 24 11 51
 2463052.92 2031  7  5 10  6   2463068.16 2031  7 20 15 48   2463083.40 2031  8  4 21 30
 2463094.22 2031  8 15 17 21   2463109.51 2031  8 31  0 15   2463124.80 2031  9 15  7  9
 2463135.53 2031  9 26  0 36   2463150.86 2031 10 11  8 42   2463166.20 2031 10 26 16 48
 2463176.83 2031 11  6  7 50   2463192.21 2031 11 21 17  8   2463207.60 2031 12  7  2 27
 2463218.13 2031 12 17 15  5   2463233.57 2032  1  2  1 35   2463249.00 2032  1 17 12  5
 2463259.43 2032  1 27 22 20   2463274.92 2032  2 12 10  2   2463290.41 2032  2 27 21 44
 2463300.73 2032  3  9  5 35   2463316.27 2032  3 24 18 29   2463331.81 2032  4  9  7 23
 2463342.04 2032  4 19 12 50   2463357.62 2032  5  5  2 56   2463373.21 2032  5 20 17  2
 2463383.34 2032  5 30 20  5   2463398.97 2032  6 15 11 23   2463414.61 2032  7  1  2 41
 2463424.64 2032  7 11  3 20   2463440.33 2032  7 26 19 50   2463456.01 2032  8 11 12 20
 2463465.94 2032  8 21 10 35   2463481.68 2032  9  6  4 17   2463497.42 2032  9 21 21 59
 2463507.24 2032 10  1 17 49   2463523.03 2032 10 17 12 44   2463538.82 2032 11  2  7 38
 2463548.55 2032 11 12  1  4   2463564.38 2032 11 27 21 10   2463580.22 2032 12 13 17 17
 2463589.85 2032 12 23  8 19   2463605.73 2033  1  8  5 37   2463621.62 2033  1 24  2 55
 2463631.15 2033  2  2 15 34   2463647.09 2033  2 18 14  4   2463663.02 2033  3  6 12 34
 2463672.45 2033  3 15 22 49   2463688.44 2033  3 31 22 31   2463704.43 2033  4 16 22 13
 2463713.75 2033  4 26  6  4   2463729.79 2033  5 12  6 58   2463745.83 2033  5 28  7 52
 2463755.06 2033  6  6 13 19   2463771.14 2033  6 22 15 25   2463787.23 2033  7  8 17 31
 2463796.36 2033  7 17 20 34   2463812.49 2033  8  2 23 52   2463828.63 2033  8 19  3 10
 2463837.66 2033  8 28  3 48   2463853.85 2033  9 13  8 19   2463870.03 2033  9 29 12 49
 2463878.96 2033 10  8 11  3   2463895.20 2033 10 24 16 45   2463911.44 2033 11  9 22 28
 2463920.26 2033 11 18 18 18   2463936.55 2033 12  5  1 12   2463952.84 2033 12 21  8  6
 2463961.57 2033 12 30  1 33   2463977.90 2034  1 15  9 39   2463994.24 2034  1 31 17 45
 2464002.87 2034  2  9  8 48   2464019.25 2034  2 25 18  6   2464035.64 2034  3 14  3 24
 2464044.17 2034  3 22 16  3   2464060.61 2034  4  8  2 33   2464077.04 2034  4 24 13  3
 2464085.47 2034  5  2 23 18   2464101.96 2034  5 19 11  0   2464118.45 2034  6  4 22 42
 2464126.77 2034  6 13  6 33   2464143.31 2034  6 29 19 27   2464159.85 2034  7 16  8 21
 2464168.08 2034  7 24 13 48   2464184.66 2034  8 10  3 54   2464201.25 2034  8 26 18  0
