 Predicted Transit Epochs: lickcarne 1

 Predicted Duration of a Central Transit:    73. Minutes

 Begin Transit Window           PREDICTED CENTRAL TRANSIT     End Transit Window
                                     All Times UT

                               HJD        Year M  D  H  M
 2454539.07 2008  3 13 13 45   2454539.13 2008  3 13 15 10   2454539.19 2008  3 13 16 35
 2454540.63 2008  3 15  3  8   2454540.69 2008  3 15  4 33   2454540.75 2008  3 15  5 58
 2454542.19 2008  3 16 16 31   2454542.25 2008  3 16 17 56   2454542.31 2008  3 16 19 21
 2454543.75 2008  3 18  5 54   2454543.81 2008  3 18  7 19   2454543.86 2008  3 18  8 44
 2454545.30 2008  3 19 19 17   2454545.36 2008  3 19 20 42   2454545.42 2008  3 19 22  7
 2454546.86 2008  3 21  8 39   2454546.92 2008  3 21 10  4   2454546.98 2008  3 21 11 29
 2454548.42 2008  3 22 22  2   2454548.48 2008  3 22 23 27   2454548.54 2008  3 23  0 52
 2454549.98 2008  3 24 11 25   2454550.04 2008  3 24 12 50   2454550.09 2008  3 24 14 15
 2454551.53 2008  3 26  0 48   2454551.59 2008  3 26  2 13   2454551.65 2008  3 26  3 38
 2454553.09 2008  3 27 14 11   2454553.15 2008  3 27 15 36   2454553.21 2008  3 27 17  1
 2454554.65 2008  3 29  3 33   2454554.71 2008  3 29  4 58   2454554.77 2008  3 29  6 23
 2454556.21 2008  3 30 16 56   2454556.27 2008  3 30 18 21   2454556.32 2008  3 30 19 46
 2454557.76 2008  4  1  6 19   2454557.82 2008  4  1  7 44   2454557.88 2008  4  1  9  9
 2454559.32 2008  4  2 19 42   2454559.38 2008  4  2 21  7   2454559.44 2008  4  2 22 32
 2454560.88 2008  4  4  9  4   2454560.94 2008  4  4 10 30   2454561.00 2008  4  4 11 55
 2454562.44 2008  4  5 22 27   2454562.50 2008  4  5 23 52   2454562.55 2008  4  6  1 18
 2454563.99 2008  4  7 11 50   2454564.05 2008  4  7 13 15   2454564.11 2008  4  7 14 40
 2454565.55 2008  4  9  1 13   2454565.61 2008  4  9  2 38   2454565.67 2008  4  9  4  3
 2454567.11 2008  4 10 14 36   2454567.17 2008  4 10 16  1   2454567.23 2008  4 10 17 26
 2454568.67 2008  4 12  3 58   2454568.73 2008  4 12  5 24   2454568.78 2008  4 12  6 49
 2454570.22 2008  4 13 17 21   2454570.28 2008  4 13 18 46   2454570.34 2008  4 13 20 12
 2454571.78 2008  4 15  6 44   2454571.84 2008  4 15  8  9   2454571.90 2008  4 15  9 34
 2454573.34 2008  4 16 20  7   2454573.40 2008  4 16 21 32   2454573.46 2008  4 16 22 57
 2454574.90 2008  4 18  9 30   2454574.96 2008  4 18 10 55   2454575.01 2008  4 18 12 20
 2454576.45 2008  4 19 22 52   2454576.51 2008  4 20  0 18   2454576.57 2008  4 20  1 43
 2454578.01 2008  4 21 12 15   2454578.07 2008  4 21 13 40   2454578.13 2008  4 21 15  6
 2454579.57 2008  4 23  1 38   2454579.63 2008  4 23  3  3   2454579.69 2008  4 23  4 28
 2454581.13 2008  4 24 15  1   2454581.19 2008  4 24 16 26   2454581.24 2008  4 24 17 51
 2454582.68 2008  4 26  4 23   2454582.74 2008  4 26  5 49   2454582.80 2008  4 26  7 14
 2454584.24 2008  4 27 17 46   2454584.30 2008  4 27 19 12   2454584.36 2008  4 27 20 37
 2454585.80 2008  4 29  7  9   2454585.86 2008  4 29  8 34   2454585.92 2008  4 29 10  0
 2454587.36 2008  4 30 20 32   2454587.42 2008  4 30 21 57   2454587.47 2008  4 30 23 23
 2454588.91 2008  5  2  9 55   2454588.97 2008  5  2 11 20   2454589.03 2008  5  2 12 45
 2454590.47 2008  5  3 23 17   2454590.53 2008  5  4  0 43   2454590.59 2008  5  4  2  8
 2454592.03 2008  5  5 12 40   2454592.09 2008  5  5 14  6   2454592.15 2008  5  5 15 31
 2454593.59 2008  5  7  2  3   2454593.65 2008  5  7  3 28   2454593.70 2008  5  7  4 54
 2454595.14 2008  5  8 15 26   2454595.20 2008  5  8 16 51   2454595.26 2008  5  8 18 17
 2454596.70 2008  5 10  4 49   2454596.76 2008  5 10  6 14   2454596.82 2008  5 10  7 39
 2454598.26 2008  5 11 18 11   2454598.32 2008  5 11 19 37   2454598.38 2008  5 11 21  2
 2454599.82 2008  5 13  7 34   2454599.88 2008  5 13  9  0   2454599.93 2008  5 13 10 25
 2454601.37 2008  5 14 20 57   2454601.43 2008  5 14 22 22   2454601.49 2008  5 14 23 48
 2454602.93 2008  5 16 10 20   2454602.99 2008  5 16 11 45   2454603.05 2008  5 16 13 11
 2454604.49 2008  5 17 23 42   2454604.55 2008  5 18  1  8   2454604.61 2008  5 18  2 34
 2454606.05 2008  5 19 13  5   2454606.11 2008  5 19 14 31   2454606.16 2008  5 19 15 56
 2454607.60 2008  5 21  2 28   2454607.66 2008  5 21  3 54   2454607.72 2008  5 21  5 19
 2454609.16 2008  5 22 15 51   2454609.22 2008  5 22 17 16   2454609.28 2008  5 22 18 42
 2454610.72 2008  5 24  5 14   2454610.78 2008  5 24  6 39   2454610.84 2008  5 24  8  5
 2454612.28 2008  5 25 18 36   2454612.34 2008  5 25 20  2   2454612.39 2008  5 25 21 28
 2454613.83 2008  5 27  7 59   2454613.89 2008  5 27  9 25   2454613.95 2008  5 27 10 50
 2454615.39 2008  5 28 21 22   2454615.45 2008  5 28 22 48   2454615.51 2008  5 29  0 13
 2454616.95 2008  5 30 10 45   2454617.01 2008  5 30 12 10   2454617.07 2008  5 30 13 36
 2454618.51 2008  6  1  0  8   2454618.57 2008  6  1  1 33   2454618.62 2008  6  1  2 59
 2454620.06 2008  6  2 13 30   2454620.12 2008  6  2 14 56   2454620.18 2008  6  2 16 22
 2454621.62 2008  6  4  2 53   2454621.68 2008  6  4  4 19   2454621.74 2008  6  4  5 44
 2454623.18 2008  6  5 16 16   2454623.24 2008  6  5 17 42   2454623.30 2008  6  5 19  7
 2454624.74 2008  6  7  5 39   2454624.80 2008  6  7  7  4   2454624.85 2008  6  7  8 30
 2454626.29 2008  6  8 19  1   2454626.35 2008  6  8 20 27   2454626.41 2008  6  8 21 53
 2454627.85 2008  6 10  8 24   2454627.91 2008  6 10  9 50   2454627.97 2008  6 10 11 16
 2454629.41 2008  6 11 21 47   2454629.47 2008  6 11 23 13   2454629.53 2008  6 12  0 39
 2454630.97 2008  6 13 11 10   2454631.03 2008  6 13 12 36   2454631.08 2008  6 13 14  1
 2454632.52 2008  6 15  0 33   2454632.58 2008  6 15  1 58   2454632.64 2008  6 15  3 24
 2454634.08 2008  6 16 13 55   2454634.14 2008  6 16 15 21   2454634.20 2008  6 16 16 47
 2454635.64 2008  6 18  3 18   2454635.70 2008  6 18  4 44   2454635.76 2008  6 18  6 10
 2454637.20 2008  6 19 16 41   2454637.26 2008  6 19 18  7   2454637.31 2008  6 19 19 33
 2454638.75 2008  6 21  6  4   2454638.81 2008  6 21  7 30   2454638.87 2008  6 21  8 55
 2454640.31 2008  6 22 19 27   2454640.37 2008  6 22 20 52   2454640.43 2008  6 22 22 18
 2454641.87 2008  6 24  8 49   2454641.93 2008  6 24 10 15   2454641.99 2008  6 24 11 41
 2454643.43 2008  6 25 22 12   2454643.49 2008  6 25 23 38   2454643.54 2008  6 26  1  4
 2454644.98 2008  6 27 11 35   2454645.04 2008  6 27 13  1   2454645.10 2008  6 27 14 27
 2454646.54 2008  6 29  0 58   2454646.60 2008  6 29  2 24   2454646.66 2008  6 29  3 50
 2454648.10 2008  6 30 14 20   2454648.16 2008  6 30 15 46   2454648.22 2008  6 30 17 12
 2454649.66 2008  7  2  3 43   2454649.72 2008  7  2  5  9   2454649.77 2008  7  2  6 35
 2454651.21 2008  7  3 17  6   2454651.27 2008  7  3 18 32   2454651.33 2008  7  3 19 58
 2454652.77 2008  7  5  6 29   2454652.83 2008  7  5  7 55   2454652.89 2008  7  5  9 21
 2454654.33 2008  7  6 19 52   2454654.39 2008  7  6 21 18   2454654.45 2008  7  6 22 44
 2454655.89 2008  7  8  9 14   2454655.95 2008  7  8 10 40   2454656.00 2008  7  8 12  6
 2454657.44 2008  7  9 22 37   2454657.50 2008  7 10  0  3   2454657.56 2008  7 10  1 29
 2454659.00 2008  7 11 12  0   2454659.06 2008  7 11 13 26   2454659.12 2008  7 11 14 52
 2454660.56 2008  7 13  1 23   2454660.62 2008  7 13  2 49   2454660.68 2008  7 13  4 15
 2454662.12 2008  7 14 14 46   2454662.18 2008  7 14 16 12   2454662.23 2008  7 14 17 38
 2454663.67 2008  7 16  4  8   2454663.73 2008  7 16  5 34   2454663.79 2008  7 16  7  0
 2454665.23 2008  7 17 17 31   2454665.29 2008  7 17 18 57   2454665.35 2008  7 17 20 23
 2454666.79 2008  7 19  6 54   2454666.85 2008  7 19  8 20   2454666.91 2008  7 19  9 46
 2454668.35 2008  7 20 20 17   2454668.41 2008  7 20 21 43   2454668.46 2008  7 20 23  9
 2454669.90 2008  7 22  9 39   2454669.96 2008  7 22 11  6   2454670.02 2008  7 22 12 32
 2454671.46 2008  7 23 23  2   2454671.52 2008  7 24  0 28   2454671.58 2008  7 24  1 55
 2454673.02 2008  7 25 12 25   2454673.08 2008  7 25 13 51   2454673.14 2008  7 25 15 17
 2454674.58 2008  7 27  1 48   2454674.64 2008  7 27  3 14   2454674.69 2008  7 27  4 40
 2454676.13 2008  7 28 15 11   2454676.19 2008  7 28 16 37   2454676.25 2008  7 28 18  3
 2454677.69 2008  7 30  4 33   2454677.75 2008  7 30  6  0   2454677.81 2008  7 30  7 26
 2454679.25 2008  7 31 17 56   2454679.31 2008  7 31 19 22   2454679.37 2008  7 31 20 49
 2454680.81 2008  8  2  7 19   2454680.87 2008  8  2  8 45   2454680.92 2008  8  2 10 11
 2454682.36 2008  8  3 20 42   2454682.42 2008  8  3 22  8   2454682.48 2008  8  3 23 34
 2454683.92 2008  8  5 10  5   2454683.98 2008  8  5 11 31   2454684.04 2008  8  5 12 57
 2454685.48 2008  8  6 23 27   2454685.54 2008  8  7  0 54   2454685.60 2008  8  7  2 20
 2454687.04 2008  8  8 12 50   2454687.10 2008  8  8 14 16   2454687.15 2008  8  8 15 43
 2454688.59 2008  8 10  2 13   2454688.65 2008  8 10  3 39   2454688.71 2008  8 10  5  5
 2454690.15 2008  8 11 15 36   2454690.21 2008  8 11 17  2   2454690.27 2008  8 11 18 28
 2454691.71 2008  8 13  4 58   2454691.77 2008  8 13  6 25   2454691.83 2008  8 13  7 51
 2454693.27 2008  8 14 18 21   2454693.33 2008  8 14 19 48   2454693.39 2008  8 14 21 14
 2454694.82 2008  8 16  7 44   2454694.88 2008  8 16  9 10   2454694.94 2008  8 16 10 37
 2454696.38 2008  8 17 21  7   2454696.44 2008  8 17 22 33   2454696.50 2008  8 18  0  0
 2454697.94 2008  8 19 10 30   2454698.00 2008  8 19 11 56   2454698.06 2008  8 19 13 22
 2454699.50 2008  8 20 23 52   2454699.56 2008  8 21  1 19   2454699.62 2008  8 21  2 45
 2454701.05 2008  8 22 13 15   2454701.11 2008  8 22 14 42   2454701.17 2008  8 22 16  8
 2454702.61 2008  8 24  2 38   2454702.67 2008  8 24  4  4   2454702.73 2008  8 24  5 31
 2454704.17 2008  8 25 16  1   2454704.23 2008  8 25 17 27   2454704.29 2008  8 25 18 54
 2454705.73 2008  8 27  5 24   2454705.79 2008  8 27  6 50   2454705.85 2008  8 27  8 16
 2454707.28 2008  8 28 18 46   2454707.34 2008  8 28 20 13   2454707.40 2008  8 28 21 39
 2454708.84 2008  8 30  8  9   2454708.90 2008  8 30  9 36   2454708.96 2008  8 30 11  2
 2454710.40 2008  8 31 21 32   2454710.46 2008  8 31 22 58   2454710.52 2008  9  1  0 25
 2454711.95 2008  9  2 10 55   2454712.02 2008  9  2 12 21   2454712.08 2008  9  2 13 48
 2454713.51 2008  9  4  0 17   2454713.57 2008  9  4  1 44   2454713.63 2008  9  4  3 11
 2454715.07 2008  9  5 13 40   2454715.13 2008  9  5 15  7   2454715.19 2008  9  5 16 33
 2454716.63 2008  9  7  3  3   2454716.69 2008  9  7  4 30   2454716.75 2008  9  7  5 56
 2454718.18 2008  9  8 16 26   2454718.25 2008  9  8 17 52   2454718.31 2008  9  8 19 19
 2454719.74 2008  9 10  5 49   2454719.80 2008  9 10  7 15   2454719.86 2008  9 10  8 42
 2454721.30 2008  9 11 19 11   2454721.36 2008  9 11 20 38   2454721.42 2008  9 11 22  5
 2454722.86 2008  9 13  8 34   2454722.92 2008  9 13 10  1   2454722.98 2008  9 13 11 27
 2454724.41 2008  9 14 21 57   2454724.48 2008  9 14 23 24   2454724.54 2008  9 15  0 50
 2454725.97 2008  9 16 11 20   2454726.03 2008  9 16 12 46   2454726.09 2008  9 16 14 13
 2454727.53 2008  9 18  0 43   2454727.59 2008  9 18  2  9   2454727.65 2008  9 18  3 36
 2454729.09 2008  9 19 14  5   2454729.15 2008  9 19 15 32   2454729.21 2008  9 19 16 59
 2454730.64 2008  9 21  3 28   2454730.71 2008  9 21  4 55   2454730.77 2008  9 21  6 21
 2454732.20 2008  9 22 16 51   2454732.26 2008  9 22 18 18   2454732.32 2008  9 22 19 44
 2454733.76 2008  9 24  6 14   2454733.82 2008  9 24  7 40   2454733.88 2008  9 24  9  7
 2454735.32 2008  9 25 19 36   2454735.38 2008  9 25 21  3   2454735.44 2008  9 25 22 30
 2454736.87 2008  9 27  8 59   2454736.94 2008  9 27 10 26   2454737.00 2008  9 27 11 53
 2454738.43 2008  9 28 22 22   2454738.49 2008  9 28 23 49   2454738.55 2008  9 29  1 16
 2454739.99 2008  9 30 11 45   2454740.05 2008  9 30 13 12   2454740.11 2008  9 30 14 38
 2454741.55 2008 10  2  1  8   2454741.61 2008 10  2  2 34   2454741.67 2008 10  2  4  1
 2454743.10 2008 10  3 14 30   2454743.17 2008 10  3 15 57   2454743.23 2008 10  3 17 24
 2454744.66 2008 10  5  3 53   2454744.72 2008 10  5  5 20   2454744.78 2008 10  5  6 47
 2454746.22 2008 10  6 17 16   2454746.28 2008 10  6 18 43   2454746.34 2008 10  6 20 10
 2454747.78 2008 10  8  6 39   2454747.84 2008 10  8  8  6   2454747.90 2008 10  8  9 32
 2454749.33 2008 10  9 20  2   2454749.40 2008 10  9 21 28   2454749.46 2008 10  9 22 55
 2454750.89 2008 10 11  9 24   2454750.95 2008 10 11 10 51   2454751.01 2008 10 11 12 18
 2454752.45 2008 10 12 22 47   2454752.51 2008 10 13  0 14   2454752.57 2008 10 13  1 41
 2454754.01 2008 10 14 12 10   2454754.07 2008 10 14 13 37   2454754.13 2008 10 14 15  4
 2454755.56 2008 10 16  1 33   2454755.63 2008 10 16  3  0   2454755.69 2008 10 16  4 27
 2454757.12 2008 10 17 14 55   2454757.18 2008 10 17 16 22   2454757.24 2008 10 17 17 49
 2454758.68 2008 10 19  4 18   2454758.74 2008 10 19  5 45   2454758.80 2008 10 19  7 12
 2454760.24 2008 10 20 17 41   2454760.30 2008 10 20 19  8   2454760.36 2008 10 20 20 35
 2454761.79 2008 10 22  7  4   2454761.86 2008 10 22  8 31   2454761.92 2008 10 22  9 58
 2454763.35 2008 10 23 20 27   2454763.41 2008 10 23 21 54   2454763.47 2008 10 23 23 21
 2454764.91 2008 10 25  9 49   2454764.97 2008 10 25 11 16   2454765.03 2008 10 25 12 43
 2454766.47 2008 10 26 23 12   2454766.53 2008 10 27  0 39   2454766.59 2008 10 27  2  6
 2454768.02 2008 10 28 12 35   2454768.09 2008 10 28 14  2   2454768.15 2008 10 28 15 29
 2454769.58 2008 10 30  1 58   2454769.64 2008 10 30  3 25   2454769.70 2008 10 30  4 52
 2454771.14 2008 10 31 15 21   2454771.20 2008 10 31 16 48   2454771.26 2008 10 31 18 15
 2454772.70 2008 11  2  4 43   2454772.76 2008 11  2  6 10   2454772.82 2008 11  2  7 37
 2454774.25 2008 11  3 18  6   2454774.32 2008 11  3 19 33   2454774.38 2008 11  3 21  0
 2454775.81 2008 11  5  7 29   2454775.87 2008 11  5  8 56   2454775.93 2008 11  5 10 23
 2454777.37 2008 11  6 20 52   2454777.43 2008 11  6 22 19   2454777.49 2008 11  6 23 46
 2454778.93 2008 11  8 10 14   2454778.99 2008 11  8 11 42   2454779.05 2008 11  8 13  9
 2454780.48 2008 11  9 23 37   2454780.55 2008 11 10  1  4   2454780.61 2008 11 10  2 32
 2454782.04 2008 11 11 13  0   2454782.10 2008 11 11 14 27   2454782.16 2008 11 11 15 54
 2454783.60 2008 11 13  2 23   2454783.66 2008 11 13  3 50   2454783.72 2008 11 13  5 17
 2454785.16 2008 11 14 15 46   2454785.22 2008 11 14 17 13   2454785.28 2008 11 14 18 40
 2454786.71 2008 11 16  5  8   2454786.78 2008 11 16  6 36   2454786.84 2008 11 16  8  3
 2454788.27 2008 11 17 18 31   2454788.33 2008 11 17 19 58   2454788.39 2008 11 17 21 26
 2454789.83 2008 11 19  7 54   2454789.89 2008 11 19  9 21   2454789.95 2008 11 19 10 48
 2454791.39 2008 11 20 21 17   2454791.45 2008 11 20 22 44   2454791.51 2008 11 21  0 11
 2454792.94 2008 11 22 10 39   2454793.01 2008 11 22 12  7   2454793.07 2008 11 22 13 34
 2454794.50 2008 11 24  0  2   2454794.56 2008 11 24  1 30   2454794.62 2008 11 24  2 57
 2454796.06 2008 11 25 13 25   2454796.12 2008 11 25 14 52   2454796.18 2008 11 25 16 20
 2454797.62 2008 11 27  2 48   2454797.68 2008 11 27  4 15   2454797.74 2008 11 27  5 43
 2454799.17 2008 11 28 16 11   2454799.24 2008 11 28 17 38   2454799.30 2008 11 28 19  5
 2454800.73 2008 11 30  5 33   2454800.79 2008 11 30  7  1   2454800.85 2008 11 30  8 28
 2454802.29 2008 12  1 18 56   2454802.35 2008 12  1 20 24   2454802.41 2008 12  1 21 51
 2454803.85 2008 12  3  8 19   2454803.91 2008 12  3  9 46   2454803.97 2008 12  3 11 14
 2454805.40 2008 12  4 21 42   2454805.47 2008 12  4 23  9   2454805.53 2008 12  5  0 37
 2454806.96 2008 12  6 11  5   2454807.02 2008 12  6 12 32   2454807.08 2008 12  6 13 59
 2454808.52 2008 12  8  0 27   2454808.58 2008 12  8  1 55   2454808.64 2008 12  8  3 22
 2454810.08 2008 12  9 13 50   2454810.14 2008 12  9 15 18   2454810.20 2008 12  9 16 45
 2454811.63 2008 12 11  3 13   2454811.70 2008 12 11  4 40   2454811.76 2008 12 11  6  8
 2454813.19 2008 12 12 16 36   2454813.25 2008 12 12 18  3   2454813.31 2008 12 12 19 31
 2454814.75 2008 12 14  5 58   2454814.81 2008 12 14  7 26   2454814.87 2008 12 14  8 53
 2454816.31 2008 12 15 19 21   2454816.37 2008 12 15 20 49   2454816.43 2008 12 15 22 16
 2454817.86 2008 12 17  8 44   2454817.93 2008 12 17 10 12   2454817.99 2008 12 17 11 39
 2454819.42 2008 12 18 22  7   2454819.48 2008 12 18 23 34   2454819.54 2008 12 19  1  2
 2454820.98 2008 12 20 11 30   2454821.04 2008 12 20 12 57   2454821.10 2008 12 20 14 25
 2454822.54 2008 12 22  0 52   2454822.60 2008 12 22  2 20   2454822.66 2008 12 22  3 48
 2454824.09 2008 12 23 14 15   2454824.16 2008 12 23 15 43   2454824.22 2008 12 23 17 10
 2454825.65 2008 12 25  3 38   2454825.71 2008 12 25  5  6   2454825.77 2008 12 25  6 33
 2454827.21 2008 12 26 17  1   2454827.27 2008 12 26 18 28   2454827.33 2008 12 26 19 56
 2454828.77 2008 12 28  6 24   2454828.83 2008 12 28  7 51   2454828.89 2008 12 28  9 19
 2454830.32 2008 12 29 19 46   2454830.39 2008 12 29 21 14   2454830.45 2008 12 29 22 42
 2454831.88 2008 12 31  9  9   2454831.94 2008 12 31 10 37   2454832.00 2008 12 31 12  4
 2454833.44 2009  1  1 22 32   2454833.50 2009  1  2  0  0   2454833.56 2009  1  2  1 27
 2454835.00 2009  1  3 11 55   2454835.06 2009  1  3 13 22   2454835.12 2009  1  3 14 50
 2454836.55 2009  1  5  1 17   2454836.62 2009  1  5  2 45   2454836.68 2009  1  5  4 13
 2454838.11 2009  1  6 14 40   2454838.17 2009  1  6 16  8   2454838.23 2009  1  6 17 36
 2454839.67 2009  1  8  4  3   2454839.73 2009  1  8  5 31   2454839.79 2009  1  8  6 58
 2454841.23 2009  1  9 17 26   2454841.29 2009  1  9 18 54   2454841.35 2009  1  9 20 21
 2454842.78 2009  1 11  6 49   2454842.85 2009  1 11  8 16   2454842.91 2009  1 11  9 44
 2454844.34 2009  1 12 20 11   2454844.40 2009  1 12 21 39   2454844.46 2009  1 12 23  7
 2454845.90 2009  1 14  9 34   2454845.96 2009  1 14 11  2   2454846.02 2009  1 14 12 30
 2454847.46 2009  1 15 22 57   2454847.52 2009  1 16  0 25   2454847.58 2009  1 16  1 53
 2454849.01 2009  1 17 12 20   2454849.08 2009  1 17 13 48   2454849.14 2009  1 17 15 15
 2454850.57 2009  1 19  1 43   2454850.63 2009  1 19  3 10   2454850.69 2009  1 19  4 38
 2454852.13 2009  1 20 15  5   2454852.19 2009  1 20 16 33   2454852.25 2009  1 20 18  1
 2454853.69 2009  1 22  4 28   2454853.75 2009  1 22  5 56   2454853.81 2009  1 22  7 24
 2454855.24 2009  1 23 17 51   2454855.31 2009  1 23 19 19   2454855.37 2009  1 23 20 47
 2454856.80 2009  1 25  7 14   2454856.86 2009  1 25  8 42   2454856.92 2009  1 25 10  9
 2454858.36 2009  1 26 20 36   2454858.42 2009  1 26 22  4   2454858.48 2009  1 26 23 32
 2454859.92 2009  1 28  9 59   2454859.98 2009  1 28 11 27   2454860.04 2009  1 28 12 55
 2454861.47 2009  1 29 23 22   2454861.54 2009  1 30  0 50   2454861.60 2009  1 30  2 18
 2454863.03 2009  1 31 12 45   2454863.09 2009  1 31 14 13   2454863.15 2009  1 31 15 41
 2454864.59 2009  2  2  2  8   2454864.65 2009  2  2  3 36   2454864.71 2009  2  2  5  4
 2454866.15 2009  2  3 15 30   2454866.21 2009  2  3 16 58   2454866.27 2009  2  3 18 26
 2454867.70 2009  2  5  4 53   2454867.77 2009  2  5  6 21   2454867.83 2009  2  5  7 49
 2454869.26 2009  2  6 18 16   2454869.32 2009  2  6 19 44   2454869.38 2009  2  6 21 12
 2454870.82 2009  2  8  7 39   2454870.88 2009  2  8  9  7   2454870.94 2009  2  8 10 35
 2454872.38 2009  2  9 21  2   2454872.44 2009  2  9 22 30   2454872.50 2009  2  9 23 58
 2454873.93 2009  2 11 10 24   2454874.00 2009  2 11 11 52   2454874.06 2009  2 11 13 20
 2454875.49 2009  2 12 23 47   2454875.55 2009  2 13  1 15   2454875.61 2009  2 13  2 43
 2454877.05 2009  2 14 13 10   2454877.11 2009  2 14 14 38   2454877.17 2009  2 14 16  6
 2454878.61 2009  2 16  2 33   2454878.67 2009  2 16  4  1   2454878.73 2009  2 16  5 29
 2454880.16 2009  2 17 15 55   2454880.23 2009  2 17 17 24   2454880.29 2009  2 17 18 52
 2454881.72 2009  2 19  5 18   2454881.78 2009  2 19  6 46   2454881.84 2009  2 19  8 14
 2454883.28 2009  2 20 18 41   2454883.34 2009  2 20 20  9   2454883.40 2009  2 20 21 37
 2454884.84 2009  2 22  8  4   2454884.90 2009  2 22  9 32   2454884.96 2009  2 22 11  0
 2454886.39 2009  2 23 21 27   2454886.46 2009  2 23 22 55   2454886.52 2009  2 24  0 23
 2454887.95 2009  2 25 10 49   2454888.01 2009  2 25 12 18   2454888.07 2009  2 25 13 46
 2454889.51 2009  2 27  0 12   2454889.57 2009  2 27  1 40   2454889.63 2009  2 27  3  9
 2454891.07 2009  2 28 13 35   2454891.13 2009  2 28 15  3   2454891.19 2009  2 28 16 31
 2454892.62 2009  3  2  2 58   2454892.69 2009  3  2  4 26   2454892.75 2009  3  2  5 54
 2454894.18 2009  3  3 16 21   2454894.24 2009  3  3 17 49   2454894.30 2009  3  3 19 17
 2454895.74 2009  3  5  5 43   2454895.80 2009  3  5  7 12   2454895.86 2009  3  5  8 40
 2454897.30 2009  3  6 19  6   2454897.36 2009  3  6 20 34   2454897.42 2009  3  6 22  3
 2454898.85 2009  3  8  8 29   2454898.92 2009  3  8  9 57   2454898.98 2009  3  8 11 25
 2454900.41 2009  3  9 21 52   2454900.47 2009  3  9 23 20   2454900.53 2009  3 10  0 48
 2454901.97 2009  3 11 11 14   2454902.03 2009  3 11 12 43   2454902.09 2009  3 11 14 11
 2454903.53 2009  3 13  0 37   2454903.59 2009  3 13  2  6   2454903.65 2009  3 13  3 34
 2454905.08 2009  3 14 14  0   2454905.15 2009  3 14 15 28   2454905.21 2009  3 14 16 57
 2454906.64 2009  3 16  3 23   2454906.70 2009  3 16  4 51   2454906.76 2009  3 16  6 20
 2454908.20 2009  3 17 16 46   2454908.26 2009  3 17 18 14   2454908.32 2009  3 17 19 42
 2454909.76 2009  3 19  6  8   2454909.82 2009  3 19  7 37   2454909.88 2009  3 19  9  5
 2454911.31 2009  3 20 19 31   2454911.38 2009  3 20 21  0   2454911.44 2009  3 20 22 28
 2454912.87 2009  3 22  8 54   2454912.93 2009  3 22 10 22   2454912.99 2009  3 22 11 51
 2454914.43 2009  3 23 22 17   2454914.49 2009  3 23 23 45   2454914.55 2009  3 24  1 14
 2454915.99 2009  3 25 11 40   2454916.05 2009  3 25 13  8   2454916.11 2009  3 25 14 36
 2454917.54 2009  3 27  1  2   2454917.61 2009  3 27  2 31   2454917.67 2009  3 27  3 59
 2454919.10 2009  3 28 14 25   2454919.16 2009  3 28 15 54   2454919.22 2009  3 28 17 22
 2454920.66 2009  3 30  3 48   2454920.72 2009  3 30  5 16   2454920.78 2009  3 30  6 45
 2454922.22 2009  3 31 17 11   2454922.28 2009  3 31 18 39   2454922.34 2009  3 31 20  8
 2454923.77 2009  4  2  6 33   2454923.84 2009  4  2  8  2   2454923.90 2009  4  2  9 30
 2454925.33 2009  4  3 19 56   2454925.39 2009  4  3 21 25   2454925.45 2009  4  3 22 53
 2454926.89 2009  4  5  9 19   2454926.95 2009  4  5 10 48   2454927.01 2009  4  5 12 16
 2454928.45 2009  4  6 22 42   2454928.51 2009  4  7  0 10   2454928.57 2009  4  7  1 39
 2454930.00 2009  4  8 12  5   2454930.07 2009  4  8 13 33   2454930.13 2009  4  8 15  2
 2454931.56 2009  4 10  1 27   2454931.62 2009  4 10  2 56   2454931.68 2009  4 10  4 25
 2454933.12 2009  4 11 14 50   2454933.18 2009  4 11 16 19   2454933.24 2009  4 11 17 47
 2454934.68 2009  4 13  4 13   2454934.74 2009  4 13  5 42   2454934.80 2009  4 13  7 10
 2454936.23 2009  4 14 17 36   2454936.30 2009  4 14 19  4   2454936.36 2009  4 14 20 33
 2454937.79 2009  4 16  6 59   2454937.85 2009  4 16  8 27   2454937.91 2009  4 16  9 56
 2454939.35 2009  4 17 20 21   2454939.41 2009  4 17 21 50   2454939.47 2009  4 17 23 19
 2454940.91 2009  4 19  9 44   2454940.97 2009  4 19 11 13   2454941.03 2009  4 19 12 41
 2454942.46 2009  4 20 23  7   2454942.53 2009  4 21  0 36   2454942.59 2009  4 21  2  4
 2454944.02 2009  4 22 12 30   2454944.08 2009  4 22 13 58   2454944.14 2009  4 22 15 27
 2454945.58 2009  4 24  1 52   2454945.64 2009  4 24  3 21   2454945.70 2009  4 24  4 50
 2454947.14 2009  4 25 15 15   2454947.20 2009  4 25 16 44   2454947.26 2009  4 25 18 13
 2454948.69 2009  4 27  4 38   2454948.76 2009  4 27  6  7   2454948.82 2009  4 27  7 35
 2454950.25 2009  4 28 18  1   2454950.31 2009  4 28 19 30   2454950.37 2009  4 28 20 58
 2454951.81 2009  4 30  7 24   2454951.87 2009  4 30  8 52   2454951.93 2009  4 30 10 21
 2454953.37 2009  5  1 20 46   2454953.43 2009  5  1 22 15   2454953.49 2009  5  1 23 44
 2454954.92 2009  5  3 10  9   2454954.99 2009  5  3 11 38   2454955.05 2009  5  3 13  7
 2454956.48 2009  5  4 23 32   2454956.54 2009  5  5  1  1   2454956.60 2009  5  5  2 30
 2454958.04 2009  5  6 12 55   2454958.10 2009  5  6 14 24   2454958.16 2009  5  6 15 52
 2454959.60 2009  5  8  2 18   2454959.66 2009  5  8  3 46   2454959.72 2009  5  8  5 15
 2454961.15 2009  5  9 15 40   2454961.22 2009  5  9 17  9   2454961.28 2009  5  9 18 38
 2454962.71 2009  5 11  5  3   2454962.77 2009  5 11  6 32   2454962.83 2009  5 11  8  1
 2454964.27 2009  5 12 18 26   2454964.33 2009  5 12 19 55   2454964.39 2009  5 12 21 24
 2454965.83 2009  5 14  7 49   2454965.89 2009  5 14  9 18   2454965.95 2009  5 14 10 46
 2454967.38 2009  5 15 21 11   2454967.45 2009  5 15 22 40   2454967.51 2009  5 16  0  9
 2454968.94 2009  5 17 10 34   2454969.00 2009  5 17 12  3   2454969.06 2009  5 17 13 32
 2454970.50 2009  5 18 23 57   2454970.56 2009  5 19  1 26   2454970.62 2009  5 19  2 55
 2454972.06 2009  5 20 13 20   2454972.12 2009  5 20 14 49   2454972.18 2009  5 20 16 18
 2454973.61 2009  5 22  2 43   2454973.68 2009  5 22  4 12   2454973.74 2009  5 22  5 41
 2454975.17 2009  5 23 16  5   2454975.23 2009  5 23 17 34   2454975.29 2009  5 23 19  3
 2454976.73 2009  5 25  5 28   2454976.79 2009  5 25  6 57   2454976.85 2009  5 25  8 26
 2454978.29 2009  5 26 18 51   2454978.35 2009  5 26 20 20   2454978.41 2009  5 26 21 49
 2454979.84 2009  5 28  8 14   2454979.91 2009  5 28  9 43   2454979.97 2009  5 28 11 12
 2454981.40 2009  5 29 21 37   2454981.46 2009  5 29 23  6   2454981.52 2009  5 30  0 35
 2454982.96 2009  5 31 10 59   2454983.02 2009  5 31 12 28   2454983.08 2009  5 31 13 57
 2454984.52 2009  6  2  0 22   2454984.58 2009  6  2  1 51   2454984.64 2009  6  2  3 20
 2454986.07 2009  6  3 13 45   2454986.14 2009  6  3 15 14   2454986.20 2009  6  3 16 43
 2454987.63 2009  6  5  3  8   2454987.69 2009  6  5  4 37   2454987.75 2009  6  5  6  6
 2454989.19 2009  6  6 16 30   2454989.25 2009  6  6 18  0   2454989.31 2009  6  6 19 29
 2454990.75 2009  6  8  5 53   2454990.81 2009  6  8  7 22   2454990.87 2009  6  8  8 51
 2454992.30 2009  6  9 19 16   2454992.37 2009  6  9 20 45   2454992.43 2009  6  9 22 14
 2454993.86 2009  6 11  8 39   2454993.92 2009  6 11 10  8   2454993.98 2009  6 11 11 37
 2454995.42 2009  6 12 22  2   2454995.48 2009  6 12 23 31   2454995.54 2009  6 13  1  0
 2454996.98 2009  6 14 11 24   2454997.04 2009  6 14 12 54   2454997.10 2009  6 14 14 23
 2454998.53 2009  6 16  0 47   2454998.60 2009  6 16  2 16   2454998.66 2009  6 16  3 46
 2455000.09 2009  6 17 14 10   2455000.15 2009  6 17 15 39   2455000.21 2009  6 17 17  8
 2455001.65 2009  6 19  3 33   2455001.71 2009  6 19  5  2   2455001.77 2009  6 19  6 31
 2455003.21 2009  6 20 16 56   2455003.27 2009  6 20 18 25   2455003.33 2009  6 20 19 54
 2455004.76 2009  6 22  6 18   2455004.83 2009  6 22  7 48   2455004.89 2009  6 22  9 17
 2455006.32 2009  6 23 19 41   2455006.38 2009  6 23 21 10   2455006.44 2009  6 23 22 40
 2455007.88 2009  6 25  9  4   2455007.94 2009  6 25 10 33   2455008.00 2009  6 25 12  2
 2455009.44 2009  6 26 22 27   2455009.50 2009  6 26 23 56   2455009.56 2009  6 27  1 25
 2455010.99 2009  6 28 11 49   2455011.06 2009  6 28 13 19   2455011.12 2009  6 28 14 48
 2455012.55 2009  6 30  1 12   2455012.61 2009  6 30  2 42   2455012.67 2009  6 30  4 11
 2455014.11 2009  7  1 14 35   2455014.17 2009  7  1 16  4   2455014.23 2009  7  1 17 34
 2455015.67 2009  7  3  3 58   2455015.73 2009  7  3  5 27   2455015.79 2009  7  3  6 57
 2455017.22 2009  7  4 17 21   2455017.29 2009  7  4 18 50   2455017.35 2009  7  4 20 19
 2455018.78 2009  7  6  6 43   2455018.84 2009  7  6  8 13   2455018.90 2009  7  6  9 42
 2455020.34 2009  7  7 20  6   2455020.40 2009  7  7 21 36   2455020.46 2009  7  7 23  5
 2455021.90 2009  7  9  9 29   2455021.96 2009  7  9 10 58   2455022.02 2009  7  9 12 28
 2455023.45 2009  7 10 22 52   2455023.52 2009  7 11  0 21   2455023.58 2009  7 11  1 51
 2455025.01 2009  7 12 12 15   2455025.07 2009  7 12 13 44   2455025.13 2009  7 12 15 13
 2455026.57 2009  7 14  1 37   2455026.63 2009  7 14  3  7   2455026.69 2009  7 14  4 36
 2455028.13 2009  7 15 15  0   2455028.19 2009  7 15 16 30   2455028.25 2009  7 15 17 59
 2455029.68 2009  7 17  4 23   2455029.75 2009  7 17  5 52   2455029.81 2009  7 17  7 22
 2455031.24 2009  7 18 17 46   2455031.30 2009  7 18 19 15   2455031.36 2009  7 18 20 45
 2455032.80 2009  7 20  7  8   2455032.86 2009  7 20  8 38   2455032.92 2009  7 20 10  7
 2455034.36 2009  7 21 20 31   2455034.42 2009  7 21 22  1   2455034.48 2009  7 21 23 30
 2455035.91 2009  7 23  9 54   2455035.98 2009  7 23 11 24   2455036.04 2009  7 23 12 53
 2455037.47 2009  7 24 23 17   2455037.53 2009  7 25  0 46   2455037.59 2009  7 25  2 16
 2455039.03 2009  7 26 12 40   2455039.09 2009  7 26 14  9   2455039.15 2009  7 26 15 39
 2455040.59 2009  7 28  2  2   2455040.65 2009  7 28  3 32   2455040.71 2009  7 28  5  2
 2455042.14 2009  7 29 15 25   2455042.21 2009  7 29 16 55   2455042.27 2009  7 29 18 24
 2455043.70 2009  7 31  4 48   2455043.76 2009  7 31  6 18   2455043.82 2009  7 31  7 47
 2455045.26 2009  8  1 18 11   2455045.32 2009  8  1 19 40   2455045.38 2009  8  1 21 10
 2455046.82 2009  8  3  7 34   2455046.88 2009  8  3  9  3   2455046.94 2009  8  3 10 33
 2455048.37 2009  8  4 20 56   2455048.44 2009  8  4 22 26   2455048.50 2009  8  4 23 56
 2455049.93 2009  8  6 10 19   2455049.99 2009  8  6 11 49   2455050.05 2009  8  6 13 18
 2455051.49 2009  8  7 23 42   2455051.55 2009  8  8  1 12   2455051.61 2009  8  8  2 41
 2455053.05 2009  8  9 13  5   2455053.11 2009  8  9 14 34   2455053.17 2009  8  9 16  4
 2455054.60 2009  8 11  2 27   2455054.67 2009  8 11  3 57   2455054.73 2009  8 11  5 27
 2455056.16 2009  8 12 15 50   2455056.22 2009  8 12 17 20   2455056.28 2009  8 12 18 50
 2455057.72 2009  8 14  5 13   2455057.78 2009  8 14  6 43   2455057.84 2009  8 14  8 13
 2455059.28 2009  8 15 18 36   2455059.34 2009  8 15 20  6   2455059.40 2009  8 15 21 35
 2455060.83 2009  8 17  7 59   2455060.90 2009  8 17  9 28   2455060.96 2009  8 17 10 58
 2455062.39 2009  8 18 21 21   2455062.45 2009  8 18 22 51   2455062.51 2009  8 19  0 21
 2455063.95 2009  8 20 10 44   2455064.01 2009  8 20 12 14   2455064.07 2009  8 20 13 44
 2455065.51 2009  8 22  0  7   2455065.57 2009  8 22  1 37   2455065.63 2009  8 22  3  7
 2455067.06 2009  8 23 13 30   2455067.13 2009  8 23 15  0   2455067.19 2009  8 23 16 29
 2455068.62 2009  8 25  2 53   2455068.68 2009  8 25  4 22   2455068.74 2009  8 25  5 52
 2455070.18 2009  8 26 16 15   2455070.24 2009  8 26 17 45   2455070.30 2009  8 26 19 15
 2455071.74 2009  8 28  5 38   2455071.80 2009  8 28  7  8   2455071.86 2009  8 28  8 38
 2455073.29 2009  8 29 19  1   2455073.36 2009  8 29 20 31   2455073.42 2009  8 29 22  1
 2455074.85 2009  8 31  8 24   2455074.91 2009  8 31  9 54   2455074.97 2009  8 31 11 23
 2455076.41 2009  9  1 21 46   2455076.47 2009  9  1 23 16   2455076.53 2009  9  2  0 46
 2455077.97 2009  9  3 11  9   2455078.03 2009  9  3 12 39   2455078.09 2009  9  3 14  9
 2455079.52 2009  9  5  0 32   2455079.59 2009  9  5  2  2   2455079.65 2009  9  5  3 32
 2455081.08 2009  9  6 13 55   2455081.14 2009  9  6 15 25   2455081.21 2009  9  6 16 55
 2455082.64 2009  9  8  3 18   2455082.70 2009  9  8  4 48   2455082.76 2009  9  8  6 18
 2455084.20 2009  9  9 16 40   2455084.26 2009  9  9 18 10   2455084.32 2009  9  9 19 40
 2455085.75 2009  9 11  6  3   2455085.82 2009  9 11  7 33   2455085.88 2009  9 11  9  3
 2455087.31 2009  9 12 19 26   2455087.37 2009  9 12 20 56   2455087.44 2009  9 12 22 26
 2455088.87 2009  9 14  8 49   2455088.93 2009  9 14 10 19   2455088.99 2009  9 14 11 49
 2455090.43 2009  9 15 22 12   2455090.49 2009  9 15 23 42   2455090.55 2009  9 16  1 12
 2455091.98 2009  9 17 11 34   2455092.05 2009  9 17 13  4   2455092.11 2009  9 17 14 34
 2455093.54 2009  9 19  0 57   2455093.60 2009  9 19  2 27   2455093.67 2009  9 19  3 57
 2455095.10 2009  9 20 14 20   2455095.16 2009  9 20 15 50   2455095.22 2009  9 20 17 20
 2455096.65 2009  9 22  3 43   2455096.72 2009  9 22  5 13   2455096.78 2009  9 22  6 43
 2455098.21 2009  9 23 17  5   2455098.28 2009  9 23 18 36   2455098.34 2009  9 23 20  6
 2455099.77 2009  9 25  6 28   2455099.83 2009  9 25  7 58   2455099.90 2009  9 25  9 28
 2455101.33 2009  9 26 19 51   2455101.39 2009  9 26 21 21   2455101.45 2009  9 26 22 51
 2455102.88 2009  9 28  9 14   2455102.95 2009  9 28 10 44   2455103.01 2009  9 28 12 14
 2455104.44 2009  9 29 22 37   2455104.51 2009  9 30  0  7   2455104.57 2009  9 30  1 37
 2455106.00 2009 10  1 11 59   2455106.06 2009 10  1 13 30   2455106.13 2009 10  1 15  0
 2455107.56 2009 10  3  1 22   2455107.62 2009 10  3  2 52   2455107.68 2009 10  3  4 23
 2455109.11 2009 10  4 14 45   2455109.18 2009 10  4 16 15   2455109.24 2009 10  4 17 45
 2455110.67 2009 10  6  4  8   2455110.74 2009 10  6  5 38   2455110.80 2009 10  6  7  8
 2455112.23 2009 10  7 17 31   2455112.29 2009 10  7 19  1   2455112.36 2009 10  7 20 31
 2455113.79 2009 10  9  6 53   2455113.85 2009 10  9  8 24   2455113.91 2009 10  9  9 54
 2455115.34 2009 10 10 20 16   2455115.41 2009 10 10 21 46   2455115.47 2009 10 10 23 17
 2455116.90 2009 10 12  9 39   2455116.97 2009 10 12 11  9   2455117.03 2009 10 12 12 39
 2455118.46 2009 10 13 23  2   2455118.52 2009 10 14  0 32   2455118.59 2009 10 14  2  2
 2455120.02 2009 10 15 12 24   2455120.08 2009 10 15 13 55   2455120.14 2009 10 15 15 25
 2455121.57 2009 10 17  1 47   2455121.64 2009 10 17  3 18   2455121.70 2009 10 17  4 48
 2455123.13 2009 10 18 15 10   2455123.20 2009 10 18 16 40   2455123.26 2009 10 18 18 11
 2455124.69 2009 10 20  4 33   2455124.75 2009 10 20  6  3   2455124.82 2009 10 20  7 34
 2455126.25 2009 10 21 17 56   2455126.31 2009 10 21 19 26   2455126.37 2009 10 21 20 56
 2455127.80 2009 10 23  7 18   2455127.87 2009 10 23  8 49   2455127.93 2009 10 23 10 19
 2455129.36 2009 10 24 20 41   2455129.43 2009 10 24 22 12   2455129.49 2009 10 24 23 42
 2455130.92 2009 10 26 10  4   2455130.98 2009 10 26 11 34   2455131.05 2009 10 26 13  5
 2455132.48 2009 10 27 23 27   2455132.54 2009 10 28  0 57   2455132.60 2009 10 28  2 28
 2455134.03 2009 10 29 12 50   2455134.10 2009 10 29 14 20   2455134.16 2009 10 29 15 50
 2455135.59 2009 10 31  2 12   2455135.66 2009 10 31  3 43   2455135.72 2009 10 31  5 13
 2455137.15 2009 11  1 15 35   2455137.21 2009 11  1 17  6   2455137.28 2009 11  1 18 36
 2455138.71 2009 11  3  4 58   2455138.77 2009 11  3  6 28   2455138.83 2009 11  3  7 59
 2455140.26 2009 11  4 18 21   2455140.33 2009 11  4 19 51   2455140.39 2009 11  4 21 22
 2455141.82 2009 11  6  7 43   2455141.89 2009 11  6  9 14   2455141.95 2009 11  6 10 44
 2455143.38 2009 11  7 21  6   2455143.44 2009 11  7 22 37   2455143.51 2009 11  8  0  7
 2455144.94 2009 11  9 10 29   2455145.00 2009 11  9 12  0   2455145.06 2009 11  9 13 30
 2455146.49 2009 11 10 23 52   2455146.56 2009 11 11  1 22   2455146.62 2009 11 11  2 53
 2455148.05 2009 11 12 13 15   2455148.12 2009 11 12 14 45   2455148.18 2009 11 12 16 16
 2455149.61 2009 11 14  2 37   2455149.67 2009 11 14  4  8   2455149.74 2009 11 14  5 39
 2455151.17 2009 11 15 16  0   2455151.23 2009 11 15 17 31   2455151.29 2009 11 15 19  1
 2455152.72 2009 11 17  5 23   2455152.79 2009 11 17  6 54   2455152.85 2009 11 17  8 24
 2455154.28 2009 11 18 18 46   2455154.35 2009 11 18 20 16   2455154.41 2009 11 18 21 47
 2455155.84 2009 11 20  8  9   2455155.90 2009 11 20  9 39   2455155.97 2009 11 20 11 10
 2455157.40 2009 11 21 21 31   2455157.46 2009 11 21 23  2   2455157.52 2009 11 22  0 33
 2455158.95 2009 11 23 10 54   2455159.02 2009 11 23 12 25   2455159.08 2009 11 23 13 55
 2455160.51 2009 11 25  0 17   2455160.58 2009 11 25  1 48   2455160.64 2009 11 25  3 18
 2455162.07 2009 11 26 13 40   2455162.13 2009 11 26 15 10   2455162.20 2009 11 26 16 41
 2455163.63 2009 11 28  3  2   2455163.69 2009 11 28  4 33   2455163.75 2009 11 28  6  4
 2455165.18 2009 11 29 16 25   2455165.25 2009 11 29 17 56   2455165.31 2009 11 29 19 27
 2455166.74 2009 12  1  5 48   2455166.81 2009 12  1  7 19   2455166.87 2009 12  1  8 50
 2455168.30 2009 12  2 19 11   2455168.36 2009 12  2 20 42   2455168.43 2009 12  2 22 12
 2455169.86 2009 12  4  8 34   2455169.92 2009 12  4 10  4   2455169.98 2009 12  4 11 35
 2455171.41 2009 12  5 21 56   2455171.48 2009 12  5 23 27   2455171.54 2009 12  6  0 58
 2455172.97 2009 12  7 11 19   2455173.04 2009 12  7 12 50   2455173.10 2009 12  7 14 21
 2455174.53 2009 12  9  0 42   2455174.59 2009 12  9  2 13   2455174.66 2009 12  9  3 44
 2455176.09 2009 12 10 14  5   2455176.15 2009 12 10 15 36   2455176.21 2009 12 10 17  6
 2455177.64 2009 12 12  3 28   2455177.71 2009 12 12  4 58   2455177.77 2009 12 12  6 29
 2455179.20 2009 12 13 16 50   2455179.27 2009 12 13 18 21   2455179.33 2009 12 13 19 52
 2455180.76 2009 12 15  6 13   2455180.82 2009 12 15  7 44   2455180.89 2009 12 15  9 15
 2455182.32 2009 12 16 19 36   2455182.38 2009 12 16 21  7   2455182.44 2009 12 16 22 38
 2455183.87 2009 12 18  8 59   2455183.94 2009 12 18 10 30   2455184.00 2009 12 18 12  0
 2455185.43 2009 12 19 22 21   2455185.50 2009 12 19 23 52   2455185.56 2009 12 20  1 23
 2455186.99 2009 12 21 11 44   2455187.05 2009 12 21 13 15   2455187.12 2009 12 21 14 46
 2455188.55 2009 12 23  1  7   2455188.61 2009 12 23  2 38   2455188.67 2009 12 23  4  9
 2455190.10 2009 12 24 14 30   2455190.17 2009 12 24 16  1   2455190.23 2009 12 24 17 32
 2455191.66 2009 12 26  3 53   2455191.73 2009 12 26  5 24   2455191.79 2009 12 26  6 55
 2455193.22 2009 12 27 17 15   2455193.28 2009 12 27 18 46   2455193.35 2009 12 27 20 17
 2455194.78 2009 12 29  6 38   2455194.84 2009 12 29  8  9   2455194.90 2009 12 29  9 40
 2455196.33 2009 12 30 20  1   2455196.40 2009 12 30 21 32   2455196.46 2009 12 30 23  3
 2455197.89 2010  1  1  9 24   2455197.96 2010  1  1 10 55   2455198.02 2010  1  1 12 26
 2455199.45 2010  1  2 22 47   2455199.51 2010  1  3  0 18   2455199.58 2010  1  3  1 49
 2455201.01 2010  1  4 12  9   2455201.07 2010  1  4 13 40   2455201.13 2010  1  4 15 11
 2455202.56 2010  1  6  1 32   2455202.63 2010  1  6  3  3   2455202.69 2010  1  6  4 34
 2455204.12 2010  1  7 14 55   2455204.19 2010  1  7 16 26   2455204.25 2010  1  7 17 57
 2455205.68 2010  1  9  4 18   2455205.74 2010  1  9  5 49   2455205.81 2010  1  9  7 20
 2455207.24 2010  1 10 17 40   2455207.30 2010  1 10 19 12   2455207.36 2010  1 10 20 43
 2455208.79 2010  1 12  7  3   2455208.86 2010  1 12  8 34   2455208.92 2010  1 12 10  6
 2455210.35 2010  1 13 20 26   2455210.42 2010  1 13 21 57   2455210.48 2010  1 13 23 28
 2455211.91 2010  1 15  9 49   2455211.97 2010  1 15 11 20   2455212.04 2010  1 15 12 51
 2455213.47 2010  1 16 23 12   2455213.53 2010  1 17  0 43   2455213.59 2010  1 17  2 14
 2455215.02 2010  1 18 12 34   2455215.09 2010  1 18 14  6   2455215.15 2010  1 18 15 37
 2455216.58 2010  1 20  1 57   2455216.65 2010  1 20  3 28   2455216.71 2010  1 20  5  0
 2455218.14 2010  1 21 15 20   2455218.20 2010  1 21 16 51   2455218.27 2010  1 21 18 22
 2455219.70 2010  1 23  4 43   2455219.76 2010  1 23  6 14   2455219.82 2010  1 23  7 45
 2455221.25 2010  1 24 18  6   2455221.32 2010  1 24 19 37   2455221.38 2010  1 24 21  8
 2455222.81 2010  1 26  7 28   2455222.88 2010  1 26  9  0   2455222.94 2010  1 26 10 31
 2455224.37 2010  1 27 20 51   2455224.43 2010  1 27 22 22   2455224.50 2010  1 27 23 54
 2455225.93 2010  1 29 10 14   2455225.99 2010  1 29 11 45   2455226.05 2010  1 29 13 16
 2455227.48 2010  1 30 23 37   2455227.55 2010  1 31  1  8   2455227.61 2010  1 31  2 39
 2455229.04 2010  2  1 12 59   2455229.11 2010  2  1 14 31   2455229.17 2010  2  1 16  2
 2455230.60 2010  2  3  2 22   2455230.66 2010  2  3  3 54   2455230.73 2010  2  3  5 25
 2455232.16 2010  2  4 15 45   2455232.22 2010  2  4 17 16   2455232.28 2010  2  4 18 48
 2455233.71 2010  2  6  5  8   2455233.78 2010  2  6  6 39   2455233.84 2010  2  6  8 11
 2455235.27 2010  2  7 18 31   2455235.34 2010  2  7 20  2   2455235.40 2010  2  7 21 33
 2455236.83 2010  2  9  7 53   2455236.89 2010  2  9  9 25   2455236.96 2010  2  9 10 56
 2455238.39 2010  2 10 21 16   2455238.45 2010  2 10 22 48   2455238.51 2010  2 11  0 19
 2455239.94 2010  2 12 10 39   2455240.01 2010  2 12 12 10   2455240.07 2010  2 12 13 42
 2455241.50 2010  2 14  0  2   2455241.57 2010  2 14  1 33   2455241.63 2010  2 14  3  5
 2455243.06 2010  2 15 13 25   2455243.12 2010  2 15 14 56   2455243.19 2010  2 15 16 27
 2455244.62 2010  2 17  2 47   2455244.68 2010  2 17  4 19   2455244.74 2010  2 17  5 50
 2455246.17 2010  2 18 16 10   2455246.24 2010  2 18 17 42   2455246.30 2010  2 18 19 13
 2455247.73 2010  2 20  5 33   2455247.80 2010  2 20  7  4   2455247.86 2010  2 20  8 36
 2455249.29 2010  2 21 18 56   2455249.35 2010  2 21 20 27   2455249.42 2010  2 21 21 59
 2455250.85 2010  2 23  8 18   2455250.91 2010  2 23  9 50   2455250.97 2010  2 23 11 21
 2455252.40 2010  2 24 21 41   2455252.47 2010  2 24 23 13   2455252.53 2010  2 25  0 44
 2455253.96 2010  2 26 11  4   2455254.03 2010  2 26 12 36   2455254.09 2010  2 26 14  7
 2455255.52 2010  2 28  0 27   2455255.58 2010  2 28  1 58   2455255.65 2010  2 28  3 30
 2455257.08 2010  3  1 13 50   2455257.14 2010  3  1 15 21   2455257.20 2010  3  1 16 53
 2455258.63 2010  3  3  3 12   2455258.70 2010  3  3  4 44   2455258.76 2010  3  3  6 16
 2455260.19 2010  3  4 16 35   2455260.26 2010  3  4 18  7   2455260.32 2010  3  4 19 38
 2455261.75 2010  3  6  5 58   2455261.81 2010  3  6  7 30   2455261.88 2010  3  6  9  1
 2455263.31 2010  3  7 19 21   2455263.37 2010  3  7 20 52   2455263.43 2010  3  7 22 24
 2455264.86 2010  3  9  8 44   2455264.93 2010  3  9 10 15   2455264.99 2010  3  9 11 47
 2455266.42 2010  3 10 22  6   2455266.49 2010  3 10 23 38   2455266.55 2010  3 11  1 10
 2455267.98 2010  3 12 11 29   2455268.04 2010  3 12 13  1   2455268.11 2010  3 12 14 32
 2455269.54 2010  3 14  0 52   2455269.60 2010  3 14  2 24   2455269.66 2010  3 14  3 55
 2455271.09 2010  3 15 14 15   2455271.16 2010  3 15 15 46   2455271.22 2010  3 15 17 18
 2455272.65 2010  3 17  3 37   2455272.72 2010  3 17  5  9   2455272.78 2010  3 17  6 41
 2455274.21 2010  3 18 17  0   2455274.27 2010  3 18 18 32   2455274.34 2010  3 18 20  4
 2455275.77 2010  3 20  6 23   2455275.83 2010  3 20  7 55   2455275.89 2010  3 20  9 27
 2455277.32 2010  3 21 19 46   2455277.39 2010  3 21 21 18   2455277.45 2010  3 21 22 49
 2455278.88 2010  3 23  9  9   2455278.95 2010  3 23 10 40   2455279.01 2010  3 23 12 12
 2455280.44 2010  3 24 22 31   2455280.50 2010  3 25  0  3   2455280.57 2010  3 25  1 35
 2455282.00 2010  3 26 11 54   2455282.06 2010  3 26 13 26   2455282.12 2010  3 26 14 58
 2455283.55 2010  3 28  1 17   2455283.62 2010  3 28  2 49   2455283.68 2010  3 28  4 21
 2455285.11 2010  3 29 14 40   2455285.18 2010  3 29 16 12   2455285.24 2010  3 29 17 43
 2455286.67 2010  3 31  4  3   2455286.73 2010  3 31  5 34   2455286.80 2010  3 31  7  6
 2455288.23 2010  4  1 17 25   2455288.29 2010  4  1 18 57   2455288.35 2010  4  1 20 29
 2455289.78 2010  4  3  6 48   2455289.85 2010  4  3  8 20   2455289.91 2010  4  3  9 52
 2455291.34 2010  4  4 20 11   2455291.41 2010  4  4 21 43   2455291.47 2010  4  4 23 15
 2455292.90 2010  4  6  9 34   2455292.96 2010  4  6 11  6   2455293.03 2010  4  6 12 37
 2455294.46 2010  4  7 22 56   2455294.52 2010  4  8  0 28   2455294.58 2010  4  8  2  0
 2455296.01 2010  4  9 12 19   2455296.08 2010  4  9 13 51   2455296.14 2010  4  9 15 23
 2455297.57 2010  4 11  1 42   2455297.64 2010  4 11  3 14   2455297.70 2010  4 11  4 46
 2455299.13 2010  4 12 15  5   2455299.19 2010  4 12 16 37   2455299.26 2010  4 12 18  9
 2455300.69 2010  4 14  4 28   2455300.75 2010  4 14  6  0   2455300.81 2010  4 14  7 32
 2455302.24 2010  4 15 17 50   2455302.31 2010  4 15 19 22   2455302.37 2010  4 15 20 54
 2455303.80 2010  4 17  7 13   2455303.87 2010  4 17  8 45   2455303.93 2010  4 17 10 17
 2455305.36 2010  4 18 20 36   2455305.42 2010  4 18 22  8   2455305.49 2010  4 18 23 40
 2455306.92 2010  4 20  9 59   2455306.98 2010  4 20 11 31   2455307.04 2010  4 20 13  3
 2455308.47 2010  4 21 23 22   2455308.54 2010  4 22  0 54   2455308.60 2010  4 22  2 26
 2455310.03 2010  4 23 12 44   2455310.10 2010  4 23 14 16   2455310.16 2010  4 23 15 48
 2455311.59 2010  4 25  2  7   2455311.65 2010  4 25  3 39   2455311.72 2010  4 25  5 11
 2455313.15 2010  4 26 15 30   2455313.21 2010  4 26 17  2   2455313.27 2010  4 26 18 34
 2455314.70 2010  4 28  4 53   2455314.77 2010  4 28  6 25   2455314.83 2010  4 28  7 57
 2455316.26 2010  4 29 18 15   2455316.33 2010  4 29 19 48   2455316.39 2010  4 29 21 20
 2455317.82 2010  5  1  7 38   2455317.88 2010  5  1  9 10   2455317.95 2010  5  1 10 43
 2455319.38 2010  5  2 21  1   2455319.44 2010  5  2 22 33   2455319.50 2010  5  3  0  5
 2455320.93 2010  5  4 10 24   2455321.00 2010  5  4 11 56   2455321.06 2010  5  4 13 28
 2455322.49 2010  5  5 23 47   2455322.56 2010  5  6  1 19   2455322.62 2010  5  6  2 51
 2455324.05 2010  5  7 13  9   2455324.11 2010  5  7 14 42   2455324.18 2010  5  7 16 14
 2455325.61 2010  5  9  2 32   2455325.67 2010  5  9  4  4   2455325.73 2010  5  9  5 37
 2455327.16 2010  5 10 15 55   2455327.23 2010  5 10 17 27   2455327.29 2010  5 10 18 59
 2455328.72 2010  5 12  5 18   2455328.79 2010  5 12  6 50   2455328.85 2010  5 12  8 22
 2455330.28 2010  5 13 18 41   2455330.34 2010  5 13 20 13   2455330.41 2010  5 13 21 45
 2455331.84 2010  5 15  8  3   2455331.90 2010  5 15  9 36   2455331.96 2010  5 15 11  8
 2455333.39 2010  5 16 21 26   2455333.46 2010  5 16 22 58   2455333.52 2010  5 17  0 31
 2455334.95 2010  5 18 10 49   2455335.02 2010  5 18 12 21   2455335.08 2010  5 18 13 53
 2455336.51 2010  5 20  0 12   2455336.57 2010  5 20  1 44   2455336.64 2010  5 20  3 16
 2455338.07 2010  5 21 13 34   2455338.13 2010  5 21 15  7   2455338.19 2010  5 21 16 39
 2455339.62 2010  5 23  2 57   2455339.69 2010  5 23  4 30   2455339.75 2010  5 23  6  2
 2455341.18 2010  5 24 16 20   2455341.25 2010  5 24 17 52   2455341.31 2010  5 24 19 25
 2455342.74 2010  5 26  5 43   2455342.80 2010  5 26  7 15   2455342.87 2010  5 26  8 48
 2455344.30 2010  5 27 19  6   2455344.36 2010  5 27 20 38   2455344.42 2010  5 27 22 10
 2455345.85 2010  5 29  8 28   2455345.92 2010  5 29 10  1   2455345.98 2010  5 29 11 33
 2455347.41 2010  5 30 21 51   2455347.48 2010  5 30 23 24   2455347.54 2010  5 31  0 56
 2455348.97 2010  6  1 11 14   2455349.03 2010  6  1 12 46   2455349.10 2010  6  1 14 19
 2455350.53 2010  6  3  0 37   2455350.59 2010  6  3  2  9   2455350.65 2010  6  3  3 42
 2455352.08 2010  6  4 14  0   2455352.15 2010  6  4 15 32   2455352.21 2010  6  4 17  4
 2455353.64 2010  6  6  3 22   2455353.71 2010  6  6  4 55   2455353.77 2010  6  6  6 27
 2455355.20 2010  6  7 16 45   2455355.26 2010  6  7 18 18   2455355.33 2010  6  7 19 50
 2455356.76 2010  6  9  6  8   2455356.82 2010  6  9  7 40   2455356.88 2010  6  9  9 13
 2455358.31 2010  6 10 19 31   2455358.38 2010  6 10 21  3   2455358.44 2010  6 10 22 36
 2455359.87 2010  6 12  8 53   2455359.94 2010  6 12 10 26   2455360.00 2010  6 12 11 59
 2455361.43 2010  6 13 22 16   2455361.49 2010  6 13 23 49   2455361.56 2010  6 14  1 21
 2455362.99 2010  6 15 11 39   2455363.05 2010  6 15 13 12   2455363.11 2010  6 15 14 44
 2455364.54 2010  6 17  1  2   2455364.61 2010  6 17  2 34   2455364.67 2010  6 17  4  7
 2455366.10 2010  6 18 14 25   2455366.17 2010  6 18 15 57   2455366.23 2010  6 18 17 30
 2455367.66 2010  6 20  3 47   2455367.72 2010  6 20  5 20   2455367.79 2010  6 20  6 53
 2455369.22 2010  6 21 17 10   2455369.28 2010  6 21 18 43   2455369.34 2010  6 21 20 15
 2455370.77 2010  6 23  6 33   2455370.84 2010  6 23  8  6   2455370.90 2010  6 23  9 38
 2455372.33 2010  6 24 19 56   2455372.40 2010  6 24 21 28   2455372.46 2010  6 24 23  1
 2455373.89 2010  6 26  9 19   2455373.95 2010  6 26 10 51   2455374.02 2010  6 26 12 24
 2455375.45 2010  6 27 22 41   2455375.51 2010  6 28  0 14   2455375.57 2010  6 28  1 47
 2455377.00 2010  6 29 12  4   2455377.07 2010  6 29 13 37   2455377.13 2010  6 29 15  9
 2455378.56 2010  7  1  1 27   2455378.63 2010  7  1  3  0   2455378.69 2010  7  1  4 32
 2455380.12 2010  7  2 14 50   2455380.18 2010  7  2 16 22   2455380.25 2010  7  2 17 55
 2455381.68 2010  7  4  4 12   2455381.74 2010  7  4  5 45   2455381.80 2010  7  4  7 18
 2455383.23 2010  7  5 17 35   2455383.30 2010  7  5 19  8   2455383.36 2010  7  5 20 41
 2455384.79 2010  7  7  6 58   2455384.86 2010  7  7  8 31   2455384.92 2010  7  7 10  4
 2455386.35 2010  7  8 20 21   2455386.41 2010  7  8 21 54   2455386.48 2010  7  8 23 26
 2455387.91 2010  7 10  9 44   2455387.97 2010  7 10 11 16   2455388.03 2010  7 10 12 49
 2455389.46 2010  7 11 23  6   2455389.53 2010  7 12  0 39   2455389.59 2010  7 12  2 12
