 Predicted Transit Epochs: lickcarne 2

 Predicted Duration of a Central Transit:    89. Minutes

 Begin Transit Window           PREDICTED CENTRAL TRANSIT     End Transit Window
                                     All Times UT

                               HJD        Year M  D  H  M
 2454540.40 2008  3 14 21 30   2454540.49 2008  3 14 23 44   2454540.58 2008  3 15  1 57
 2454543.17 2008  3 17 16  2   2454543.26 2008  3 17 18 16   2454543.35 2008  3 17 20 29
 2454545.94 2008  3 20 10 34   2454546.03 2008  3 20 12 48   2454546.13 2008  3 20 15  1
 2454548.71 2008  3 23  5  6   2454548.81 2008  3 23  7 20   2454548.90 2008  3 23  9 33
 2454551.49 2008  3 25 23 38   2454551.58 2008  3 26  1 52   2454551.67 2008  3 26  4  5
 2454554.26 2008  3 28 18 10   2454554.35 2008  3 28 20 24   2454554.44 2008  3 28 22 37
 2454557.03 2008  3 31 12 42   2454557.12 2008  3 31 14 56   2454557.22 2008  3 31 17  9
 2454559.80 2008  4  3  7 14   2454559.89 2008  4  3  9 28   2454559.99 2008  4  3 11 41
 2454562.57 2008  4  6  1 46   2454562.67 2008  4  6  4  0   2454562.76 2008  4  6  6 13
 2454565.35 2008  4  8 20 18   2454565.44 2008  4  8 22 32   2454565.53 2008  4  9  0 45
 2454568.12 2008  4 11 14 50   2454568.21 2008  4 11 17  4   2454568.30 2008  4 11 19 18
 2454570.89 2008  4 14  9 22   2454570.98 2008  4 14 11 36   2454571.08 2008  4 14 13 50
 2454573.66 2008  4 17  3 54   2454573.76 2008  4 17  6  8   2454573.85 2008  4 17  8 22
 2454576.44 2008  4 19 22 26   2454576.53 2008  4 20  0 40   2454576.62 2008  4 20  2 54
 2454579.21 2008  4 22 16 58   2454579.30 2008  4 22 19 12   2454579.39 2008  4 22 21 26
 2454581.98 2008  4 25 11 30   2454582.07 2008  4 25 13 44   2454582.17 2008  4 25 15 58
 2454584.75 2008  4 28  6  2   2454584.84 2008  4 28  8 16   2454584.94 2008  4 28 10 30
 2454587.52 2008  5  1  0 34   2454587.62 2008  5  1  2 48   2454587.71 2008  5  1  5  2
 2454590.30 2008  5  3 19  6   2454590.39 2008  5  3 21 20   2454590.48 2008  5  3 23 34
 2454593.07 2008  5  6 13 38   2454593.16 2008  5  6 15 52   2454593.25 2008  5  6 18  6
 2454595.84 2008  5  9  8 10   2454595.93 2008  5  9 10 24   2454596.03 2008  5  9 12 38
 2454598.61 2008  5 12  2 42   2454598.71 2008  5 12  4 56   2454598.80 2008  5 12  7 10
 2454601.39 2008  5 14 21 14   2454601.48 2008  5 14 23 28   2454601.57 2008  5 15  1 42
 2454604.16 2008  5 17 15 46   2454604.25 2008  5 17 18  0   2454604.34 2008  5 17 20 14
 2454606.93 2008  5 20 10 18   2454607.02 2008  5 20 12 32   2454607.12 2008  5 20 14 46
 2454609.70 2008  5 23  4 50   2454609.79 2008  5 23  7  4   2454609.89 2008  5 23  9 18
 2454612.47 2008  5 25 23 22   2454612.57 2008  5 26  1 36   2454612.66 2008  5 26  3 50
 2454615.25 2008  5 28 17 54   2454615.34 2008  5 28 20  8   2454615.43 2008  5 28 22 22
 2454618.02 2008  5 31 12 26   2454618.11 2008  5 31 14 40   2454618.20 2008  5 31 16 54
 2454620.79 2008  6  3  6 58   2454620.88 2008  6  3  9 12   2454620.98 2008  6  3 11 26
 2454623.56 2008  6  6  1 30   2454623.66 2008  6  6  3 44   2454623.75 2008  6  6  5 58
 2454626.34 2008  6  8 20  2   2454626.43 2008  6  8 22 16   2454626.52 2008  6  9  0 30
 2454629.11 2008  6 11 14 34   2454629.20 2008  6 11 16 48   2454629.29 2008  6 11 19  2
 2454631.88 2008  6 14  9  6   2454631.97 2008  6 14 11 20   2454632.07 2008  6 14 13 34
 2454634.65 2008  6 17  3 38   2454634.75 2008  6 17  5 52   2454634.84 2008  6 17  8  6
 2454637.42 2008  6 19 22 10   2454637.52 2008  6 20  0 24   2454637.61 2008  6 20  2 38
 2454640.20 2008  6 22 16 42   2454640.29 2008  6 22 18 56   2454640.38 2008  6 22 21 10
 2454642.97 2008  6 25 11 14   2454643.06 2008  6 25 13 28   2454643.15 2008  6 25 15 42
 2454645.74 2008  6 28  5 46   2454645.83 2008  6 28  8  0   2454645.93 2008  6 28 10 14
 2454648.51 2008  7  1  0 18   2454648.61 2008  7  1  2 32   2454648.70 2008  7  1  4 47
 2454651.29 2008  7  3 18 50   2454651.38 2008  7  3 21  4   2454651.47 2008  7  3 23 19
 2454654.06 2008  7  6 13 22   2454654.15 2008  7  6 15 36   2454654.24 2008  7  6 17 51
 2454656.83 2008  7  9  7 54   2454656.92 2008  7  9 10  9   2454657.02 2008  7  9 12 23
 2454659.60 2008  7 12  2 26   2454659.70 2008  7 12  4 41   2454659.79 2008  7 12  6 55
 2454662.37 2008  7 14 20 58   2454662.47 2008  7 14 23 13   2454662.56 2008  7 15  1 27
 2454665.15 2008  7 17 15 30   2454665.24 2008  7 17 17 45   2454665.33 2008  7 17 19 59
 2454667.92 2008  7 20 10  2   2454668.01 2008  7 20 12 17   2454668.11 2008  7 20 14 31
 2454670.69 2008  7 23  4 34   2454670.78 2008  7 23  6 49   2454670.88 2008  7 23  9  3
 2454673.46 2008  7 25 23  6   2454673.56 2008  7 26  1 21   2454673.65 2008  7 26  3 35
 2454676.24 2008  7 28 17 38   2454676.33 2008  7 28 19 53   2454676.42 2008  7 28 22  7
 2454679.01 2008  7 31 12 10   2454679.10 2008  7 31 14 25   2454679.19 2008  7 31 16 39
 2454681.78 2008  8  3  6 42   2454681.87 2008  8  3  8 57   2454681.97 2008  8  3 11 11
 2454684.55 2008  8  6  1 14   2454684.65 2008  8  6  3 29   2454684.74 2008  8  6  5 43
 2454687.32 2008  8  8 19 46   2454687.42 2008  8  8 22  1   2454687.51 2008  8  9  0 15
 2454690.10 2008  8 11 14 18   2454690.19 2008  8 11 16 33   2454690.28 2008  8 11 18 47
 2454692.87 2008  8 14  8 50   2454692.96 2008  8 14 11  5   2454693.06 2008  8 14 13 19
 2454695.64 2008  8 17  3 22   2454695.73 2008  8 17  5 37   2454695.83 2008  8 17  7 51
 2454698.41 2008  8 19 21 54   2454698.51 2008  8 20  0  9   2454698.60 2008  8 20  2 23
 2454701.19 2008  8 22 16 26   2454701.28 2008  8 22 18 41   2454701.37 2008  8 22 20 55
 2454703.96 2008  8 25 10 58   2454704.05 2008  8 25 13 13   2454704.14 2008  8 25 15 27
 2454706.73 2008  8 28  5 30   2454706.82 2008  8 28  7 45   2454706.92 2008  8 28  9 59
 2454709.50 2008  8 31  0  2   2454709.60 2008  8 31  2 17   2454709.69 2008  8 31  4 31
 2454712.27 2008  9  2 18 35   2454712.37 2008  9  2 20 49   2454712.46 2008  9  2 23  3
 2454715.05 2008  9  5 13  7   2454715.14 2008  9  5 15 21   2454715.23 2008  9  5 17 35
 2454717.82 2008  9  8  7 39   2454717.91 2008  9  8  9 53   2454718.01 2008  9  8 12  7
 2454720.59 2008  9 11  2 11   2454720.68 2008  9 11  4 25   2454720.78 2008  9 11  6 39
 2454723.36 2008  9 13 20 43   2454723.46 2008  9 13 22 57   2454723.55 2008  9 14  1 11
 2454726.14 2008  9 16 15 15   2454726.23 2008  9 16 17 29   2454726.32 2008  9 16 19 43
 2454728.91 2008  9 19  9 47   2454729.00 2008  9 19 12  1   2454729.09 2008  9 19 14 16
 2454731.68 2008  9 22  4 19   2454731.77 2008  9 22  6 33   2454731.87 2008  9 22  8 48
 2454734.45 2008  9 24 22 51   2454734.55 2008  9 25  1  5   2454734.64 2008  9 25  3 20
 2454737.22 2008  9 27 17 23   2454737.32 2008  9 27 19 37   2454737.41 2008  9 27 21 52
 2454740.00 2008  9 30 11 55   2454740.09 2008  9 30 14  9   2454740.18 2008  9 30 16 24
 2454742.77 2008 10  3  6 27   2454742.86 2008 10  3  8 41   2454742.96 2008 10  3 10 56
 2454745.54 2008 10  6  0 59   2454745.63 2008 10  6  3 13   2454745.73 2008 10  6  5 28
 2454748.31 2008 10  8 19 31   2454748.41 2008 10  8 21 45   2454748.50 2008 10  9  0  0
 2454751.09 2008 10 11 14  3   2454751.18 2008 10 11 16 17   2454751.27 2008 10 11 18 32
 2454753.86 2008 10 14  8 35   2454753.95 2008 10 14 10 49   2454754.04 2008 10 14 13  4
 2454756.63 2008 10 17  3  7   2454756.72 2008 10 17  5 21   2454756.82 2008 10 17  7 36
 2454759.40 2008 10 19 21 39   2454759.50 2008 10 19 23 53   2454759.59 2008 10 20  2  8
 2454762.17 2008 10 22 16 11   2454762.27 2008 10 22 18 25   2454762.36 2008 10 22 20 40
 2454764.95 2008 10 25 10 43   2454765.04 2008 10 25 12 57   2454765.13 2008 10 25 15 12
 2454767.72 2008 10 28  5 15   2454767.81 2008 10 28  7 29   2454767.91 2008 10 28  9 44
 2454770.49 2008 10 30 23 47   2454770.58 2008 10 31  2  1   2454770.68 2008 10 31  4 16
 2454773.26 2008 11  2 18 19   2454773.36 2008 11  2 20 33   2454773.45 2008 11  2 22 48
 2454776.04 2008 11  5 12 51   2454776.13 2008 11  5 15  5   2454776.22 2008 11  5 17 20
 2454778.81 2008 11  8  7 23   2454778.90 2008 11  8  9 37   2454778.99 2008 11  8 11 52
 2454781.58 2008 11 11  1 55   2454781.67 2008 11 11  4  9   2454781.77 2008 11 11  6 24
 2454784.35 2008 11 13 20 27   2454784.45 2008 11 13 22 41   2454784.54 2008 11 14  0 56
 2454787.12 2008 11 16 14 59   2454787.22 2008 11 16 17 13   2454787.31 2008 11 16 19 28
 2454789.90 2008 11 19  9 31   2454789.99 2008 11 19 11 45   2454790.08 2008 11 19 14  0
 2454792.67 2008 11 22  4  3   2454792.76 2008 11 22  6 17   2454792.86 2008 11 22  8 32
 2454795.44 2008 11 24 22 35   2454795.53 2008 11 25  0 49   2454795.63 2008 11 25  3  4
 2454798.21 2008 11 27 17  7   2454798.31 2008 11 27 19 22   2454798.40 2008 11 27 21 36
 2454800.99 2008 11 30 11 39   2454801.08 2008 11 30 13 54   2454801.17 2008 11 30 16  8
 2454803.76 2008 12  3  6 11   2454803.85 2008 12  3  8 26   2454803.95 2008 12  3 10 40
 2454806.53 2008 12  6  0 43   2454806.62 2008 12  6  2 58   2454806.72 2008 12  6  5 12
 2454809.30 2008 12  8 19 15   2454809.40 2008 12  8 21 30   2454809.49 2008 12  8 23 44
 2454812.07 2008 12 11 13 47   2454812.17 2008 12 11 16  2   2454812.26 2008 12 11 18 17
 2454814.85 2008 12 14  8 19   2454814.94 2008 12 14 10 34   2454815.03 2008 12 14 12 49
 2454817.62 2008 12 17  2 51   2454817.71 2008 12 17  5  6   2454817.81 2008 12 17  7 21
 2454820.39 2008 12 19 21 23   2454820.48 2008 12 19 23 38   2454820.58 2008 12 20  1 53
 2454823.16 2008 12 22 15 55   2454823.26 2008 12 22 18 10   2454823.35 2008 12 22 20 25
 2454825.94 2008 12 25 10 27   2454826.03 2008 12 25 12 42   2454826.12 2008 12 25 14 57
 2454828.71 2008 12 28  4 59   2454828.80 2008 12 28  7 14   2454828.90 2008 12 28  9 29
 2454831.48 2008 12 30 23 31   2454831.57 2008 12 31  1 46   2454831.67 2008 12 31  4  1
 2454834.25 2009  1  2 18  3   2454834.35 2009  1  2 20 18   2454834.44 2009  1  2 22 33
 2454837.02 2009  1  5 12 35   2454837.12 2009  1  5 14 50   2454837.21 2009  1  5 17  5
 2454839.80 2009  1  8  7  7   2454839.89 2009  1  8  9 22   2454839.98 2009  1  8 11 37
 2454842.57 2009  1 11  1 39   2454842.66 2009  1 11  3 54   2454842.76 2009  1 11  6  9
 2454845.34 2009  1 13 20 11   2454845.43 2009  1 13 22 26   2454845.53 2009  1 14  0 41
 2454848.11 2009  1 16 14 43   2454848.21 2009  1 16 16 58   2454848.30 2009  1 16 19 13
 2454850.89 2009  1 19  9 15   2454850.98 2009  1 19 11 30   2454851.07 2009  1 19 13 45
 2454853.66 2009  1 22  3 47   2454853.75 2009  1 22  6  2   2454853.85 2009  1 22  8 17
 2454856.43 2009  1 24 22 19   2454856.52 2009  1 25  0 34   2454856.62 2009  1 25  2 49
 2454859.20 2009  1 27 16 51   2454859.30 2009  1 27 19  6   2454859.39 2009  1 27 21 21
 2454861.97 2009  1 30 11 23   2454862.07 2009  1 30 13 38   2454862.16 2009  1 30 15 53
 2454864.75 2009  2  2  5 55   2454864.84 2009  2  2  8 10   2454864.93 2009  2  2 10 25
 2454867.52 2009  2  5  0 27   2454867.61 2009  2  5  2 42   2454867.71 2009  2  5  4 57
 2454870.29 2009  2  7 18 59   2454870.39 2009  2  7 21 14   2454870.48 2009  2  7 23 29
 2454873.06 2009  2 10 13 31   2454873.16 2009  2 10 15 46   2454873.25 2009  2 10 18  1
 2454875.84 2009  2 13  8  3   2454875.93 2009  2 13 10 18   2454876.02 2009  2 13 12 33
 2454878.61 2009  2 16  2 35   2454878.70 2009  2 16  4 50   2454878.80 2009  2 16  7  5
 2454881.38 2009  2 18 21  7   2454881.47 2009  2 18 23 22   2454881.57 2009  2 19  1 37
 2454884.15 2009  2 21 15 39   2454884.25 2009  2 21 17 54   2454884.34 2009  2 21 20  9
 2454886.92 2009  2 24 10 11   2454887.02 2009  2 24 12 26   2454887.11 2009  2 24 14 41
 2454889.70 2009  2 27  4 43   2454889.79 2009  2 27  6 58   2454889.88 2009  2 27  9 13
 2454892.47 2009  3  1 23 15   2454892.56 2009  3  2  1 30   2454892.66 2009  3  2  3 46
 2454895.24 2009  3  4 17 47   2454895.34 2009  3  4 20  2   2454895.43 2009  3  4 22 18
 2454898.01 2009  3  7 12 19   2454898.11 2009  3  7 14 34   2454898.20 2009  3  7 16 50
 2454900.79 2009  3 10  6 51   2454900.88 2009  3 10  9  6   2454900.97 2009  3 10 11 22
 2454903.56 2009  3 13  1 23   2454903.65 2009  3 13  3 38   2454903.75 2009  3 13  5 54
 2454906.33 2009  3 15 19 55   2454906.42 2009  3 15 22 10   2454906.52 2009  3 16  0 26
 2454909.10 2009  3 18 14 27   2454909.20 2009  3 18 16 42   2454909.29 2009  3 18 18 58
 2454911.87 2009  3 21  8 59   2454911.97 2009  3 21 11 14   2454912.06 2009  3 21 13 30
 2454914.65 2009  3 24  3 31   2454914.74 2009  3 24  5 46   2454914.83 2009  3 24  8  2
 2454917.42 2009  3 26 22  3   2454917.51 2009  3 27  0 18   2454917.61 2009  3 27  2 34
 2454920.19 2009  3 29 16 35   2454920.29 2009  3 29 18 50   2454920.38 2009  3 29 21  6
 2454922.96 2009  4  1 11  7   2454923.06 2009  4  1 13 22   2454923.15 2009  4  1 15 38
 2454925.74 2009  4  4  5 39   2454925.83 2009  4  4  7 54   2454925.92 2009  4  4 10 10
 2454928.51 2009  4  7  0 11   2454928.60 2009  4  7  2 26   2454928.70 2009  4  7  4 42
 2454931.28 2009  4  9 18 43   2454931.37 2009  4  9 20 58   2454931.47 2009  4  9 23 14
 2454934.05 2009  4 12 13 15   2454934.15 2009  4 12 15 30   2454934.24 2009  4 12 17 46
 2454936.82 2009  4 15  7 47   2454936.92 2009  4 15 10  3   2454937.01 2009  4 15 12 18
 2454939.60 2009  4 18  2 19   2454939.69 2009  4 18  4 35   2454939.79 2009  4 18  6 50
 2454942.37 2009  4 20 20 51   2454942.46 2009  4 20 23  7   2454942.56 2009  4 21  1 22
 2454945.14 2009  4 23 15 23   2454945.24 2009  4 23 17 39   2454945.33 2009  4 23 19 54
 2454947.91 2009  4 26  9 55   2454948.01 2009  4 26 12 11   2454948.10 2009  4 26 14 26
 2454950.69 2009  4 29  4 27   2454950.78 2009  4 29  6 43   2454950.87 2009  4 29  8 58
 2454953.46 2009  5  1 22 59   2454953.55 2009  5  2  1 15   2454953.65 2009  5  2  3 30
 2454956.23 2009  5  4 17 31   2454956.32 2009  5  4 19 47   2454956.42 2009  5  4 22  2
 2454959.00 2009  5  7 12  3   2454959.10 2009  5  7 14 19   2454959.19 2009  5  7 16 34
 2454961.77 2009  5 10  6 35   2454961.87 2009  5 10  8 51   2454961.96 2009  5 10 11  6
 2454964.55 2009  5 13  1  7   2454964.64 2009  5 13  3 23   2454964.74 2009  5 13  5 38
 2454967.32 2009  5 15 19 39   2454967.41 2009  5 15 21 55   2454967.51 2009  5 16  0 10
 2454970.09 2009  5 18 14 11   2454970.19 2009  5 18 16 27   2454970.28 2009  5 18 18 42
 2454972.86 2009  5 21  8 43   2454972.96 2009  5 21 10 59   2454973.05 2009  5 21 13 15
 2454975.64 2009  5 24  3 15   2454975.73 2009  5 24  5 31   2454975.82 2009  5 24  7 47
 2454978.41 2009  5 26 21 47   2454978.50 2009  5 27  0  3   2454978.60 2009  5 27  2 19
 2454981.18 2009  5 29 16 19   2454981.27 2009  5 29 18 35   2454981.37 2009  5 29 20 51
 2454983.95 2009  6  1 10 51   2454984.05 2009  6  1 13  7   2454984.14 2009  6  1 15 23
 2454986.72 2009  6  4  5 23   2454986.82 2009  6  4  7 39   2454986.91 2009  6  4  9 55
 2454989.50 2009  6  6 23 55   2454989.59 2009  6  7  2 11   2454989.69 2009  6  7  4 27
 2454992.27 2009  6  9 18 27   2454992.36 2009  6  9 20 43   2454992.46 2009  6  9 22 59
 2454995.04 2009  6 12 12 59   2454995.14 2009  6 12 15 15   2454995.23 2009  6 12 17 31
 2454997.81 2009  6 15  7 31   2454997.91 2009  6 15  9 47   2454998.00 2009  6 15 12  3
 2455000.59 2009  6 18  2  3   2455000.68 2009  6 18  4 19   2455000.77 2009  6 18  6 35
 2455003.36 2009  6 20 20 35   2455003.45 2009  6 20 22 51   2455003.55 2009  6 21  1  7
 2455006.13 2009  6 23 15  7   2455006.22 2009  6 23 17 23   2455006.32 2009  6 23 19 39
 2455008.90 2009  6 26  9 39   2455009.00 2009  6 26 11 55   2455009.09 2009  6 26 14 11
 2455011.67 2009  6 29  4 11   2455011.77 2009  6 29  6 27   2455011.86 2009  6 29  8 43
 2455014.45 2009  7  1 22 43   2455014.54 2009  7  2  0 59   2455014.64 2009  7  2  3 15
 2455017.22 2009  7  4 17 15   2455017.31 2009  7  4 19 31   2455017.41 2009  7  4 21 47
 2455019.99 2009  7  7 11 47   2455020.09 2009  7  7 14  3   2455020.18 2009  7  7 16 19
 2455022.76 2009  7 10  6 19   2455022.86 2009  7 10  8 35   2455022.95 2009  7 10 10 51
 2455025.54 2009  7 13  0 51   2455025.63 2009  7 13  3  7   2455025.72 2009  7 13  5 23
 2455028.31 2009  7 15 19 23   2455028.40 2009  7 15 21 39   2455028.50 2009  7 15 23 55
 2455031.08 2009  7 18 13 55   2455031.17 2009  7 18 16 11   2455031.27 2009  7 18 18 27
 2455033.85 2009  7 21  8 27   2455033.95 2009  7 21 10 43   2455034.04 2009  7 21 12 59
 2455036.62 2009  7 24  2 59   2455036.72 2009  7 24  5 15   2455036.81 2009  7 24  7 31
 2455039.40 2009  7 26 21 31   2455039.49 2009  7 26 23 47   2455039.59 2009  7 27  2  3
 2455042.17 2009  7 29 16  3   2455042.26 2009  7 29 18 19   2455042.36 2009  7 29 20 35
 2455044.94 2009  8  1 10 35   2455045.04 2009  8  1 12 51   2455045.13 2009  8  1 15  7
 2455047.71 2009  8  4  5  7   2455047.81 2009  8  4  7 23   2455047.90 2009  8  4  9 39
 2455050.49 2009  8  6 23 39   2455050.58 2009  8  7  1 55   2455050.67 2009  8  7  4 11
 2455053.26 2009  8  9 18 11   2455053.35 2009  8  9 20 27   2455053.45 2009  8  9 22 44
 2455056.03 2009  8 12 12 43   2455056.12 2009  8 12 14 59   2455056.22 2009  8 12 17 16
 2455058.80 2009  8 15  7 15   2455058.90 2009  8 15  9 31   2455058.99 2009  8 15 11 48
 2455061.57 2009  8 18  1 47   2455061.67 2009  8 18  4  3   2455061.76 2009  8 18  6 20
 2455064.35 2009  8 20 20 19   2455064.44 2009  8 20 22 35   2455064.54 2009  8 21  0 52
 2455067.12 2009  8 23 14 51   2455067.21 2009  8 23 17  7   2455067.31 2009  8 23 19 24
 2455069.89 2009  8 26  9 23   2455069.99 2009  8 26 11 39   2455070.08 2009  8 26 13 56
 2455072.66 2009  8 29  3 55   2455072.76 2009  8 29  6 11   2455072.85 2009  8 29  8 28
 2455075.44 2009  8 31 22 27   2455075.53 2009  9  1  0 43   2455075.63 2009  9  1  3  0
 2455078.21 2009  9  3 16 59   2455078.30 2009  9  3 19 16   2455078.40 2009  9  3 21 32
 2455080.98 2009  9  6 11 31   2455081.08 2009  9  6 13 48   2455081.17 2009  9  6 16  4
 2455083.75 2009  9  9  6  3   2455083.85 2009  9  9  8 20   2455083.94 2009  9  9 10 36
 2455086.52 2009  9 12  0 35   2455086.62 2009  9 12  2 52   2455086.71 2009  9 12  5  8
 2455089.30 2009  9 14 19  7   2455089.39 2009  9 14 21 24   2455089.49 2009  9 14 23 40
 2455092.07 2009  9 17 13 39   2455092.16 2009  9 17 15 56   2455092.26 2009  9 17 18 12
 2455094.84 2009  9 20  8 11   2455094.94 2009  9 20 10 28   2455095.03 2009  9 20 12 44
 2455097.61 2009  9 23  2 43   2455097.71 2009  9 23  5  0   2455097.80 2009  9 23  7 16
 2455100.39 2009  9 25 21 15   2455100.48 2009  9 25 23 32   2455100.58 2009  9 26  1 48
 2455103.16 2009  9 28 15 47   2455103.25 2009  9 28 18  4   2455103.35 2009  9 28 20 20
 2455105.93 2009 10  1 10 19   2455106.03 2009 10  1 12 36   2455106.12 2009 10  1 14 52
 2455108.70 2009 10  4  4 51   2455108.80 2009 10  4  7  8   2455108.89 2009 10  4  9 24
 2455111.47 2009 10  6 23 23   2455111.57 2009 10  7  1 40   2455111.66 2009 10  7  3 56
 2455114.25 2009 10  9 17 55   2455114.34 2009 10  9 20 12   2455114.44 2009 10  9 22 28
 2455117.02 2009 10 12 12 27   2455117.11 2009 10 12 14 44   2455117.21 2009 10 12 17  0
 2455119.79 2009 10 15  6 59   2455119.89 2009 10 15  9 16   2455119.98 2009 10 15 11 32
 2455122.56 2009 10 18  1 31   2455122.66 2009 10 18  3 48   2455122.75 2009 10 18  6  4
 2455125.34 2009 10 20 20  3   2455125.43 2009 10 20 22 20   2455125.53 2009 10 21  0 36
 2455128.11 2009 10 23 14 35   2455128.20 2009 10 23 16 52   2455128.30 2009 10 23 19  8
 2455130.88 2009 10 26  9  7   2455130.98 2009 10 26 11 24   2455131.07 2009 10 26 13 40
 2455133.65 2009 10 29  3 39   2455133.75 2009 10 29  5 56   2455133.84 2009 10 29  8 13
 2455136.42 2009 10 31 22 11   2455136.52 2009 11  1  0 28   2455136.61 2009 11  1  2 45
 2455139.20 2009 11  3 16 43   2455139.29 2009 11  3 19  0   2455139.39 2009 11  3 21 17
 2455141.97 2009 11  6 11 15   2455142.06 2009 11  6 13 32   2455142.16 2009 11  6 15 49
 2455144.74 2009 11  9  5 47   2455144.84 2009 11  9  8  4   2455144.93 2009 11  9 10 21
 2455147.51 2009 11 12  0 19   2455147.61 2009 11 12  2 36   2455147.70 2009 11 12  4 53
 2455150.29 2009 11 14 18 51   2455150.38 2009 11 14 21  8   2455150.48 2009 11 14 23 25
 2455153.06 2009 11 17 13 23   2455153.15 2009 11 17 15 40   2455153.25 2009 11 17 17 57
 2455155.83 2009 11 20  7 55   2455155.93 2009 11 20 10 12   2455156.02 2009 11 20 12 29
 2455158.60 2009 11 23  2 27   2455158.70 2009 11 23  4 44   2455158.79 2009 11 23  7  1
 2455161.37 2009 11 25 20 59   2455161.47 2009 11 25 23 16   2455161.56 2009 11 26  1 33
 2455164.15 2009 11 28 15 31   2455164.24 2009 11 28 17 48   2455164.34 2009 11 28 20  5
 2455166.92 2009 12  1 10  3   2455167.01 2009 12  1 12 20   2455167.11 2009 12  1 14 37
 2455169.69 2009 12  4  4 35   2455169.79 2009 12  4  6 52   2455169.88 2009 12  4  9  9
 2455172.46 2009 12  6 23  7   2455172.56 2009 12  7  1 24   2455172.65 2009 12  7  3 41
 2455175.24 2009 12  9 17 39   2455175.33 2009 12  9 19 56   2455175.43 2009 12  9 22 13
 2455178.01 2009 12 12 12 11   2455178.10 2009 12 12 14 28   2455178.20 2009 12 12 16 45
 2455180.78 2009 12 15  6 43   2455180.88 2009 12 15  9  0   2455180.97 2009 12 15 11 17
 2455183.55 2009 12 18  1 15   2455183.65 2009 12 18  3 32   2455183.74 2009 12 18  5 49
 2455186.32 2009 12 20 19 47   2455186.42 2009 12 20 22  4   2455186.52 2009 12 21  0 21
 2455189.10 2009 12 23 14 19   2455189.19 2009 12 23 16 36   2455189.29 2009 12 23 18 53
 2455191.87 2009 12 26  8 51   2455191.96 2009 12 26 11  8   2455192.06 2009 12 26 13 25
 2455194.64 2009 12 29  3 23   2455194.74 2009 12 29  5 40   2455194.83 2009 12 29  7 57
 2455197.41 2009 12 31 21 55   2455197.51 2010  1  1  0 12   2455197.60 2010  1  1  2 29
 2455200.19 2010  1  3 16 27   2455200.28 2010  1  3 18 44   2455200.38 2010  1  3 21  1
 2455202.96 2010  1  6 10 59   2455203.05 2010  1  6 13 16   2455203.15 2010  1  6 15 33
 2455205.73 2010  1  9  5 31   2455205.83 2010  1  9  7 48   2455205.92 2010  1  9 10  5
 2455208.50 2010  1 12  0  3   2455208.60 2010  1 12  2 20   2455208.69 2010  1 12  4 37
 2455211.27 2010  1 14 18 35   2455211.37 2010  1 14 20 52   2455211.47 2010  1 14 23  9
 2455214.05 2010  1 17 13  7   2455214.14 2010  1 17 15 24   2455214.24 2010  1 17 17 41
 2455216.82 2010  1 20  7 39   2455216.91 2010  1 20  9 57   2455217.01 2010  1 20 12 14
 2455219.59 2010  1 23  2 11   2455219.69 2010  1 23  4 29   2455219.78 2010  1 23  6 46
 2455222.36 2010  1 25 20 44   2455222.46 2010  1 25 23  1   2455222.55 2010  1 26  1 18
 2455225.14 2010  1 28 15 16   2455225.23 2010  1 28 17 33   2455225.33 2010  1 28 19 50
 2455227.91 2010  1 31  9 48   2455228.00 2010  1 31 12  5   2455228.10 2010  1 31 14 22
 2455230.68 2010  2  3  4 20   2455230.78 2010  2  3  6 37   2455230.87 2010  2  3  8 54
 2455233.45 2010  2  5 22 52   2455233.55 2010  2  6  1  9   2455233.64 2010  2  6  3 26
 2455236.23 2010  2  8 17 24   2455236.32 2010  2  8 19 41   2455236.42 2010  2  8 21 58
 2455239.00 2010  2 11 11 56   2455239.09 2010  2 11 14 13   2455239.19 2010  2 11 16 30
 2455241.77 2010  2 14  6 28   2455241.86 2010  2 14  8 45   2455241.96 2010  2 14 11  2
 2455244.54 2010  2 17  1  0   2455244.64 2010  2 17  3 17   2455244.73 2010  2 17  5 34
 2455247.31 2010  2 19 19 32   2455247.41 2010  2 19 21 49   2455247.50 2010  2 20  0  6
 2455250.09 2010  2 22 14  4   2455250.18 2010  2 22 16 21   2455250.28 2010  2 22 18 38
 2455252.86 2010  2 25  8 36   2455252.95 2010  2 25 10 53   2455253.05 2010  2 25 13 10
 2455255.63 2010  2 28  3  8   2455255.73 2010  2 28  5 25   2455255.82 2010  2 28  7 42
 2455258.40 2010  3  2 21 40   2455258.50 2010  3  2 23 57   2455258.59 2010  3  3  2 14
 2455261.18 2010  3  5 16 12   2455261.27 2010  3  5 18 29   2455261.37 2010  3  5 20 46
 2455263.95 2010  3  8 10 44   2455264.04 2010  3  8 13  1   2455264.14 2010  3  8 15 18
 2455266.72 2010  3 11  5 16   2455266.81 2010  3 11  7 33   2455266.91 2010  3 11  9 50
 2455269.49 2010  3 13 23 48   2455269.59 2010  3 14  2  5   2455269.68 2010  3 14  4 22
 2455272.26 2010  3 16 18 20   2455272.36 2010  3 16 20 37   2455272.45 2010  3 16 22 54
 2455275.04 2010  3 19 12 52   2455275.13 2010  3 19 15  9   2455275.23 2010  3 19 17 26
 2455277.81 2010  3 22  7 24   2455277.90 2010  3 22  9 41   2455278.00 2010  3 22 11 58
 2455280.58 2010  3 25  1 56   2455280.68 2010  3 25  4 13   2455280.77 2010  3 25  6 30
 2455283.35 2010  3 27 20 28   2455283.45 2010  3 27 22 45   2455283.54 2010  3 28  1  2
 2455286.13 2010  3 30 15  0   2455286.22 2010  3 30 17 17   2455286.32 2010  3 30 19 34
 2455288.90 2010  4  2  9 32   2455288.99 2010  4  2 11 49   2455289.09 2010  4  2 14  6
 2455291.67 2010  4  5  4  4   2455291.76 2010  4  5  6 21   2455291.86 2010  4  5  8 38
 2455294.44 2010  4  7 22 36   2455294.54 2010  4  8  0 53   2455294.63 2010  4  8  3 10
 2455297.21 2010  4 10 17  8   2455297.31 2010  4 10 19 25   2455297.40 2010  4 10 21 43
 2455299.99 2010  4 13 11 40   2455300.08 2010  4 13 13 57   2455300.18 2010  4 13 16 15
 2455302.76 2010  4 16  6 12   2455302.85 2010  4 16  8 29   2455302.95 2010  4 16 10 47
 2455305.53 2010  4 19  0 44   2455305.63 2010  4 19  3  1   2455305.72 2010  4 19  5 19
 2455308.30 2010  4 21 19 16   2455308.40 2010  4 21 21 33   2455308.49 2010  4 21 23 51
 2455311.08 2010  4 24 13 48   2455311.17 2010  4 24 16  5   2455311.27 2010  4 24 18 23
 2455313.85 2010  4 27  8 20   2455313.94 2010  4 27 10 37   2455314.04 2010  4 27 12 55
 2455316.62 2010  4 30  2 52   2455316.72 2010  4 30  5  9   2455316.81 2010  4 30  7 27
 2455319.39 2010  5  2 21 24   2455319.49 2010  5  2 23 41   2455319.58 2010  5  3  1 59
 2455322.16 2010  5  5 15 56   2455322.26 2010  5  5 18 13   2455322.36 2010  5  5 20 31
 2455324.94 2010  5  8 10 28   2455325.03 2010  5  8 12 45   2455325.13 2010  5  8 15  3
 2455327.71 2010  5 11  5  0   2455327.80 2010  5 11  7 17   2455327.90 2010  5 11  9 35
 2455330.48 2010  5 13 23 32   2455330.58 2010  5 14  1 49   2455330.67 2010  5 14  4  7
 2455333.25 2010  5 16 18  4   2455333.35 2010  5 16 20 21   2455333.44 2010  5 16 22 39
 2455336.03 2010  5 19 12 36   2455336.12 2010  5 19 14 53   2455336.22 2010  5 19 17 11
 2455338.80 2010  5 22  7  8   2455338.89 2010  5 22  9 25   2455338.99 2010  5 22 11 43
 2455341.57 2010  5 25  1 40   2455341.67 2010  5 25  3 57   2455341.76 2010  5 25  6 15
 2455344.34 2010  5 27 20 12   2455344.44 2010  5 27 22 29   2455344.53 2010  5 28  0 47
 2455347.11 2010  5 30 14 44   2455347.21 2010  5 30 17  1   2455347.31 2010  5 30 19 19
 2455349.89 2010  6  2  9 16   2455349.98 2010  6  2 11 33   2455350.08 2010  6  2 13 51
 2455352.66 2010  6  5  3 48   2455352.75 2010  6  5  6  5   2455352.85 2010  6  5  8 23
 2455355.43 2010  6  7 22 20   2455355.53 2010  6  8  0 38   2455355.62 2010  6  8  2 55
 2455358.20 2010  6 10 16 52   2455358.30 2010  6 10 19 10   2455358.39 2010  6 10 21 27
 2455360.98 2010  6 13 11 24   2455361.07 2010  6 13 13 42   2455361.17 2010  6 13 15 59
 2455363.75 2010  6 16  5 56   2455363.84 2010  6 16  8 14   2455363.94 2010  6 16 10 31
 2455366.52 2010  6 19  0 28   2455366.62 2010  6 19  2 46   2455366.71 2010  6 19  5  3
 2455369.29 2010  6 21 19  0   2455369.39 2010  6 21 21 18   2455369.48 2010  6 21 23 35
 2455372.06 2010  6 24 13 32   2455372.16 2010  6 24 15 50   2455372.26 2010  6 24 18  7
 2455374.84 2010  6 27  8  4   2455374.93 2010  6 27 10 22   2455375.03 2010  6 27 12 39
 2455377.61 2010  6 30  2 36   2455377.70 2010  6 30  4 54   2455377.80 2010  6 30  7 12
 2455380.38 2010  7  2 21  8   2455380.48 2010  7  2 23 26   2455380.57 2010  7  3  1 44
 2455383.15 2010  7  5 15 40   2455383.25 2010  7  5 17 58   2455383.34 2010  7  5 20 16
 2455385.93 2010  7  8 10 12   2455386.02 2010  7  8 12 30   2455386.12 2010  7  8 14 48
 2455388.70 2010  7 11  4 44   2455388.79 2010  7 11  7  2   2455388.89 2010  7 11  9 20
