 Predicted Transit Epochs: lickcarne b

 Predicted Duration of a Central Transit:   286. Minutes

 Begin Transit Window           PREDICTED CENTRAL TRANSIT     End Transit Window
                                     All Times UT

                               HJD        Year M  D  H  M
 2454535.43 2008  3  9 22 16   2454540.32 2008  3 14 19 45   2454545.22 2008  3 19 17 14
 2454547.87 2008  3 22  8 45   2454552.78 2008  3 27  6 42   2454557.69 2008  4  1  4 38
 2454560.30 2008  4  3 19 15   2454565.24 2008  4  8 17 39   2454570.17 2008  4 13 16  2
 2454572.74 2008  4 16  5 45   2454577.69 2008  4 21  4 36   2454582.64 2008  4 26  3 27
 2454585.18 2008  4 28 16 15   2454590.15 2008  5  3 15 33   2454595.12 2008  5  8 14 51
 2454597.61 2008  5 11  2 44   2454602.60 2008  5 16  2 30   2454607.59 2008  5 21  2 16
 2454610.05 2008  5 23 13 14   2454615.06 2008  5 28 13 27   2454620.07 2008  6  2 13 40
 2454622.49 2008  6  4 23 44   2454627.52 2008  6 10  0 24   2454632.55 2008  6 15  1  5
 2454634.93 2008  6 17 10 14   2454639.97 2008  6 22 11 21   2454645.02 2008  6 27 12 29
 2454647.36 2008  6 29 20 43   2454652.43 2008  7  4 22 19   2454657.50 2008  7  9 23 54
 2454659.80 2008  7 12  7 13   2454664.89 2008  7 17  9 16   2454669.97 2008  7 22 11 18
 2454672.24 2008  7 24 17 43   2454677.34 2008  7 29 20 13   2454682.45 2008  8  3 22 43
 2454684.68 2008  8  6  4 13   2454689.80 2008  8 11  7 10   2454694.92 2008  8 16 10  7
 2454697.11 2008  8 18 14 42   2454702.26 2008  8 23 18  7   2454707.40 2008  8 28 21 32
 2454709.55 2008  8 31  1 12   2454714.71 2008  9  5  5  4   2454719.87 2008  9 10  8 56
 2454721.99 2008  9 12 11 42   2454727.17 2008  9 17 16  1   2454732.35 2008  9 22 20 21
 2454734.43 2008  9 24 22 12   2454739.62 2008  9 30  2 58   2454744.82 2008 10  5  7 45
 2454746.86 2008 10  7  8 41   2454752.08 2008 10 12 13 55   2454757.30 2008 10 17 19  9
 2454759.30 2008 10 19 19 11   2454764.54 2008 10 25  0 53   2454769.77 2008 10 30  6 34
 2454771.74 2008 11  1  5 41   2454776.99 2008 11  6 11 50   2454782.25 2008 11 11 17 58
 2454784.17 2008 11 13 16 11   2454789.45 2008 11 18 22 47   2454794.72 2008 11 24  5 23
 2454796.61 2008 11 26  2 40   2454801.91 2008 12  1  9 44   2454807.20 2008 12  6 16 47
 2454809.05 2008 12  8 13 10   2454814.36 2008 12 13 20 41   2454819.68 2008 12 19  4 12
 2454821.49 2008 12 20 23 40   2454826.82 2008 12 26  7 38   2454832.15 2008 12 31 15 36
 2454833.92 2009  1  2 10 10   2454839.27 2009  1  7 18 35   2454844.63 2009  1 13  3  1
 2454846.36 2009  1 14 20 39   2454851.73 2009  1 20  5 32   2454857.10 2009  1 25 14 25
 2454858.80 2009  1 27  7  9   2454864.19 2009  2  1 16 29   2454869.58 2009  2  7  1 50
 2454871.24 2009  2  8 17 39   2454876.64 2009  2 14  3 27   2454882.05 2009  2 19 13 14
 2454883.67 2009  2 21  4  9   2454889.10 2009  2 26 14 24   2454894.53 2009  3  4  0 39
 2454896.11 2009  3  5 14 38   2454901.56 2009  3 11  1 21   2454907.00 2009  3 16 12  3
 2454908.55 2009  3 18  1  8   2454914.01 2009  3 23 12 18   2454919.48 2009  3 28 23 28
 2454920.98 2009  3 30 11 38   2454926.47 2009  4  4 23 15   2454931.95 2009  4 10 10 52
 2454933.42 2009  4 11 22  8   2454938.93 2009  4 17 10 12   2454944.43 2009  4 22 22 17
 2454945.86 2009  4 24  8 37   2454951.38 2009  4 29 21  9   2454956.90 2009  5  5  9 41
 2454958.30 2009  5  6 19  7   2454963.84 2009  5 12  8  6   2454969.38 2009  5 17 21  5
 2454970.73 2009  5 19  5 37   2454976.29 2009  5 24 19  3   2454981.85 2009  5 30  8 30
 2454983.17 2009  5 31 16  7   2454988.75 2009  6  6  6  0   2454994.33 2009  6 11 19 54
 2454995.61 2009  6 13  2 36   2455001.21 2009  6 18 16 58   2455006.81 2009  6 24  7 19
 2455008.05 2009  6 25 13  6   2455013.66 2009  7  1  3 55   2455019.28 2009  7  6 18 43
 2455020.48 2009  7  7 23 36   2455026.12 2009  7 13 14 52   2455031.76 2009  7 19  6  8
 2455032.92 2009  7 20 10  6   2455038.58 2009  7 26  1 49   2455044.23 2009  7 31 17 32
 2455045.36 2009  8  1 20 35   2455051.03 2009  8  7 12 46   2455056.71 2009  8 13  4 57
 2455057.80 2009  8 14  7  5   2455063.49 2009  8 19 23 43   2455069.18 2009  8 25 16 21
 2455070.23 2009  8 26 17 35   2455075.94 2009  9  1 10 40   2455081.66 2009  9  7  3 46
 2455082.67 2009  9  8  4  5   2455088.40 2009  9 13 21 37   2455094.13 2009  9 19 15 10
 2455095.11 2009  9 20 14 34   2455100.86 2009  9 26  8 34   2455106.61 2009 10  2  2 35
 2455107.54 2009 10  3  1  4   2455113.31 2009 10  8 19 32   2455119.08 2009 10 14 13 59
 2455119.98 2009 10 15 11 34   2455125.77 2009 10 21  6 29   2455131.56 2009 10 27  1 24
 2455132.42 2009 10 27 22  4   2455138.23 2009 11  2 17 26   2455144.03 2009 11  8 12 48
 2455144.86 2009 11  9  8 33   2455150.68 2009 11 15  4 23   2455156.51 2009 11 21  0 12
 2455157.29 2009 11 21 19  3   2455163.14 2009 11 27 15 20   2455168.98 2009 12  3 11 37
 2455169.73 2009 12  4  5 33   2455175.60 2009 12 10  2 17   2455181.46 2009 12 15 23  1
 2455182.17 2009 12 16 16  3   2455188.05 2009 12 22 13 14   2455193.93 2009 12 28 10 26
 2455194.61 2009 12 29  2 32   2455200.51 2010  1  4  0 11   2455206.41 2010  1  9 21 50
 2455207.04 2010  1 10 13  2   2455212.96 2010  1 16 11  8   2455218.89 2010  1 22  9 15
 2455219.48 2010  1 22 23 32   2455225.42 2010  1 28 22  6   2455231.36 2010  2  3 20 39
 2455231.92 2010  2  4 10  2   2455237.88 2010  2 10  9  3   2455243.84 2010  2 16  8  4
 2455244.36 2010  2 16 20 31   2455250.33 2010  2 22 20  0   2455256.31 2010  2 28 19 28
 2455256.79 2010  3  1  7  1   2455262.79 2010  3  7  6 57   2455268.79 2010  3 13  6 53
 2455269.23 2010  3 13 17 31   2455275.25 2010  3 19 17 54   2455281.26 2010  3 25 18 17
 2455281.67 2010  3 26  4  1   2455287.70 2010  4  1  4 51   2455293.74 2010  4  7  5 42
 2455294.10 2010  4  7 14 30   2455300.16 2010  4 13 15 48   2455306.21 2010  4 19 17  6
 2455306.54 2010  4 20  1  0   2455312.62 2010  4 26  2 45   2455318.69 2010  5  2  4 31
 2455318.98 2010  5  2 11 30   2455325.07 2010  5  8 13 42   2455331.16 2010  5 14 15 55
 2455331.42 2010  5 14 22  0   2455337.53 2010  5 21  0 40   2455343.64 2010  5 27  3 19
 2455343.85 2010  5 27  8 29   2455349.98 2010  6  2 11 37   2455356.11 2010  6  8 14 44
 2455356.29 2010  6  8 18 59   2455362.44 2010  6 14 22 34   2455368.59 2010  6 21  2  8
 2455368.73 2010  6 21  5 29   2455374.90 2010  6 27  9 31   2455381.06 2010  7  3 13 33
 2455381.17 2010  7  3 15 59   2455387.35 2010  7  9 20 28   2455393.54 2010  7 16  0 57
 2455393.60 2010  7 16  2 28   2455399.81 2010  7 22  7 25   2455406.02 2010  7 28 12 22
