 Predicted Transit Epochs: LUPUS-TR3 b

Observed Transit Duration:  186.0 Minutes

 Begin Transit Window           PREDICTED CENTRAL TRANSIT     End Transit Window
                                     All Times UT

                               HJD        Year M  D  H  M
 2454466.29 2007 12 31 18 56   2454466.36 2007 12 31 20 40   2454466.43 2007 12 31 22 23
 2454470.20 2008  1  4 16 52   2454470.28 2008  1  4 18 36   2454470.35 2008  1  4 20 19
 2454474.12 2008  1  8 14 49   2454474.19 2008  1  8 16 32   2454474.26 2008  1  8 18 16
 2454478.03 2008  1 12 12 45   2454478.10 2008  1 12 14 28   2454478.18 2008  1 12 16 12
 2454481.95 2008  1 16 10 41   2454482.02 2008  1 16 12 25   2454482.09 2008  1 16 14  8
 2454485.86 2008  1 20  8 37   2454485.93 2008  1 20 10 21   2454486.00 2008  1 20 12  4
 2454489.77 2008  1 24  6 33   2454489.85 2008  1 24  8 17   2454489.92 2008  1 24 10  1
 2454493.69 2008  1 28  4 29   2454493.76 2008  1 28  6 13   2454493.83 2008  1 28  7 57
 2454497.60 2008  2  1  2 26   2454497.67 2008  2  1  4  9   2454497.75 2008  2  1  5 53
 2454501.52 2008  2  5  0 22   2454501.59 2008  2  5  2  6   2454501.66 2008  2  5  3 50
 2454505.43 2008  2  8 22 18   2454505.50 2008  2  9  0  2   2454505.57 2008  2  9  1 46
 2454509.34 2008  2 12 20 14   2454509.42 2008  2 12 21 58   2454509.49 2008  2 12 23 42
 2454513.26 2008  2 16 18 10   2454513.33 2008  2 16 19 54   2454513.40 2008  2 16 21 38
 2454517.17 2008  2 20 16  7   2454517.24 2008  2 20 17 51   2454517.32 2008  2 20 19 35
 2454521.09 2008  2 24 14  3   2454521.16 2008  2 24 15 47   2454521.23 2008  2 24 17 31
 2454525.00 2008  2 28 11 59   2454525.07 2008  2 28 13 43   2454525.14 2008  2 28 15 27
 2454528.91 2008  3  3  9 55   2454528.99 2008  3  3 11 39   2454529.06 2008  3  3 13 24
 2454532.83 2008  3  7  7 51   2454532.90 2008  3  7  9 36   2454532.97 2008  3  7 11 20
 2454536.74 2008  3 11  5 47   2454536.81 2008  3 11  7 32   2454536.89 2008  3 11  9 16
 2454540.66 2008  3 15  3 44   2454540.73 2008  3 15  5 28   2454540.80 2008  3 15  7 13
 2454544.57 2008  3 19  1 40   2454544.64 2008  3 19  3 24   2454544.71 2008  3 19  5  9
 2454548.48 2008  3 22 23 36   2454548.56 2008  3 23  1 20   2454548.63 2008  3 23  3  5
 2454552.40 2008  3 26 21 32   2454552.47 2008  3 26 23 17   2454552.54 2008  3 27  1  1
 2454556.31 2008  3 30 19 28   2454556.38 2008  3 30 21 13   2454556.46 2008  3 30 22 58
 2454560.23 2008  4  3 17 24   2454560.30 2008  4  3 19  9   2454560.37 2008  4  3 20 54
 2454564.14 2008  4  7 15 21   2454564.21 2008  4  7 17  5   2454564.29 2008  4  7 18 50
 2454568.05 2008  4 11 13 17   2454568.13 2008  4 11 15  2   2454568.20 2008  4 11 16 47
 2454571.97 2008  4 15 11 13   2454572.04 2008  4 15 12 58   2454572.11 2008  4 15 14 43
 2454575.88 2008  4 19  9  9   2454575.95 2008  4 19 10 54   2454576.03 2008  4 19 12 39
 2454579.80 2008  4 23  7  5   2454579.87 2008  4 23  8 50   2454579.94 2008  4 23 10 35
 2454583.71 2008  4 27  5  1   2454583.78 2008  4 27  6 47   2454583.86 2008  4 27  8 32
 2454587.62 2008  5  1  2 58   2454587.70 2008  5  1  4 43   2454587.77 2008  5  1  6 28
 2454591.54 2008  5  5  0 54   2454591.61 2008  5  5  2 39   2454591.68 2008  5  5  4 24
 2454595.45 2008  5  8 22 50   2454595.52 2008  5  9  0 35   2454595.60 2008  5  9  2 21
 2454599.37 2008  5 12 20 46   2454599.44 2008  5 12 22 32   2454599.51 2008  5 13  0 17
 2454603.28 2008  5 16 18 42   2454603.35 2008  5 16 20 28   2454603.43 2008  5 16 22 13
 2454607.19 2008  5 20 16 39   2454607.27 2008  5 20 18 24   2454607.34 2008  5 20 20  9
 2454611.11 2008  5 24 14 35   2454611.18 2008  5 24 16 20   2454611.25 2008  5 24 18  6
 2454615.02 2008  5 28 12 31   2454615.10 2008  5 28 14 16   2454615.17 2008  5 28 16  2
 2454618.94 2008  6  1 10 27   2454619.01 2008  6  1 12 13   2454619.08 2008  6  1 13 58
 2454622.85 2008  6  5  8 23   2454622.92 2008  6  5 10  9   2454623.00 2008  6  5 11 55
 2454626.76 2008  6  9  6 19   2454626.84 2008  6  9  8  5   2454626.91 2008  6  9  9 51
 2454630.68 2008  6 13  4 16   2454630.75 2008  6 13  6  1   2454630.82 2008  6 13  7 47
 2454634.59 2008  6 17  2 12   2454634.67 2008  6 17  3 58   2454634.74 2008  6 17  5 43
 2454638.51 2008  6 21  0  8   2454638.58 2008  6 21  1 54   2454638.65 2008  6 21  3 40
 2454642.42 2008  6 24 22  4   2454642.49 2008  6 24 23 50   2454642.57 2008  6 25  1 36
 2454646.33 2008  6 28 20  0   2454646.41 2008  6 28 21 46   2454646.48 2008  6 28 23 32
 2454650.25 2008  7  2 17 56   2454650.32 2008  7  2 19 43   2454650.40 2008  7  2 21 29
 2454654.16 2008  7  6 15 53   2454654.24 2008  7  6 17 39   2454654.31 2008  7  6 19 25
 2454658.08 2008  7 10 13 49   2454658.15 2008  7 10 15 35   2454658.22 2008  7 10 17 21
 2454661.99 2008  7 14 11 45   2454662.06 2008  7 14 13 31   2454662.14 2008  7 14 15 17
 2454665.90 2008  7 18  9 41   2454665.98 2008  7 18 11 27   2454666.05 2008  7 18 13 14
 2454669.82 2008  7 22  7 37   2454669.89 2008  7 22  9 24   2454669.97 2008  7 22 11 10
 2454673.73 2008  7 26  5 33   2454673.81 2008  7 26  7 20   2454673.88 2008  7 26  9  6
 2454677.65 2008  7 30  3 30   2454677.72 2008  7 30  5 16   2454677.79 2008  7 30  7  3
 2454681.56 2008  8  3  1 26   2454681.63 2008  8  3  3 12   2454681.71 2008  8  3  4 59
 2454685.47 2008  8  6 23 22   2454685.55 2008  8  7  1  9   2454685.62 2008  8  7  2 55
 2454689.39 2008  8 10 21 18   2454689.46 2008  8 10 23  5   2454689.54 2008  8 11  0 52
 2454693.30 2008  8 14 19 14   2454693.38 2008  8 14 21  1   2454693.45 2008  8 14 22 48
 2454697.22 2008  8 18 17 11   2454697.29 2008  8 18 18 57   2454697.36 2008  8 18 20 44
 2454701.13 2008  8 22 15  7   2454701.20 2008  8 22 16 54   2454701.28 2008  8 22 18 40
 2454705.04 2008  8 26 13  3   2454705.12 2008  8 26 14 50   2454705.19 2008  8 26 16 37
 2454708.96 2008  8 30 10 59   2454709.03 2008  8 30 12 46   2454709.11 2008  8 30 14 33
 2454712.87 2008  9  3  8 55   2454712.95 2008  9  3 10 42   2454713.02 2008  9  3 12 29
 2454716.79 2008  9  7  6 51   2454716.86 2008  9  7  8 38   2454716.93 2008  9  7 10 26
 2454720.70 2008  9 11  4 48   2454720.77 2008  9 11  6 35   2454720.85 2008  9 11  8 22
 2454724.61 2008  9 15  2 44   2454724.69 2008  9 15  4 31   2454724.76 2008  9 15  6 18
 2454728.53 2008  9 19  0 40   2454728.60 2008  9 19  2 27   2454728.68 2008  9 19  4 14
 2454732.44 2008  9 22 22 36   2454732.52 2008  9 23  0 23   2454732.59 2008  9 23  2 11
 2454736.36 2008  9 26 20 32   2454736.43 2008  9 26 22 20   2454736.51 2008  9 27  0  7
 2454740.27 2008  9 30 18 28   2454740.34 2008  9 30 20 16   2454740.42 2008  9 30 22  3
 2454744.18 2008 10  4 16 25   2454744.26 2008 10  4 18 12   2454744.33 2008 10  4 20  0
 2454748.10 2008 10  8 14 21   2454748.17 2008 10  8 16  8   2454748.25 2008 10  8 17 56
 2454752.01 2008 10 12 12 17   2454752.09 2008 10 12 14  5   2454752.16 2008 10 12 15 52
 2454755.93 2008 10 16 10 13   2454756.00 2008 10 16 12  1   2454756.08 2008 10 16 13 48
 2454759.84 2008 10 20  8  9   2454759.91 2008 10 20  9 57   2454759.99 2008 10 20 11 45
 2454763.75 2008 10 24  6  5   2454763.83 2008 10 24  7 53   2454763.90 2008 10 24  9 41
 2454767.67 2008 10 28  4  2   2454767.74 2008 10 28  5 49   2454767.82 2008 10 28  7 37
 2454771.58 2008 11  1  1 58   2454771.66 2008 11  1  3 46   2454771.73 2008 11  1  5 34
 2454775.50 2008 11  4 23 54   2454775.57 2008 11  5  1 42   2454775.65 2008 11  5  3 30
 2454779.41 2008 11  8 21 50   2454779.49 2008 11  8 23 38   2454779.56 2008 11  9  1 26
 2454783.32 2008 11 12 19 46   2454783.40 2008 11 12 21 34   2454783.47 2008 11 12 23 22
 2454787.24 2008 11 16 17 43   2454787.31 2008 11 16 19 31   2454787.39 2008 11 16 21 19
 2454791.15 2008 11 20 15 39   2454791.23 2008 11 20 17 27   2454791.30 2008 11 20 19 15
 2454795.07 2008 11 24 13 35   2454795.14 2008 11 24 15 23   2454795.22 2008 11 24 17 11
 2454798.98 2008 11 28 11 31   2454799.06 2008 11 28 13 19   2454799.13 2008 11 28 15  8
 2454802.89 2008 12  2  9 27   2454802.97 2008 12  2 11 16   2454803.04 2008 12  2 13  4
 2454806.81 2008 12  6  7 23   2454806.88 2008 12  6  9 12   2454806.96 2008 12  6 11  0
 2454810.72 2008 12 10  5 20   2454810.80 2008 12 10  7  8   2454810.87 2008 12 10  8 57
 2454814.64 2008 12 14  3 16   2454814.71 2008 12 14  5  4   2454814.79 2008 12 14  6 53
 2454818.55 2008 12 18  1 12   2454818.63 2008 12 18  3  1   2454818.70 2008 12 18  4 49
 2454822.46 2008 12 21 23  8   2454822.54 2008 12 22  0 57   2454822.62 2008 12 22  2 45
 2454826.38 2008 12 25 21  4   2454826.45 2008 12 25 22 53   2454826.53 2008 12 26  0 42
 2454830.29 2008 12 29 19  0   2454830.37 2008 12 29 20 49   2454830.44 2008 12 29 22 38
 2454834.21 2009  1  2 16 57   2454834.28 2009  1  2 18 45   2454834.36 2009  1  2 20 34
 2454838.12 2009  1  6 14 53   2454838.20 2009  1  6 16 42   2454838.27 2009  1  6 18 31
 2454842.03 2009  1 10 12 49   2454842.11 2009  1 10 14 38   2454842.19 2009  1 10 16 27
 2454845.95 2009  1 14 10 45   2454846.02 2009  1 14 12 34   2454846.10 2009  1 14 14 23
 2454849.86 2009  1 18  8 41   2454849.94 2009  1 18 10 30   2454850.01 2009  1 18 12 19
 2454853.78 2009  1 22  6 38   2454853.85 2009  1 22  8 27   2454853.93 2009  1 22 10 16
 2454857.69 2009  1 26  4 34   2454857.77 2009  1 26  6 23   2454857.84 2009  1 26  8 12
 2454861.60 2009  1 30  2 30   2454861.68 2009  1 30  4 19   2454861.76 2009  1 30  6  8
 2454865.52 2009  2  3  0 26   2454865.59 2009  2  3  2 15   2454865.67 2009  2  3  4  5
 2454869.43 2009  2  6 22 22   2454869.51 2009  2  7  0 12   2454869.58 2009  2  7  2  1
 2454873.35 2009  2 10 20 18   2454873.42 2009  2 10 22  8   2454873.50 2009  2 10 23 57
 2454877.26 2009  2 14 18 15   2454877.34 2009  2 14 20  4   2454877.41 2009  2 14 21 53
 2454881.17 2009  2 18 16 11   2454881.25 2009  2 18 18  0   2454881.33 2009  2 18 19 50
 2454885.09 2009  2 22 14  7   2454885.16 2009  2 22 15 56   2454885.24 2009  2 22 17 46
 2454889.00 2009  2 26 12  3   2454889.08 2009  2 26 13 53   2454889.15 2009  2 26 15 42
 2454892.92 2009  3  2  9 59   2454892.99 2009  3  2 11 49   2454893.07 2009  3  2 13 39
 2454896.83 2009  3  6  7 55   2454896.91 2009  3  6  9 45   2454896.98 2009  3  6 11 35
 2454900.74 2009  3 10  5 52   2454900.82 2009  3 10  7 41   2454900.90 2009  3 10  9 31
 2454904.66 2009  3 14  3 48   2454904.73 2009  3 14  5 38   2454904.81 2009  3 14  7 27
 2454908.57 2009  3 18  1 44   2454908.65 2009  3 18  3 34   2454908.73 2009  3 18  5 24
 2454912.49 2009  3 21 23 40   2454912.56 2009  3 22  1 30   2454912.64 2009  3 22  3 20
 2454916.40 2009  3 25 21 36   2454916.48 2009  3 25 23 26   2454916.55 2009  3 26  1 16
 2454920.31 2009  3 29 19 32   2454920.39 2009  3 29 21 23   2454920.47 2009  3 29 23 13
 2454924.23 2009  4  2 17 29   2454924.31 2009  4  2 19 19   2454924.38 2009  4  2 21  9
 2454928.14 2009  4  6 15 25   2454928.22 2009  4  6 17 15   2454928.30 2009  4  6 19  5
 2454932.06 2009  4 10 13 21   2454932.13 2009  4 10 15 11   2454932.21 2009  4 10 17  1
 2454935.97 2009  4 14 11 17   2454936.05 2009  4 14 13  7   2454936.12 2009  4 14 14 58
 2454939.88 2009  4 18  9 13   2454939.96 2009  4 18 11  4   2454940.04 2009  4 18 12 54
 2454943.80 2009  4 22  7 10   2454943.88 2009  4 22  9  0   2454943.95 2009  4 22 10 50
 2454947.71 2009  4 26  5  6   2454947.79 2009  4 26  6 56   2454947.87 2009  4 26  8 47
 2454951.63 2009  4 30  3  2   2454951.70 2009  4 30  4 52   2454951.78 2009  4 30  6 43
 2454955.54 2009  5  4  0 58   2454955.62 2009  5  4  2 49   2454955.69 2009  5  4  4 39
 2454959.45 2009  5  7 22 54   2454959.53 2009  5  8  0 45   2454959.61 2009  5  8  2 36
 2454963.37 2009  5 11 20 50   2454963.45 2009  5 11 22 41   2454963.52 2009  5 12  0 32
 2454967.28 2009  5 15 18 47   2454967.36 2009  5 15 20 37   2454967.44 2009  5 15 22 28
 2454971.20 2009  5 19 16 43   2454971.27 2009  5 19 18 34   2454971.35 2009  5 19 20 24
 2454975.11 2009  5 23 14 39   2454975.19 2009  5 23 16 30   2454975.26 2009  5 23 18 21
 2454979.02 2009  5 27 12 35   2454979.10 2009  5 27 14 26   2454979.18 2009  5 27 16 17
 2454982.94 2009  5 31 10 31   2454983.02 2009  5 31 12 22   2454983.09 2009  5 31 14 13
 2454986.85 2009  6  4  8 27   2454986.93 2009  6  4 10 18   2454987.01 2009  6  4 12 10
 2454990.77 2009  6  8  6 24   2454990.84 2009  6  8  8 15   2454990.92 2009  6  8 10  6
 2454994.68 2009  6 12  4 20   2454994.76 2009  6 12  6 11   2454994.84 2009  6 12  8  2
 2454998.59 2009  6 16  2 16   2454998.67 2009  6 16  4  7   2454998.75 2009  6 16  5 58
 2455002.51 2009  6 20  0 12   2455002.59 2009  6 20  2  3   2455002.66 2009  6 20  3 55
 2455006.42 2009  6 23 22  8   2455006.50 2009  6 24  0  0   2455006.58 2009  6 24  1 51
 2455010.34 2009  6 27 20  4   2455010.41 2009  6 27 21 56   2455010.49 2009  6 27 23 47
 2455014.25 2009  7  1 18  1   2455014.33 2009  7  1 19 52   2455014.41 2009  7  1 21 44
 2455018.16 2009  7  5 15 57   2455018.24 2009  7  5 17 48   2455018.32 2009  7  5 19 40
 2455022.08 2009  7  9 13 53   2455022.16 2009  7  9 15 45   2455022.23 2009  7  9 17 36
 2455025.99 2009  7 13 11 49   2455026.07 2009  7 13 13 41   2455026.15 2009  7 13 15 32
 2455029.91 2009  7 17  9 45   2455029.98 2009  7 17 11 37   2455030.06 2009  7 17 13 29
 2455033.82 2009  7 21  7 42   2455033.90 2009  7 21  9 33   2455033.98 2009  7 21 11 25
 2455037.73 2009  7 25  5 38   2455037.81 2009  7 25  7 30   2455037.89 2009  7 25  9 21
 2455041.65 2009  7 29  3 34   2455041.73 2009  7 29  5 26   2455041.80 2009  7 29  7 18
 2455045.56 2009  8  2  1 30   2455045.64 2009  8  2  3 22   2455045.72 2009  8  2  5 14
 2455049.48 2009  8  5 23 26   2455049.55 2009  8  6  1 18   2455049.63 2009  8  6  3 10
 2455053.39 2009  8  9 21 22   2455053.47 2009  8  9 23 14   2455053.55 2009  8 10  1  6
 2455057.30 2009  8 13 19 19   2455057.38 2009  8 13 21 11   2455057.46 2009  8 13 23  3
 2455061.22 2009  8 17 17 15   2455061.30 2009  8 17 19  7   2455061.37 2009  8 17 20 59
 2455065.13 2009  8 21 15 11   2455065.21 2009  8 21 17  3   2455065.29 2009  8 21 18 55
 2455069.05 2009  8 25 13  7   2455069.12 2009  8 25 14 59   2455069.20 2009  8 25 16 52
 2455072.96 2009  8 29 11  3   2455073.04 2009  8 29 12 56   2455073.12 2009  8 29 14 48
 2455076.87 2009  9  2  8 59   2455076.95 2009  9  2 10 52   2455077.03 2009  9  2 12 44
 2455080.79 2009  9  6  6 56   2455080.87 2009  9  6  8 48   2455080.95 2009  9  6 10 40
 2455084.70 2009  9 10  4 52   2455084.78 2009  9 10  6 44   2455084.86 2009  9 10  8 37
 2455088.62 2009  9 14  2 48   2455088.70 2009  9 14  4 41   2455088.77 2009  9 14  6 33
 2455092.53 2009  9 18  0 44   2455092.61 2009  9 18  2 37   2455092.69 2009  9 18  4 29
 2455096.45 2009  9 21 22 40   2455096.52 2009  9 22  0 33   2455096.60 2009  9 22  2 26
 2455100.36 2009  9 25 20 36   2455100.44 2009  9 25 22 29   2455100.52 2009  9 26  0 22
 2455104.27 2009  9 29 18 33   2455104.35 2009  9 29 20 25   2455104.43 2009  9 29 22 18
 2455108.19 2009 10  3 16 29   2455108.27 2009 10  3 18 22   2455108.34 2009 10  3 20 15
 2455112.10 2009 10  7 14 25   2455112.18 2009 10  7 16 18   2455112.26 2009 10  7 18 11
 2455116.02 2009 10 11 12 21   2455116.09 2009 10 11 14 14   2455116.17 2009 10 11 16  7
 2455119.93 2009 10 15 10 17   2455120.01 2009 10 15 12 10   2455120.09 2009 10 15 14  3
 2455123.84 2009 10 19  8 14   2455123.92 2009 10 19 10  7   2455124.00 2009 10 19 12  0
 2455127.76 2009 10 23  6 10   2455127.84 2009 10 23  8  3   2455127.91 2009 10 23  9 56
 2455131.67 2009 10 27  4  6   2455131.75 2009 10 27  5 59   2455131.83 2009 10 27  7 52
 2455135.59 2009 10 31  2  2   2455135.66 2009 10 31  3 55   2455135.74 2009 10 31  5 49
 2455139.50 2009 11  3 23 58   2455139.58 2009 11  4  1 52   2455139.66 2009 11  4  3 45
 2455143.41 2009 11  7 21 54   2455143.49 2009 11  7 23 48   2455143.57 2009 11  8  1 41
 2455147.33 2009 11 11 19 51   2455147.41 2009 11 11 21 44   2455147.48 2009 11 11 23 37
 2455151.24 2009 11 15 17 47   2455151.32 2009 11 15 19 40   2455151.40 2009 11 15 21 34
 2455155.16 2009 11 19 15 43   2455155.23 2009 11 19 17 36   2455155.31 2009 11 19 19 30
 2455159.07 2009 11 23 13 39   2455159.15 2009 11 23 15 33   2455159.23 2009 11 23 17 26
 2455162.98 2009 11 27 11 35   2455163.06 2009 11 27 13 29   2455163.14 2009 11 27 15 23
 2455166.90 2009 12  1  9 31   2455166.98 2009 12  1 11 25   2455167.06 2009 12  1 13 19
 2455170.81 2009 12  5  7 28   2455170.89 2009 12  5  9 21   2455170.97 2009 12  5 11 15
 2455174.73 2009 12  9  5 24   2455174.80 2009 12  9  7 18   2455174.88 2009 12  9  9 11
 2455178.64 2009 12 13  3 20   2455178.72 2009 12 13  5 14   2455178.80 2009 12 13  7  8
 2455182.55 2009 12 17  1 16   2455182.63 2009 12 17  3 10   2455182.71 2009 12 17  5  4
 2455186.47 2009 12 20 23 12   2455186.55 2009 12 21  1  6   2455186.63 2009 12 21  3  0
 2455190.38 2009 12 24 21  9   2455190.46 2009 12 24 23  3   2455190.54 2009 12 25  0 57
 2455194.30 2009 12 28 19  5   2455194.37 2009 12 28 20 59   2455194.45 2009 12 28 22 53
 2455198.21 2010  1  1 17  1   2455198.29 2010  1  1 18 55   2455198.37 2010  1  1 20 49
 2455202.12 2010  1  5 14 57   2455202.20 2010  1  5 16 51   2455202.28 2010  1  5 18 45
 2455206.04 2010  1  9 12 53   2455206.12 2010  1  9 14 47   2455206.20 2010  1  9 16 42
 2455209.95 2010  1 13 10 49   2455210.03 2010  1 13 12 44   2455210.11 2010  1 13 14 38
 2455213.87 2010  1 17  8 46   2455213.94 2010  1 17 10 40   2455214.02 2010  1 17 12 34
 2455217.78 2010  1 21  6 42   2455217.86 2010  1 21  8 36   2455217.94 2010  1 21 10 31
 2455221.69 2010  1 25  4 38   2455221.77 2010  1 25  6 32   2455221.85 2010  1 25  8 27
 2455225.61 2010  1 29  2 34   2455225.69 2010  1 29  4 29   2455225.77 2010  1 29  6 23
 2455229.52 2010  2  2  0 30   2455229.60 2010  2  2  2 25   2455229.68 2010  2  2  4 19
 2455233.44 2010  2  5 22 26   2455233.51 2010  2  6  0 21   2455233.59 2010  2  6  2 16
 2455237.35 2010  2  9 20 23   2455237.43 2010  2  9 22 17   2455237.51 2010  2 10  0 12
 2455241.26 2010  2 13 18 19   2455241.34 2010  2 13 20 14   2455241.42 2010  2 13 22  8
 2455245.18 2010  2 17 16 15   2455245.26 2010  2 17 18 10   2455245.34 2010  2 17 20  5
 2455249.09 2010  2 21 14 11   2455249.17 2010  2 21 16  6   2455249.25 2010  2 21 18  1
 2455253.01 2010  2 25 12  7   2455253.09 2010  2 25 14  2   2455253.17 2010  2 25 15 57
 2455256.92 2010  3  1 10  3   2455257.00 2010  3  1 11 58   2455257.08 2010  3  1 13 54
 2455260.83 2010  3  5  8  0   2455260.91 2010  3  5  9 55   2455260.99 2010  3  5 11 50
 2455264.75 2010  3  9  5 56   2455264.83 2010  3  9  7 51   2455264.91 2010  3  9  9 46
 2455268.66 2010  3 13  3 52   2455268.74 2010  3 13  5 47   2455268.82 2010  3 13  7 42
 2455272.58 2010  3 17  1 48   2455272.66 2010  3 17  3 43   2455272.74 2010  3 17  5 39
 2455276.49 2010  3 20 23 44   2455276.57 2010  3 21  1 40   2455276.65 2010  3 21  3 35
 2455280.40 2010  3 24 21 41   2455280.48 2010  3 24 23 36   2455280.56 2010  3 25  1 31
 2455284.32 2010  3 28 19 37   2455284.40 2010  3 28 21 32   2455284.48 2010  3 28 23 28
 2455288.23 2010  4  1 17 33   2455288.31 2010  4  1 19 28   2455288.39 2010  4  1 21 24
 2455292.15 2010  4  5 15 29   2455292.23 2010  4  5 17 25   2455292.31 2010  4  5 19 20
 2455296.06 2010  4  9 13 25   2455296.14 2010  4  9 15 21   2455296.22 2010  4  9 17 16
 2455299.97 2010  4 13 11 21   2455300.05 2010  4 13 13 17   2455300.13 2010  4 13 15 13
 2455303.89 2010  4 17  9 18   2455303.97 2010  4 17 11 13   2455304.05 2010  4 17 13  9
 2455307.80 2010  4 21  7 14   2455307.88 2010  4 21  9 10   2455307.96 2010  4 21 11  5
 2455311.72 2010  4 25  5 10   2455311.80 2010  4 25  7  6   2455311.88 2010  4 25  9  2
 2455315.63 2010  4 29  3  6   2455315.71 2010  4 29  5  2   2455315.79 2010  4 29  6 58
