 Predicted Transit Epochs: OGLE-TR56 b

Observed Transit Duration:  108.2 Minutes

 Begin Transit Window           PREDICTED CENTRAL TRANSIT     End Transit Window
                                     All Times UT

                               HJD        Year M  D  H  M
 2456756.67 2014  4  9  4  3   2456756.71 2014  4  9  5  2   2456756.75 2014  4  9  6  1
 2456757.88 2014  4 10  9  9   2456757.92 2014  4 10 10  7   2456757.96 2014  4 10 11  6
 2456759.09 2014  4 11 14 14   2456759.13 2014  4 11 15 13   2456759.17 2014  4 11 16 11
 2456760.31 2014  4 12 19 19   2456760.35 2014  4 12 20 18   2456760.39 2014  4 12 21 17
 2456761.52 2014  4 14  0 24   2456761.56 2014  4 14  1 23   2456761.60 2014  4 14  2 22
 2456762.73 2014  4 15  5 29   2456762.77 2014  4 15  6 28   2456762.81 2014  4 15  7 27
 2456763.94 2014  4 16 10 34   2456763.98 2014  4 16 11 33   2456764.02 2014  4 16 12 32
 2456765.15 2014  4 17 15 39   2456765.19 2014  4 17 16 38   2456765.23 2014  4 17 17 37
 2456766.36 2014  4 18 20 45   2456766.41 2014  4 18 21 43   2456766.45 2014  4 18 22 42
 2456767.58 2014  4 20  1 50   2456767.62 2014  4 20  2 49   2456767.66 2014  4 20  3 47
 2456768.79 2014  4 21  6 55   2456768.83 2014  4 21  7 54   2456768.87 2014  4 21  8 53
 2456770.00 2014  4 22 12  0   2456770.04 2014  4 22 12 59   2456770.08 2014  4 22 13 58
 2456771.21 2014  4 23 17  5   2456771.25 2014  4 23 18  4   2456771.29 2014  4 23 19  3
 2456772.42 2014  4 24 22 10   2456772.47 2014  4 24 23  9   2456772.51 2014  4 25  0  8
 2456773.64 2014  4 26  3 15   2456773.68 2014  4 26  4 14   2456773.72 2014  4 26  5 13
 2456774.85 2014  4 27  8 21   2456774.89 2014  4 27  9 19   2456774.93 2014  4 27 10 18
 2456776.06 2014  4 28 13 26   2456776.10 2014  4 28 14 25   2456776.14 2014  4 28 15 24
 2456777.27 2014  4 29 18 31   2456777.31 2014  4 29 19 30   2456777.35 2014  4 29 20 29
 2456778.48 2014  4 30 23 36   2456778.52 2014  5  1  0 35   2456778.57 2014  5  1  1 34
 2456779.70 2014  5  2  4 41   2456779.74 2014  5  2  5 40   2456779.78 2014  5  2  6 39
 2456780.91 2014  5  3  9 46   2456780.95 2014  5  3 10 45   2456780.99 2014  5  3 11 44
 2456782.12 2014  5  4 14 51   2456782.16 2014  5  4 15 50   2456782.20 2014  5  4 16 49
 2456783.33 2014  5  5 19 57   2456783.37 2014  5  5 20 56   2456783.41 2014  5  5 21 54
 2456784.54 2014  5  7  1  2   2456784.58 2014  5  7  2  1   2456784.63 2014  5  7  3  0
 2456785.76 2014  5  8  6  7   2456785.80 2014  5  8  7  6   2456785.84 2014  5  8  8  5
 2456786.97 2014  5  9 11 12   2456787.01 2014  5  9 12 11   2456787.05 2014  5  9 13 10
 2456788.18 2014  5 10 16 17   2456788.22 2014  5 10 17 16   2456788.26 2014  5 10 18 15
 2456789.39 2014  5 11 21 22   2456789.43 2014  5 11 22 21   2456789.47 2014  5 11 23 20
 2456790.60 2014  5 13  2 27   2456790.64 2014  5 13  3 26   2456790.68 2014  5 13  4 25
 2456791.81 2014  5 14  7 33   2456791.86 2014  5 14  8 32   2456791.90 2014  5 14  9 31
 2456793.03 2014  5 15 12 38   2456793.07 2014  5 15 13 37   2456793.11 2014  5 15 14 36
 2456794.24 2014  5 16 17 43   2456794.28 2014  5 16 18 42   2456794.32 2014  5 16 19 41
 2456795.45 2014  5 17 22 48   2456795.49 2014  5 17 23 47   2456795.53 2014  5 18  0 46
 2456796.66 2014  5 19  3 53   2456796.70 2014  5 19  4 52   2456796.74 2014  5 19  5 51
 2456797.87 2014  5 20  8 58   2456797.92 2014  5 20  9 57   2456797.96 2014  5 20 10 56
 2456799.09 2014  5 21 14  4   2456799.13 2014  5 21 15  2   2456799.17 2014  5 21 16  1
 2456800.30 2014  5 22 19  9   2456800.34 2014  5 22 20  8   2456800.38 2014  5 22 21  7
 2456801.51 2014  5 24  0 14   2456801.55 2014  5 24  1 13   2456801.59 2014  5 24  2 12
 2456802.72 2014  5 25  5 19   2456802.76 2014  5 25  6 18   2456802.80 2014  5 25  7 17
 2456803.93 2014  5 26 10 24   2456803.97 2014  5 26 11 23   2456804.02 2014  5 26 12 22
 2456805.15 2014  5 27 15 29   2456805.19 2014  5 27 16 28   2456805.23 2014  5 27 17 27
 2456806.36 2014  5 28 20 34   2456806.40 2014  5 28 21 33   2456806.44 2014  5 28 22 32
 2456807.57 2014  5 30  1 40   2456807.61 2014  5 30  2 39   2456807.65 2014  5 30  3 37
 2456808.78 2014  5 31  6 45   2456808.82 2014  5 31  7 44   2456808.86 2014  5 31  8 43
 2456809.99 2014  6  1 11 50   2456810.03 2014  6  1 12 49   2456810.08 2014  6  1 13 48
 2456811.21 2014  6  2 16 55   2456811.25 2014  6  2 17 54   2456811.29 2014  6  2 18 53
 2456812.42 2014  6  3 22  0   2456812.46 2014  6  3 22 59   2456812.50 2014  6  3 23 58
 2456813.63 2014  6  5  3  5   2456813.67 2014  6  5  4  4   2456813.71 2014  6  5  5  3
 2456814.84 2014  6  6  8 10   2456814.88 2014  6  6  9  9   2456814.92 2014  6  6 10  8
 2456816.05 2014  6  7 13 16   2456816.09 2014  6  7 14 15   2456816.13 2014  6  7 15 14
 2456817.26 2014  6  8 18 21   2456817.31 2014  6  8 19 20   2456817.35 2014  6  8 20 19
 2456818.48 2014  6  9 23 26   2456818.52 2014  6 10  0 25   2456818.56 2014  6 10  1 24
 2456819.69 2014  6 11  4 31   2456819.73 2014  6 11  5 30   2456819.77 2014  6 11  6 29
 2456820.90 2014  6 12  9 36   2456820.94 2014  6 12 10 35   2456820.98 2014  6 12 11 34
 2456822.11 2014  6 13 14 41   2456822.15 2014  6 13 15 40   2456822.19 2014  6 13 16 39
 2456823.32 2014  6 14 19 46   2456823.37 2014  6 14 20 45   2456823.41 2014  6 14 21 44
 2456824.54 2014  6 16  0 52   2456824.58 2014  6 16  1 51   2456824.62 2014  6 16  2 50
 2456825.75 2014  6 17  5 57   2456825.79 2014  6 17  6 56   2456825.83 2014  6 17  7 55
 2456826.96 2014  6 18 11  2   2456827.00 2014  6 18 12  1   2456827.04 2014  6 18 13  0
 2456828.17 2014  6 19 16  7   2456828.21 2014  6 19 17  6   2456828.25 2014  6 19 18  5
 2456829.38 2014  6 20 21 12   2456829.42 2014  6 20 22 11   2456829.47 2014  6 20 23 10
 2456830.60 2014  6 22  2 17   2456830.64 2014  6 22  3 16   2456830.68 2014  6 22  4 15
 2456831.81 2014  6 23  7 23   2456831.85 2014  6 23  8 21   2456831.89 2014  6 23  9 20
 2456833.02 2014  6 24 12 28   2456833.06 2014  6 24 13 27   2456833.10 2014  6 24 14 26
 2456834.23 2014  6 25 17 33   2456834.27 2014  6 25 18 32   2456834.31 2014  6 25 19 31
 2456835.44 2014  6 26 22 38   2456835.48 2014  6 26 23 37   2456835.53 2014  6 27  0 36
 2456836.66 2014  6 28  3 43   2456836.70 2014  6 28  4 42   2456836.74 2014  6 28  5 41
 2456837.87 2014  6 29  8 48   2456837.91 2014  6 29  9 47   2456837.95 2014  6 29 10 46
 2456839.08 2014  6 30 13 53   2456839.12 2014  6 30 14 52   2456839.16 2014  6 30 15 51
 2456840.29 2014  7  1 18 59   2456840.33 2014  7  1 19 58   2456840.37 2014  7  1 20 57
 2456841.50 2014  7  3  0  4   2456841.54 2014  7  3  1  3   2456841.58 2014  7  3  2  2
 2456842.71 2014  7  4  5  9   2456842.76 2014  7  4  6  8   2456842.80 2014  7  4  7  7
 2456843.93 2014  7  5 10 14   2456843.97 2014  7  5 11 13   2456844.01 2014  7  5 12 12
 2456845.14 2014  7  6 15 19   2456845.18 2014  7  6 16 18   2456845.22 2014  7  6 17 17
 2456846.35 2014  7  7 20 24   2456846.39 2014  7  7 21 23   2456846.43 2014  7  7 22 22
 2456847.56 2014  7  9  1 29   2456847.60 2014  7  9  2 28   2456847.64 2014  7  9  3 27
 2456848.77 2014  7 10  6 35   2456848.82 2014  7 10  7 34   2456848.86 2014  7 10  8 33
 2456849.99 2014  7 11 11 40   2456850.03 2014  7 11 12 39   2456850.07 2014  7 11 13 38
 2456851.20 2014  7 12 16 45   2456851.24 2014  7 12 17 44   2456851.28 2014  7 12 18 43
 2456852.41 2014  7 13 21 50   2456852.45 2014  7 13 22 49   2456852.49 2014  7 13 23 48
 2456853.62 2014  7 15  2 55   2456853.66 2014  7 15  3 54   2456853.70 2014  7 15  4 53
 2456854.83 2014  7 16  8  0   2456854.87 2014  7 16  8 59   2456854.92 2014  7 16  9 58
 2456856.05 2014  7 17 13  5   2456856.09 2014  7 17 14  4   2456856.13 2014  7 17 15  3
 2456857.26 2014  7 18 18 11   2456857.30 2014  7 18 19 10   2456857.34 2014  7 18 20  9
 2456858.47 2014  7 19 23 16   2456858.51 2014  7 20  0 15   2456858.55 2014  7 20  1 14
 2456859.68 2014  7 21  4 21   2456859.72 2014  7 21  5 20   2456859.76 2014  7 21  6 19
 2456860.89 2014  7 22  9 26   2456860.93 2014  7 22 10 25   2456860.98 2014  7 22 11 24
 2456862.11 2014  7 23 14 31   2456862.15 2014  7 23 15 30   2456862.19 2014  7 23 16 29
 2456863.32 2014  7 24 19 36   2456863.36 2014  7 24 20 35   2456863.40 2014  7 24 21 34
 2456864.53 2014  7 26  0 41   2456864.57 2014  7 26  1 41   2456864.61 2014  7 26  2 40
 2456865.74 2014  7 27  5 47   2456865.78 2014  7 27  6 46   2456865.82 2014  7 27  7 45
 2456866.95 2014  7 28 10 52   2456866.99 2014  7 28 11 51   2456867.03 2014  7 28 12 50
 2456868.16 2014  7 29 15 57   2456868.21 2014  7 29 16 56   2456868.25 2014  7 29 17 55
 2456869.38 2014  7 30 21  2   2456869.42 2014  7 30 22  1   2456869.46 2014  7 30 23  0
 2456870.59 2014  8  1  2  7   2456870.63 2014  8  1  3  6   2456870.67 2014  8  1  4  5
 2456871.80 2014  8  2  7 12   2456871.84 2014  8  2  8 11   2456871.88 2014  8  2  9 10
 2456873.01 2014  8  3 12 18   2456873.05 2014  8  3 13 17   2456873.09 2014  8  3 14 16
 2456874.22 2014  8  4 17 23   2456874.27 2014  8  4 18 22   2456874.31 2014  8  4 19 21
 2456875.44 2014  8  5 22 28   2456875.48 2014  8  5 23 27   2456875.52 2014  8  6  0 26
 2456876.65 2014  8  7  3 33   2456876.69 2014  8  7  4 32   2456876.73 2014  8  7  5 31
 2456877.86 2014  8  8  8 38   2456877.90 2014  8  8  9 37   2456877.94 2014  8  8 10 36
 2456879.07 2014  8  9 13 43   2456879.11 2014  8  9 14 42   2456879.15 2014  8  9 15 41
 2456880.28 2014  8 10 18 48   2456880.32 2014  8 10 19 47   2456880.37 2014  8 10 20 46
 2456881.50 2014  8 11 23 54   2456881.54 2014  8 12  0 53   2456881.58 2014  8 12  1 52
 2456882.71 2014  8 13  4 59   2456882.75 2014  8 13  5 58   2456882.79 2014  8 13  6 57
 2456883.92 2014  8 14 10  4   2456883.96 2014  8 14 11  3   2456884.00 2014  8 14 12  2
 2456885.13 2014  8 15 15  9   2456885.17 2014  8 15 16  8   2456885.21 2014  8 15 17  7
 2456886.34 2014  8 16 20 14   2456886.38 2014  8 16 21 13   2456886.43 2014  8 16 22 12
 2456887.56 2014  8 18  1 19   2456887.60 2014  8 18  2 18   2456887.64 2014  8 18  3 17
 2456888.77 2014  8 19  6 24   2456888.81 2014  8 19  7 23   2456888.85 2014  8 19  8 23
 2456889.98 2014  8 20 11 30   2456890.02 2014  8 20 12 29   2456890.06 2014  8 20 13 28
 2456891.19 2014  8 21 16 35   2456891.23 2014  8 21 17 34   2456891.27 2014  8 21 18 33
 2456892.40 2014  8 22 21 40   2456892.44 2014  8 22 22 39   2456892.49 2014  8 22 23 38
 2456893.61 2014  8 24  2 45   2456893.66 2014  8 24  3 44   2456893.70 2014  8 24  4 43
 2456894.83 2014  8 25  7 50   2456894.87 2014  8 25  8 49   2456894.91 2014  8 25  9 48
 2456896.04 2014  8 26 12 55   2456896.08 2014  8 26 13 54   2456896.12 2014  8 26 14 53
 2456897.25 2014  8 27 18  0   2456897.29 2014  8 27 19  0   2456897.33 2014  8 27 19 59
 2456898.46 2014  8 28 23  6   2456898.50 2014  8 29  0  5   2456898.54 2014  8 29  1  4
 2456899.67 2014  8 30  4 11   2456899.72 2014  8 30  5 10   2456899.76 2014  8 30  6  9
 2456900.89 2014  8 31  9 16   2456900.93 2014  8 31 10 15   2456900.97 2014  8 31 11 14
 2456902.10 2014  9  1 14 21   2456902.14 2014  9  1 15 20   2456902.18 2014  9  1 16 19
 2456903.31 2014  9  2 19 26   2456903.35 2014  9  2 20 25   2456903.39 2014  9  2 21 24
 2456904.52 2014  9  4  0 31   2456904.56 2014  9  4  1 30   2456904.60 2014  9  4  2 29
 2456905.73 2014  9  5  5 37   2456905.78 2014  9  5  6 36   2456905.82 2014  9  5  7 35
 2456906.95 2014  9  6 10 42   2456906.99 2014  9  6 11 41   2456907.03 2014  9  6 12 40
 2456908.16 2014  9  7 15 47   2456908.20 2014  9  7 16 46   2456908.24 2014  9  7 17 45
 2456909.37 2014  9  8 20 52   2456909.41 2014  9  8 21 51   2456909.45 2014  9  8 22 50
 2456910.58 2014  9 10  1 57   2456910.62 2014  9 10  2 56   2456910.66 2014  9 10  3 55
 2456911.79 2014  9 11  7  2   2456911.83 2014  9 11  8  1   2456911.88 2014  9 11  9  0
 2456913.01 2014  9 12 12  7   2456913.05 2014  9 12 13  6   2456913.09 2014  9 12 14  6
 2456914.22 2014  9 13 17 13   2456914.26 2014  9 13 18 12   2456914.30 2014  9 13 19 11
 2456915.43 2014  9 14 22 18   2456915.47 2014  9 14 23 17   2456915.51 2014  9 15  0 16
 2456916.64 2014  9 16  3 23   2456916.68 2014  9 16  4 22   2456916.72 2014  9 16  5 21
 2456917.85 2014  9 17  8 28   2456917.89 2014  9 17  9 27   2456917.94 2014  9 17 10 26
 2456919.07 2014  9 18 13 33   2456919.11 2014  9 18 14 32   2456919.15 2014  9 18 15 31
 2456920.28 2014  9 19 18 38   2456920.32 2014  9 19 19 37   2456920.36 2014  9 19 20 36
 2456921.49 2014  9 20 23 43   2456921.53 2014  9 21  0 43   2456921.57 2014  9 21  1 42
 2456922.70 2014  9 22  4 49   2456922.74 2014  9 22  5 48   2456922.78 2014  9 22  6 47
 2456923.91 2014  9 23  9 54   2456923.95 2014  9 23 10 53   2456923.99 2014  9 23 11 52
 2456925.12 2014  9 24 14 59   2456925.17 2014  9 24 15 58   2456925.21 2014  9 24 16 57
 2456926.34 2014  9 25 20  4   2456926.38 2014  9 25 21  3   2456926.42 2014  9 25 22  2
 2456927.55 2014  9 27  1  9   2456927.59 2014  9 27  2  8   2456927.63 2014  9 27  3  7
 2456928.76 2014  9 28  6 14   2456928.80 2014  9 28  7 13   2456928.84 2014  9 28  8 12
 2456929.97 2014  9 29 11 19   2456930.01 2014  9 29 12 19   2456930.05 2014  9 29 13 18
 2456931.18 2014  9 30 16 25   2456931.23 2014  9 30 17 24   2456931.27 2014  9 30 18 23
 2456932.40 2014 10  1 21 30   2456932.44 2014 10  1 22 29   2456932.48 2014 10  1 23 28
 2456933.61 2014 10  3  2 35   2456933.65 2014 10  3  3 34   2456933.69 2014 10  3  4 33
 2456934.82 2014 10  4  7 40   2456934.86 2014 10  4  8 39   2456934.90 2014 10  4  9 38
 2456936.03 2014 10  5 12 45   2456936.07 2014 10  5 13 44   2456936.11 2014 10  5 14 43
 2456937.24 2014 10  6 17 50   2456937.28 2014 10  6 18 49   2456937.33 2014 10  6 19 49
 2456938.46 2014 10  7 22 55   2456938.50 2014 10  7 23 55   2456938.54 2014 10  8  0 54
 2456939.67 2014 10  9  4  1   2456939.71 2014 10  9  5  0   2456939.75 2014 10  9  5 59
 2456940.88 2014 10 10  9  6   2456940.92 2014 10 10 10  5   2456940.96 2014 10 10 11  4
 2456942.09 2014 10 11 14 11   2456942.13 2014 10 11 15 10   2456942.17 2014 10 11 16  9
 2456943.30 2014 10 12 19 16   2456943.34 2014 10 12 20 15   2456943.39 2014 10 12 21 14
 2456944.52 2014 10 14  0 21   2456944.56 2014 10 14  1 20   2456944.60 2014 10 14  2 19
 2456945.73 2014 10 15  5 26   2456945.77 2014 10 15  6 25   2456945.81 2014 10 15  7 25
 2456946.94 2014 10 16 10 32   2456946.98 2014 10 16 11 31   2456947.02 2014 10 16 12 30
 2456948.15 2014 10 17 15 37   2456948.19 2014 10 17 16 36   2456948.23 2014 10 17 17 35
 2456949.36 2014 10 18 20 42   2456949.40 2014 10 18 21 41   2456949.44 2014 10 18 22 40
 2456950.57 2014 10 20  1 47   2456950.62 2014 10 20  2 46   2456950.66 2014 10 20  3 45
 2456951.79 2014 10 21  6 52   2456951.83 2014 10 21  7 51   2456951.87 2014 10 21  8 50
 2456953.00 2014 10 22 11 57   2456953.04 2014 10 22 12 56   2456953.08 2014 10 22 13 56
 2456954.21 2014 10 23 17  2   2456954.25 2014 10 23 18  2   2456954.29 2014 10 23 19  1
 2456955.42 2014 10 24 22  8   2456955.46 2014 10 24 23  7   2456955.50 2014 10 25  0  6
 2456956.63 2014 10 26  3 13   2456956.68 2014 10 26  4 12   2456956.72 2014 10 26  5 11
 2456957.85 2014 10 27  8 18   2456957.89 2014 10 27  9 17   2456957.93 2014 10 27 10 16
 2456959.06 2014 10 28 13 23   2456959.10 2014 10 28 14 22   2456959.14 2014 10 28 15 21
 2456960.27 2014 10 29 18 28   2456960.31 2014 10 29 19 27   2456960.35 2014 10 29 20 26
 2456961.48 2014 10 30 23 33   2456961.52 2014 10 31  0 32   2456961.56 2014 10 31  1 32
 2456962.69 2014 11  1  4 38   2456962.73 2014 11  1  5 38   2456962.78 2014 11  1  6 37
 2456963.91 2014 11  2  9 44   2456963.95 2014 11  2 10 43   2456963.99 2014 11  2 11 42
 2456965.12 2014 11  3 14 49   2456965.16 2014 11  3 15 48   2456965.20 2014 11  3 16 47
 2456966.33 2014 11  4 19 54   2456966.37 2014 11  4 20 53   2456966.41 2014 11  4 21 52
 2456967.54 2014 11  6  0 59   2456967.58 2014 11  6  1 58   2456967.62 2014 11  6  2 57
 2456968.75 2014 11  7  6  4   2456968.79 2014 11  7  7  3   2456968.84 2014 11  7  8  2
 2456969.97 2014 11  8 11  9   2456970.01 2014 11  8 12  8   2456970.05 2014 11  8 13  8
 2456971.18 2014 11  9 16 14   2456971.22 2014 11  9 17 14   2456971.26 2014 11  9 18 13
 2456972.39 2014 11 10 21 20   2456972.43 2014 11 10 22 19   2456972.47 2014 11 10 23 18
 2456973.60 2014 11 12  2 25   2456973.64 2014 11 12  3 24   2456973.68 2014 11 12  4 23
 2456974.81 2014 11 13  7 30   2456974.85 2014 11 13  8 29   2456974.89 2014 11 13  9 28
 2456976.02 2014 11 14 12 35   2456976.07 2014 11 14 13 34   2456976.11 2014 11 14 14 33
 2456977.24 2014 11 15 17 40   2456977.28 2014 11 15 18 39   2456977.32 2014 11 15 19 39
 2456978.45 2014 11 16 22 45   2456978.49 2014 11 16 23 45   2456978.53 2014 11 17  0 44
 2456979.66 2014 11 18  3 51   2456979.70 2014 11 18  4 50   2456979.74 2014 11 18  5 49
 2456980.87 2014 11 19  8 56   2456980.91 2014 11 19  9 55   2456980.95 2014 11 19 10 54
 2456982.08 2014 11 20 14  1   2456982.13 2014 11 20 15  0   2456982.17 2014 11 20 15 59
 2456983.30 2014 11 21 19  6   2456983.34 2014 11 21 20  5   2456983.38 2014 11 21 21  4
 2456984.51 2014 11 23  0 11   2456984.55 2014 11 23  1 10   2456984.59 2014 11 23  2  9
 2456985.72 2014 11 24  5 16   2456985.76 2014 11 24  6 15   2456985.80 2014 11 24  7 15
 2456986.93 2014 11 25 10 21   2456986.97 2014 11 25 11 21   2456987.01 2014 11 25 12 20
 2456988.14 2014 11 26 15 27   2456988.18 2014 11 26 16 26   2456988.23 2014 11 26 17 25
 2456989.36 2014 11 27 20 32   2456989.40 2014 11 27 21 31   2456989.44 2014 11 27 22 30
 2456990.57 2014 11 29  1 37   2456990.61 2014 11 29  2 36   2456990.65 2014 11 29  3 35
 2456991.78 2014 11 30  6 42   2456991.82 2014 11 30  7 41   2456991.86 2014 11 30  8 40
 2456992.99 2014 12  1 11 47   2456993.03 2014 12  1 12 46   2456993.07 2014 12  1 13 45
 2456994.20 2014 12  2 16 52   2456994.24 2014 12  2 17 51   2456994.29 2014 12  2 18 51
 2456995.42 2014 12  3 21 57   2456995.46 2014 12  3 22 57   2456995.50 2014 12  3 23 56
 2456996.63 2014 12  5  3  3   2456996.67 2014 12  5  4  2   2456996.71 2014 12  5  5  1
 2456997.84 2014 12  6  8  8   2456997.88 2014 12  6  9  7   2456997.92 2014 12  6 10  6
 2456999.05 2014 12  7 13 13   2456999.09 2014 12  7 14 12   2456999.13 2014 12  7 15 11
 2457000.26 2014 12  8 18 18   2457000.30 2014 12  8 19 17   2457000.35 2014 12  8 20 16
 2457001.47 2014 12  9 23 23   2457001.52 2014 12 10  0 22   2457001.56 2014 12 10  1 22
 2457002.69 2014 12 11  4 28   2457002.73 2014 12 11  5 27   2457002.77 2014 12 11  6 27
 2457003.90 2014 12 12  9 33   2457003.94 2014 12 12 10 33   2457003.98 2014 12 12 11 32
 2457005.11 2014 12 13 14 39   2457005.15 2014 12 13 15 38   2457005.19 2014 12 13 16 37
 2457006.32 2014 12 14 19 44   2457006.36 2014 12 14 20 43   2457006.40 2014 12 14 21 42
 2457007.53 2014 12 16  0 49   2457007.58 2014 12 16  1 48   2457007.62 2014 12 16  2 47
 2457008.75 2014 12 17  5 54   2457008.79 2014 12 17  6 53   2457008.83 2014 12 17  7 52
 2457009.96 2014 12 18 10 59   2457010.00 2014 12 18 11 58   2457010.04 2014 12 18 12 58
 2457011.17 2014 12 19 16  4   2457011.21 2014 12 19 17  4   2457011.25 2014 12 19 18  3
 2457012.38 2014 12 20 21  9   2457012.42 2014 12 20 22  9   2457012.46 2014 12 20 23  8
 2457013.59 2014 12 22  2 15   2457013.63 2014 12 22  3 14   2457013.68 2014 12 22  4 13
 2457014.81 2014 12 23  7 20   2457014.85 2014 12 23  8 19   2457014.89 2014 12 23  9 18
 2457016.02 2014 12 24 12 25   2457016.06 2014 12 24 13 24   2457016.10 2014 12 24 14 23
 2457017.23 2014 12 25 17 30   2457017.27 2014 12 25 18 29   2457017.31 2014 12 25 19 28
 2457018.44 2014 12 26 22 35   2457018.48 2014 12 26 23 34   2457018.52 2014 12 27  0 34
 2457019.65 2014 12 28  3 40   2457019.69 2014 12 28  4 40   2457019.74 2014 12 28  5 39
 2457020.87 2014 12 29  8 46   2457020.91 2014 12 29  9 45   2457020.95 2014 12 29 10 44
 2457022.08 2014 12 30 13 51   2457022.12 2014 12 30 14 50   2457022.16 2014 12 30 15 49
 2457023.29 2014 12 31 18 56   2457023.33 2014 12 31 19 55   2457023.37 2014 12 31 20 54
 2457024.50 2015  1  2  0  1   2457024.54 2015  1  2  1  0   2457024.58 2015  1  2  1 59
 2457025.71 2015  1  3  5  6   2457025.75 2015  1  3  6  5   2457025.80 2015  1  3  7  5
 2457026.92 2015  1  4 10 11   2457026.97 2015  1  4 11 10   2457027.01 2015  1  4 12 10
 2457028.14 2015  1  5 15 16   2457028.18 2015  1  5 16 16   2457028.22 2015  1  5 17 15
 2457029.35 2015  1  6 20 22   2457029.39 2015  1  6 21 21   2457029.43 2015  1  6 22 20
 2457030.56 2015  1  8  1 27   2457030.60 2015  1  8  2 26   2457030.64 2015  1  8  3 25
 2457031.77 2015  1  9  6 32   2457031.81 2015  1  9  7 31   2457031.85 2015  1  9  8 30
 2457032.98 2015  1 10 11 37   2457033.03 2015  1 10 12 36   2457033.07 2015  1 10 13 35
 2457034.20 2015  1 11 16 42   2457034.24 2015  1 11 17 41   2457034.28 2015  1 11 18 41
 2457035.41 2015  1 12 21 47   2457035.45 2015  1 12 22 47   2457035.49 2015  1 12 23 46
 2457036.62 2015  1 14  2 52   2457036.66 2015  1 14  3 52   2457036.70 2015  1 14  4 51
 2457037.83 2015  1 15  7 58   2457037.87 2015  1 15  8 57   2457037.91 2015  1 15  9 56
 2457039.04 2015  1 16 13  3   2457039.09 2015  1 16 14  2   2457039.13 2015  1 16 15  1
 2457040.26 2015  1 17 18  8   2457040.30 2015  1 17 19  7   2457040.34 2015  1 17 20  6
 2457041.47 2015  1 18 23 13   2457041.51 2015  1 19  0 12   2457041.55 2015  1 19  1 11
 2457042.68 2015  1 20  4 18   2457042.72 2015  1 20  5 17   2457042.76 2015  1 20  6 17
 2457043.89 2015  1 21  9 23   2457043.93 2015  1 21 10 23   2457043.97 2015  1 21 11 22
 2457045.10 2015  1 22 14 28   2457045.14 2015  1 22 15 28   2457045.19 2015  1 22 16 27
 2457046.32 2015  1 23 19 34   2457046.36 2015  1 23 20 33   2457046.40 2015  1 23 21 32
 2457047.53 2015  1 25  0 39   2457047.57 2015  1 25  1 38   2457047.61 2015  1 25  2 37
 2457048.74 2015  1 26  5 44   2457048.78 2015  1 26  6 43   2457048.82 2015  1 26  7 42
 2457049.95 2015  1 27 10 49   2457049.99 2015  1 27 11 48   2457050.03 2015  1 27 12 48
 2457051.16 2015  1 28 15 54   2457051.20 2015  1 28 16 53   2457051.25 2015  1 28 17 53
 2457052.37 2015  1 29 20 59   2457052.42 2015  1 29 21 59   2457052.46 2015  1 29 22 58
 2457053.59 2015  1 31  2  5   2457053.63 2015  1 31  3  4   2457053.67 2015  1 31  4  3
 2457054.80 2015  2  1  7 10   2457054.84 2015  2  1  8  9   2457054.88 2015  2  1  9  8
 2457056.01 2015  2  2 12 15   2457056.05 2015  2  2 13 14   2457056.09 2015  2  2 14 13
 2457057.22 2015  2  3 17 20   2457057.26 2015  2  3 18 19   2457057.30 2015  2  3 19 18
 2457058.43 2015  2  4 22 25   2457058.48 2015  2  4 23 24   2457058.52 2015  2  5  0 24
 2457059.65 2015  2  6  3 30   2457059.69 2015  2  6  4 29   2457059.73 2015  2  6  5 29
 2457060.86 2015  2  7  8 35   2457060.90 2015  2  7  9 35   2457060.94 2015  2  7 10 34
 2457062.07 2015  2  8 13 41   2457062.11 2015  2  8 14 40   2457062.15 2015  2  8 15 39
 2457063.28 2015  2  9 18 46   2457063.32 2015  2  9 19 45   2457063.36 2015  2  9 20 44
 2457064.49 2015  2 10 23 51   2457064.54 2015  2 11  0 50   2457064.58 2015  2 11  1 49
 2457065.71 2015  2 12  4 56   2457065.75 2015  2 12  5 55   2457065.79 2015  2 12  6 54
 2457066.92 2015  2 13 10  1   2457066.96 2015  2 13 11  0   2457067.00 2015  2 13 12  0
 2457068.13 2015  2 14 15  6   2457068.17 2015  2 14 16  6   2457068.21 2015  2 14 17  5
 2457069.34 2015  2 15 20 11   2457069.38 2015  2 15 21 11   2457069.42 2015  2 15 22 10
 2457070.55 2015  2 17  1 17   2457070.59 2015  2 17  2 16   2457070.64 2015  2 17  3 15
 2457071.77 2015  2 18  6 22   2457071.81 2015  2 18  7 21   2457071.85 2015  2 18  8 20
 2457072.98 2015  2 19 11 27   2457073.02 2015  2 19 12 26   2457073.06 2015  2 19 13 25
 2457074.19 2015  2 20 16 32   2457074.23 2015  2 20 17 31   2457074.27 2015  2 20 18 31
 2457075.40 2015  2 21 21 37   2457075.44 2015  2 21 22 36   2457075.48 2015  2 21 23 36
 2457076.61 2015  2 23  2 42   2457076.65 2015  2 23  3 42   2457076.70 2015  2 23  4 41
 2457077.82 2015  2 24  7 47   2457077.87 2015  2 24  8 47   2457077.91 2015  2 24  9 46
 2457079.04 2015  2 25 12 53   2457079.08 2015  2 25 13 52   2457079.12 2015  2 25 14 51
 2457080.25 2015  2 26 17 58   2457080.29 2015  2 26 18 57   2457080.33 2015  2 26 19 56
 2457081.46 2015  2 27 23  3   2457081.50 2015  2 28  0  2   2457081.54 2015  2 28  1  1
 2457082.67 2015  3  1  4  8   2457082.71 2015  3  1  5  7   2457082.75 2015  3  1  6  7
 2457083.88 2015  3  2  9 13   2457083.93 2015  3  2 10 12   2457083.97 2015  3  2 11 12
 2457085.10 2015  3  3 14 18   2457085.14 2015  3  3 15 18   2457085.18 2015  3  3 16 17
 2457086.31 2015  3  4 19 23   2457086.35 2015  3  4 20 23   2457086.39 2015  3  4 21 22
 2457087.52 2015  3  6  0 29   2457087.56 2015  3  6  1 28   2457087.60 2015  3  6  2 27
 2457088.73 2015  3  7  5 34   2457088.77 2015  3  7  6 33   2457088.81 2015  3  7  7 32
 2457089.94 2015  3  8 10 39   2457089.99 2015  3  8 11 38   2457090.03 2015  3  8 12 38
 2457091.16 2015  3  9 15 44   2457091.20 2015  3  9 16 43   2457091.24 2015  3  9 17 43
 2457092.37 2015  3 10 20 49   2457092.41 2015  3 10 21 49   2457092.45 2015  3 10 22 48
 2457093.58 2015  3 12  1 54   2457093.62 2015  3 12  2 54   2457093.66 2015  3 12  3 53
 2457094.79 2015  3 13  7  0   2457094.83 2015  3 13  7 59   2457094.87 2015  3 13  8 58
 2457096.00 2015  3 14 12  5   2457096.04 2015  3 14 13  4   2457096.09 2015  3 14 14  3
 2457097.22 2015  3 15 17 10   2457097.26 2015  3 15 18  9   2457097.30 2015  3 15 19  8
 2457098.43 2015  3 16 22 15   2457098.47 2015  3 16 23 14   2457098.51 2015  3 17  0 14
 2457099.64 2015  3 18  3 20   2457099.68 2015  3 18  4 19   2457099.72 2015  3 18  5 19
 2457100.85 2015  3 19  8 25   2457100.89 2015  3 19  9 25   2457100.93 2015  3 19 10 24
 2457102.06 2015  3 20 13 30   2457102.10 2015  3 20 14 30   2457102.15 2015  3 20 15 29
 2457103.28 2015  3 21 18 36   2457103.32 2015  3 21 19 35   2457103.36 2015  3 21 20 34
 2457104.49 2015  3 22 23 41   2457104.53 2015  3 23  0 40   2457104.57 2015  3 23  1 39
 2457105.70 2015  3 24  4 46   2457105.74 2015  3 24  5 45   2457105.78 2015  3 24  6 44
 2457106.91 2015  3 25  9 51   2457106.95 2015  3 25 10 50   2457106.99 2015  3 25 11 50
 2457108.12 2015  3 26 14 56   2457108.16 2015  3 26 15 55   2457108.21 2015  3 26 16 55
 2457109.33 2015  3 27 20  1   2457109.38 2015  3 27 21  1   2457109.42 2015  3 27 22  0
 2457110.55 2015  3 29  1  6   2457110.59 2015  3 29  2  6   2457110.63 2015  3 29  3  5
 2457111.76 2015  3 30  6 12   2457111.80 2015  3 30  7 11   2457111.84 2015  3 30  8 10
 2457112.97 2015  3 31 11 17   2457113.01 2015  3 31 12 16   2457113.05 2015  3 31 13 15
 2457114.18 2015  4  1 16 22   2457114.22 2015  4  1 17 21   2457114.26 2015  4  1 18 21
 2457115.39 2015  4  2 21 27   2457115.44 2015  4  2 22 26   2457115.48 2015  4  2 23 26
 2457116.61 2015  4  4  2 32   2457116.65 2015  4  4  3 31   2457116.69 2015  4  4  4 31
 2457117.82 2015  4  5  7 37   2457117.86 2015  4  5  8 37   2457117.90 2015  4  5  9 36
 2457119.03 2015  4  6 12 42   2457119.07 2015  4  6 13 42   2457119.11 2015  4  6 14 41
 2457120.24 2015  4  7 17 48   2457120.28 2015  4  7 18 47   2457120.32 2015  4  7 19 46
 2457121.45 2015  4  8 22 53   2457121.49 2015  4  8 23 52   2457121.54 2015  4  9  0 51
 2457122.67 2015  4 10  3 58   2457122.71 2015  4 10  4 57   2457122.75 2015  4 10  5 57
 2457123.88 2015  4 11  9  3   2457123.92 2015  4 11 10  2   2457123.96 2015  4 11 11  2
 2457125.09 2015  4 12 14  8   2457125.13 2015  4 12 15  8   2457125.17 2015  4 12 16  7
 2457126.30 2015  4 13 19 13   2457126.34 2015  4 13 20 13   2457126.38 2015  4 13 21 12
 2457127.51 2015  4 15  0 19   2457127.55 2015  4 15  1 18   2457127.60 2015  4 15  2 17
 2457128.73 2015  4 16  5 24   2457128.77 2015  4 16  6 23   2457128.81 2015  4 16  7 22
 2457129.94 2015  4 17 10 29   2457129.98 2015  4 17 11 28   2457130.02 2015  4 17 12 27
 2457131.15 2015  4 18 15 34   2457131.19 2015  4 18 16 33   2457131.23 2015  4 18 17 33
 2457132.36 2015  4 19 20 39   2457132.40 2015  4 19 21 38   2457132.44 2015  4 19 22 38
 2457133.57 2015  4 21  1 44   2457133.61 2015  4 21  2 44   2457133.66 2015  4 21  3 43
 2457134.78 2015  4 22  6 49   2457134.83 2015  4 22  7 49   2457134.87 2015  4 22  8 48
 2457136.00 2015  4 23 11 55   2457136.04 2015  4 23 12 54   2457136.08 2015  4 23 13 53
 2457137.21 2015  4 24 17  0   2457137.25 2015  4 24 17 59   2457137.29 2015  4 24 18 58
 2457138.42 2015  4 25 22  5   2457138.46 2015  4 25 23  4   2457138.50 2015  4 26  0  4
 2457139.63 2015  4 27  3 10   2457139.67 2015  4 27  4  9   2457139.71 2015  4 27  5  9
 2457140.84 2015  4 28  8 15   2457140.89 2015  4 28  9 14   2457140.93 2015  4 28 10 14
 2457142.06 2015  4 29 13 20   2457142.10 2015  4 29 14 20   2457142.14 2015  4 29 15 19
 2457143.27 2015  4 30 18 25   2457143.31 2015  4 30 19 25   2457143.35 2015  4 30 20 24
 2457144.48 2015  5  1 23 31   2457144.52 2015  5  2  0 30   2457144.56 2015  5  2  1 29
 2457145.69 2015  5  3  4 36   2457145.73 2015  5  3  5 35   2457145.77 2015  5  3  6 34
 2457146.90 2015  5  4  9 41   2457146.94 2015  5  4 10 40   2457146.99 2015  5  4 11 40
 2457148.12 2015  5  5 14 46   2457148.16 2015  5  5 15 45   2457148.20 2015  5  5 16 45
 2457149.33 2015  5  6 19 51   2457149.37 2015  5  6 20 51   2457149.41 2015  5  6 21 50
 2457150.54 2015  5  8  0 56   2457150.58 2015  5  8  1 56   2457150.62 2015  5  8  2 55
 2457151.75 2015  5  9  6  1   2457151.79 2015  5  9  7  1   2457151.83 2015  5  9  8  0
 2457152.96 2015  5 10 11  7   2457153.00 2015  5 10 12  6   2457153.05 2015  5 10 13  5
 2457154.18 2015  5 11 16 12   2457154.22 2015  5 11 17 11   2457154.26 2015  5 11 18 10
 2457155.39 2015  5 12 21 17   2457155.43 2015  5 12 22 16   2457155.47 2015  5 12 23 16
 2457156.60 2015  5 14  2 22   2457156.64 2015  5 14  3 21   2457156.68 2015  5 14  4 21
 2457157.81 2015  5 15  7 27   2457157.85 2015  5 15  8 27   2457157.89 2015  5 15  9 26
 2457159.02 2015  5 16 12 32   2457159.06 2015  5 16 13 32   2457159.11 2015  5 16 14 31
 2457160.23 2015  5 17 17 37   2457160.28 2015  5 17 18 37   2457160.32 2015  5 17 19 36
 2457161.45 2015  5 18 22 43   2457161.49 2015  5 18 23 42   2457161.53 2015  5 19  0 41
 2457162.66 2015  5 20  3 48   2457162.70 2015  5 20  4 47   2457162.74 2015  5 20  5 47
 2457163.87 2015  5 21  8 53   2457163.91 2015  5 21  9 52   2457163.95 2015  5 21 10 52
 2457165.08 2015  5 22 13 58   2457165.12 2015  5 22 14 57   2457165.16 2015  5 22 15 57
 2457166.29 2015  5 23 19  3   2457166.34 2015  5 23 20  3   2457166.38 2015  5 23 21  2
 2457167.51 2015  5 25  0  8   2457167.55 2015  5 25  1  8   2457167.59 2015  5 25  2  7
 2457168.72 2015  5 26  5 14   2457168.76 2015  5 26  6 13   2457168.80 2015  5 26  7 12
 2457169.93 2015  5 27 10 19   2457169.97 2015  5 27 11 18   2457170.01 2015  5 27 12 17
 2457171.14 2015  5 28 15 24   2457171.18 2015  5 28 16 23   2457171.22 2015  5 28 17 23
 2457172.35 2015  5 29 20 29   2457172.40 2015  5 29 21 28   2457172.44 2015  5 29 22 28
 2457173.57 2015  5 31  1 34   2457173.61 2015  5 31  2 33   2457173.65 2015  5 31  3 33
 2457174.78 2015  6  1  6 39   2457174.82 2015  6  1  7 39   2457174.86 2015  6  1  8 38
 2457175.99 2015  6  2 11 44   2457176.03 2015  6  2 12 44   2457176.07 2015  6  2 13 43
 2457177.20 2015  6  3 16 50   2457177.24 2015  6  3 17 49   2457177.28 2015  6  3 18 48
 2457178.41 2015  6  4 21 55   2457178.45 2015  6  4 22 54   2457178.50 2015  6  4 23 53
 2457179.63 2015  6  6  3  0   2457179.67 2015  6  6  3 59   2457179.71 2015  6  6  4 59
 2457180.84 2015  6  7  8  5   2457180.88 2015  6  7  9  4   2457180.92 2015  6  7 10  4
 2457182.05 2015  6  8 13 10   2457182.09 2015  6  8 14 10   2457182.13 2015  6  8 15  9
 2457183.26 2015  6  9 18 15   2457183.30 2015  6  9 19 15   2457183.34 2015  6  9 20 14
 2457184.47 2015  6 10 23 20   2457184.51 2015  6 11  0 20   2457184.56 2015  6 11  1 19
 2457185.68 2015  6 12  4 26   2457185.73 2015  6 12  5 25   2457185.77 2015  6 12  6 24
 2457186.90 2015  6 13  9 31   2457186.94 2015  6 13 10 30   2457186.98 2015  6 13 11 30
 2457188.11 2015  6 14 14 36   2457188.15 2015  6 14 15 35   2457188.19 2015  6 14 16 35
 2457189.32 2015  6 15 19 41   2457189.36 2015  6 15 20 40   2457189.40 2015  6 15 21 40
 2457190.53 2015  6 17  0 46   2457190.57 2015  6 17  1 46   2457190.61 2015  6 17  2 45
 2457191.74 2015  6 18  5 51   2457191.79 2015  6 18  6 51   2457191.83 2015  6 18  7 50
 2457192.96 2015  6 19 10 56   2457193.00 2015  6 19 11 56   2457193.04 2015  6 19 12 55
 2457194.17 2015  6 20 16  2   2457194.21 2015  6 20 17  1   2457194.25 2015  6 20 18  0
 2457195.38 2015  6 21 21  7   2457195.42 2015  6 21 22  6   2457195.46 2015  6 21 23  6
 2457196.59 2015  6 23  2 12   2457196.63 2015  6 23  3 11   2457196.67 2015  6 23  4 11
 2457197.80 2015  6 24  7 17   2457197.85 2015  6 24  8 16   2457197.89 2015  6 24  9 16
 2457199.02 2015  6 25 12 22   2457199.06 2015  6 25 13 22   2457199.10 2015  6 25 14 21
 2457200.23 2015  6 26 17 27   2457200.27 2015  6 26 18 27   2457200.31 2015  6 26 19 26
 2457201.44 2015  6 27 22 32   2457201.48 2015  6 27 23 32   2457201.52 2015  6 28  0 31
 2457202.65 2015  6 29  3 38   2457202.69 2015  6 29  4 37   2457202.73 2015  6 29  5 36
 2457203.86 2015  6 30  8 43   2457203.90 2015  6 30  9 42   2457203.95 2015  6 30 10 42
 2457205.08 2015  7  1 13 48   2457205.12 2015  7  1 14 47   2457205.16 2015  7  1 15 47
 2457206.29 2015  7  2 18 53   2457206.33 2015  7  2 19 53   2457206.37 2015  7  2 20 52
 2457207.50 2015  7  3 23 58   2457207.54 2015  7  4  0 58   2457207.58 2015  7  4  1 57
 2457208.71 2015  7  5  5  3   2457208.75 2015  7  5  6  3   2457208.79 2015  7  5  7  2
 2457209.92 2015  7  6 10  9   2457209.96 2015  7  6 11  8   2457210.01 2015  7  6 12  7
 2457211.13 2015  7  7 15 14   2457211.18 2015  7  7 16 13   2457211.22 2015  7  7 17 13
 2457212.35 2015  7  8 20 19   2457212.39 2015  7  8 21 18   2457212.43 2015  7  8 22 18
 2457213.56 2015  7 10  1 24   2457213.60 2015  7 10  2 23   2457213.64 2015  7 10  3 23
 2457214.77 2015  7 11  6 29   2457214.81 2015  7 11  7 29   2457214.85 2015  7 11  8 28
 2457215.98 2015  7 12 11 34   2457216.02 2015  7 12 12 34   2457216.07 2015  7 12 13 33
 2457217.19 2015  7 13 16 39   2457217.24 2015  7 13 17 39   2457217.28 2015  7 13 18 38
 2457218.41 2015  7 14 21 45   2457218.45 2015  7 14 22 44   2457218.49 2015  7 14 23 43
 2457219.62 2015  7 16  2 50   2457219.66 2015  7 16  3 49   2457219.70 2015  7 16  4 49
 2457220.83 2015  7 17  7 55   2457220.87 2015  7 17  8 54   2457220.91 2015  7 17  9 54
 2457222.04 2015  7 18 13  0   2457222.08 2015  7 18 13 59   2457222.12 2015  7 18 14 59
 2457223.25 2015  7 19 18  5   2457223.30 2015  7 19 19  5   2457223.34 2015  7 19 20  4
 2457224.47 2015  7 20 23 10   2457224.51 2015  7 21  0 10   2457224.55 2015  7 21  1  9
 2457225.68 2015  7 22  4 15   2457225.72 2015  7 22  5 15   2457225.76 2015  7 22  6 14
 2457226.89 2015  7 23  9 21   2457226.93 2015  7 23 10 20   2457226.97 2015  7 23 11 19
 2457228.10 2015  7 24 14 26   2457228.14 2015  7 24 15 25   2457228.18 2015  7 24 16 25
 2457229.31 2015  7 25 19 31   2457229.35 2015  7 25 20 30   2457229.40 2015  7 25 21 30
 2457230.53 2015  7 27  0 36   2457230.57 2015  7 27  1 35   2457230.61 2015  7 27  2 35
 2457231.74 2015  7 28  5 41   2457231.78 2015  7 28  6 41   2457231.82 2015  7 28  7 40
 2457232.95 2015  7 29 10 46   2457232.99 2015  7 29 11 46   2457233.03 2015  7 29 12 45
 2457234.16 2015  7 30 15 51   2457234.20 2015  7 30 16 51   2457234.24 2015  7 30 17 50
 2457235.37 2015  7 31 20 57   2457235.41 2015  7 31 21 56   2457235.46 2015  7 31 22 56
 2457236.58 2015  8  2  2  2   2457236.63 2015  8  2  3  1   2457236.67 2015  8  2  4  1
 2457237.80 2015  8  3  7  7   2457237.84 2015  8  3  8  6   2457237.88 2015  8  3  9  6
 2457239.01 2015  8  4 12 12   2457239.05 2015  8  4 13 12   2457239.09 2015  8  4 14 11
 2457240.22 2015  8  5 17 17   2457240.26 2015  8  5 18 17   2457240.30 2015  8  5 19 16
 2457241.43 2015  8  6 22 22   2457241.47 2015  8  6 23 22   2457241.52 2015  8  7  0 21
 2457242.64 2015  8  8  3 28   2457242.69 2015  8  8  4 27   2457242.73 2015  8  8  5 26
 2457243.86 2015  8  9  8 33   2457243.90 2015  8  9  9 32   2457243.94 2015  8  9 10 32
 2457245.07 2015  8 10 13 38   2457245.11 2015  8 10 14 37   2457245.15 2015  8 10 15 37
 2457246.28 2015  8 11 18 43   2457246.32 2015  8 11 19 42   2457246.36 2015  8 11 20 42
 2457247.49 2015  8 12 23 48   2457247.53 2015  8 13  0 48   2457247.57 2015  8 13  1 47
 2457248.70 2015  8 14  4 53   2457248.75 2015  8 14  5 53   2457248.79 2015  8 14  6 52
 2457249.92 2015  8 15  9 58   2457249.96 2015  8 15 10 58   2457250.00 2015  8 15 11 57
 2457251.13 2015  8 16 15  4   2457251.17 2015  8 16 16  3   2457251.21 2015  8 16 17  3
 2457252.34 2015  8 17 20  9   2457252.38 2015  8 17 21  8   2457252.42 2015  8 17 22  8
 2457253.55 2015  8 19  1 14   2457253.59 2015  8 19  2 13   2457253.63 2015  8 19  3 13
 2457254.76 2015  8 20  6 19   2457254.80 2015  8 20  7 18   2457254.85 2015  8 20  8 18
 2457255.98 2015  8 21 11 24   2457256.02 2015  8 21 12 24   2457256.06 2015  8 21 13 23
 2457257.19 2015  8 22 16 29   2457257.23 2015  8 22 17 29   2457257.27 2015  8 22 18 28
 2457258.40 2015  8 23 21 34   2457258.44 2015  8 23 22 34   2457258.48 2015  8 23 23 33
 2457259.61 2015  8 25  2 40   2457259.65 2015  8 25  3 39   2457259.69 2015  8 25  4 39
 2457260.82 2015  8 26  7 45   2457260.86 2015  8 26  8 44   2457260.91 2015  8 26  9 44
 2457262.03 2015  8 27 12 50   2457262.08 2015  8 27 13 49   2457262.12 2015  8 27 14 49
 2457263.25 2015  8 28 17 55   2457263.29 2015  8 28 18 55   2457263.33 2015  8 28 19 54
 2457264.46 2015  8 29 23  0   2457264.50 2015  8 30  0  0   2457264.54 2015  8 30  0 59
 2457265.67 2015  8 31  4  5   2457265.71 2015  8 31  5  5   2457265.75 2015  8 31  6  4
 2457266.88 2015  9  1  9 10   2457266.92 2015  9  1 10 10   2457266.97 2015  9  1 11  9
 2457268.09 2015  9  2 14 16   2457268.14 2015  9  2 15 15   2457268.18 2015  9  2 16 15
 2457269.31 2015  9  3 19 21   2457269.35 2015  9  3 20 20   2457269.39 2015  9  3 21 20
 2457270.52 2015  9  5  0 26   2457270.56 2015  9  5  1 25   2457270.60 2015  9  5  2 25
 2457271.73 2015  9  6  5 31   2457271.77 2015  9  6  6 31   2457271.81 2015  9  6  7 30
 2457272.94 2015  9  7 10 36   2457272.98 2015  9  7 11 36   2457273.02 2015  9  7 12 35
 2457274.15 2015  9  8 15 41   2457274.20 2015  9  8 16 41   2457274.24 2015  9  8 17 40
 2457275.37 2015  9  9 20 46   2457275.41 2015  9  9 21 46   2457275.45 2015  9  9 22 46
 2457276.58 2015  9 11  1 52   2457276.62 2015  9 11  2 51   2457276.66 2015  9 11  3 51
 2457277.79 2015  9 12  6 57   2457277.83 2015  9 12  7 56   2457277.87 2015  9 12  8 56
 2457279.00 2015  9 13 12  2   2457279.04 2015  9 13 13  1   2457279.08 2015  9 13 14  1
 2457280.21 2015  9 14 17  7   2457280.25 2015  9 14 18  7   2457280.30 2015  9 14 19  6
 2457281.43 2015  9 15 22 12   2457281.47 2015  9 15 23 12   2457281.51 2015  9 16  0 11
 2457282.64 2015  9 17  3 17   2457282.68 2015  9 17  4 17   2457282.72 2015  9 17  5 16
 2457283.85 2015  9 18  8 23   2457283.89 2015  9 18  9 22   2457283.93 2015  9 18 10 22
 2457285.06 2015  9 19 13 28   2457285.10 2015  9 19 14 27   2457285.14 2015  9 19 15 27
 2457286.27 2015  9 20 18 33   2457286.31 2015  9 20 19 32   2457286.36 2015  9 20 20 32
 2457287.49 2015  9 21 23 38   2457287.53 2015  9 22  0 37   2457287.57 2015  9 22  1 37
 2457288.70 2015  9 23  4 43   2457288.74 2015  9 23  5 43   2457288.78 2015  9 23  6 42
 2457289.91 2015  9 24  9 48   2457289.95 2015  9 24 10 48   2457289.99 2015  9 24 11 47
 2457291.12 2015  9 25 14 53   2457291.16 2015  9 25 15 53   2457291.20 2015  9 25 16 52
 2457292.33 2015  9 26 19 59   2457292.37 2015  9 26 20 58   2457292.42 2015  9 26 21 58
 2457293.54 2015  9 28  1  4   2457293.59 2015  9 28  2  3   2457293.63 2015  9 28  3  3
 2457294.76 2015  9 29  6  9   2457294.80 2015  9 29  7  8   2457294.84 2015  9 29  8  8
 2457295.97 2015  9 30 11 14   2457296.01 2015  9 30 12 14   2457296.05 2015  9 30 13 13
 2457297.18 2015 10  1 16 19   2457297.22 2015 10  1 17 19   2457297.26 2015 10  1 18 18
 2457298.39 2015 10  2 21 24   2457298.43 2015 10  2 22 24   2457298.47 2015 10  2 23 23
 2457299.60 2015 10  4  2 29   2457299.65 2015 10  4  3 29   2457299.69 2015 10  4  4 29
 2457300.82 2015 10  5  7 35   2457300.86 2015 10  5  8 34   2457300.90 2015 10  5  9 34
 2457302.03 2015 10  6 12 40   2457302.07 2015 10  6 13 39   2457302.11 2015 10  6 14 39
 2457303.24 2015 10  7 17 45   2457303.28 2015 10  7 18 44   2457303.32 2015 10  7 19 44
 2457304.45 2015 10  8 22 50   2457304.49 2015 10  8 23 50   2457304.53 2015 10  9  0 49
 2457305.66 2015 10 10  3 55   2457305.71 2015 10 10  4 55   2457305.75 2015 10 10  5 54
 2457306.88 2015 10 11  9  0   2457306.92 2015 10 11 10  0   2457306.96 2015 10 11 10 59
 2457308.09 2015 10 12 14  5   2457308.13 2015 10 12 15  5   2457308.17 2015 10 12 16  5
 2457309.30 2015 10 13 19 11   2457309.34 2015 10 13 20 10   2457309.38 2015 10 13 21 10
 2457310.51 2015 10 15  0 16   2457310.55 2015 10 15  1 15   2457310.59 2015 10 15  2 15
 2457311.72 2015 10 16  5 21   2457311.76 2015 10 16  6 20   2457311.81 2015 10 16  7 20
 2457312.94 2015 10 17 10 26   2457312.98 2015 10 17 11 26   2457313.02 2015 10 17 12 25
 2457314.15 2015 10 18 15 31   2457314.19 2015 10 18 16 31   2457314.23 2015 10 18 17 30
 2457315.36 2015 10 19 20 36   2457315.40 2015 10 19 21 36   2457315.44 2015 10 19 22 35
 2457316.57 2015 10 21  1 42   2457316.61 2015 10 21  2 41   2457316.65 2015 10 21  3 41
 2457317.78 2015 10 22  6 47   2457317.82 2015 10 22  7 46   2457317.87 2015 10 22  8 46
 2457318.99 2015 10 23 11 52   2457319.04 2015 10 23 12 51   2457319.08 2015 10 23 13 51
 2457320.21 2015 10 24 16 57   2457320.25 2015 10 24 17 57   2457320.29 2015 10 24 18 56
 2457321.42 2015 10 25 22  2   2457321.46 2015 10 25 23  2   2457321.50 2015 10 26  0  1
 2457322.63 2015 10 27  3  7   2457322.67 2015 10 27  4  7   2457322.71 2015 10 27  5  6
 2457323.84 2015 10 28  8 12   2457323.88 2015 10 28  9 12   2457323.93 2015 10 28 10 12
 2457325.05 2015 10 29 13 18   2457325.10 2015 10 29 14 17   2457325.14 2015 10 29 15 17
 2457326.27 2015 10 30 18 23   2457326.31 2015 10 30 19 22   2457326.35 2015 10 30 20 22
 2457327.48 2015 10 31 23 28   2457327.52 2015 11  1  0 27   2457327.56 2015 11  1  1 27
 2457328.69 2015 11  2  4 33   2457328.73 2015 11  2  5 33   2457328.77 2015 11  2  6 32
 2457329.90 2015 11  3  9 38   2457329.94 2015 11  3 10 38   2457329.98 2015 11  3 11 37
 2457331.11 2015 11  4 14 43   2457331.16 2015 11  4 15 43   2457331.20 2015 11  4 16 42
 2457332.33 2015 11  5 19 48   2457332.37 2015 11  5 20 48   2457332.41 2015 11  5 21 48
 2457333.54 2015 11  7  0 54   2457333.58 2015 11  7  1 53   2457333.62 2015 11  7  2 53
 2457334.75 2015 11  8  5 59   2457334.79 2015 11  8  6 58   2457334.83 2015 11  8  7 58
 2457335.96 2015 11  9 11  4   2457336.00 2015 11  9 12  3   2457336.04 2015 11  9 13  3
 2457337.17 2015 11 10 16  9   2457337.21 2015 11 10 17  9   2457337.26 2015 11 10 18  8
 2457338.39 2015 11 11 21 14   2457338.43 2015 11 11 22 14   2457338.47 2015 11 11 23 13
 2457339.60 2015 11 13  2 19   2457339.64 2015 11 13  3 19   2457339.68 2015 11 13  4 18
 2457340.81 2015 11 14  7 24   2457340.85 2015 11 14  8 24   2457340.89 2015 11 14  9 24
 2457342.02 2015 11 15 12 30   2457342.06 2015 11 15 13 29   2457342.10 2015 11 15 14 29
 2457343.23 2015 11 16 17 35   2457343.27 2015 11 16 18 34   2457343.32 2015 11 16 19 34
 2457344.44 2015 11 17 22 40   2457344.49 2015 11 17 23 39   2457344.53 2015 11 18  0 39
 2457345.66 2015 11 19  3 45   2457345.70 2015 11 19  4 45   2457345.74 2015 11 19  5 44
 2457346.87 2015 11 20  8 50   2457346.91 2015 11 20  9 50   2457346.95 2015 11 20 10 49
 2457348.08 2015 11 21 13 55   2457348.12 2015 11 21 14 55   2457348.16 2015 11 21 15 55
 2457349.29 2015 11 22 19  0   2457349.33 2015 11 22 20  0   2457349.38 2015 11 22 21  0
 2457350.50 2015 11 24  0  6   2457350.55 2015 11 24  1  5   2457350.59 2015 11 24  2  5
 2457351.72 2015 11 25  5 11   2457351.76 2015 11 25  6 10   2457351.80 2015 11 25  7 10
 2457352.93 2015 11 26 10 16   2457352.97 2015 11 26 11 16   2457353.01 2015 11 26 12 15
 2457354.14 2015 11 27 15 21   2457354.18 2015 11 27 16 21   2457354.22 2015 11 27 17 20
 2457355.35 2015 11 28 20 26   2457355.39 2015 11 28 21 26   2457355.43 2015 11 28 22 25
 2457356.56 2015 11 30  1 31   2457356.61 2015 11 30  2 31   2457356.65 2015 11 30  3 31
 2457357.78 2015 12  1  6 37   2457357.82 2015 12  1  7 36   2457357.86 2015 12  1  8 36
 2457358.99 2015 12  2 11 42   2457359.03 2015 12  2 12 41   2457359.07 2015 12  2 13 41
 2457360.20 2015 12  3 16 47   2457360.24 2015 12  3 17 46   2457360.28 2015 12  3 18 46
 2457361.41 2015 12  4 21 52   2457361.45 2015 12  4 22 52   2457361.49 2015 12  4 23 51
 2457362.62 2015 12  6  2 57   2457362.66 2015 12  6  3 57   2457362.71 2015 12  6  4 56
 2457363.84 2015 12  7  8  2   2457363.88 2015 12  7  9  2   2457363.92 2015 12  7 10  1
 2457365.05 2015 12  8 13  7   2457365.09 2015 12  8 14  7   2457365.13 2015 12  8 15  7
 2457366.26 2015 12  9 18 13   2457366.30 2015 12  9 19 12   2457366.34 2015 12  9 20 12
 2457367.47 2015 12 10 23 18   2457367.51 2015 12 11  0 17   2457367.55 2015 12 11  1 17
 2457368.68 2015 12 12  4 23   2457368.72 2015 12 12  5 22   2457368.77 2015 12 12  6 22
 2457369.89 2015 12 13  9 28   2457369.94 2015 12 13 10 28   2457369.98 2015 12 13 11 27
 2457371.11 2015 12 14 14 33   2457371.15 2015 12 14 15 33   2457371.19 2015 12 14 16 32
 2457372.32 2015 12 15 19 38   2457372.36 2015 12 15 20 38   2457372.40 2015 12 15 21 38
 2457373.53 2015 12 17  0 43   2457373.57 2015 12 17  1 43   2457373.61 2015 12 17  2 43
 2457374.74 2015 12 18  5 49   2457374.78 2015 12 18  6 48   2457374.83 2015 12 18  7 48
 2457375.95 2015 12 19 10 54   2457376.00 2015 12 19 11 53   2457376.04 2015 12 19 12 53
 2457377.17 2015 12 20 15 59   2457377.21 2015 12 20 16 59   2457377.25 2015 12 20 17 58
 2457378.38 2015 12 21 21  4   2457378.42 2015 12 21 22  4   2457378.46 2015 12 21 23  3
 2457379.59 2015 12 23  2  9   2457379.63 2015 12 23  3  9   2457379.67 2015 12 23  4  8
 2457380.80 2015 12 24  7 14   2457380.84 2015 12 24  8 14   2457380.88 2015 12 24  9 14
 2457382.01 2015 12 25 12 19   2457382.06 2015 12 25 13 19   2457382.10 2015 12 25 14 19
 2457383.23 2015 12 26 17 25   2457383.27 2015 12 26 18 24   2457383.31 2015 12 26 19 24
 2457384.44 2015 12 27 22 30   2457384.48 2015 12 27 23 29   2457384.52 2015 12 28  0 29
 2457385.65 2015 12 29  3 35   2457385.69 2015 12 29  4 35   2457385.73 2015 12 29  5 34
 2457386.86 2015 12 30  8 40   2457386.90 2015 12 30  9 40   2457386.94 2015 12 30 10 39
 2457388.07 2015 12 31 13 45   2457388.11 2015 12 31 14 45   2457388.16 2015 12 31 15 44
 2457389.29 2016  1  1 18 50   2457389.33 2016  1  1 19 50   2457389.37 2016  1  1 20 50
 2457390.50 2016  1  2 23 56   2457390.54 2016  1  3  0 55   2457390.58 2016  1  3  1 55
 2457391.71 2016  1  4  5  1   2457391.75 2016  1  4  6  0   2457391.79 2016  1  4  7  0
 2457392.92 2016  1  5 10  6   2457392.96 2016  1  5 11  5   2457393.00 2016  1  5 12  5
 2457394.13 2016  1  6 15 11   2457394.17 2016  1  6 16 11   2457394.22 2016  1  6 17 10
 2457395.34 2016  1  7 20 16   2457395.39 2016  1  7 21 16   2457395.43 2016  1  7 22 15
 2457396.56 2016  1  9  1 21   2457396.60 2016  1  9  2 21   2457396.64 2016  1  9  3 21
 2457397.77 2016  1 10  6 26   2457397.81 2016  1 10  7 26   2457397.85 2016  1 10  8 26
 2457398.98 2016  1 11 11 32   2457399.02 2016  1 11 12 31   2457399.06 2016  1 11 13 31
 2457400.19 2016  1 12 16 37   2457400.23 2016  1 12 17 36   2457400.28 2016  1 12 18 36
 2457401.40 2016  1 13 21 42   2457401.45 2016  1 13 22 41   2457401.49 2016  1 13 23 41
 2457402.62 2016  1 15  2 47   2457402.66 2016  1 15  3 47   2457402.70 2016  1 15  4 46
 2457403.83 2016  1 16  7 52   2457403.87 2016  1 16  8 52   2457403.91 2016  1 16  9 51
 2457405.04 2016  1 17 12 57   2457405.08 2016  1 17 13 57   2457405.12 2016  1 17 14 57
 2457406.25 2016  1 18 18  2   2457406.29 2016  1 18 19  2   2457406.33 2016  1 18 20  2
 2457407.46 2016  1 19 23  8   2457407.51 2016  1 20  0  7   2457407.55 2016  1 20  1  7
 2457408.68 2016  1 21  4 13   2457408.72 2016  1 21  5 12   2457408.76 2016  1 21  6 12
 2457409.89 2016  1 22  9 18   2457409.93 2016  1 22 10 18   2457409.97 2016  1 22 11 17
 2457411.10 2016  1 23 14 23   2457411.14 2016  1 23 15 23   2457411.18 2016  1 23 16 22
 2457412.31 2016  1 24 19 28   2457412.35 2016  1 24 20 28   2457412.39 2016  1 24 21 28
 2457413.52 2016  1 26  0 33   2457413.56 2016  1 26  1 33   2457413.61 2016  1 26  2 33
 2457414.74 2016  1 27  5 38   2457414.78 2016  1 27  6 38   2457414.82 2016  1 27  7 38
 2457415.95 2016  1 28 10 44   2457415.99 2016  1 28 11 43   2457416.03 2016  1 28 12 43
 2457417.16 2016  1 29 15 49   2457417.20 2016  1 29 16 48   2457417.24 2016  1 29 17 48
 2457418.37 2016  1 30 20 54   2457418.41 2016  1 30 21 54   2457418.45 2016  1 30 22 53
 2457419.58 2016  2  1  1 59   2457419.62 2016  2  1  2 59   2457419.67 2016  2  1  3 58
 2457420.79 2016  2  2  7  4   2457420.84 2016  2  2  8  4   2457420.88 2016  2  2  9  4
 2457422.01 2016  2  3 12  9   2457422.05 2016  2  3 13  9   2457422.09 2016  2  3 14  9
 2457423.22 2016  2  4 17 14   2457423.26 2016  2  4 18 14   2457423.30 2016  2  4 19 14
 2457424.43 2016  2  5 22 20   2457424.47 2016  2  5 23 19   2457424.51 2016  2  6  0 19
 2457425.64 2016  2  7  3 25   2457425.68 2016  2  7  4 24   2457425.73 2016  2  7  5 24
 2457426.85 2016  2  8  8 30   2457426.90 2016  2  8  9 30   2457426.94 2016  2  8 10 29
 2457428.07 2016  2  9 13 35   2457428.11 2016  2  9 14 35   2457428.15 2016  2  9 15 34
 2457429.28 2016  2 10 18 40   2457429.32 2016  2 10 19 40   2457429.36 2016  2 10 20 40
 2457430.49 2016  2 11 23 45   2457430.53 2016  2 12  0 45   2457430.57 2016  2 12  1 45
 2457431.70 2016  2 13  4 51   2457431.74 2016  2 13  5 50   2457431.79 2016  2 13  6 50
 2457432.91 2016  2 14  9 56   2457432.96 2016  2 14 10 55   2457433.00 2016  2 14 11 55
 2457434.13 2016  2 15 15  1   2457434.17 2016  2 15 16  1   2457434.21 2016  2 15 17  0
 2457435.34 2016  2 16 20  6   2457435.38 2016  2 16 21  6   2457435.42 2016  2 16 22  5
 2457436.55 2016  2 18  1 11   2457436.59 2016  2 18  2 11   2457436.63 2016  2 18  3 11
 2457437.76 2016  2 19  6 16   2457437.80 2016  2 19  7 16   2457437.84 2016  2 19  8 16
 2457438.97 2016  2 20 11 21   2457439.02 2016  2 20 12 21   2457439.06 2016  2 20 13 21
 2457440.19 2016  2 21 16 27   2457440.23 2016  2 21 17 26   2457440.27 2016  2 21 18 26
 2457441.40 2016  2 22 21 32   2457441.44 2016  2 22 22 31   2457441.48 2016  2 22 23 31
 2457442.61 2016  2 24  2 37   2457442.65 2016  2 24  3 37   2457442.69 2016  2 24  4 36
 2457443.82 2016  2 25  7 42   2457443.86 2016  2 25  8 42   2457443.90 2016  2 25  9 41
 2457445.03 2016  2 26 12 47   2457445.07 2016  2 26 13 47   2457445.12 2016  2 26 14 47
 2457446.24 2016  2 27 17 52   2457446.29 2016  2 27 18 52   2457446.33 2016  2 27 19 52
 2457447.46 2016  2 28 22 57   2457447.50 2016  2 28 23 57   2457447.54 2016  2 29  0 57
 2457448.67 2016  3  1  4  3   2457448.71 2016  3  1  5  2   2457448.75 2016  3  1  6  2
 2457449.88 2016  3  2  9  8   2457449.92 2016  3  2 10  7   2457449.96 2016  3  2 11  7
 2457451.09 2016  3  3 14 13   2457451.13 2016  3  3 15 13   2457451.18 2016  3  3 16 12
 2457452.30 2016  3  4 19 18   2457452.35 2016  3  4 20 18   2457452.39 2016  3  4 21 17
 2457453.52 2016  3  6  0 23   2457453.56 2016  3  6  1 23   2457453.60 2016  3  6  2 23
 2457454.73 2016  3  7  5 28   2457454.77 2016  3  7  6 28   2457454.81 2016  3  7  7 28
 2457455.94 2016  3  8 10 33   2457455.98 2016  3  8 11 33   2457456.02 2016  3  8 12 33
 2457457.15 2016  3  9 15 39   2457457.19 2016  3  9 16 38   2457457.24 2016  3  9 17 38
 2457458.36 2016  3 10 20 44   2457458.41 2016  3 10 21 43   2457458.45 2016  3 10 22 43
 2457459.58 2016  3 12  1 49   2457459.62 2016  3 12  2 49   2457459.66 2016  3 12  3 48
 2457460.79 2016  3 13  6 54   2457460.83 2016  3 13  7 54   2457460.87 2016  3 13  8 54
 2457462.00 2016  3 14 11 59   2457462.04 2016  3 14 12 59   2457462.08 2016  3 14 13 59
 2457463.21 2016  3 15 17  4   2457463.25 2016  3 15 18  4   2457463.29 2016  3 15 19  4
 2457464.42 2016  3 16 22 10   2457464.47 2016  3 16 23  9   2457464.51 2016  3 17  0  9
 2457465.64 2016  3 18  3 15   2457465.68 2016  3 18  4 14   2457465.72 2016  3 18  5 14
 2457466.85 2016  3 19  8 20   2457466.89 2016  3 19  9 20   2457466.93 2016  3 19 10 19
 2457468.06 2016  3 20 13 25   2457468.10 2016  3 20 14 25   2457468.14 2016  3 20 15 24
 2457469.27 2016  3 21 18 30   2457469.31 2016  3 21 19 30   2457469.35 2016  3 21 20 30
 2457470.48 2016  3 22 23 35   2457470.52 2016  3 23  0 35   2457470.57 2016  3 23  1 35
 2457471.70 2016  3 24  4 40   2457471.74 2016  3 24  5 40   2457471.78 2016  3 24  6 40
 2457472.91 2016  3 25  9 46   2457472.95 2016  3 25 10 45   2457472.99 2016  3 25 11 45
 2457474.12 2016  3 26 14 51   2457474.16 2016  3 26 15 50   2457474.20 2016  3 26 16 50
 2457475.33 2016  3 27 19 56   2457475.37 2016  3 27 20 56   2457475.41 2016  3 27 21 55
 2457476.54 2016  3 29  1  1   2457476.58 2016  3 29  2  1   2457476.63 2016  3 29  3  0
 2457477.75 2016  3 30  6  6   2457477.80 2016  3 30  7  6   2457477.84 2016  3 30  8  6
 2457478.97 2016  3 31 11 11   2457479.01 2016  3 31 12 11   2457479.05 2016  3 31 13 11
 2457480.18 2016  4  1 16 16   2457480.22 2016  4  1 17 16   2457480.26 2016  4  1 18 16
 2457481.39 2016  4  2 21 22   2457481.43 2016  4  2 22 21   2457481.47 2016  4  2 23 21
 2457482.60 2016  4  4  2 27   2457482.64 2016  4  4  3 26   2457482.69 2016  4  4  4 26
 2457483.81 2016  4  5  7 32   2457483.86 2016  4  5  8 32   2457483.90 2016  4  5  9 31
 2457485.03 2016  4  6 12 37   2457485.07 2016  4  6 13 37   2457485.11 2016  4  6 14 37
 2457486.24 2016  4  7 17 42   2457486.28 2016  4  7 18 42   2457486.32 2016  4  7 19 42
 2457487.45 2016  4  8 22 47   2457487.49 2016  4  8 23 47   2457487.53 2016  4  9  0 47
 2457488.66 2016  4 10  3 52   2457488.70 2016  4 10  4 52   2457488.74 2016  4 10  5 52
 2457489.87 2016  4 11  8 58   2457489.92 2016  4 11  9 57   2457489.96 2016  4 11 10 57
 2457491.09 2016  4 12 14  3   2457491.13 2016  4 12 15  3   2457491.17 2016  4 12 16  2
 2457492.30 2016  4 13 19  8   2457492.34 2016  4 13 20  8   2457492.38 2016  4 13 21  7
 2457493.51 2016  4 15  0 13   2457493.55 2016  4 15  1 13   2457493.59 2016  4 15  2 13
 2457494.72 2016  4 16  5 18   2457494.76 2016  4 16  6 18   2457494.80 2016  4 16  7 18
 2457495.93 2016  4 17 10 23   2457495.97 2016  4 17 11 23   2457496.02 2016  4 17 12 23
 2457497.15 2016  4 18 15 28   2457497.19 2016  4 18 16 28   2457497.23 2016  4 18 17 28
 2457498.36 2016  4 19 20 34   2457498.40 2016  4 19 21 33   2457498.44 2016  4 19 22 33
 2457499.57 2016  4 21  1 39   2457499.61 2016  4 21  2 39   2457499.65 2016  4 21  3 38
 2457500.78 2016  4 22  6 44   2457500.82 2016  4 22  7 44   2457500.86 2016  4 22  8 43
 2457501.99 2016  4 23 11 49   2457502.03 2016  4 23 12 49   2457502.08 2016  4 23 13 49
 2457503.20 2016  4 24 16 54   2457503.25 2016  4 24 17 54   2457503.29 2016  4 24 18 54
 2457504.42 2016  4 25 21 59   2457504.46 2016  4 25 22 59   2457504.50 2016  4 25 23 59
 2457505.63 2016  4 27  3  5   2457505.67 2016  4 27  4  4   2457505.71 2016  4 27  5  4
 2457506.84 2016  4 28  8 10   2457506.88 2016  4 28  9  9   2457506.92 2016  4 28 10  9
 2457508.05 2016  4 29 13 15   2457508.09 2016  4 29 14 15   2457508.14 2016  4 29 15 14
 2457509.26 2016  4 30 18 20   2457509.31 2016  4 30 19 20   2457509.35 2016  4 30 20 20
 2457510.48 2016  5  1 23 25   2457510.52 2016  5  2  0 25   2457510.56 2016  5  2  1 25
 2457511.69 2016  5  3  4 30   2457511.73 2016  5  3  5 30   2457511.77 2016  5  3  6 30
 2457512.90 2016  5  4  9 35   2457512.94 2016  5  4 10 35   2457512.98 2016  5  4 11 35
 2457514.11 2016  5  5 14 41   2457514.15 2016  5  5 15 40   2457514.19 2016  5  5 16 40
 2457515.32 2016  5  6 19 46   2457515.37 2016  5  6 20 45   2457515.41 2016  5  6 21 45
 2457516.54 2016  5  8  0 51   2457516.58 2016  5  8  1 51   2457516.62 2016  5  8  2 50
 2457517.75 2016  5  9  5 56   2457517.79 2016  5  9  6 56   2457517.83 2016  5  9  7 56
 2457518.96 2016  5 10 11  1   2457519.00 2016  5 10 12  1   2457519.04 2016  5 10 13  1
 2457520.17 2016  5 11 16  6   2457520.21 2016  5 11 17  6   2457520.25 2016  5 11 18  6
 2457521.38 2016  5 12 21 11   2457521.42 2016  5 12 22 11   2457521.47 2016  5 12 23 11
 2457522.60 2016  5 14  2 17   2457522.64 2016  5 14  3 16   2457522.68 2016  5 14  4 16
 2457523.81 2016  5 15  7 22   2457523.85 2016  5 15  8 22   2457523.89 2016  5 15  9 21
 2457525.02 2016  5 16 12 27   2457525.06 2016  5 16 13 27   2457525.10 2016  5 16 14 26
 2457526.23 2016  5 17 17 32   2457526.27 2016  5 17 18 32   2457526.31 2016  5 17 19 32
 2457527.44 2016  5 18 22 37   2457527.48 2016  5 18 23 37   2457527.53 2016  5 19  0 37
 2457528.65 2016  5 20  3 42   2457528.70 2016  5 20  4 42   2457528.74 2016  5 20  5 42
 2457529.87 2016  5 21  8 47   2457529.91 2016  5 21  9 47   2457529.95 2016  5 21 10 47
 2457531.08 2016  5 22 13 53   2457531.12 2016  5 22 14 52   2457531.16 2016  5 22 15 52
 2457532.29 2016  5 23 18 58   2457532.33 2016  5 23 19 58   2457532.37 2016  5 23 20 57
 2457533.50 2016  5 25  0  3   2457533.54 2016  5 25  1  3   2457533.59 2016  5 25  2  3
 2457534.71 2016  5 26  5  8   2457534.76 2016  5 26  6  8   2457534.80 2016  5 26  7  8
 2457535.93 2016  5 27 10 13   2457535.97 2016  5 27 11 13   2457536.01 2016  5 27 12 13
 2457537.14 2016  5 28 15 18   2457537.18 2016  5 28 16 18   2457537.22 2016  5 28 17 18
 2457538.35 2016  5 29 20 24   2457538.39 2016  5 29 21 23   2457538.43 2016  5 29 22 23
 2457539.56 2016  5 31  1 29   2457539.60 2016  5 31  2 28   2457539.64 2016  5 31  3 28
 2457540.77 2016  6  1  6 34   2457540.82 2016  6  1  7 34   2457540.86 2016  6  1  8 33
 2457541.99 2016  6  2 11 39   2457542.03 2016  6  2 12 39   2457542.07 2016  6  2 13 39
 2457543.20 2016  6  3 16 44   2457543.24 2016  6  3 17 44   2457543.28 2016  6  3 18 44
 2457544.41 2016  6  4 21 49   2457544.45 2016  6  4 22 49   2457544.49 2016  6  4 23 49
 2457545.62 2016  6  6  2 54   2457545.66 2016  6  6  3 54   2457545.70 2016  6  6  4 54
 2457546.83 2016  6  7  8  0   2457546.87 2016  6  7  8 59   2457546.92 2016  6  7  9 59
 2457548.05 2016  6  8 13  5   2457548.09 2016  6  8 14  5   2457548.13 2016  6  8 15  4
 2457549.26 2016  6  9 18 10   2457549.30 2016  6  9 19 10   2457549.34 2016  6  9 20 10
 2457550.47 2016  6 10 23 15   2457550.51 2016  6 11  0 15   2457550.55 2016  6 11  1 15
 2457551.68 2016  6 12  4 20   2457551.72 2016  6 12  5 20   2457551.76 2016  6 12  6 20
 2457552.89 2016  6 13  9 25   2457552.93 2016  6 13 10 25   2457552.98 2016  6 13 11 25
 2457554.10 2016  6 14 14 30   2457554.15 2016  6 14 15 30   2457554.19 2016  6 14 16 30
 2457555.32 2016  6 15 19 36   2457555.36 2016  6 15 20 35   2457555.40 2016  6 15 21 35
 2457556.53 2016  6 17  0 41   2457556.57 2016  6 17  1 41   2457556.61 2016  6 17  2 40
 2457557.74 2016  6 18  5 46   2457557.78 2016  6 18  6 46   2457557.82 2016  6 18  7 46
 2457558.95 2016  6 19 10 51   2457558.99 2016  6 19 11 51   2457559.04 2016  6 19 12 51
 2457560.16 2016  6 20 15 56   2457560.21 2016  6 20 16 56   2457560.25 2016  6 20 17 56
 2457561.38 2016  6 21 21  1   2457561.42 2016  6 21 22  1   2457561.46 2016  6 21 23  1
 2457562.59 2016  6 23  2  6   2457562.63 2016  6 23  3  6   2457562.67 2016  6 23  4  6
 2457563.80 2016  6 24  7 12   2457563.84 2016  6 24  8 11   2457563.88 2016  6 24  9 11
 2457565.01 2016  6 25 12 17   2457565.05 2016  6 25 13 17   2457565.10 2016  6 25 14 16
 2457566.22 2016  6 26 17 22   2457566.27 2016  6 26 18 22   2457566.31 2016  6 26 19 22
 2457567.44 2016  6 27 22 27   2457567.48 2016  6 27 23 27   2457567.52 2016  6 28  0 27
 2457568.65 2016  6 29  3 32   2457568.69 2016  6 29  4 32   2457568.73 2016  6 29  5 32
 2457569.86 2016  6 30  8 37   2457569.90 2016  6 30  9 37   2457569.94 2016  6 30 10 37
 2457571.07 2016  7  1 13 42   2457571.11 2016  7  1 14 42   2457571.15 2016  7  1 15 42
 2457572.28 2016  7  2 18 48   2457572.33 2016  7  2 19 48   2457572.37 2016  7  2 20 47
 2457573.50 2016  7  3 23 53   2457573.54 2016  7  4  0 53   2457573.58 2016  7  4  1 53
 2457574.71 2016  7  5  4 58   2457574.75 2016  7  5  5 58   2457574.79 2016  7  5  6 58
 2457575.92 2016  7  6 10  3   2457575.96 2016  7  6 11  3   2457576.00 2016  7  6 12  3
 2457577.13 2016  7  7 15  8   2457577.17 2016  7  7 16  8   2457577.21 2016  7  7 17  8
 2457578.34 2016  7  8 20 13   2457578.38 2016  7  8 21 13   2457578.43 2016  7  8 22 13
 2457579.55 2016  7 10  1 19   2457579.60 2016  7 10  2 18   2457579.64 2016  7 10  3 18
 2457580.77 2016  7 11  6 24   2457580.81 2016  7 11  7 24   2457580.85 2016  7 11  8 23
 2457581.98 2016  7 12 11 29   2457582.02 2016  7 12 12 29   2457582.06 2016  7 12 13 29
 2457583.19 2016  7 13 16 34   2457583.23 2016  7 13 17 34   2457583.27 2016  7 13 18 34
 2457584.40 2016  7 14 21 39   2457584.44 2016  7 14 22 39   2457584.49 2016  7 14 23 39
 2457585.61 2016  7 16  2 44   2457585.66 2016  7 16  3 44   2457585.70 2016  7 16  4 44
 2457586.83 2016  7 17  7 49   2457586.87 2016  7 17  8 49   2457586.91 2016  7 17  9 49
 2457588.04 2016  7 18 12 55   2457588.08 2016  7 18 13 54   2457588.12 2016  7 18 14 54
 2457589.25 2016  7 19 18  0   2457589.29 2016  7 19 19  0   2457589.33 2016  7 19 19 59
 2457590.46 2016  7 20 23  5   2457590.50 2016  7 21  0  5   2457590.55 2016  7 21  1  5
 2457591.67 2016  7 22  4 10   2457591.72 2016  7 22  5 10   2457591.76 2016  7 22  6 10
 2457592.89 2016  7 23  9 15   2457592.93 2016  7 23 10 15   2457592.97 2016  7 23 11 15
 2457594.10 2016  7 24 14 20   2457594.14 2016  7 24 15 20   2457594.18 2016  7 24 16 20
 2457595.31 2016  7 25 19 25   2457595.35 2016  7 25 20 25   2457595.39 2016  7 25 21 25
 2457596.52 2016  7 27  0 31   2457596.56 2016  7 27  1 30   2457596.60 2016  7 27  2 30
 2457597.73 2016  7 28  5 36   2457597.78 2016  7 28  6 36   2457597.82 2016  7 28  7 36
 2457598.95 2016  7 29 10 41   2457598.99 2016  7 29 11 41   2457599.03 2016  7 29 12 41
 2457600.16 2016  7 30 15 46   2457600.20 2016  7 30 16 46   2457600.24 2016  7 30 17 46
 2457601.37 2016  7 31 20 51   2457601.41 2016  7 31 21 51   2457601.45 2016  7 31 22 51
 2457602.58 2016  8  2  1 56   2457602.62 2016  8  2  2 56   2457602.66 2016  8  2  3 56
 2457603.79 2016  8  3  7  1   2457603.83 2016  8  3  8  1   2457603.88 2016  8  3  9  1
 2457605.00 2016  8  4 12  7   2457605.05 2016  8  4 13  7   2457605.09 2016  8  4 14  6
 2457606.22 2016  8  5 17 12   2457606.26 2016  8  5 18 12   2457606.30 2016  8  5 19 12
 2457607.43 2016  8  6 22 17   2457607.47 2016  8  6 23 17   2457607.51 2016  8  7  0 17
