 Predicted Transit Epochs: OGLETR132 b

Observed Transit Duration:  146.0 Minutes

 Begin Transit Window           PREDICTED CENTRAL TRANSIT     End Transit Window
                                     All Times UT

                               HJD        Year M  D  H  M
 2454464.01 2007 12 29 12 21   2454464.07 2007 12 29 13 37   2454464.12 2007 12 29 14 54
 2454465.70 2007 12 31  4 54   2454465.76 2007 12 31  6 11   2454465.81 2007 12 31  7 28
 2454467.39 2008  1  1 21 27   2454467.45 2008  1  1 22 44   2454467.50 2008  1  2  0  1
 2454469.08 2008  1  3 14  1   2454469.14 2008  1  3 15 18   2454469.19 2008  1  3 16 34
 2454470.77 2008  1  5  6 34   2454470.83 2008  1  5  7 51   2454470.88 2008  1  5  9  8
 2454472.46 2008  1  6 23  8   2454472.52 2008  1  7  0 24   2454472.57 2008  1  7  1 41
 2454474.15 2008  1  8 15 41   2454474.21 2008  1  8 16 58   2454474.26 2008  1  8 18 15
 2454475.84 2008  1 10  8 14   2454475.90 2008  1 10  9 31   2454475.95 2008  1 10 10 48
 2454477.53 2008  1 12  0 48   2454477.59 2008  1 12  2  5   2454477.64 2008  1 12  3 22
 2454479.22 2008  1 13 17 21   2454479.28 2008  1 13 18 38   2454479.33 2008  1 13 19 55
 2454480.91 2008  1 15  9 55   2454480.97 2008  1 15 11 11   2454481.02 2008  1 15 12 28
 2454482.60 2008  1 17  2 28   2454482.66 2008  1 17  3 45   2454482.71 2008  1 17  5  2
 2454484.29 2008  1 18 19  1   2454484.35 2008  1 18 20 18   2454484.40 2008  1 18 21 35
 2454485.98 2008  1 20 11 35   2454486.04 2008  1 20 12 52   2454486.09 2008  1 20 14  9
 2454487.67 2008  1 22  4  8   2454487.73 2008  1 22  5 25   2454487.78 2008  1 22  6 42
 2454489.36 2008  1 23 20 42   2454489.42 2008  1 23 21 59   2454489.47 2008  1 23 23 15
 2454491.05 2008  1 25 13 15   2454491.11 2008  1 25 14 32   2454491.16 2008  1 25 15 49
 2454492.74 2008  1 27  5 48   2454492.80 2008  1 27  7  5   2454492.85 2008  1 27  8 22
 2454494.43 2008  1 28 22 22   2454494.49 2008  1 28 23 39   2454494.54 2008  1 29  0 56
 2454496.12 2008  1 30 14 55   2454496.18 2008  1 30 16 12   2454496.23 2008  1 30 17 29
 2454497.81 2008  2  1  7 29   2454497.87 2008  2  1  8 46   2454497.92 2008  2  1 10  2
 2454499.50 2008  2  3  0  2   2454499.56 2008  2  3  1 19   2454499.61 2008  2  3  2 36
 2454501.19 2008  2  4 16 35   2454501.25 2008  2  4 17 52   2454501.30 2008  2  4 19  9
 2454502.88 2008  2  6  9  9   2454502.93 2008  2  6 10 26   2454502.99 2008  2  6 11 43
 2454504.57 2008  2  8  1 42   2454504.62 2008  2  8  2 59   2454504.68 2008  2  8  4 16
 2454506.26 2008  2  9 18 16   2454506.31 2008  2  9 19 33   2454506.37 2008  2  9 20 50
 2454507.95 2008  2 11 10 49   2454508.00 2008  2 11 12  6   2454508.06 2008  2 11 13 23
 2454509.64 2008  2 13  3 23   2454509.69 2008  2 13  4 39   2454509.75 2008  2 13  5 56
 2454511.33 2008  2 14 19 56   2454511.38 2008  2 14 21 13   2454511.44 2008  2 14 22 30
 2454513.02 2008  2 16 12 29   2454513.07 2008  2 16 13 46   2454513.13 2008  2 16 15  3
 2454514.71 2008  2 18  5  3   2454514.76 2008  2 18  6 20   2454514.82 2008  2 18  7 37
 2454516.40 2008  2 19 21 36   2454516.45 2008  2 19 22 53   2454516.51 2008  2 20  0 10
 2454518.09 2008  2 21 14 10   2454518.14 2008  2 21 15 27   2454518.20 2008  2 21 16 43
 2454519.78 2008  2 23  6 43   2454519.83 2008  2 23  8  0   2454519.89 2008  2 23  9 17
 2454521.47 2008  2 24 23 16   2454521.52 2008  2 25  0 33   2454521.58 2008  2 25  1 50
 2454523.16 2008  2 26 15 50   2454523.21 2008  2 26 17  7   2454523.27 2008  2 26 18 24
 2454524.85 2008  2 28  8 23   2454524.90 2008  2 28  9 40   2454524.96 2008  2 28 10 57
 2454526.54 2008  3  1  0 57   2454526.59 2008  3  1  2 14   2454526.65 2008  3  1  3 31
 2454528.23 2008  3  2 17 30   2454528.28 2008  3  2 18 47   2454528.34 2008  3  2 20  4
 2454529.92 2008  3  4 10  3   2454529.97 2008  3  4 11 20   2454530.03 2008  3  4 12 37
 2454531.61 2008  3  6  2 37   2454531.66 2008  3  6  3 54   2454531.72 2008  3  6  5 11
 2454533.30 2008  3  7 19 10   2454533.35 2008  3  7 20 27   2454533.41 2008  3  7 21 44
 2454534.99 2008  3  9 11 44   2454535.04 2008  3  9 13  1   2454535.10 2008  3  9 14 18
 2454536.68 2008  3 11  4 17   2454536.73 2008  3 11  5 34   2454536.79 2008  3 11  6 51
 2454538.37 2008  3 12 20 50   2454538.42 2008  3 12 22  7   2454538.48 2008  3 12 23 24
 2454540.06 2008  3 14 13 24   2454540.11 2008  3 14 14 41   2454540.17 2008  3 14 15 58
 2454541.75 2008  3 16  5 57   2454541.80 2008  3 16  7 14   2454541.86 2008  3 16  8 31
 2454543.44 2008  3 17 22 31   2454543.49 2008  3 17 23 48   2454543.55 2008  3 18  1  5
 2454545.13 2008  3 19 15  4   2454545.18 2008  3 19 16 21   2454545.24 2008  3 19 17 38
 2454546.82 2008  3 21  7 37   2454546.87 2008  3 21  8 54   2454546.92 2008  3 21 10 11
 2454548.51 2008  3 23  0 11   2454548.56 2008  3 23  1 28   2454548.61 2008  3 23  2 45
 2454550.20 2008  3 24 16 44   2454550.25 2008  3 24 18  1   2454550.30 2008  3 24 19 18
 2454551.89 2008  3 26  9 18   2454551.94 2008  3 26 10 35   2454551.99 2008  3 26 11 52
 2454553.58 2008  3 28  1 51   2454553.63 2008  3 28  3  8   2454553.68 2008  3 28  4 25
 2454555.27 2008  3 29 18 24   2454555.32 2008  3 29 19 42   2454555.37 2008  3 29 20 59
 2454556.96 2008  3 31 10 58   2454557.01 2008  3 31 12 15   2454557.06 2008  3 31 13 32
 2454558.65 2008  4  2  3 31   2454558.70 2008  4  2  4 48   2454558.75 2008  4  2  6  5
 2454560.34 2008  4  3 20  5   2454560.39 2008  4  3 21 22   2454560.44 2008  4  3 22 39
 2454562.03 2008  4  5 12 38   2454562.08 2008  4  5 13 55   2454562.13 2008  4  5 15 12
 2454563.72 2008  4  7  5 12   2454563.77 2008  4  7  6 29   2454563.82 2008  4  7  7 46
 2454565.41 2008  4  8 21 45   2454565.46 2008  4  8 23  2   2454565.51 2008  4  9  0 19
 2454567.10 2008  4 10 14 18   2454567.15 2008  4 10 15 35   2454567.20 2008  4 10 16 52
 2454568.79 2008  4 12  6 52   2454568.84 2008  4 12  8  9   2454568.89 2008  4 12  9 26
 2454570.48 2008  4 13 23 25   2454570.53 2008  4 14  0 42   2454570.58 2008  4 14  1 59
 2454572.17 2008  4 15 15 59   2454572.22 2008  4 15 17 16   2454572.27 2008  4 15 18 33
 2454573.86 2008  4 17  8 32   2454573.91 2008  4 17  9 49   2454573.96 2008  4 17 11  6
 2454575.55 2008  4 19  1  5   2454575.60 2008  4 19  2 22   2454575.65 2008  4 19  3 40
 2454577.24 2008  4 20 17 39   2454577.29 2008  4 20 18 56   2454577.34 2008  4 20 20 13
 2454578.93 2008  4 22 10 12   2454578.98 2008  4 22 11 29   2454579.03 2008  4 22 12 46
 2454580.62 2008  4 24  2 46   2454580.67 2008  4 24  4  3   2454580.72 2008  4 24  5 20
 2454582.31 2008  4 25 19 19   2454582.36 2008  4 25 20 36   2454582.41 2008  4 25 21 53
 2454584.00 2008  4 27 11 52   2454584.05 2008  4 27 13  9   2454584.10 2008  4 27 14 27
 2454585.68 2008  4 29  4 26   2454585.74 2008  4 29  5 43   2454585.79 2008  4 29  7  0
 2454587.37 2008  4 30 20 59   2454587.43 2008  4 30 22 16   2454587.48 2008  4 30 23 33
 2454589.06 2008  5  2 13 33   2454589.12 2008  5  2 14 50   2454589.17 2008  5  2 16  7
 2454590.75 2008  5  4  6  6   2454590.81 2008  5  4  7 23   2454590.86 2008  5  4  8 40
 2454592.44 2008  5  5 22 39   2454592.50 2008  5  5 23 57   2454592.55 2008  5  6  1 14
 2454594.13 2008  5  7 15 13   2454594.19 2008  5  7 16 30   2454594.24 2008  5  7 17 47
 2454595.82 2008  5  9  7 46   2454595.88 2008  5  9  9  3   2454595.93 2008  5  9 10 21
 2454597.51 2008  5 11  0 20   2454597.57 2008  5 11  1 37   2454597.62 2008  5 11  2 54
 2454599.20 2008  5 12 16 53   2454599.26 2008  5 12 18 10   2454599.31 2008  5 12 19 27
 2454600.89 2008  5 14  9 26   2454600.95 2008  5 14 10 44   2454601.00 2008  5 14 12  1
 2454602.58 2008  5 16  2  0   2454602.64 2008  5 16  3 17   2454602.69 2008  5 16  4 34
 2454604.27 2008  5 17 18 33   2454604.33 2008  5 17 19 50   2454604.38 2008  5 17 21  8
 2454605.96 2008  5 19 11  7   2454606.02 2008  5 19 12 24   2454606.07 2008  5 19 13 41
 2454607.65 2008  5 21  3 40   2454607.71 2008  5 21  4 57   2454607.76 2008  5 21  6 14
 2454609.34 2008  5 22 20 13   2454609.40 2008  5 22 21 31   2454609.45 2008  5 22 22 48
 2454611.03 2008  5 24 12 47   2454611.09 2008  5 24 14  4   2454611.14 2008  5 24 15 21
 2454612.72 2008  5 26  5 20   2454612.78 2008  5 26  6 37   2454612.83 2008  5 26  7 55
 2454614.41 2008  5 27 21 54   2454614.47 2008  5 27 23 11   2454614.52 2008  5 28  0 28
 2454616.10 2008  5 29 14 27   2454616.16 2008  5 29 15 44   2454616.21 2008  5 29 17  1
 2454617.79 2008  5 31  7  0   2454617.85 2008  5 31  8 18   2454617.90 2008  5 31  9 35
 2454619.48 2008  6  1 23 34   2454619.54 2008  6  2  0 51   2454619.59 2008  6  2  2  8
 2454621.17 2008  6  3 16  7   2454621.23 2008  6  3 17 25   2454621.28 2008  6  3 18 42
 2454622.86 2008  6  5  8 41   2454622.92 2008  6  5  9 58   2454622.97 2008  6  5 11 15
 2454624.55 2008  6  7  1 14   2454624.61 2008  6  7  2 31   2454624.66 2008  6  7  3 49
 2454626.24 2008  6  8 17 48   2454626.30 2008  6  8 19  5   2454626.35 2008  6  8 20 22
 2454627.93 2008  6 10 10 21   2454627.99 2008  6 10 11 38   2454628.04 2008  6 10 12 55
 2454629.62 2008  6 12  2 54   2454629.68 2008  6 12  4 12   2454629.73 2008  6 12  5 29
 2454631.31 2008  6 13 19 28   2454631.36 2008  6 13 20 45   2454631.42 2008  6 13 22  2
 2454633.00 2008  6 15 12  1   2454633.05 2008  6 15 13 18   2454633.11 2008  6 15 14 36
 2454634.69 2008  6 17  4 35   2454634.74 2008  6 17  5 52   2454634.80 2008  6 17  7  9
 2454636.38 2008  6 18 21  8   2454636.43 2008  6 18 22 25   2454636.49 2008  6 18 23 42
 2454638.07 2008  6 20 13 41   2454638.12 2008  6 20 14 59   2454638.18 2008  6 20 16 16
 2454639.76 2008  6 22  6 15   2454639.81 2008  6 22  7 32   2454639.87 2008  6 22  8 49
 2454641.45 2008  6 23 22 48   2454641.50 2008  6 24  0  5   2454641.56 2008  6 24  1 23
 2454643.14 2008  6 25 15 22   2454643.19 2008  6 25 16 39   2454643.25 2008  6 25 17 56
 2454644.83 2008  6 27  7 55   2454644.88 2008  6 27  9 12   2454644.94 2008  6 27 10 30
 2454646.52 2008  6 29  0 28   2454646.57 2008  6 29  1 46   2454646.63 2008  6 29  3  3
 2454648.21 2008  6 30 17  2   2454648.26 2008  6 30 18 19   2454648.32 2008  6 30 19 36
 2454649.90 2008  7  2  9 35   2454649.95 2008  7  2 10 52   2454650.01 2008  7  2 12 10
 2454651.59 2008  7  4  2  9   2454651.64 2008  7  4  3 26   2454651.70 2008  7  4  4 43
 2454653.28 2008  7  5 18 42   2454653.33 2008  7  5 19 59   2454653.39 2008  7  5 21 17
 2454654.97 2008  7  7 11 15   2454655.02 2008  7  7 12 33   2454655.08 2008  7  7 13 50
 2454656.66 2008  7  9  3 49   2454656.71 2008  7  9  5  6   2454656.77 2008  7  9  6 23
 2454658.35 2008  7 10 20 22   2454658.40 2008  7 10 21 40   2454658.46 2008  7 10 22 57
 2454660.04 2008  7 12 12 56   2454660.09 2008  7 12 14 13   2454660.15 2008  7 12 15 30
 2454661.73 2008  7 14  5 29   2454661.78 2008  7 14  6 46   2454661.84 2008  7 14  8  4
 2454663.42 2008  7 15 22  2   2454663.47 2008  7 15 23 20   2454663.53 2008  7 16  0 37
 2454665.11 2008  7 17 14 36   2454665.16 2008  7 17 15 53   2454665.22 2008  7 17 17 10
 2454666.80 2008  7 19  7  9   2454666.85 2008  7 19  8 27   2454666.91 2008  7 19  9 44
 2454668.49 2008  7 20 23 43   2454668.54 2008  7 21  1  0   2454668.60 2008  7 21  2 17
 2454670.18 2008  7 22 16 16   2454670.23 2008  7 22 17 33   2454670.29 2008  7 22 18 51
 2454671.87 2008  7 24  8 49   2454671.92 2008  7 24 10  7   2454671.98 2008  7 24 11 24
 2454673.56 2008  7 26  1 23   2454673.61 2008  7 26  2 40   2454673.67 2008  7 26  3 58
 2454675.25 2008  7 27 17 56   2454675.30 2008  7 27 19 14   2454675.36 2008  7 27 20 31
 2454676.94 2008  7 29 10 30   2454676.99 2008  7 29 11 47   2454677.05 2008  7 29 13  4
 2454678.63 2008  7 31  3  3   2454678.68 2008  7 31  4 20   2454678.73 2008  7 31  5 38
 2454680.32 2008  8  1 19 36   2454680.37 2008  8  1 20 54   2454680.42 2008  8  1 22 11
 2454682.01 2008  8  3 12 10   2454682.06 2008  8  3 13 27   2454682.11 2008  8  3 14 45
 2454683.70 2008  8  5  4 43   2454683.75 2008  8  5  6  1   2454683.80 2008  8  5  7 18
 2454685.39 2008  8  6 21 17   2454685.44 2008  8  6 22 34   2454685.49 2008  8  6 23 51
 2454687.08 2008  8  8 13 50   2454687.13 2008  8  8 15  7   2454687.18 2008  8  8 16 25
 2454688.77 2008  8 10  6 24   2454688.82 2008  8 10  7 41   2454688.87 2008  8 10  8 58
 2454690.46 2008  8 11 22 57   2454690.51 2008  8 12  0 14   2454690.56 2008  8 12  1 32
 2454692.15 2008  8 13 15 30   2454692.20 2008  8 13 16 48   2454692.25 2008  8 13 18  5
 2454693.84 2008  8 15  8  4   2454693.89 2008  8 15  9 21   2454693.94 2008  8 15 10 39
 2454695.53 2008  8 17  0 37   2454695.58 2008  8 17  1 55   2454695.63 2008  8 17  3 12
 2454697.22 2008  8 18 17 11   2454697.27 2008  8 18 18 28   2454697.32 2008  8 18 19 45
 2454698.91 2008  8 20  9 44   2454698.96 2008  8 20 11  1   2454699.01 2008  8 20 12 19
 2454700.60 2008  8 22  2 17   2454700.65 2008  8 22  3 35   2454700.70 2008  8 22  4 52
 2454702.29 2008  8 23 18 51   2454702.34 2008  8 23 20  8   2454702.39 2008  8 23 21 26
 2454703.98 2008  8 25 11 24   2454704.03 2008  8 25 12 42   2454704.08 2008  8 25 13 59
 2454705.67 2008  8 27  3 58   2454705.72 2008  8 27  5 15   2454705.77 2008  8 27  6 32
 2454707.36 2008  8 28 20 31   2454707.41 2008  8 28 21 48   2454707.46 2008  8 28 23  6
 2454709.05 2008  8 30 13  4   2454709.10 2008  8 30 14 22   2454709.15 2008  8 30 15 39
 2454710.73 2008  9  1  5 38   2454710.79 2008  9  1  6 55   2454710.84 2008  9  1  8 13
 2454712.42 2008  9  2 22 11   2454712.48 2008  9  2 23 29   2454712.53 2008  9  3  0 46
 2454714.11 2008  9  4 14 45   2454714.17 2008  9  4 16  2   2454714.22 2008  9  4 17 20
 2454715.80 2008  9  6  7 18   2454715.86 2008  9  6  8 35   2454715.91 2008  9  6  9 53
 2454717.49 2008  9  7 23 51   2454717.55 2008  9  8  1  9   2454717.60 2008  9  8  2 26
 2454719.18 2008  9  9 16 25   2454719.24 2008  9  9 17 42   2454719.29 2008  9  9 19  0
 2454720.87 2008  9 11  8 58   2454720.93 2008  9 11 10 16   2454720.98 2008  9 11 11 33
 2454722.56 2008  9 13  1 32   2454722.62 2008  9 13  2 49   2454722.67 2008  9 13  4  7
 2454724.25 2008  9 14 18  5   2454724.31 2008  9 14 19 23   2454724.36 2008  9 14 20 40
 2454725.94 2008  9 16 10 38   2454726.00 2008  9 16 11 56   2454726.05 2008  9 16 13 13
 2454727.63 2008  9 18  3 12   2454727.69 2008  9 18  4 29   2454727.74 2008  9 18  5 47
 2454729.32 2008  9 19 19 45   2454729.38 2008  9 19 21  3   2454729.43 2008  9 19 22 20
 2454731.01 2008  9 21 12 19   2454731.07 2008  9 21 13 36   2454731.12 2008  9 21 14 54
 2454732.70 2008  9 23  4 52   2454732.76 2008  9 23  6 10   2454732.81 2008  9 23  7 27
 2454734.39 2008  9 24 21 25   2454734.45 2008  9 24 22 43   2454734.50 2008  9 25  0  0
 2454736.08 2008  9 26 13 59   2454736.14 2008  9 26 15 16   2454736.19 2008  9 26 16 34
 2454737.77 2008  9 28  6 32   2454737.83 2008  9 28  7 50   2454737.88 2008  9 28  9  7
 2454739.46 2008  9 29 23  6   2454739.52 2008  9 30  0 23   2454739.57 2008  9 30  1 41
 2454741.15 2008 10  1 15 39   2454741.21 2008 10  1 16 57   2454741.26 2008 10  1 18 14
 2454742.84 2008 10  3  8 12   2454742.90 2008 10  3  9 30   2454742.95 2008 10  3 10 48
 2454744.53 2008 10  5  0 46   2454744.59 2008 10  5  2  3   2454744.64 2008 10  5  3 21
 2454746.22 2008 10  6 17 19   2454746.28 2008 10  6 18 37   2454746.33 2008 10  6 19 54
 2454747.91 2008 10  8  9 53   2454747.97 2008 10  8 11 10   2454748.02 2008 10  8 12 28
 2454749.60 2008 10 10  2 26   2454749.66 2008 10 10  3 44   2454749.71 2008 10 10  5  1
 2454751.29 2008 10 11 19  0   2454751.35 2008 10 11 20 17   2454751.40 2008 10 11 21 35
 2454752.98 2008 10 13 11 33   2454753.04 2008 10 13 12 50   2454753.09 2008 10 13 14  8
 2454754.67 2008 10 15  4  6   2454754.73 2008 10 15  5 24   2454754.78 2008 10 15  6 41
 2454756.36 2008 10 16 20 40   2454756.42 2008 10 16 21 57   2454756.47 2008 10 16 23 15
 2454758.05 2008 10 18 13 13   2454758.11 2008 10 18 14 31   2454758.16 2008 10 18 15 48
 2454759.74 2008 10 20  5 47   2454759.79 2008 10 20  7  4   2454759.85 2008 10 20  8 22
 2454761.43 2008 10 21 22 20   2454761.48 2008 10 21 23 38   2454761.54 2008 10 22  0 55
 2454763.12 2008 10 23 14 53   2454763.17 2008 10 23 16 11   2454763.23 2008 10 23 17 29
 2454764.81 2008 10 25  7 27   2454764.86 2008 10 25  8 44   2454764.92 2008 10 25 10  2
 2454766.50 2008 10 27  0  0   2454766.55 2008 10 27  1 18   2454766.61 2008 10 27  2 35
 2454768.19 2008 10 28 16 34   2454768.24 2008 10 28 17 51   2454768.30 2008 10 28 19  9
 2454769.88 2008 10 30  9  7   2454769.93 2008 10 30 10 25   2454769.99 2008 10 30 11 42
 2454771.57 2008 11  1  1 40   2454771.62 2008 11  1  2 58   2454771.68 2008 11  1  4 16
 2454773.26 2008 11  2 18 14   2454773.31 2008 11  2 19 31   2454773.37 2008 11  2 20 49
 2454774.95 2008 11  4 10 47   2454775.00 2008 11  4 12  5   2454775.06 2008 11  4 13 22
 2454776.64 2008 11  6  3 21   2454776.69 2008 11  6  4 38   2454776.75 2008 11  6  5 56
 2454778.33 2008 11  7 19 54   2454778.38 2008 11  7 21 12   2454778.44 2008 11  7 22 29
 2454780.02 2008 11  9 12 27   2454780.07 2008 11  9 13 45   2454780.13 2008 11  9 15  3
 2454781.71 2008 11 11  5  1   2454781.76 2008 11 11  6 18   2454781.82 2008 11 11  7 36
 2454783.40 2008 11 12 21 34   2454783.45 2008 11 12 22 52   2454783.51 2008 11 13  0  9
 2454785.09 2008 11 14 14  8   2454785.14 2008 11 14 15 25   2454785.20 2008 11 14 16 43
 2454786.78 2008 11 16  6 41   2454786.83 2008 11 16  7 59   2454786.89 2008 11 16  9 16
 2454788.47 2008 11 17 23 14   2454788.52 2008 11 18  0 32   2454788.58 2008 11 18  1 50
 2454790.16 2008 11 19 15 48   2454790.21 2008 11 19 17  6   2454790.27 2008 11 19 18 23
 2454791.85 2008 11 21  8 21   2454791.90 2008 11 21  9 39   2454791.96 2008 11 21 10 57
 2454793.54 2008 11 23  0 55   2454793.59 2008 11 23  2 12   2454793.65 2008 11 23  3 30
 2454795.23 2008 11 24 17 28   2454795.28 2008 11 24 18 46   2454795.34 2008 11 24 20  3
 2454796.92 2008 11 26 10  1   2454796.97 2008 11 26 11 19   2454797.03 2008 11 26 12 37
 2454798.61 2008 11 28  2 35   2454798.66 2008 11 28  3 53   2454798.72 2008 11 28  5 10
 2454800.30 2008 11 29 19  8   2454800.35 2008 11 29 20 26   2454800.41 2008 11 29 21 44
 2454801.99 2008 12  1 11 42   2454802.04 2008 12  1 12 59   2454802.10 2008 12  1 14 17
 2454803.68 2008 12  3  4 15   2454803.73 2008 12  3  5 33   2454803.79 2008 12  3  6 50
 2454805.37 2008 12  4 20 49   2454805.42 2008 12  4 22  6   2454805.48 2008 12  4 23 24
 2454807.06 2008 12  6 13 22   2454807.11 2008 12  6 14 40   2454807.17 2008 12  6 15 57
 2454808.75 2008 12  8  5 55   2454808.80 2008 12  8  7 13   2454808.86 2008 12  8  8 31
 2454810.44 2008 12  9 22 29   2454810.49 2008 12  9 23 46   2454810.54 2008 12 10  1  4
 2454812.13 2008 12 11 15  2   2454812.18 2008 12 11 16 20   2454812.23 2008 12 11 17 38
 2454813.82 2008 12 13  7 36   2454813.87 2008 12 13  8 53   2454813.92 2008 12 13 10 11
 2454815.51 2008 12 15  0  9   2454815.56 2008 12 15  1 27   2454815.61 2008 12 15  2 44
 2454817.20 2008 12 16 16 42   2454817.25 2008 12 16 18  0   2454817.30 2008 12 16 19 18
 2454818.89 2008 12 18  9 16   2454818.94 2008 12 18 10 33   2454818.99 2008 12 18 11 51
 2454820.58 2008 12 20  1 49   2454820.63 2008 12 20  3  7   2454820.68 2008 12 20  4 25
 2454822.27 2008 12 21 18 23   2454822.32 2008 12 21 19 40   2454822.37 2008 12 21 20 58
 2454823.96 2008 12 23 10 56   2454824.01 2008 12 23 12 14   2454824.06 2008 12 23 13 31
 2454825.65 2008 12 25  3 29   2454825.70 2008 12 25  4 47   2454825.75 2008 12 25  6  5
 2454827.34 2008 12 26 20  3   2454827.39 2008 12 26 21 21   2454827.44 2008 12 26 22 38
 2454829.03 2008 12 28 12 36   2454829.08 2008 12 28 13 54   2454829.13 2008 12 28 15 12
 2454830.72 2008 12 30  5 10   2454830.77 2008 12 30  6 27   2454830.82 2008 12 30  7 45
 2454832.41 2008 12 31 21 43   2454832.46 2008 12 31 23  1   2454832.51 2009  1  1  0 18
 2454834.10 2009  1  2 14 16   2454834.15 2009  1  2 15 34   2454834.20 2009  1  2 16 52
 2454835.78 2009  1  4  6 50   2454835.84 2009  1  4  8  8   2454835.89 2009  1  4  9 25
 2454837.47 2009  1  5 23 23   2454837.53 2009  1  6  0 41   2454837.58 2009  1  6  1 59
 2454839.16 2009  1  7 15 57   2454839.22 2009  1  7 17 14   2454839.27 2009  1  7 18 32
 2454840.85 2009  1  9  8 30   2454840.91 2009  1  9  9 48   2454840.96 2009  1  9 11  6
 2454842.54 2009  1 11  1  3   2454842.60 2009  1 11  2 21   2454842.65 2009  1 11  3 39
 2454844.23 2009  1 12 17 37   2454844.29 2009  1 12 18 55   2454844.34 2009  1 12 20 12
 2454845.92 2009  1 14 10 10   2454845.98 2009  1 14 11 28   2454846.03 2009  1 14 12 46
 2454847.61 2009  1 16  2 44   2454847.67 2009  1 16  4  1   2454847.72 2009  1 16  5 19
 2454849.30 2009  1 17 19 17   2454849.36 2009  1 17 20 35   2454849.41 2009  1 17 21 53
 2454850.99 2009  1 19 11 50   2454851.05 2009  1 19 13  8   2454851.10 2009  1 19 14 26
 2454852.68 2009  1 21  4 24   2454852.74 2009  1 21  5 42   2454852.79 2009  1 21  6 59
 2454854.37 2009  1 22 20 57   2454854.43 2009  1 22 22 15   2454854.48 2009  1 22 23 33
 2454856.06 2009  1 24 13 31   2454856.12 2009  1 24 14 48   2454856.17 2009  1 24 16  6
 2454857.75 2009  1 26  6  4   2454857.81 2009  1 26  7 22   2454857.86 2009  1 26  8 40
 2454859.44 2009  1 27 22 37   2454859.50 2009  1 27 23 55   2454859.55 2009  1 28  1 13
 2454861.13 2009  1 29 15 11   2454861.19 2009  1 29 16 29   2454861.24 2009  1 29 17 47
 2454862.82 2009  1 31  7 44   2454862.88 2009  1 31  9  2   2454862.93 2009  1 31 10 20
 2454864.51 2009  2  2  0 18   2454864.57 2009  2  2  1 36   2454864.62 2009  2  2  2 53
 2454866.20 2009  2  3 16 51   2454866.26 2009  2  3 18  9   2454866.31 2009  2  3 19 27
 2454867.89 2009  2  5  9 25   2454867.95 2009  2  5 10 42   2454868.00 2009  2  5 12  0
 2454869.58 2009  2  7  1 58   2454869.64 2009  2  7  3 16   2454869.69 2009  2  7  4 34
 2454871.27 2009  2  8 18 31   2454871.33 2009  2  8 19 49   2454871.38 2009  2  8 21  7
 2454872.96 2009  2 10 11  5   2454873.02 2009  2 10 12 23   2454873.07 2009  2 10 13 40
 2454874.65 2009  2 12  3 38   2454874.71 2009  2 12  4 56   2454874.76 2009  2 12  6 14
 2454876.34 2009  2 13 20 12   2454876.40 2009  2 13 21 29   2454876.45 2009  2 13 22 47
 2454878.03 2009  2 15 12 45   2454878.09 2009  2 15 14  3   2454878.14 2009  2 15 15 21
 2454879.72 2009  2 17  5 18   2454879.78 2009  2 17  6 36   2454879.83 2009  2 17  7 54
 2454881.41 2009  2 18 21 52   2454881.47 2009  2 18 23 10   2454881.52 2009  2 19  0 28
 2454883.10 2009  2 20 14 25   2454883.16 2009  2 20 15 43   2454883.21 2009  2 20 17  1
 2454884.79 2009  2 22  6 59   2454884.85 2009  2 22  8 16   2454884.90 2009  2 22  9 34
 2454886.48 2009  2 23 23 32   2454886.53 2009  2 24  0 50   2454886.59 2009  2 24  2  8
 2454888.17 2009  2 25 16  5   2454888.22 2009  2 25 17 23   2454888.28 2009  2 25 18 41
 2454889.86 2009  2 27  8 39   2454889.91 2009  2 27  9 57   2454889.97 2009  2 27 11 15
 2454891.55 2009  3  1  1 12   2454891.60 2009  3  1  2 30   2454891.66 2009  3  1  3 48
 2454893.24 2009  3  2 17 46   2454893.29 2009  3  2 19  4   2454893.35 2009  3  2 20 21
 2454894.93 2009  3  4 10 19   2454894.98 2009  3  4 11 37   2454895.04 2009  3  4 12 55
 2454896.62 2009  3  6  2 52   2454896.67 2009  3  6  4 10   2454896.73 2009  3  6  5 28
 2454898.31 2009  3  7 19 26   2454898.36 2009  3  7 20 44   2454898.42 2009  3  7 22  2
 2454900.00 2009  3  9 11 59   2454900.05 2009  3  9 13 17   2454900.11 2009  3  9 14 35
 2454901.69 2009  3 11  4 33   2454901.74 2009  3 11  5 51   2454901.80 2009  3 11  7  8
 2454903.38 2009  3 12 21  6   2454903.43 2009  3 12 22 24   2454903.49 2009  3 12 23 42
 2454905.07 2009  3 14 13 39   2454905.12 2009  3 14 14 57   2454905.18 2009  3 14 16 15
 2454906.76 2009  3 16  6 13   2454906.81 2009  3 16  7 31   2454906.87 2009  3 16  8 49
 2454908.45 2009  3 17 22 46   2454908.50 2009  3 18  0  4   2454908.56 2009  3 18  1 22
 2454910.14 2009  3 19 15 20   2454910.19 2009  3 19 16 38   2454910.25 2009  3 19 17 56
 2454911.83 2009  3 21  7 53   2454911.88 2009  3 21  9 11   2454911.94 2009  3 21 10 29
 2454913.52 2009  3 23  0 26   2454913.57 2009  3 23  1 44   2454913.63 2009  3 23  3  2
 2454915.21 2009  3 24 17  0   2454915.26 2009  3 24 18 18   2454915.32 2009  3 24 19 36
 2454916.90 2009  3 26  9 33   2454916.95 2009  3 26 10 51   2454917.01 2009  3 26 12  9
 2454918.59 2009  3 28  2  7   2454918.64 2009  3 28  3 25   2454918.70 2009  3 28  4 43
 2454920.28 2009  3 29 18 40   2454920.33 2009  3 29 19 58   2454920.39 2009  3 29 21 16
 2454921.97 2009  3 31 11 13   2454922.02 2009  3 31 12 31   2454922.08 2009  3 31 13 49
 2454923.66 2009  4  2  3 47   2454923.71 2009  4  2  5  5   2454923.77 2009  4  2  6 23
 2454925.35 2009  4  3 20 20   2454925.40 2009  4  3 21 38   2454925.46 2009  4  3 22 56
 2454927.04 2009  4  5 12 54   2454927.09 2009  4  5 14 12   2454927.15 2009  4  5 15 30
 2454928.73 2009  4  7  5 27   2454928.78 2009  4  7  6 45   2454928.84 2009  4  7  8  3
 2454930.42 2009  4  8 22  1   2454930.47 2009  4  8 23 19   2454930.53 2009  4  9  0 37
 2454932.11 2009  4 10 14 34   2454932.16 2009  4 10 15 52   2454932.22 2009  4 10 17 10
 2454933.80 2009  4 12  7  7   2454933.85 2009  4 12  8 25   2454933.91 2009  4 12  9 43
 2454935.49 2009  4 13 23 41   2454935.54 2009  4 14  0 59   2454935.60 2009  4 14  2 17
 2454937.18 2009  4 15 16 14   2454937.23 2009  4 15 17 32   2454937.29 2009  4 15 18 50
 2454938.87 2009  4 17  8 48   2454938.92 2009  4 17 10  6   2454938.98 2009  4 17 11 24
 2454940.56 2009  4 19  1 21   2454940.61 2009  4 19  2 39   2454940.66 2009  4 19  3 57
 2454942.25 2009  4 20 17 54   2454942.30 2009  4 20 19 12   2454942.35 2009  4 20 20 30
 2454943.94 2009  4 22 10 28   2454943.99 2009  4 22 11 46   2454944.04 2009  4 22 13  4
 2454945.63 2009  4 24  3  1   2454945.68 2009  4 24  4 19   2454945.73 2009  4 24  5 37
 2454947.32 2009  4 25 19 35   2454947.37 2009  4 25 20 53   2454947.42 2009  4 25 22 11
 2454949.01 2009  4 27 12  8   2454949.06 2009  4 27 13 26   2454949.11 2009  4 27 14 44
 2454950.70 2009  4 29  4 41   2454950.75 2009  4 29  5 59   2454950.80 2009  4 29  7 17
 2454952.39 2009  4 30 21 15   2454952.44 2009  4 30 22 33   2454952.49 2009  4 30 23 51
 2454954.08 2009  5  2 13 48   2454954.13 2009  5  2 15  6   2454954.18 2009  5  2 16 24
 2454955.77 2009  5  4  6 22   2454955.82 2009  5  4  7 40   2454955.87 2009  5  4  8 58
 2454957.46 2009  5  5 22 55   2454957.51 2009  5  6  0 13   2454957.56 2009  5  6  1 31
 2454959.15 2009  5  7 15 28   2454959.20 2009  5  7 16 46   2454959.25 2009  5  7 18  5
 2454960.83 2009  5  9  8  2   2454960.89 2009  5  9  9 20   2454960.94 2009  5  9 10 38
 2454962.52 2009  5 11  0 35   2454962.58 2009  5 11  1 53   2454962.63 2009  5 11  3 11
 2454964.21 2009  5 12 17  9   2454964.27 2009  5 12 18 27   2454964.32 2009  5 12 19 45
 2454965.90 2009  5 14  9 42   2454965.96 2009  5 14 11  0   2454966.01 2009  5 14 12 18
 2454967.59 2009  5 16  2 15   2454967.65 2009  5 16  3 34   2454967.70 2009  5 16  4 52
 2454969.28 2009  5 17 18 49   2454969.34 2009  5 17 20  7   2454969.39 2009  5 17 21 25
 2454970.97 2009  5 19 11 22   2454971.03 2009  5 19 12 40   2454971.08 2009  5 19 13 58
 2454972.66 2009  5 21  3 56   2454972.72 2009  5 21  5 14   2454972.77 2009  5 21  6 32
 2454974.35 2009  5 22 20 29   2454974.41 2009  5 22 21 47   2454974.46 2009  5 22 23  5
 2454976.04 2009  5 24 13  2   2454976.10 2009  5 24 14 21   2454976.15 2009  5 24 15 39
 2454977.73 2009  5 26  5 36   2454977.79 2009  5 26  6 54   2454977.84 2009  5 26  8 12
 2454979.42 2009  5 27 22  9   2454979.48 2009  5 27 23 27   2454979.53 2009  5 28  0 46
 2454981.11 2009  5 29 14 43   2454981.17 2009  5 29 16  1   2454981.22 2009  5 29 17 19
 2454982.80 2009  5 31  7 16   2454982.86 2009  5 31  8 34   2454982.91 2009  5 31  9 52
 2454984.49 2009  6  1 23 50   2454984.55 2009  6  2  1  8   2454984.60 2009  6  2  2 26
 2454986.18 2009  6  3 16 23   2454986.24 2009  6  3 17 41   2454986.29 2009  6  3 18 59
 2454987.87 2009  6  5  8 56   2454987.93 2009  6  5 10 14   2454987.98 2009  6  5 11 33
 2454989.56 2009  6  7  1 30   2454989.62 2009  6  7  2 48   2454989.67 2009  6  7  4  6
 2454991.25 2009  6  8 18  3   2454991.31 2009  6  8 19 21   2454991.36 2009  6  8 20 39
 2454992.94 2009  6 10 10 37   2454993.00 2009  6 10 11 55   2454993.05 2009  6 10 13 13
 2454994.63 2009  6 12  3 10   2454994.69 2009  6 12  4 28   2454994.74 2009  6 12  5 46
 2454996.32 2009  6 13 19 43   2454996.38 2009  6 13 21  2   2454996.43 2009  6 13 22 20
 2454998.01 2009  6 15 12 17   2454998.07 2009  6 15 13 35   2454998.12 2009  6 15 14 53
 2454999.70 2009  6 17  4 50   2454999.76 2009  6 17  6  8   2454999.81 2009  6 17  7 27
 2455001.39 2009  6 18 21 24   2455001.45 2009  6 18 22 42   2455001.50 2009  6 19  0  0
 2455003.08 2009  6 20 13 57   2455003.14 2009  6 20 15 15   2455003.19 2009  6 20 16 33
 2455004.77 2009  6 22  6 30   2455004.83 2009  6 22  7 49   2455004.88 2009  6 22  9  7
 2455006.46 2009  6 23 23  4   2455006.52 2009  6 24  0 22   2455006.57 2009  6 24  1 40
 2455008.15 2009  6 25 15 37   2455008.21 2009  6 25 16 55   2455008.26 2009  6 25 18 14
 2455009.84 2009  6 27  8 11   2455009.90 2009  6 27  9 29   2455009.95 2009  6 27 10 47
 2455011.53 2009  6 29  0 44   2455011.59 2009  6 29  2  2   2455011.64 2009  6 29  3 20
 2455013.22 2009  6 30 17 17   2455013.28 2009  6 30 18 36   2455013.33 2009  6 30 19 54
 2455014.91 2009  7  2  9 51   2455014.96 2009  7  2 11  9   2455015.02 2009  7  2 12 27
 2455016.60 2009  7  4  2 24   2455016.65 2009  7  4  3 42   2455016.71 2009  7  4  5  1
 2455018.29 2009  7  5 18 58   2455018.34 2009  7  5 20 16   2455018.40 2009  7  5 21 34
 2455019.98 2009  7  7 11 31   2455020.03 2009  7  7 12 49   2455020.09 2009  7  7 14  7
 2455021.67 2009  7  9  4  4   2455021.72 2009  7  9  5 23   2455021.78 2009  7  9  6 41
 2455023.36 2009  7 10 20 38   2455023.41 2009  7 10 21 56   2455023.47 2009  7 10 23 14
 2455025.05 2009  7 12 13 11   2455025.10 2009  7 12 14 29   2455025.16 2009  7 12 15 48
 2455026.74 2009  7 14  5 45   2455026.79 2009  7 14  7  3   2455026.85 2009  7 14  8 21
 2455028.43 2009  7 15 22 18   2455028.48 2009  7 15 23 36   2455028.54 2009  7 16  0 55
 2455030.12 2009  7 17 14 51   2455030.17 2009  7 17 16 10   2455030.23 2009  7 17 17 28
 2455031.81 2009  7 19  7 25   2455031.86 2009  7 19  8 43   2455031.92 2009  7 19 10  1
 2455033.50 2009  7 20 23 58   2455033.55 2009  7 21  1 17   2455033.61 2009  7 21  2 35
 2455035.19 2009  7 22 16 32   2455035.24 2009  7 22 17 50   2455035.30 2009  7 22 19  8
 2455036.88 2009  7 24  9  5   2455036.93 2009  7 24 10 23   2455036.99 2009  7 24 11 42
 2455038.57 2009  7 26  1 38   2455038.62 2009  7 26  2 57   2455038.68 2009  7 26  4 15
 2455040.26 2009  7 27 18 12   2455040.31 2009  7 27 19 30   2455040.37 2009  7 27 20 48
 2455041.95 2009  7 29 10 45   2455042.00 2009  7 29 12  4   2455042.06 2009  7 29 13 22
 2455043.64 2009  7 31  3 19   2455043.69 2009  7 31  4 37   2455043.75 2009  7 31  5 55
 2455045.33 2009  8  1 19 52   2455045.38 2009  8  1 21 10   2455045.44 2009  8  1 22 29
 2455047.02 2009  8  3 12 26   2455047.07 2009  8  3 13 44   2455047.13 2009  8  3 15  2
 2455048.71 2009  8  5  4 59   2455048.76 2009  8  5  6 17   2455048.82 2009  8  5  7 36
 2455050.40 2009  8  6 21 32   2455050.45 2009  8  6 22 51   2455050.51 2009  8  7  0  9
 2455052.09 2009  8  8 14  6   2455052.14 2009  8  8 15 24   2455052.20 2009  8  8 16 42
 2455053.78 2009  8 10  6 39   2455053.83 2009  8 10  7 57   2455053.89 2009  8 10  9 16
 2455055.47 2009  8 11 23 13   2455055.52 2009  8 12  0 31   2455055.58 2009  8 12  1 49
 2455057.16 2009  8 13 15 46   2455057.21 2009  8 13 17  4   2455057.27 2009  8 13 18 23
 2455058.85 2009  8 15  8 19   2455058.90 2009  8 15  9 38   2455058.96 2009  8 15 10 56
 2455060.54 2009  8 17  0 53   2455060.59 2009  8 17  2 11   2455060.65 2009  8 17  3 29
 2455062.23 2009  8 18 17 26   2455062.28 2009  8 18 18 44   2455062.34 2009  8 18 20  3
 2455063.92 2009  8 20 10  0   2455063.97 2009  8 20 11 18   2455064.03 2009  8 20 12 36
 2455065.61 2009  8 22  2 33   2455065.66 2009  8 22  3 51   2455065.72 2009  8 22  5 10
 2455067.30 2009  8 23 19  6   2455067.35 2009  8 23 20 25   2455067.41 2009  8 23 21 43
 2455068.99 2009  8 25 11 40   2455069.04 2009  8 25 12 58   2455069.10 2009  8 25 14 16
 2455070.68 2009  8 27  4 13   2455070.73 2009  8 27  5 32   2455070.79 2009  8 27  6 50
 2455072.37 2009  8 28 20 47   2455072.42 2009  8 28 22  5   2455072.47 2009  8 28 23 23
 2455074.06 2009  8 30 13 20   2455074.11 2009  8 30 14 38   2455074.16 2009  8 30 15 57
 2455075.75 2009  9  1  5 53   2455075.80 2009  9  1  7 12   2455075.85 2009  9  1  8 30
 2455077.44 2009  9  2 22 27   2455077.49 2009  9  2 23 45   2455077.54 2009  9  3  1  4
 2455079.13 2009  9  4 15  0   2455079.18 2009  9  4 16 19   2455079.23 2009  9  4 17 37
 2455080.82 2009  9  6  7 34   2455080.87 2009  9  6  8 52   2455080.92 2009  9  6 10 10
 2455082.51 2009  9  8  0  7   2455082.56 2009  9  8  1 25   2455082.61 2009  9  8  2 44
 2455084.20 2009  9  9 16 40   2455084.25 2009  9  9 17 59   2455084.30 2009  9  9 19 17
 2455085.88 2009  9 11  9 14   2455085.94 2009  9 11 10 32   2455085.99 2009  9 11 11 51
 2455087.57 2009  9 13  1 47   2455087.63 2009  9 13  3  6   2455087.68 2009  9 13  4 24
 2455089.26 2009  9 14 18 21   2455089.32 2009  9 14 19 39   2455089.37 2009  9 14 20 57
 2455090.95 2009  9 16 10 54   2455091.01 2009  9 16 12 12   2455091.06 2009  9 16 13 31
 2455092.64 2009  9 18  3 27   2455092.70 2009  9 18  4 46   2455092.75 2009  9 18  6  4
 2455094.33 2009  9 19 20  1   2455094.39 2009  9 19 21 19   2455094.44 2009  9 19 22 38
 2455096.02 2009  9 21 12 34   2455096.08 2009  9 21 13 53   2455096.13 2009  9 21 15 11
 2455097.71 2009  9 23  5  8   2455097.77 2009  9 23  6 26   2455097.82 2009  9 23  7 45
 2455099.40 2009  9 24 21 41   2455099.46 2009  9 24 23  0   2455099.51 2009  9 25  0 18
 2455101.09 2009  9 26 14 14   2455101.15 2009  9 26 15 33   2455101.20 2009  9 26 16 51
 2455102.78 2009  9 28  6 48   2455102.84 2009  9 28  8  6   2455102.89 2009  9 28  9 25
 2455104.47 2009  9 29 23 21   2455104.53 2009  9 30  0 40   2455104.58 2009  9 30  1 58
 2455106.16 2009 10  1 15 55   2455106.22 2009 10  1 17 13   2455106.27 2009 10  1 18 32
 2455107.85 2009 10  3  8 28   2455107.91 2009 10  3  9 47   2455107.96 2009 10  3 11  5
 2455109.54 2009 10  5  1  2   2455109.60 2009 10  5  2 20   2455109.65 2009 10  5  3 38
 2455111.23 2009 10  6 17 35   2455111.29 2009 10  6 18 53   2455111.34 2009 10  6 20 12
 2455112.92 2009 10  8 10  8   2455112.98 2009 10  8 11 27   2455113.03 2009 10  8 12 45
 2455114.61 2009 10 10  2 42   2455114.67 2009 10 10  4  0   2455114.72 2009 10 10  5 19
 2455116.30 2009 10 11 19 15   2455116.36 2009 10 11 20 34   2455116.41 2009 10 11 21 52
 2455117.99 2009 10 13 11 49   2455118.05 2009 10 13 13  7   2455118.10 2009 10 13 14 26
 2455119.68 2009 10 15  4 22   2455119.74 2009 10 15  5 40   2455119.79 2009 10 15  6 59
 2455121.37 2009 10 16 20 55   2455121.43 2009 10 16 22 14   2455121.48 2009 10 16 23 32
 2455123.06 2009 10 18 13 29   2455123.12 2009 10 18 14 47   2455123.17 2009 10 18 16  6
 2455124.75 2009 10 20  6  2   2455124.81 2009 10 20  7 21   2455124.86 2009 10 20  8 39
 2455126.44 2009 10 21 22 36   2455126.50 2009 10 21 23 54   2455126.55 2009 10 22  1 13
 2455128.13 2009 10 23 15  9   2455128.19 2009 10 23 16 27   2455128.24 2009 10 23 17 46
 2455129.82 2009 10 25  7 42   2455129.88 2009 10 25  9  1   2455129.93 2009 10 25 10 19
 2455131.51 2009 10 27  0 16   2455131.57 2009 10 27  1 34   2455131.62 2009 10 27  2 53
 2455133.20 2009 10 28 16 49   2455133.26 2009 10 28 18  8   2455133.31 2009 10 28 19 26
 2455134.89 2009 10 30  9 23   2455134.95 2009 10 30 10 41   2455135.00 2009 10 30 12  0
 2455136.58 2009 11  1  1 56   2455136.64 2009 11  1  3 15   2455136.69 2009 11  1  4 33
 2455138.27 2009 11  2 18 29   2455138.33 2009 11  2 19 48   2455138.38 2009 11  2 21  6
 2455139.96 2009 11  4 11  3   2455140.02 2009 11  4 12 21   2455140.07 2009 11  4 13 40
 2455141.65 2009 11  6  3 36   2455141.71 2009 11  6  4 55   2455141.76 2009 11  6  6 13
 2455143.34 2009 11  7 20 10   2455143.39 2009 11  7 21 28   2455143.45 2009 11  7 22 47
 2455145.03 2009 11  9 12 43   2455145.08 2009 11  9 14  2   2455145.14 2009 11  9 15 20
 2455146.72 2009 11 11  5 16   2455146.77 2009 11 11  6 35   2455146.83 2009 11 11  7 54
 2455148.41 2009 11 12 21 50   2455148.46 2009 11 12 23  8   2455148.52 2009 11 13  0 27
 2455150.10 2009 11 14 14 23   2455150.15 2009 11 14 15 42   2455150.21 2009 11 14 17  0
 2455151.79 2009 11 16  6 57   2455151.84 2009 11 16  8 15   2455151.90 2009 11 16  9 34
 2455153.48 2009 11 17 23 30   2455153.53 2009 11 18  0 49   2455153.59 2009 11 18  2  7
 2455155.17 2009 11 19 16  3   2455155.22 2009 11 19 17 22   2455155.28 2009 11 19 18 41
 2455156.86 2009 11 21  8 37   2455156.91 2009 11 21  9 55   2455156.97 2009 11 21 11 14
 2455158.55 2009 11 23  1 10   2455158.60 2009 11 23  2 29   2455158.66 2009 11 23  3 47
 2455160.24 2009 11 24 17 44   2455160.29 2009 11 24 19  2   2455160.35 2009 11 24 20 21
 2455161.93 2009 11 26 10 17   2455161.98 2009 11 26 11 36   2455162.04 2009 11 26 12 54
 2455163.62 2009 11 28  2 50   2455163.67 2009 11 28  4  9   2455163.73 2009 11 28  5 28
 2455165.31 2009 11 29 19 24   2455165.36 2009 11 29 20 43   2455165.42 2009 11 29 22  1
 2455167.00 2009 12  1 11 57   2455167.05 2009 12  1 13 16   2455167.11 2009 12  1 14 35
 2455168.69 2009 12  3  4 31   2455168.74 2009 12  3  5 49   2455168.80 2009 12  3  7  8
 2455170.38 2009 12  4 21  4   2455170.43 2009 12  4 22 23   2455170.49 2009 12  4 23 41
 2455172.07 2009 12  6 13 38   2455172.12 2009 12  6 14 56   2455172.18 2009 12  6 16 15
 2455173.76 2009 12  8  6 11   2455173.81 2009 12  8  7 30   2455173.87 2009 12  8  8 48
 2455175.45 2009 12  9 22 44   2455175.50 2009 12 10  0  3   2455175.56 2009 12 10  1 22
 2455177.14 2009 12 11 15 18   2455177.19 2009 12 11 16 36   2455177.25 2009 12 11 17 55
 2455178.83 2009 12 13  7 51   2455178.88 2009 12 13  9 10   2455178.94 2009 12 13 10 28
 2455180.52 2009 12 15  0 25   2455180.57 2009 12 15  1 43   2455180.63 2009 12 15  3  2
 2455182.21 2009 12 16 16 58   2455182.26 2009 12 16 18 17   2455182.32 2009 12 16 19 35
 2455183.90 2009 12 18  9 31   2455183.95 2009 12 18 10 50   2455184.01 2009 12 18 12  9
 2455185.59 2009 12 20  2  5   2455185.64 2009 12 20  3 23   2455185.70 2009 12 20  4 42
 2455187.28 2009 12 21 18 38   2455187.33 2009 12 21 19 57   2455187.39 2009 12 21 21 15
 2455188.97 2009 12 23 11 12   2455189.02 2009 12 23 12 30   2455189.08 2009 12 23 13 49
 2455190.66 2009 12 25  3 45   2455190.71 2009 12 25  5  4   2455190.77 2009 12 25  6 22
 2455192.35 2009 12 26 20 18   2455192.40 2009 12 26 21 37   2455192.46 2009 12 26 22 56
 2455194.04 2009 12 28 12 52   2455194.09 2009 12 28 14 10   2455194.15 2009 12 28 15 29
 2455195.73 2009 12 30  5 25   2455195.78 2009 12 30  6 44   2455195.84 2009 12 30  8  3
 2455197.42 2009 12 31 21 59   2455197.47 2009 12 31 23 17   2455197.53 2010  1  1  0 36
 2455199.11 2010  1  2 14 32   2455199.16 2010  1  2 15 51   2455199.22 2010  1  2 17  9
 2455200.80 2010  1  4  7  5   2455200.85 2010  1  4  8 24   2455200.91 2010  1  4  9 43
 2455202.49 2010  1  5 23 39   2455202.54 2010  1  6  0 58   2455202.59 2010  1  6  2 16
 2455204.18 2010  1  7 16 12   2455204.23 2010  1  7 17 31   2455204.28 2010  1  7 18 50
 2455205.87 2010  1  9  8 46   2455205.92 2010  1  9 10  4   2455205.97 2010  1  9 11 23
 2455207.56 2010  1 11  1 19   2455207.61 2010  1 11  2 38   2455207.66 2010  1 11  3 56
 2455209.25 2010  1 12 17 52   2455209.30 2010  1 12 19 11   2455209.35 2010  1 12 20 30
 2455210.93 2010  1 14 10 26   2455210.99 2010  1 14 11 45   2455211.04 2010  1 14 13  3
 2455212.62 2010  1 16  2 59   2455212.68 2010  1 16  4 18   2455212.73 2010  1 16  5 37
 2455214.31 2010  1 17 19 33   2455214.37 2010  1 17 20 51   2455214.42 2010  1 17 22 10
 2455216.00 2010  1 19 12  6   2455216.06 2010  1 19 13 25   2455216.11 2010  1 19 14 44
 2455217.69 2010  1 21  4 39   2455217.75 2010  1 21  5 58   2455217.80 2010  1 21  7 17
 2455219.38 2010  1 22 21 13   2455219.44 2010  1 22 22 32   2455219.49 2010  1 22 23 50
 2455221.07 2010  1 24 13 46   2455221.13 2010  1 24 15  5   2455221.18 2010  1 24 16 24
 2455222.76 2010  1 26  6 20   2455222.82 2010  1 26  7 38   2455222.87 2010  1 26  8 57
 2455224.45 2010  1 27 22 53   2455224.51 2010  1 28  0 12   2455224.56 2010  1 28  1 31
 2455226.14 2010  1 29 15 27   2455226.20 2010  1 29 16 45   2455226.25 2010  1 29 18  4
 2455227.83 2010  1 31  8  0   2455227.89 2010  1 31  9 19   2455227.94 2010  1 31 10 37
 2455229.52 2010  2  2  0 33   2455229.58 2010  2  2  1 52   2455229.63 2010  2  2  3 11
 2455231.21 2010  2  3 17  7   2455231.27 2010  2  3 18 25   2455231.32 2010  2  3 19 44
 2455232.90 2010  2  5  9 40   2455232.96 2010  2  5 10 59   2455233.01 2010  2  5 12 18
 2455234.59 2010  2  7  2 14   2455234.65 2010  2  7  3 32   2455234.70 2010  2  7  4 51
 2455236.28 2010  2  8 18 47   2455236.34 2010  2  8 20  6   2455236.39 2010  2  8 21 25
 2455237.97 2010  2 10 11 20   2455238.03 2010  2 10 12 39   2455238.08 2010  2 10 13 58
 2455239.66 2010  2 12  3 54   2455239.72 2010  2 12  5 13   2455239.77 2010  2 12  6 31
 2455241.35 2010  2 13 20 27   2455241.41 2010  2 13 21 46   2455241.46 2010  2 13 23  5
 2455243.04 2010  2 15 13  1   2455243.10 2010  2 15 14 19   2455243.15 2010  2 15 15 38
 2455244.73 2010  2 17  5 34   2455244.79 2010  2 17  6 53   2455244.84 2010  2 17  8 12
 2455246.42 2010  2 18 22  7   2455246.48 2010  2 18 23 26   2455246.53 2010  2 19  0 45
 2455248.11 2010  2 20 14 41   2455248.17 2010  2 20 16  0   2455248.22 2010  2 20 17 18
 2455249.80 2010  2 22  7 14   2455249.86 2010  2 22  8 33   2455249.91 2010  2 22  9 52
 2455251.49 2010  2 23 23 48   2455251.55 2010  2 24  1  6   2455251.60 2010  2 24  2 25
 2455253.18 2010  2 25 16 21   2455253.24 2010  2 25 17 40   2455253.29 2010  2 25 18 59
 2455254.87 2010  2 27  8 54   2455254.93 2010  2 27 10 13   2455254.98 2010  2 27 11 32
 2455256.56 2010  3  1  1 28   2455256.62 2010  3  1  2 47   2455256.67 2010  3  1  4  5
 2455258.25 2010  3  2 18  1   2455258.31 2010  3  2 19 20   2455258.36 2010  3  2 20 39
 2455259.94 2010  3  4 10 35   2455260.00 2010  3  4 11 53   2455260.05 2010  3  4 13 12
 2455261.63 2010  3  6  3  8   2455261.69 2010  3  6  4 27   2455261.74 2010  3  6  5 46
 2455263.32 2010  3  7 19 41   2455263.38 2010  3  7 21  0   2455263.43 2010  3  7 22 19
 2455265.01 2010  3  9 12 15   2455265.07 2010  3  9 13 34   2455265.12 2010  3  9 14 53
 2455266.70 2010  3 11  4 48   2455266.76 2010  3 11  6  7   2455266.81 2010  3 11  7 26
 2455268.39 2010  3 12 21 22   2455268.45 2010  3 12 22 41   2455268.50 2010  3 12 23 59
 2455270.08 2010  3 14 13 55   2455270.14 2010  3 14 15 14   2455270.19 2010  3 14 16 33
 2455271.77 2010  3 16  6 28   2455271.82 2010  3 16  7 47   2455271.88 2010  3 16  9  6
 2455273.46 2010  3 17 23  2   2455273.51 2010  3 18  0 21   2455273.57 2010  3 18  1 40
 2455275.15 2010  3 19 15 35   2455275.20 2010  3 19 16 54   2455275.26 2010  3 19 18 13
 2455276.84 2010  3 21  8  9   2455276.89 2010  3 21  9 28   2455276.95 2010  3 21 10 46
 2455278.53 2010  3 23  0 42   2455278.58 2010  3 23  2  1   2455278.64 2010  3 23  3 20
 2455280.22 2010  3 24 17 15   2455280.27 2010  3 24 18 34   2455280.33 2010  3 24 19 53
 2455281.91 2010  3 26  9 49   2455281.96 2010  3 26 11  8   2455282.02 2010  3 26 12 27
 2455283.60 2010  3 28  2 22   2455283.65 2010  3 28  3 41   2455283.71 2010  3 28  5  0
 2455285.29 2010  3 29 18 56   2455285.34 2010  3 29 20 15   2455285.40 2010  3 29 21 34
 2455286.98 2010  3 31 11 29   2455287.03 2010  3 31 12 48   2455287.09 2010  3 31 14  7
 2455288.67 2010  4  2  4  3   2455288.72 2010  4  2  5 21   2455288.78 2010  4  2  6 40
 2455290.36 2010  4  3 20 36   2455290.41 2010  4  3 21 55   2455290.47 2010  4  3 23 14
 2455292.05 2010  4  5 13  9   2455292.10 2010  4  5 14 28   2455292.16 2010  4  5 15 47
 2455293.74 2010  4  7  5 43   2455293.79 2010  4  7  7  2   2455293.85 2010  4  7  8 21
 2455295.43 2010  4  8 22 16   2455295.48 2010  4  8 23 35   2455295.54 2010  4  9  0 54
 2455297.12 2010  4 10 14 50   2455297.17 2010  4 10 16  8   2455297.23 2010  4 10 17 27
 2455298.81 2010  4 12  7 23   2455298.86 2010  4 12  8 42   2455298.92 2010  4 12 10  1
 2455300.50 2010  4 13 23 56   2455300.55 2010  4 14  1 15   2455300.61 2010  4 14  2 34
 2455302.19 2010  4 15 16 30   2455302.24 2010  4 15 17 49   2455302.30 2010  4 15 19  8
 2455303.88 2010  4 17  9  3   2455303.93 2010  4 17 10 22   2455303.99 2010  4 17 11 41
 2455305.57 2010  4 19  1 37   2455305.62 2010  4 19  2 56   2455305.68 2010  4 19  4 14
 2455307.26 2010  4 20 18 10   2455307.31 2010  4 20 19 29   2455307.37 2010  4 20 20 48
 2455308.95 2010  4 22 10 43   2455309.00 2010  4 22 12  2   2455309.06 2010  4 22 13 21
 2455310.64 2010  4 24  3 17   2455310.69 2010  4 24  4 36   2455310.75 2010  4 24  5 55
 2455312.33 2010  4 25 19 50   2455312.38 2010  4 25 21  9   2455312.44 2010  4 25 22 28
 2455314.02 2010  4 27 12 24   2455314.07 2010  4 27 13 43   2455314.13 2010  4 27 15  2
