 Predicted Transit Epochs: OGLETR211 b

Observed Transit Duration:  250.0 Minutes

 Begin Transit Window           PREDICTED CENTRAL TRANSIT     End Transit Window
                                     All Times UT

                               HJD        Year M  D  H  M
 2454465.22 2007 12 30 17 13   2454465.32 2007 12 30 19 34   2454465.41 2007 12 30 21 56
 2454468.89 2008  1  3  9 28   2454468.99 2008  1  3 11 49   2454469.09 2008  1  3 14 11
 2454472.57 2008  1  7  1 43   2454472.67 2008  1  7  4  5   2454472.77 2008  1  7  6 26
 2454476.25 2008  1 10 17 58   2454476.35 2008  1 10 20 20   2454476.45 2008  1 10 22 41
 2454479.93 2008  1 14 10 13   2454480.02 2008  1 14 12 35   2454480.12 2008  1 14 14 57
 2454483.60 2008  1 18  2 28   2454483.70 2008  1 18  4 50   2454483.80 2008  1 18  7 12
 2454487.28 2008  1 21 18 44   2454487.38 2008  1 21 21  5   2454487.48 2008  1 21 23 27
 2454490.96 2008  1 25 10 59   2454491.06 2008  1 25 13 21   2454491.15 2008  1 25 15 42
 2454494.64 2008  1 29  3 14   2454494.73 2008  1 29  5 36   2454494.83 2008  1 29  7 58
 2454498.31 2008  2  1 19 29   2454498.41 2008  2  1 21 51   2454498.51 2008  2  2  0 13
 2454501.99 2008  2  5 11 44   2454502.09 2008  2  5 14  6   2454502.19 2008  2  5 16 28
 2454505.67 2008  2  9  4  0   2454505.77 2008  2  9  6 22   2454505.86 2008  2  9  8 44
 2454509.34 2008  2 12 20 15   2454509.44 2008  2 12 22 37   2454509.54 2008  2 13  0 59
 2454513.02 2008  2 16 12 30   2454513.12 2008  2 16 14 52   2454513.22 2008  2 16 17 14
 2454516.70 2008  2 20  4 45   2454516.80 2008  2 20  7  7   2454516.90 2008  2 20  9 29
 2454520.38 2008  2 23 21  0   2454520.47 2008  2 23 23 22   2454520.57 2008  2 24  1 45
 2454524.05 2008  2 27 13 15   2454524.15 2008  2 27 15 38   2454524.25 2008  2 27 18  0
 2454527.73 2008  3  2  5 31   2454527.83 2008  3  2  7 53   2454527.93 2008  3  2 10 15
 2454531.41 2008  3  5 21 46   2454531.51 2008  3  6  0  8   2454531.60 2008  3  6  2 30
 2454535.08 2008  3  9 14  1   2454535.18 2008  3  9 16 23   2454535.28 2008  3  9 18 46
 2454538.76 2008  3 13  6 16   2454538.86 2008  3 13  8 39   2454538.96 2008  3 13 11  1
 2454542.44 2008  3 16 22 31   2454542.54 2008  3 17  0 54   2454542.64 2008  3 17  3 16
 2454546.12 2008  3 20 14 47   2454546.21 2008  3 20 17  9   2454546.31 2008  3 20 19 31
 2454549.79 2008  3 24  7  2   2454549.89 2008  3 24  9 24   2454549.99 2008  3 24 11 47
 2454553.47 2008  3 27 23 17   2454553.57 2008  3 28  1 39   2454553.67 2008  3 28  4  2
 2454557.15 2008  3 31 15 32   2454557.25 2008  3 31 17 55   2454557.35 2008  3 31 20 17
 2454560.82 2008  4  4  7 47   2454560.92 2008  4  4 10 10   2454561.02 2008  4  4 12 33
 2454564.50 2008  4  8  0  3   2454564.60 2008  4  8  2 25   2454564.70 2008  4  8  4 48
 2454568.18 2008  4 11 16 18   2454568.28 2008  4 11 18 40   2454568.38 2008  4 11 21  3
 2454571.86 2008  4 15  8 33   2454571.96 2008  4 15 10 56   2454572.05 2008  4 15 13 18
 2454575.53 2008  4 19  0 48   2454575.63 2008  4 19  3 11   2454575.73 2008  4 19  5 34
 2454579.21 2008  4 22 17  3   2454579.31 2008  4 22 19 26   2454579.41 2008  4 22 21 49
 2454582.89 2008  4 26  9 18   2454582.99 2008  4 26 11 41   2454583.09 2008  4 26 14  4
 2454586.57 2008  4 30  1 34   2454586.66 2008  4 30  3 57   2454586.76 2008  4 30  6 19
 2454590.24 2008  5  3 17 49   2454590.34 2008  5  3 20 12   2454590.44 2008  5  3 22 35
 2454593.92 2008  5  7 10  4   2454594.02 2008  5  7 12 27   2454594.12 2008  5  7 14 50
 2454597.60 2008  5 11  2 19   2454597.70 2008  5 11  4 42   2454597.80 2008  5 11  7  5
 2454601.27 2008  5 14 18 34   2454601.37 2008  5 14 20 57   2454601.47 2008  5 14 23 21
 2454604.95 2008  5 18 10 50   2454605.05 2008  5 18 13 13   2454605.15 2008  5 18 15 36
 2454608.63 2008  5 22  3  5   2454608.73 2008  5 22  5 28   2454608.83 2008  5 22  7 51
 2454612.31 2008  5 25 19 20   2454612.41 2008  5 25 21 43   2454612.50 2008  5 26  0  6
 2454615.98 2008  5 29 11 35   2454616.08 2008  5 29 13 58   2454616.18 2008  5 29 16 22
 2454619.66 2008  6  2  3 50   2454619.76 2008  6  2  6 14   2454619.86 2008  6  2  8 37
 2454623.34 2008  6  5 20  5   2454623.44 2008  6  5 22 29   2454623.54 2008  6  6  0 52
 2454627.01 2008  6  9 12 21   2454627.11 2008  6  9 14 44   2454627.21 2008  6  9 17  7
 2454630.69 2008  6 13  4 36   2454630.79 2008  6 13  6 59   2454630.89 2008  6 13  9 23
 2454634.37 2008  6 16 20 51   2454634.47 2008  6 16 23 14   2454634.57 2008  6 17  1 38
 2454638.05 2008  6 20 13  6   2454638.15 2008  6 20 15 30   2454638.25 2008  6 20 17 53
 2454641.72 2008  6 24  5 21   2454641.82 2008  6 24  7 45   2454641.92 2008  6 24 10  8
 2454645.40 2008  6 27 21 37   2454645.50 2008  6 28  0  0   2454645.60 2008  6 28  2 24
 2454649.08 2008  7  1 13 52   2454649.18 2008  7  1 16 15   2454649.28 2008  7  1 18 39
 2454652.76 2008  7  5  6  7   2454652.85 2008  7  5  8 31   2454652.95 2008  7  5 10 54
 2454656.43 2008  7  8 22 22   2454656.53 2008  7  9  0 46   2454656.63 2008  7  9  3 10
 2454660.11 2008  7 12 14 37   2454660.21 2008  7 12 17  1   2454660.31 2008  7 12 19 25
 2454663.79 2008  7 16  6 52   2454663.89 2008  7 16  9 16   2454663.99 2008  7 16 11 40
 2454667.46 2008  7 19 23  8   2454667.56 2008  7 20  1 31   2454667.66 2008  7 20  3 55
 2454671.14 2008  7 23 15 23   2454671.24 2008  7 23 17 47   2454671.34 2008  7 23 20 11
 2454674.82 2008  7 27  7 38   2454674.92 2008  7 27 10  2   2454675.02 2008  7 27 12 26
 2454678.50 2008  7 30 23 53   2454678.60 2008  7 31  2 17   2454678.70 2008  7 31  4 41
 2454682.17 2008  8  3 16  8   2454682.27 2008  8  3 18 32   2454682.37 2008  8  3 20 56
 2454685.85 2008  8  7  8 24   2454685.95 2008  8  7 10 48   2454686.05 2008  8  7 13 12
 2454689.53 2008  8 11  0 39   2454689.63 2008  8 11  3  3   2454689.73 2008  8 11  5 27
 2454693.20 2008  8 14 16 54   2454693.30 2008  8 14 19 18   2454693.40 2008  8 14 21 42
 2454696.88 2008  8 18  9  9   2454696.98 2008  8 18 11 33   2454697.08 2008  8 18 13 58
 2454700.56 2008  8 22  1 24   2454700.66 2008  8 22  3 49   2454700.76 2008  8 22  6 13
 2454704.24 2008  8 25 17 39   2454704.34 2008  8 25 20  4   2454704.44 2008  8 25 22 28
 2454707.91 2008  8 29  9 55   2454708.01 2008  8 29 12 19   2454708.11 2008  8 29 14 43
 2454711.59 2008  9  2  2 10   2454711.69 2008  9  2  4 34   2454711.79 2008  9  2  6 59
 2454715.27 2008  9  5 18 25   2454715.37 2008  9  5 20 49   2454715.47 2008  9  5 23 14
 2454718.94 2008  9  9 10 40   2454719.05 2008  9  9 13  5   2454719.15 2008  9  9 15 29
 2454722.62 2008  9 13  2 55   2454722.72 2008  9 13  5 20   2454722.82 2008  9 13  7 44
 2454726.30 2008  9 16 19 11   2454726.40 2008  9 16 21 35   2454726.50 2008  9 17  0  0
 2454729.98 2008  9 20 11 26   2454730.08 2008  9 20 13 50   2454730.18 2008  9 20 16 15
 2454733.65 2008  9 24  3 41   2454733.75 2008  9 24  6  6   2454733.85 2008  9 24  8 30
 2454737.33 2008  9 27 19 56   2454737.43 2008  9 27 22 21   2454737.53 2008  9 28  0 45
 2454741.01 2008 10  1 12 11   2454741.11 2008 10  1 14 36   2454741.21 2008 10  1 17  1
 2454744.69 2008 10  5  4 26   2454744.79 2008 10  5  6 51   2454744.89 2008 10  5  9 16
 2454748.36 2008 10  8 20 42   2454748.46 2008 10  8 23  6   2454748.56 2008 10  9  1 31
 2454752.04 2008 10 12 12 57   2454752.14 2008 10 12 15 22   2454752.24 2008 10 12 17 47
 2454755.72 2008 10 16  5 12   2454755.82 2008 10 16  7 37   2454755.92 2008 10 16 10  2
 2454759.39 2008 10 19 21 27   2454759.49 2008 10 19 23 52   2454759.60 2008 10 20  2 17
 2454763.07 2008 10 23 13 42   2454763.17 2008 10 23 16  7   2454763.27 2008 10 23 18 32
 2454766.75 2008 10 27  5 58   2454766.85 2008 10 27  8 23   2454766.95 2008 10 27 10 48
 2454770.43 2008 10 30 22 13   2454770.53 2008 10 31  0 38   2454770.63 2008 10 31  3  3
 2454774.10 2008 11  3 14 28   2454774.20 2008 11  3 16 53   2454774.30 2008 11  3 19 18
 2454777.78 2008 11  7  6 43   2454777.88 2008 11  7  9  8   2454777.98 2008 11  7 11 33
 2454781.46 2008 11 10 22 58   2454781.56 2008 11 11  1 23   2454781.66 2008 11 11  3 49
 2454785.13 2008 11 14 15 13   2454785.24 2008 11 14 17 39   2454785.34 2008 11 14 20  4
 2454788.81 2008 11 18  7 29   2454788.91 2008 11 18  9 54   2454789.01 2008 11 18 12 19
 2454792.49 2008 11 21 23 44   2454792.59 2008 11 22  2  9   2454792.69 2008 11 22  4 35
 2454796.17 2008 11 25 15 59   2454796.27 2008 11 25 18 24   2454796.37 2008 11 25 20 50
 2454799.84 2008 11 29  8 14   2454799.94 2008 11 29 10 40   2454800.05 2008 11 29 13  5
 2454803.52 2008 12  3  0 29   2454803.62 2008 12  3  2 55   2454803.72 2008 12  3  5 20
 2454807.20 2008 12  6 16 45   2454807.30 2008 12  6 19 10   2454807.40 2008 12  6 21 36
 2454810.88 2008 12 10  9  0   2454810.98 2008 12 10 11 25   2454811.08 2008 12 10 13 51
 2454814.55 2008 12 14  1 15   2454814.65 2008 12 14  3 41   2454814.75 2008 12 14  6  6
 2454818.23 2008 12 17 17 30   2454818.33 2008 12 17 19 56   2454818.43 2008 12 17 22 21
 2454821.91 2008 12 21  9 45   2454822.01 2008 12 21 12 11   2454822.11 2008 12 21 14 37
 2454825.58 2008 12 25  2  0   2454825.69 2008 12 25  4 26   2454825.79 2008 12 25  6 52
 2454829.26 2008 12 28 18 16   2454829.36 2008 12 28 20 41   2454829.46 2008 12 28 23  7
 2454832.94 2009  1  1 10 31   2454833.04 2009  1  1 12 57   2454833.14 2009  1  1 15 22
 2454836.62 2009  1  5  2 46   2454836.72 2009  1  5  5 12   2454836.82 2009  1  5  7 38
 2454840.29 2009  1  8 19  1   2454840.39 2009  1  8 21 27   2454840.50 2009  1  8 23 53
 2454843.97 2009  1 12 11 16   2454844.07 2009  1 12 13 42   2454844.17 2009  1 12 16  8
 2454847.65 2009  1 16  3 32   2454847.75 2009  1 16  5 58   2454847.85 2009  1 16  8 24
 2454851.32 2009  1 19 19 47   2454851.43 2009  1 19 22 13   2454851.53 2009  1 20  0 39
 2454855.00 2009  1 23 12  2   2454855.10 2009  1 23 14 28   2454855.20 2009  1 23 16 54
 2454858.68 2009  1 27  4 17   2454858.78 2009  1 27  6 43   2454858.88 2009  1 27  9  9
 2454862.36 2009  1 30 20 32   2454862.46 2009  1 30 22 58   2454862.56 2009  1 31  1 25
 2454866.03 2009  2  3 12 47   2454866.13 2009  2  3 15 14   2454866.24 2009  2  3 17 40
 2454869.71 2009  2  7  5  3   2454869.81 2009  2  7  7 29   2454869.91 2009  2  7  9 55
 2454873.39 2009  2 10 21 18   2454873.49 2009  2 10 23 44   2454873.59 2009  2 11  2 10
 2454877.06 2009  2 14 13 33   2454877.17 2009  2 14 15 59   2454877.27 2009  2 14 18 26
 2454880.74 2009  2 18  5 48   2454880.84 2009  2 18  8 15   2454880.95 2009  2 18 10 41
 2454884.42 2009  2 21 22  3   2454884.52 2009  2 22  0 30   2454884.62 2009  2 22  2 56
 2454888.10 2009  2 25 14 19   2454888.20 2009  2 25 16 45   2454888.30 2009  2 25 19 11
 2454891.77 2009  3  1  6 34   2454891.88 2009  3  1  9  0   2454891.98 2009  3  1 11 27
 2454895.45 2009  3  4 22 49   2454895.55 2009  3  5  1 15   2454895.65 2009  3  5  3 42
 2454899.13 2009  3  8 15  4   2454899.23 2009  3  8 17 31   2454899.33 2009  3  8 19 57
 2454902.81 2009  3 12  7 19   2454902.91 2009  3 12  9 46   2454903.01 2009  3 12 12 13
 2454906.48 2009  3 15 23 34   2454906.58 2009  3 16  2  1   2454906.69 2009  3 16  4 28
 2454910.16 2009  3 19 15 50   2454910.26 2009  3 19 18 16   2454910.36 2009  3 19 20 43
 2454913.84 2009  3 23  8  5   2454913.94 2009  3 23 10 32   2454914.04 2009  3 23 12 58
 2454917.51 2009  3 27  0 20   2454917.62 2009  3 27  2 47   2454917.72 2009  3 27  5 14
 2454921.19 2009  3 30 16 35   2454921.29 2009  3 30 19  2   2454921.40 2009  3 30 21 29
 2454924.87 2009  4  3  8 50   2454924.97 2009  4  3 11 17   2454925.07 2009  4  3 13 44
 2454928.55 2009  4  7  1  6   2454928.65 2009  4  7  3 33   2454928.75 2009  4  7  5 59
 2454932.22 2009  4 10 17 21   2454932.33 2009  4 10 19 48   2454932.43 2009  4 10 22 15
 2454935.90 2009  4 14  9 36   2454936.00 2009  4 14 12  3   2454936.10 2009  4 14 14 30
 2454939.58 2009  4 18  1 51   2454939.68 2009  4 18  4 18   2454939.78 2009  4 18  6 45
 2454943.25 2009  4 21 18  6   2454943.36 2009  4 21 20 33   2454943.46 2009  4 21 23  1
 2454946.93 2009  4 25 10 21   2454947.03 2009  4 25 12 49   2454947.14 2009  4 25 15 16
 2454950.61 2009  4 29  2 37   2454950.71 2009  4 29  5  4   2454950.81 2009  4 29  7 31
 2454954.29 2009  5  2 18 52   2454954.39 2009  5  2 21 19   2454954.49 2009  5  2 23 46
 2454957.96 2009  5  6 11  7   2454958.07 2009  5  6 13 34   2454958.17 2009  5  6 16  2
 2454961.64 2009  5 10  3 22   2454961.74 2009  5 10  5 50   2454961.85 2009  5 10  8 17
 2454965.32 2009  5 13 19 37   2454965.42 2009  5 13 22  5   2454965.52 2009  5 14  0 32
 2454969.00 2009  5 17 11 53   2454969.10 2009  5 17 14 20   2454969.20 2009  5 17 16 47
 2454972.67 2009  5 21  4  8   2454972.77 2009  5 21  6 35   2454972.88 2009  5 21  9  3
 2454976.35 2009  5 24 20 23   2454976.45 2009  5 24 22 50   2454976.55 2009  5 25  1 18
 2454980.03 2009  5 28 12 38   2454980.13 2009  5 28 15  6   2454980.23 2009  5 28 17 33
 2454983.70 2009  6  1  4 53   2454983.81 2009  6  1  7 21   2454983.91 2009  6  1  9 48
 2454987.38 2009  6  4 21  8   2454987.48 2009  6  4 23 36   2454987.59 2009  6  5  2  4
 2454991.06 2009  6  8 13 24   2454991.16 2009  6  8 15 51   2454991.26 2009  6  8 18 19
 2454994.74 2009  6 12  5 39   2454994.84 2009  6 12  8  7   2454994.94 2009  6 12 10 34
 2454998.41 2009  6 15 21 54   2454998.52 2009  6 16  0 22   2454998.62 2009  6 16  2 50
 2455002.09 2009  6 19 14  9   2455002.19 2009  6 19 16 37   2455002.30 2009  6 19 19  5
 2455005.77 2009  6 23  6 24   2455005.87 2009  6 23  8 52   2455005.97 2009  6 23 11 20
 2455009.44 2009  6 26 22 40   2455009.55 2009  6 27  1  7   2455009.65 2009  6 27  3 35
 2455013.12 2009  6 30 14 55   2455013.22 2009  6 30 17 23   2455013.33 2009  6 30 19 51
 2455016.80 2009  7  4  7 10   2455016.90 2009  7  4  9 38   2455017.00 2009  7  4 12  6
 2455020.48 2009  7  7 23 25   2455020.58 2009  7  8  1 53   2455020.68 2009  7  8  4 21
 2455024.15 2009  7 11 15 40   2455024.26 2009  7 11 18  8   2455024.36 2009  7 11 20 36
 2455027.83 2009  7 15  7 55   2455027.93 2009  7 15 10 24   2455028.04 2009  7 15 12 52
 2455031.51 2009  7 19  0 11   2455031.61 2009  7 19  2 39   2455031.71 2009  7 19  5  7
 2455035.18 2009  7 22 16 26   2455035.29 2009  7 22 18 54   2455035.39 2009  7 22 21 22
 2455038.86 2009  7 26  8 41   2455038.97 2009  7 26 11  9   2455039.07 2009  7 26 13 38
 2455042.54 2009  7 30  0 56   2455042.64 2009  7 30  3 24   2455042.75 2009  7 30  5 53
 2455046.22 2009  8  2 17 11   2455046.32 2009  8  2 19 40   2455046.42 2009  8  2 22  8
 2455049.89 2009  8  6  9 27   2455050.00 2009  8  6 11 55   2455050.10 2009  8  6 14 23
 2455053.57 2009  8 10  1 42   2455053.67 2009  8 10  4 10   2455053.78 2009  8 10  6 39
 2455057.25 2009  8 13 17 57   2455057.35 2009  8 13 20 25   2455057.45 2009  8 13 22 54
 2455060.93 2009  8 17 10 12   2455061.03 2009  8 17 12 41   2455061.13 2009  8 17 15  9
 2455064.60 2009  8 21  2 27   2455064.71 2009  8 21  4 56   2455064.81 2009  8 21  7 24
 2455068.28 2009  8 24 18 42   2455068.38 2009  8 24 21 11   2455068.49 2009  8 24 23 40
 2455071.96 2009  8 28 10 58   2455072.06 2009  8 28 13 26   2455072.16 2009  8 28 15 55
 2455075.63 2009  9  1  3 13   2455075.74 2009  9  1  5 42   2455075.84 2009  9  1  8 10
 2455079.31 2009  9  4 19 28   2455079.41 2009  9  4 21 57   2455079.52 2009  9  5  0 25
 2455082.99 2009  9  8 11 43   2455083.09 2009  9  8 14 12   2455083.20 2009  9  8 16 41
 2455086.67 2009  9 12  3 58   2455086.77 2009  9 12  6 27   2455086.87 2009  9 12  8 56
 2455090.34 2009  9 15 20 14   2455090.45 2009  9 15 22 42   2455090.55 2009  9 16  1 11
 2455094.02 2009  9 19 12 29   2455094.12 2009  9 19 14 58   2455094.23 2009  9 19 17 27
 2455097.70 2009  9 23  4 44   2455097.80 2009  9 23  7 13   2455097.90 2009  9 23  9 42
 2455101.37 2009  9 26 20 59   2455101.48 2009  9 26 23 28   2455101.58 2009  9 27  1 57
 2455105.05 2009  9 30 13 14   2455105.16 2009  9 30 15 43   2455105.26 2009  9 30 18 12
 2455108.73 2009 10  4  5 29   2455108.83 2009 10  4  7 59   2455108.94 2009 10  4 10 28
 2455112.41 2009 10  7 21 45   2455112.51 2009 10  8  0 14   2455112.61 2009 10  8  2 43
 2455116.08 2009 10 11 14  0   2455116.19 2009 10 11 16 29   2455116.29 2009 10 11 18 58
 2455119.76 2009 10 15  6 15   2455119.86 2009 10 15  8 44   2455119.97 2009 10 15 11 13
 2455123.44 2009 10 18 22 30   2455123.54 2009 10 19  0 59   2455123.65 2009 10 19  3 29
 2455127.12 2009 10 22 14 45   2455127.22 2009 10 22 17 15   2455127.32 2009 10 22 19 44
 2455130.79 2009 10 26  7  1   2455130.90 2009 10 26  9 30   2455131.00 2009 10 26 11 59
 2455134.47 2009 10 29 23 16   2455134.57 2009 10 30  1 45   2455134.68 2009 10 30  4 15
 2455138.15 2009 11  2 15 31   2455138.25 2009 11  2 18  0   2455138.35 2009 11  2 20 30
 2455141.82 2009 11  6  7 46   2455141.93 2009 11  6 10 16   2455142.03 2009 11  6 12 45
 2455145.50 2009 11 10  0  1   2455145.61 2009 11 10  2 31   2455145.71 2009 11 10  5  0
 2455149.18 2009 11 13 16 17   2455149.28 2009 11 13 18 46   2455149.39 2009 11 13 21 16
 2455152.86 2009 11 17  8 32   2455152.96 2009 11 17 11  1   2455153.06 2009 11 17 13 31
 2455156.53 2009 11 21  0 47   2455156.64 2009 11 21  3 16   2455156.74 2009 11 21  5 46
 2455160.21 2009 11 24 17  2   2455160.31 2009 11 24 19 32   2455160.42 2009 11 24 22  1
 2455163.89 2009 11 28  9 17   2455163.99 2009 11 28 11 47   2455164.10 2009 11 28 14 17
 2455167.56 2009 12  2  1 32   2455167.67 2009 12  2  4  2   2455167.77 2009 12  2  6 32
 2455171.24 2009 12  5 17 48   2455171.35 2009 12  5 20 17   2455171.45 2009 12  5 22 47
 2455174.92 2009 12  9 10  3   2455175.02 2009 12  9 12 33   2455175.13 2009 12  9 15  2
 2455178.60 2009 12 13  2 18   2455178.70 2009 12 13  4 48   2455178.80 2009 12 13  7 18
 2455182.27 2009 12 16 18 33   2455182.38 2009 12 16 21  3   2455182.48 2009 12 16 23 33
 2455185.95 2009 12 20 10 48   2455186.05 2009 12 20 13 18   2455186.16 2009 12 20 15 48
 2455189.63 2009 12 24  3  4   2455189.73 2009 12 24  5 34   2455189.84 2009 12 24  8  4
 2455193.30 2009 12 27 19 19   2455193.41 2009 12 27 21 49   2455193.51 2009 12 28  0 19
 2455196.98 2009 12 31 11 34   2455197.09 2009 12 31 14  4   2455197.19 2009 12 31 16 34
 2455200.66 2010  1  4  3 49   2455200.76 2010  1  4  6 19   2455200.87 2010  1  4  8 49
 2455204.34 2010  1  7 20  4   2455204.44 2010  1  7 22 34   2455204.55 2010  1  8  1  5
 2455208.01 2010  1 11 12 19   2455208.12 2010  1 11 14 50   2455208.22 2010  1 11 17 20
 2455211.69 2010  1 15  4 35   2455211.80 2010  1 15  7  5   2455211.90 2010  1 15  9 35
 2455215.37 2010  1 18 20 50   2455215.47 2010  1 18 23 20   2455215.58 2010  1 19  1 50
 2455219.05 2010  1 22 13  5   2455219.15 2010  1 22 15 35   2455219.25 2010  1 22 18  6
 2455222.72 2010  1 26  5 20   2455222.83 2010  1 26  7 51   2455222.93 2010  1 26 10 21
 2455226.40 2010  1 29 21 35   2455226.50 2010  1 30  0  6   2455226.61 2010  1 30  2 36
 2455230.08 2010  2  2 13 51   2455230.18 2010  2  2 16 21   2455230.29 2010  2  2 18 51
 2455233.75 2010  2  6  6  6   2455233.86 2010  2  6  8 36   2455233.96 2010  2  6 11  7
 2455237.43 2010  2  9 22 21   2455237.54 2010  2 10  0 51   2455237.64 2010  2 10  3 22
 2455241.11 2010  2 13 14 36   2455241.21 2010  2 13 17  7   2455241.32 2010  2 13 19 37
 2455244.79 2010  2 17  6 51   2455244.89 2010  2 17  9 22   2455245.00 2010  2 17 11 53
 2455248.46 2010  2 20 23  6   2455248.57 2010  2 21  1 37   2455248.67 2010  2 21  4  8
 2455252.14 2010  2 24 15 22   2455252.25 2010  2 24 17 52   2455252.35 2010  2 24 20 23
 2455255.82 2010  2 28  7 37   2455255.92 2010  2 28 10  8   2455256.03 2010  2 28 12 38
 2455259.49 2010  3  3 23 52   2455259.60 2010  3  4  2 23   2455259.70 2010  3  4  4 54
 2455263.17 2010  3  7 16  7   2455263.28 2010  3  7 18 38   2455263.38 2010  3  7 21  9
 2455266.85 2010  3 11  8 22   2455266.95 2010  3 11 10 53   2455267.06 2010  3 11 13 24
 2455270.53 2010  3 15  0 38   2455270.63 2010  3 15  3  8   2455270.74 2010  3 15  5 39
 2455274.20 2010  3 18 16 53   2455274.31 2010  3 18 19 24   2455274.41 2010  3 18 21 55
 2455277.88 2010  3 22  9  8   2455277.99 2010  3 22 11 39   2455278.09 2010  3 22 14 10
 2455281.56 2010  3 26  1 23   2455281.66 2010  3 26  3 54   2455281.77 2010  3 26  6 25
 2455285.24 2010  3 29 17 38   2455285.34 2010  3 29 20  9   2455285.45 2010  3 29 22 41
 2455288.91 2010  4  2  9 53   2455289.02 2010  4  2 12 25   2455289.12 2010  4  2 14 56
 2455292.59 2010  4  6  2  9   2455292.69 2010  4  6  4 40   2455292.80 2010  4  6  7 11
 2455296.27 2010  4  9 18 24   2455296.37 2010  4  9 20 55   2455296.48 2010  4  9 23 26
 2455299.94 2010  4 13 10 39   2455300.05 2010  4 13 13 10   2455300.15 2010  4 13 15 42
 2455303.62 2010  4 17  2 54   2455303.73 2010  4 17  5 26   2455303.83 2010  4 17  7 57
 2455307.30 2010  4 20 19  9   2455307.40 2010  4 20 21 41   2455307.51 2010  4 21  0 12
 2455310.98 2010  4 24 11 25   2455311.08 2010  4 24 13 56   2455311.19 2010  4 24 16 27
 2455314.65 2010  4 28  3 40   2455314.76 2010  4 28  6 11   2455314.86 2010  4 28  8 43
