 Predicted Transit Epochs: OGLETR113 b

Observed Transit Duration:  112.6 Minutes

 Begin Transit Window           PREDICTED CENTRAL TRANSIT     End Transit Window
                                     All Times UT

                               HJD        Year M  D  H  M
 2454463.01 2007 12 28 12 17   2454463.05 2007 12 28 13 15   2454463.09 2007 12 28 14 12
 2454464.44 2007 12 29 22 40   2454464.48 2007 12 29 23 37   2454464.52 2007 12 30  0 35
 2454465.88 2007 12 31  9  2   2454465.92 2007 12 31 10  0   2454465.96 2007 12 31 10 58
 2454467.31 2008  1  1 19 25   2454467.35 2008  1  1 20 23   2454467.39 2008  1  1 21 21
 2454468.74 2008  1  3  5 48   2454468.78 2008  1  3  6 46   2454468.82 2008  1  3  7 44
 2454470.17 2008  1  4 16 11   2454470.21 2008  1  4 17  9   2454470.25 2008  1  4 18  6
 2454471.61 2008  1  6  2 34   2454471.65 2008  1  6  3 31   2454471.69 2008  1  6  4 29
 2454473.04 2008  1  7 12 56   2454473.08 2008  1  7 13 54   2454473.12 2008  1  7 14 52
 2454474.47 2008  1  8 23 19   2454474.51 2008  1  9  0 17   2454474.55 2008  1  9  1 15
 2454475.90 2008  1 10  9 42   2454475.94 2008  1 10 10 40   2454475.98 2008  1 10 11 37
 2454477.34 2008  1 11 20  5   2454477.38 2008  1 11 21  2   2454477.42 2008  1 11 22  0
 2454478.77 2008  1 13  6 27   2454478.81 2008  1 13  7 25   2454478.85 2008  1 13  8 23
 2454480.20 2008  1 14 16 50   2454480.24 2008  1 14 17 48   2454480.28 2008  1 14 18 46
 2454481.63 2008  1 16  3 13   2454481.67 2008  1 16  4 11   2454481.71 2008  1 16  5  8
 2454483.07 2008  1 17 13 36   2454483.11 2008  1 17 14 33   2454483.15 2008  1 17 15 31
 2454484.50 2008  1 18 23 58   2454484.54 2008  1 19  0 56   2454484.58 2008  1 19  1 54
 2454485.93 2008  1 20 10 21   2454485.97 2008  1 20 11 19   2454486.01 2008  1 20 12 17
 2454487.36 2008  1 21 20 44   2454487.40 2008  1 21 21 42   2454487.44 2008  1 21 22 39
 2454488.80 2008  1 23  7  7   2454488.84 2008  1 23  8  4   2454488.88 2008  1 23  9  2
 2454490.23 2008  1 24 17 29   2454490.27 2008  1 24 18 27   2454490.31 2008  1 24 19 25
 2454491.66 2008  1 26  3 52   2454491.70 2008  1 26  4 50   2454491.74 2008  1 26  5 48
 2454493.09 2008  1 27 14 15   2454493.13 2008  1 27 15 13   2454493.17 2008  1 27 16 11
 2454494.53 2008  1 29  0 38   2454494.57 2008  1 29  1 36   2454494.61 2008  1 29  2 33
 2454495.96 2008  1 30 11  0   2454496.00 2008  1 30 11 58   2454496.04 2008  1 30 12 56
 2454497.39 2008  1 31 21 23   2454497.43 2008  1 31 22 21   2454497.47 2008  1 31 23 19
 2454498.82 2008  2  2  7 46   2454498.86 2008  2  2  8 44   2454498.90 2008  2  2  9 42
 2454500.26 2008  2  3 18  9   2454500.30 2008  2  3 19  7   2454500.34 2008  2  3 20  4
 2454501.69 2008  2  5  4 32   2454501.73 2008  2  5  5 29   2454501.77 2008  2  5  6 27
 2454503.12 2008  2  6 14 54   2454503.16 2008  2  6 15 52   2454503.20 2008  2  6 16 50
 2454504.55 2008  2  8  1 17   2454504.59 2008  2  8  2 15   2454504.63 2008  2  8  3 13
 2454505.99 2008  2  9 11 40   2454506.03 2008  2  9 12 38   2454506.07 2008  2  9 13 35
 2454507.42 2008  2 10 22  3   2454507.46 2008  2 10 23  0   2454507.50 2008  2 10 23 58
 2454508.85 2008  2 12  8 25   2454508.89 2008  2 12  9 23   2454508.93 2008  2 12 10 21
 2454510.28 2008  2 13 18 48   2454510.32 2008  2 13 19 46   2454510.36 2008  2 13 20 44
 2454511.72 2008  2 15  5 11   2454511.76 2008  2 15  6  9   2454511.80 2008  2 15  7  7
 2454513.15 2008  2 16 15 34   2454513.19 2008  2 16 16 31   2454513.23 2008  2 16 17 29
 2454514.58 2008  2 18  1 56   2454514.62 2008  2 18  2 54   2454514.66 2008  2 18  3 52
 2454516.01 2008  2 19 12 19   2454516.05 2008  2 19 13 17   2454516.09 2008  2 19 14 15
 2454517.45 2008  2 20 22 42   2454517.49 2008  2 20 23 40   2454517.53 2008  2 21  0 38
 2454518.88 2008  2 22  9  5   2454518.92 2008  2 22 10  3   2454518.96 2008  2 22 11  0
 2454520.31 2008  2 23 19 27   2454520.35 2008  2 23 20 25   2454520.39 2008  2 23 21 23
 2454521.74 2008  2 25  5 50   2454521.78 2008  2 25  6 48   2454521.82 2008  2 25  7 46
 2454523.18 2008  2 26 16 13   2454523.22 2008  2 26 17 11   2454523.26 2008  2 26 18  9
 2454524.61 2008  2 28  2 36   2454524.65 2008  2 28  3 34   2454524.69 2008  2 28  4 31
 2454526.04 2008  2 29 12 59   2454526.08 2008  2 29 13 56   2454526.12 2008  2 29 14 54
 2454527.47 2008  3  1 23 21   2454527.51 2008  3  2  0 19   2454527.55 2008  3  2  1 17
 2454528.91 2008  3  3  9 44   2454528.95 2008  3  3 10 42   2454528.99 2008  3  3 11 40
 2454530.34 2008  3  4 20  7   2454530.38 2008  3  4 21  5   2454530.42 2008  3  4 22  2
 2454531.77 2008  3  6  6 30   2454531.81 2008  3  6  7 27   2454531.85 2008  3  6  8 25
 2454533.20 2008  3  7 16 52   2454533.24 2008  3  7 17 50   2454533.28 2008  3  7 18 48
 2454534.64 2008  3  9  3 15   2454534.68 2008  3  9  4 13   2454534.72 2008  3  9  5 11
 2454536.07 2008  3 10 13 38   2454536.11 2008  3 10 14 36   2454536.15 2008  3 10 15 34
 2454537.50 2008  3 12  0  1   2454537.54 2008  3 12  0 58   2454537.58 2008  3 12  1 56
 2454538.93 2008  3 13 10 23   2454538.97 2008  3 13 11 21   2454539.01 2008  3 13 12 19
 2454540.37 2008  3 14 20 46   2454540.41 2008  3 14 21 44   2454540.45 2008  3 14 22 42
 2454541.80 2008  3 16  7  9   2454541.84 2008  3 16  8  7   2454541.88 2008  3 16  9  5
 2454543.23 2008  3 17 17 32   2454543.27 2008  3 17 18 30   2454543.31 2008  3 17 19 27
 2454544.66 2008  3 19  3 54   2454544.70 2008  3 19  4 52   2454544.74 2008  3 19  5 50
 2454546.10 2008  3 20 14 17   2454546.14 2008  3 20 15 15   2454546.18 2008  3 20 16 13
 2454547.53 2008  3 22  0 40   2454547.57 2008  3 22  1 38   2454547.61 2008  3 22  2 36
 2454548.96 2008  3 23 11  3   2454549.00 2008  3 23 12  1   2454549.04 2008  3 23 12 58
 2454550.39 2008  3 24 21 25   2454550.43 2008  3 24 22 23   2454550.47 2008  3 24 23 21
 2454551.83 2008  3 26  7 48   2454551.87 2008  3 26  8 46   2454551.91 2008  3 26  9 44
 2454553.26 2008  3 27 18 11   2454553.30 2008  3 27 19  9   2454553.34 2008  3 27 20  7
 2454554.69 2008  3 29  4 34   2454554.73 2008  3 29  5 32   2454554.77 2008  3 29  6 30
 2454556.12 2008  3 30 14 57   2454556.16 2008  3 30 15 54   2454556.20 2008  3 30 16 52
 2454557.56 2008  4  1  1 19   2454557.60 2008  4  1  2 17   2454557.64 2008  4  1  3 15
 2454558.99 2008  4  2 11 42   2454559.03 2008  4  2 12 40   2454559.07 2008  4  2 13 38
 2454560.42 2008  4  3 22  5   2454560.46 2008  4  3 23  3   2454560.50 2008  4  4  0  1
 2454561.85 2008  4  5  8 28   2454561.89 2008  4  5  9 25   2454561.93 2008  4  5 10 23
 2454563.29 2008  4  6 18 50   2454563.33 2008  4  6 19 48   2454563.37 2008  4  6 20 46
 2454564.72 2008  4  8  5 13   2454564.76 2008  4  8  6 11   2454564.80 2008  4  8  7  9
 2454566.15 2008  4  9 15 36   2454566.19 2008  4  9 16 34   2454566.23 2008  4  9 17 32
 2454567.58 2008  4 11  1 59   2454567.62 2008  4 11  2 57   2454567.66 2008  4 11  3 54
 2454569.02 2008  4 12 12 21   2454569.06 2008  4 12 13 19   2454569.10 2008  4 12 14 17
 2454570.45 2008  4 13 22 44   2454570.49 2008  4 13 23 42   2454570.53 2008  4 14  0 40
 2454571.88 2008  4 15  9  7   2454571.92 2008  4 15 10  5   2454571.96 2008  4 15 11  3
 2454573.31 2008  4 16 19 30   2454573.35 2008  4 16 20 28   2454573.39 2008  4 16 21 25
 2454574.75 2008  4 18  5 52   2454574.79 2008  4 18  6 50   2454574.83 2008  4 18  7 48
 2454576.18 2008  4 19 16 15   2454576.22 2008  4 19 17 13   2454576.26 2008  4 19 18 11
 2454577.61 2008  4 21  2 38   2454577.65 2008  4 21  3 36   2454577.69 2008  4 21  4 34
 2454579.04 2008  4 22 13  1   2454579.08 2008  4 22 13 59   2454579.12 2008  4 22 14 57
 2454580.48 2008  4 23 23 24   2454580.52 2008  4 24  0 21   2454580.56 2008  4 24  1 19
 2454581.91 2008  4 25  9 46   2454581.95 2008  4 25 10 44   2454581.99 2008  4 25 11 42
 2454583.34 2008  4 26 20  9   2454583.38 2008  4 26 21  7   2454583.42 2008  4 26 22  5
 2454584.77 2008  4 28  6 32   2454584.81 2008  4 28  7 30   2454584.85 2008  4 28  8 28
 2454586.20 2008  4 29 16 55   2454586.25 2008  4 29 17 52   2454586.29 2008  4 29 18 50
 2454587.64 2008  5  1  3 17   2454587.68 2008  5  1  4 15   2454587.72 2008  5  1  5 13
 2454589.07 2008  5  2 13 40   2454589.11 2008  5  2 14 38   2454589.15 2008  5  2 15 36
 2454590.50 2008  5  4  0  3   2454590.54 2008  5  4  1  1   2454590.58 2008  5  4  1 59
 2454591.93 2008  5  5 10 26   2454591.98 2008  5  5 11 24   2454592.02 2008  5  5 12 21
 2454593.37 2008  5  6 20 48   2454593.41 2008  5  6 21 46   2454593.45 2008  5  6 22 44
 2454594.80 2008  5  8  7 11   2454594.84 2008  5  8  8  9   2454594.88 2008  5  8  9  7
 2454596.23 2008  5  9 17 34   2454596.27 2008  5  9 18 32   2454596.31 2008  5  9 19 30
 2454597.66 2008  5 11  3 57   2454597.70 2008  5 11  4 55   2454597.75 2008  5 11  5 53
 2454599.10 2008  5 12 14 19   2454599.14 2008  5 12 15 17   2454599.18 2008  5 12 16 15
 2454600.53 2008  5 14  0 42   2454600.57 2008  5 14  1 40   2454600.61 2008  5 14  2 38
 2454601.96 2008  5 15 11  5   2454602.00 2008  5 15 12  3   2454602.04 2008  5 15 13  1
 2454603.39 2008  5 16 21 28   2454603.43 2008  5 16 22 26   2454603.48 2008  5 16 23 24
 2454604.83 2008  5 18  7 50   2454604.87 2008  5 18  8 48   2454604.91 2008  5 18  9 46
 2454606.26 2008  5 19 18 13   2454606.30 2008  5 19 19 11   2454606.34 2008  5 19 20  9
 2454607.69 2008  5 21  4 36   2454607.73 2008  5 21  5 34   2454607.77 2008  5 21  6 32
 2454609.12 2008  5 22 14 59   2454609.16 2008  5 22 15 57   2454609.20 2008  5 22 16 55
 2454610.56 2008  5 24  1 22   2454610.60 2008  5 24  2 19   2454610.64 2008  5 24  3 17
 2454611.99 2008  5 25 11 44   2454612.03 2008  5 25 12 42   2454612.07 2008  5 25 13 40
 2454613.42 2008  5 26 22  7   2454613.46 2008  5 26 23  5   2454613.50 2008  5 27  0  3
 2454614.85 2008  5 28  8 30   2454614.89 2008  5 28  9 28   2454614.93 2008  5 28 10 26
 2454616.29 2008  5 29 18 53   2454616.33 2008  5 29 19 51   2454616.37 2008  5 29 20 48
 2454617.72 2008  5 31  5 15   2454617.76 2008  5 31  6 13   2454617.80 2008  5 31  7 11
 2454619.15 2008  6  1 15 38   2454619.19 2008  6  1 16 36   2454619.23 2008  6  1 17 34
 2454620.58 2008  6  3  2  1   2454620.62 2008  6  3  2 59   2454620.66 2008  6  3  3 57
 2454622.02 2008  6  4 12 24   2454622.06 2008  6  4 13 22   2454622.10 2008  6  4 14 20
 2454623.45 2008  6  5 22 46   2454623.49 2008  6  5 23 44   2454623.53 2008  6  6  0 42
 2454624.88 2008  6  7  9  9   2454624.92 2008  6  7 10  7   2454624.96 2008  6  7 11  5
 2454626.31 2008  6  8 19 32   2454626.35 2008  6  8 20 30   2454626.39 2008  6  8 21 28
 2454627.75 2008  6 10  5 55   2454627.79 2008  6 10  6 53   2454627.83 2008  6 10  7 51
 2454629.18 2008  6 11 16 17   2454629.22 2008  6 11 17 15   2454629.26 2008  6 11 18 13
 2454630.61 2008  6 13  2 40   2454630.65 2008  6 13  3 38   2454630.69 2008  6 13  4 36
 2454632.04 2008  6 14 13  3   2454632.08 2008  6 14 14  1   2454632.12 2008  6 14 14 59
 2454633.48 2008  6 15 23 26   2454633.52 2008  6 16  0 24   2454633.56 2008  6 16  1 22
 2454634.91 2008  6 17  9 49   2454634.95 2008  6 17 10 46   2454634.99 2008  6 17 11 44
 2454636.34 2008  6 18 20 11   2454636.38 2008  6 18 21  9   2454636.42 2008  6 18 22  7
 2454637.77 2008  6 20  6 34   2454637.81 2008  6 20  7 32   2454637.85 2008  6 20  8 30
 2454639.21 2008  6 21 16 57   2454639.25 2008  6 21 17 55   2454639.29 2008  6 21 18 53
 2454640.64 2008  6 23  3 20   2454640.68 2008  6 23  4 18   2454640.72 2008  6 23  5 16
 2454642.07 2008  6 24 13 42   2454642.11 2008  6 24 14 40   2454642.15 2008  6 24 15 38
 2454643.50 2008  6 26  0  5   2454643.54 2008  6 26  1  3   2454643.58 2008  6 26  2  1
 2454644.94 2008  6 27 10 28   2454644.98 2008  6 27 11 26   2454645.02 2008  6 27 12 24
 2454646.37 2008  6 28 20 51   2454646.41 2008  6 28 21 49   2454646.45 2008  6 28 22 47
 2454647.80 2008  6 30  7 13   2454647.84 2008  6 30  8 11   2454647.88 2008  6 30  9  9
 2454649.23 2008  7  1 17 36   2454649.27 2008  7  1 18 34   2454649.31 2008  7  1 19 32
 2454650.67 2008  7  3  3 59   2454650.71 2008  7  3  4 57   2454650.75 2008  7  3  5 55
 2454652.10 2008  7  4 14 22   2454652.14 2008  7  4 15 20   2454652.18 2008  7  4 16 18
 2454653.53 2008  7  6  0 44   2454653.57 2008  7  6  1 42   2454653.61 2008  7  6  2 40
 2454654.96 2008  7  7 11  7   2454655.00 2008  7  7 12  5   2454655.04 2008  7  7 13  3
 2454656.40 2008  7  8 21 30   2454656.44 2008  7  8 22 28   2454656.48 2008  7  8 23 26
 2454657.83 2008  7 10  7 53   2454657.87 2008  7 10  8 51   2454657.91 2008  7 10  9 49
 2454659.26 2008  7 11 18 15   2454659.30 2008  7 11 19 13   2454659.34 2008  7 11 20 11
 2454660.69 2008  7 13  4 38   2454660.73 2008  7 13  5 36   2454660.77 2008  7 13  6 34
 2454662.13 2008  7 14 15  1   2454662.17 2008  7 14 15 59   2454662.21 2008  7 14 16 57
 2454663.56 2008  7 16  1 24   2454663.60 2008  7 16  2 22   2454663.64 2008  7 16  3 20
 2454664.99 2008  7 17 11 47   2454665.03 2008  7 17 12 45   2454665.07 2008  7 17 13 43
 2454666.42 2008  7 18 22  9   2454666.46 2008  7 18 23  7   2454666.50 2008  7 19  0  5
 2454667.86 2008  7 20  8 32   2454667.90 2008  7 20  9 30   2454667.94 2008  7 20 10 28
 2454669.29 2008  7 21 18 55   2454669.33 2008  7 21 19 53   2454669.37 2008  7 21 20 51
 2454670.72 2008  7 23  5 18   2454670.76 2008  7 23  6 16   2454670.80 2008  7 23  7 14
 2454672.15 2008  7 24 15 40   2454672.19 2008  7 24 16 38   2454672.23 2008  7 24 17 36
 2454673.59 2008  7 26  2  3   2454673.63 2008  7 26  3  1   2454673.67 2008  7 26  3 59
 2454675.02 2008  7 27 12 26   2454675.06 2008  7 27 13 24   2454675.10 2008  7 27 14 22
 2454676.45 2008  7 28 22 49   2454676.49 2008  7 28 23 47   2454676.53 2008  7 29  0 45
 2454677.88 2008  7 30  9 11   2454677.92 2008  7 30 10  9   2454677.96 2008  7 30 11  7
 2454679.32 2008  7 31 19 34   2454679.36 2008  7 31 20 32   2454679.40 2008  7 31 21 30
 2454680.75 2008  8  2  5 57   2454680.79 2008  8  2  6 55   2454680.83 2008  8  2  7 53
 2454682.18 2008  8  3 16 20   2454682.22 2008  8  3 17 18   2454682.26 2008  8  3 18 16
 2454683.61 2008  8  5  2 42   2454683.65 2008  8  5  3 40   2454683.69 2008  8  5  4 39
 2454685.05 2008  8  6 13  5   2454685.09 2008  8  6 14  3   2454685.13 2008  8  6 15  1
 2454686.48 2008  8  7 23 28   2454686.52 2008  8  8  0 26   2454686.56 2008  8  8  1 24
 2454687.91 2008  8  9  9 51   2454687.95 2008  8  9 10 49   2454687.99 2008  8  9 11 47
 2454689.34 2008  8 10 20 14   2454689.38 2008  8 10 21 12   2454689.42 2008  8 10 22 10
 2454690.78 2008  8 12  6 36   2454690.82 2008  8 12  7 34   2454690.86 2008  8 12  8 32
 2454692.21 2008  8 13 16 59   2454692.25 2008  8 13 17 57   2454692.29 2008  8 13 18 55
 2454693.64 2008  8 15  3 22   2454693.68 2008  8 15  4 20   2454693.72 2008  8 15  5 18
 2454695.07 2008  8 16 13 45   2454695.11 2008  8 16 14 43   2454695.15 2008  8 16 15 41
 2454696.51 2008  8 18  0  7   2454696.55 2008  8 18  1  5   2454696.59 2008  8 18  2  3
 2454697.94 2008  8 19 10 30   2454697.98 2008  8 19 11 28   2454698.02 2008  8 19 12 26
 2454699.37 2008  8 20 20 53   2454699.41 2008  8 20 21 51   2454699.45 2008  8 20 22 49
 2454700.80 2008  8 22  7 16   2454700.84 2008  8 22  8 14   2454700.88 2008  8 22  9 12
 2454702.24 2008  8 23 17 38   2454702.28 2008  8 23 18 36   2454702.32 2008  8 23 19 35
 2454703.67 2008  8 25  4  1   2454703.71 2008  8 25  4 59   2454703.75 2008  8 25  5 57
 2454705.10 2008  8 26 14 24   2454705.14 2008  8 26 15 22   2454705.18 2008  8 26 16 20
 2454706.53 2008  8 28  0 47   2454706.57 2008  8 28  1 45   2454706.61 2008  8 28  2 43
 2454707.97 2008  8 29 11  9   2454708.01 2008  8 29 12  8   2454708.05 2008  8 29 13  6
 2454709.40 2008  8 30 21 32   2454709.44 2008  8 30 22 30   2454709.48 2008  8 30 23 28
 2454710.83 2008  9  1  7 55   2454710.87 2008  9  1  8 53   2454710.91 2008  9  1  9 51
 2454712.26 2008  9  2 18 18   2454712.30 2008  9  2 19 16   2454712.34 2008  9  2 20 14
 2454713.70 2008  9  4  4 40   2454713.74 2008  9  4  5 39   2454713.78 2008  9  4  6 37
 2454715.13 2008  9  5 15  3   2454715.17 2008  9  5 16  1   2454715.21 2008  9  5 16 59
 2454716.56 2008  9  7  1 26   2454716.60 2008  9  7  2 24   2454716.64 2008  9  7  3 22
 2454717.99 2008  9  8 11 49   2454718.03 2008  9  8 12 47   2454718.07 2008  9  8 13 45
 2454719.43 2008  9  9 22 12   2454719.47 2008  9  9 23 10   2454719.51 2008  9 10  0  8
 2454720.86 2008  9 11  8 34   2454720.90 2008  9 11  9 32   2454720.94 2008  9 11 10 30
 2454722.29 2008  9 12 18 57   2454722.33 2008  9 12 19 55   2454722.37 2008  9 12 20 53
 2454723.72 2008  9 14  5 20   2454723.76 2008  9 14  6 18   2454723.80 2008  9 14  7 16
 2454725.15 2008  9 15 15 43   2454725.20 2008  9 15 16 41   2454725.24 2008  9 15 17 39
 2454726.59 2008  9 17  2  5   2454726.63 2008  9 17  3  3   2454726.67 2008  9 17  4  2
 2454728.02 2008  9 18 12 28   2454728.06 2008  9 18 13 26   2454728.10 2008  9 18 14 24
 2454729.45 2008  9 19 22 51   2454729.49 2008  9 19 23 49   2454729.53 2008  9 20  0 47
 2454730.88 2008  9 21  9 14   2454730.93 2008  9 21 10 12   2454730.97 2008  9 21 11 10
 2454732.32 2008  9 22 19 36   2454732.36 2008  9 22 20 35   2454732.40 2008  9 22 21 33
 2454733.75 2008  9 24  5 59   2454733.79 2008  9 24  6 57   2454733.83 2008  9 24  7 55
 2454735.18 2008  9 25 16 22   2454735.22 2008  9 25 17 20   2454735.26 2008  9 25 18 18
 2454736.61 2008  9 27  2 45   2454736.66 2008  9 27  3 43   2454736.70 2008  9 27  4 41
 2454738.05 2008  9 28 13  7   2454738.09 2008  9 28 14  6   2454738.13 2008  9 28 15  4
 2454739.48 2008  9 29 23 30   2454739.52 2008  9 30  0 28   2454739.56 2008  9 30  1 26
 2454740.91 2008 10  1  9 53   2454740.95 2008 10  1 10 51   2454740.99 2008 10  1 11 49
 2454742.34 2008 10  2 20 16   2454742.38 2008 10  2 21 14   2454742.43 2008 10  2 22 12
 2454743.78 2008 10  4  6 39   2454743.82 2008 10  4  7 37   2454743.86 2008 10  4  8 35
 2454745.21 2008 10  5 17  1   2454745.25 2008 10  5 17 59   2454745.29 2008 10  5 18 58
 2454746.64 2008 10  7  3 24   2454746.68 2008 10  7  4 22   2454746.72 2008 10  7  5 20
 2454748.07 2008 10  8 13 47   2454748.11 2008 10  8 14 45   2454748.16 2008 10  8 15 43
 2454749.51 2008 10 10  0 10   2454749.55 2008 10 10  1  8   2454749.59 2008 10 10  2  6
 2454750.94 2008 10 11 10 32   2454750.98 2008 10 11 11 30   2454751.02 2008 10 11 12 29
 2454752.37 2008 10 12 20 55   2454752.41 2008 10 12 21 53   2454752.45 2008 10 12 22 51
 2454753.80 2008 10 14  7 18   2454753.84 2008 10 14  8 16   2454753.89 2008 10 14  9 14
 2454755.24 2008 10 15 17 41   2454755.28 2008 10 15 18 39   2454755.32 2008 10 15 19 37
 2454756.67 2008 10 17  4  3   2454756.71 2008 10 17  5  2   2454756.75 2008 10 17  6  0
 2454758.10 2008 10 18 14 26   2454758.14 2008 10 18 15 24   2454758.18 2008 10 18 16 22
 2454759.53 2008 10 20  0 49   2454759.57 2008 10 20  1 47   2454759.62 2008 10 20  2 45
 2454760.97 2008 10 21 11 12   2454761.01 2008 10 21 12 10   2454761.05 2008 10 21 13  8
 2454762.40 2008 10 22 21 34   2454762.44 2008 10 22 22 33   2454762.48 2008 10 22 23 31
 2454763.83 2008 10 24  7 57   2454763.87 2008 10 24  8 55   2454763.91 2008 10 24  9 53
 2454765.26 2008 10 25 18 20   2454765.30 2008 10 25 19 18   2454765.34 2008 10 25 20 16
 2454766.70 2008 10 27  4 43   2454766.74 2008 10 27  5 41   2454766.78 2008 10 27  6 39
 2454768.13 2008 10 28 15  5   2454768.17 2008 10 28 16  4   2454768.21 2008 10 28 17  2
 2454769.56 2008 10 30  1 28   2454769.60 2008 10 30  2 26   2454769.64 2008 10 30  3 25
 2454770.99 2008 10 31 11 51   2454771.03 2008 10 31 12 49   2454771.07 2008 10 31 13 47
 2454772.43 2008 11  1 22 14   2454772.47 2008 11  1 23 12   2454772.51 2008 11  2  0 10
 2454773.86 2008 11  3  8 37   2454773.90 2008 11  3  9 35   2454773.94 2008 11  3 10 33
 2454775.29 2008 11  4 18 59   2454775.33 2008 11  4 19 57   2454775.37 2008 11  4 20 56
 2454776.72 2008 11  6  5 22   2454776.76 2008 11  6  6 20   2454776.80 2008 11  6  7 18
 2454778.16 2008 11  7 15 45   2454778.20 2008 11  7 16 43   2454778.24 2008 11  7 17 41
 2454779.59 2008 11  9  2  8   2454779.63 2008 11  9  3  6   2454779.67 2008 11  9  4  4
 2454781.02 2008 11 10 12 30   2454781.06 2008 11 10 13 29   2454781.10 2008 11 10 14 27
 2454782.45 2008 11 11 22 53   2454782.49 2008 11 11 23 51   2454782.53 2008 11 12  0 49
 2454783.89 2008 11 13  9 16   2454783.93 2008 11 13 10 14   2454783.97 2008 11 13 11 12
 2454785.32 2008 11 14 19 39   2454785.36 2008 11 14 20 37   2454785.40 2008 11 14 21 35
 2454786.75 2008 11 16  6  1   2454786.79 2008 11 16  7  0   2454786.83 2008 11 16  7 58
 2454788.18 2008 11 17 16 24   2454788.22 2008 11 17 17 22   2454788.26 2008 11 17 18 21
 2454789.62 2008 11 19  2 47   2454789.66 2008 11 19  3 45   2454789.70 2008 11 19  4 43
 2454791.05 2008 11 20 13 10   2454791.09 2008 11 20 14  8   2454791.13 2008 11 20 15  6
 2454792.48 2008 11 21 23 32   2454792.52 2008 11 22  0 31   2454792.56 2008 11 22  1 29
 2454793.91 2008 11 23  9 55   2454793.95 2008 11 23 10 53   2454793.99 2008 11 23 11 52
 2454795.35 2008 11 24 20 18   2454795.39 2008 11 24 21 16   2454795.43 2008 11 24 22 14
 2454796.78 2008 11 26  6 41   2454796.82 2008 11 26  7 39   2454796.86 2008 11 26  8 37
 2454798.21 2008 11 27 17  4   2454798.25 2008 11 27 18  2   2454798.29 2008 11 27 19  0
 2454799.64 2008 11 29  3 26   2454799.68 2008 11 29  4 24   2454799.72 2008 11 29  5 23
 2454801.08 2008 11 30 13 49   2454801.12 2008 11 30 14 47   2454801.16 2008 11 30 15 45
 2454802.51 2008 12  2  0 12   2454802.55 2008 12  2  1 10   2454802.59 2008 12  2  2  8
 2454803.94 2008 12  3 10 35   2454803.98 2008 12  3 11 33   2454804.02 2008 12  3 12 31
 2454805.37 2008 12  4 20 57   2454805.41 2008 12  4 21 56   2454805.45 2008 12  4 22 54
 2454806.81 2008 12  6  7 20   2454806.85 2008 12  6  8 18   2454806.89 2008 12  6  9 16
 2454808.24 2008 12  7 17 43   2454808.28 2008 12  7 18 41   2454808.32 2008 12  7 19 39
 2454809.67 2008 12  9  4  6   2454809.71 2008 12  9  5  4   2454809.75 2008 12  9  6  2
 2454811.10 2008 12 10 14 28   2454811.14 2008 12 10 15 27   2454811.18 2008 12 10 16 25
 2454812.54 2008 12 12  0 51   2454812.58 2008 12 12  1 49   2454812.62 2008 12 12  2 48
 2454813.97 2008 12 13 11 14   2454814.01 2008 12 13 12 12   2454814.05 2008 12 13 13 10
 2454815.40 2008 12 14 21 37   2454815.44 2008 12 14 22 35   2454815.48 2008 12 14 23 33
 2454816.83 2008 12 16  7 59   2454816.87 2008 12 16  8 58   2454816.91 2008 12 16  9 56
 2454818.27 2008 12 17 18 22   2454818.31 2008 12 17 19 20   2454818.35 2008 12 17 20 19
 2454819.70 2008 12 19  4 45   2454819.74 2008 12 19  5 43   2454819.78 2008 12 19  6 41
 2454821.13 2008 12 20 15  8   2454821.17 2008 12 20 16  6   2454821.21 2008 12 20 17  4
 2454822.56 2008 12 22  1 30   2454822.60 2008 12 22  2 29   2454822.64 2008 12 22  3 27
 2454824.00 2008 12 23 11 53   2454824.04 2008 12 23 12 51   2454824.08 2008 12 23 13 50
 2454825.43 2008 12 24 22 16   2454825.47 2008 12 24 23 14   2454825.51 2008 12 25  0 12
 2454826.86 2008 12 26  8 39   2454826.90 2008 12 26  9 37   2454826.94 2008 12 26 10 35
 2454828.29 2008 12 27 19  2   2454828.33 2008 12 27 20  0   2454828.37 2008 12 27 20 58
 2454829.73 2008 12 29  5 24   2454829.77 2008 12 29  6 23   2454829.81 2008 12 29  7 21
 2454831.16 2008 12 30 15 47   2454831.20 2008 12 30 16 45   2454831.24 2008 12 30 17 44
 2454832.59 2009  1  1  2 10   2454832.63 2009  1  1  3  8   2454832.67 2009  1  1  4  6
 2454834.02 2009  1  2 12 33   2454834.06 2009  1  2 13 31   2454834.10 2009  1  2 14 29
 2454835.46 2009  1  3 22 55   2454835.50 2009  1  3 23 54   2454835.54 2009  1  4  0 52
 2454836.89 2009  1  5  9 18   2454836.93 2009  1  5 10 16   2454836.97 2009  1  5 11 15
 2454838.32 2009  1  6 19 41   2454838.36 2009  1  6 20 39   2454838.40 2009  1  6 21 37
 2454839.75 2009  1  8  6  4   2454839.79 2009  1  8  7  2   2454839.83 2009  1  8  8  0
 2454841.19 2009  1  9 16 26   2454841.23 2009  1  9 17 25   2454841.27 2009  1  9 18 23
 2454842.62 2009  1 11  2 49   2454842.66 2009  1 11  3 47   2454842.70 2009  1 11  4 46
 2454844.05 2009  1 12 13 12   2454844.09 2009  1 12 14 10   2454844.13 2009  1 12 15  8
 2454845.48 2009  1 13 23 35   2454845.52 2009  1 14  0 33   2454845.56 2009  1 14  1 31
 2454846.92 2009  1 15  9 57   2454846.96 2009  1 15 10 56   2454847.00 2009  1 15 11 54
 2454848.35 2009  1 16 20 20   2454848.39 2009  1 16 21 18   2454848.43 2009  1 16 22 17
 2454849.78 2009  1 18  6 43   2454849.82 2009  1 18  7 41   2454849.86 2009  1 18  8 39
 2454851.21 2009  1 19 17  6   2454851.25 2009  1 19 18  4   2454851.29 2009  1 19 19  2
 2454852.65 2009  1 21  3 29   2454852.69 2009  1 21  4 27   2454852.73 2009  1 21  5 25
 2454854.08 2009  1 22 13 51   2454854.12 2009  1 22 14 50   2454854.16 2009  1 22 15 48
 2454855.51 2009  1 24  0 14   2454855.55 2009  1 24  1 12   2454855.59 2009  1 24  2 11
 2454856.94 2009  1 25 10 37   2454856.98 2009  1 25 11 35   2454857.02 2009  1 25 12 33
 2454858.38 2009  1 26 21  0   2454858.42 2009  1 26 21 58   2454858.46 2009  1 26 22 56
 2454859.81 2009  1 28  7 22   2454859.85 2009  1 28  8 21   2454859.89 2009  1 28  9 19
 2454861.24 2009  1 29 17 45   2454861.28 2009  1 29 18 43   2454861.32 2009  1 29 19 42
 2454862.67 2009  1 31  4  8   2454862.71 2009  1 31  5  6   2454862.75 2009  1 31  6  4
 2454864.10 2009  2  1 14 31   2454864.15 2009  2  1 15 29   2454864.19 2009  2  1 16 27
 2454865.54 2009  2  3  0 53   2454865.58 2009  2  3  1 52   2454865.62 2009  2  3  2 50
 2454866.97 2009  2  4 11 16   2454867.01 2009  2  4 12 14   2454867.05 2009  2  4 13 13
 2454868.40 2009  2  5 21 39   2454868.44 2009  2  5 22 37   2454868.48 2009  2  5 23 35
 2454869.83 2009  2  7  8  2   2454869.88 2009  2  7  9  0   2454869.92 2009  2  7  9 58
 2454871.27 2009  2  8 18 24   2454871.31 2009  2  8 19 23   2454871.35 2009  2  8 20 21
 2454872.70 2009  2 10  4 47   2454872.74 2009  2 10  5 45   2454872.78 2009  2 10  6 44
 2454874.13 2009  2 11 15 10   2454874.17 2009  2 11 16  8   2454874.21 2009  2 11 17  7
 2454875.56 2009  2 13  1 33   2454875.61 2009  2 13  2 31   2454875.65 2009  2 13  3 29
 2454877.00 2009  2 14 11 55   2454877.04 2009  2 14 12 54   2454877.08 2009  2 14 13 52
 2454878.43 2009  2 15 22 18   2454878.47 2009  2 15 23 17   2454878.51 2009  2 16  0 15
 2454879.86 2009  2 17  8 41   2454879.90 2009  2 17  9 39   2454879.94 2009  2 17 10 38
 2454881.29 2009  2 18 19  4   2454881.34 2009  2 18 20  2   2454881.38 2009  2 18 21  0
 2454882.73 2009  2 20  5 27   2454882.77 2009  2 20  6 25   2454882.81 2009  2 20  7 23
 2454884.16 2009  2 21 15 49   2454884.20 2009  2 21 16 48   2454884.24 2009  2 21 17 46
 2454885.59 2009  2 23  2 12   2454885.63 2009  2 23  3 10   2454885.67 2009  2 23  4  9
 2454887.02 2009  2 24 12 35   2454887.07 2009  2 24 13 33   2454887.11 2009  2 24 14 31
 2454888.46 2009  2 25 22 58   2454888.50 2009  2 25 23 56   2454888.54 2009  2 26  0 54
 2454889.89 2009  2 27  9 20   2454889.93 2009  2 27 10 19   2454889.97 2009  2 27 11 17
 2454891.32 2009  2 28 19 43   2454891.36 2009  2 28 20 41   2454891.40 2009  2 28 21 40
 2454892.75 2009  3  2  6  6   2454892.79 2009  3  2  7  4   2454892.84 2009  3  2  8  2
 2454894.19 2009  3  3 16 29   2454894.23 2009  3  3 17 27   2454894.27 2009  3  3 18 25
 2454895.62 2009  3  5  2 51   2454895.66 2009  3  5  3 50   2454895.70 2009  3  5  4 48
 2454897.05 2009  3  6 13 14   2454897.09 2009  3  6 14 12   2454897.13 2009  3  6 15 11
 2454898.48 2009  3  7 23 37   2454898.52 2009  3  8  0 35   2454898.57 2009  3  8  1 34
 2454899.92 2009  3  9 10  0   2454899.96 2009  3  9 10 58   2454900.00 2009  3  9 11 56
 2454901.35 2009  3 10 20 22   2454901.39 2009  3 10 21 21   2454901.43 2009  3 10 22 19
 2454902.78 2009  3 12  6 45   2454902.82 2009  3 12  7 44   2454902.86 2009  3 12  8 42
 2454904.21 2009  3 13 17  8   2454904.25 2009  3 13 18  6   2454904.30 2009  3 13 19  5
 2454905.65 2009  3 15  3 31   2454905.69 2009  3 15  4 29   2454905.73 2009  3 15  5 27
 2454907.08 2009  3 16 13 54   2454907.12 2009  3 16 14 52   2454907.16 2009  3 16 15 50
 2454908.51 2009  3 18  0 16   2454908.55 2009  3 18  1 15   2454908.59 2009  3 18  2 13
 2454909.94 2009  3 19 10 39   2454909.98 2009  3 19 11 37   2454910.03 2009  3 19 12 36
 2454911.38 2009  3 20 21  2   2454911.42 2009  3 20 22  0   2454911.46 2009  3 20 22 58
 2454912.81 2009  3 22  7 25   2454912.85 2009  3 22  8 23   2454912.89 2009  3 22  9 21
 2454914.24 2009  3 23 17 47   2454914.28 2009  3 23 18 46   2454914.32 2009  3 23 19 44
 2454915.67 2009  3 25  4 10   2454915.71 2009  3 25  5  8   2454915.76 2009  3 25  6  7
 2454917.11 2009  3 26 14 33   2454917.15 2009  3 26 15 31   2454917.19 2009  3 26 16 30
 2454918.54 2009  3 28  0 56   2454918.58 2009  3 28  1 54   2454918.62 2009  3 28  2 52
 2454919.97 2009  3 29 11 18   2454920.01 2009  3 29 12 17   2454920.05 2009  3 29 13 15
 2454921.40 2009  3 30 21 41   2454921.44 2009  3 30 22 39   2454921.48 2009  3 30 23 38
 2454922.84 2009  4  1  8  4   2454922.88 2009  4  1  9  2   2454922.92 2009  4  1 10  1
 2454924.27 2009  4  2 18 27   2454924.31 2009  4  2 19 25   2454924.35 2009  4  2 20 23
 2454925.70 2009  4  4  4 49   2454925.74 2009  4  4  5 48   2454925.78 2009  4  4  6 46
 2454927.13 2009  4  5 15 12   2454927.17 2009  4  5 16 11   2454927.21 2009  4  5 17  9
 2454928.57 2009  4  7  1 35   2454928.61 2009  4  7  2 33   2454928.65 2009  4  7  3 32
 2454930.00 2009  4  8 11 58   2454930.04 2009  4  8 12 56   2454930.08 2009  4  8 13 54
 2454931.43 2009  4  9 22 20   2454931.47 2009  4  9 23 19   2454931.51 2009  4 10  0 17
 2454932.86 2009  4 11  8 43   2454932.90 2009  4 11  9 42   2454932.94 2009  4 11 10 40
 2454934.30 2009  4 12 19  6   2454934.34 2009  4 12 20  4   2454934.38 2009  4 12 21  3
 2454935.73 2009  4 14  5 29   2454935.77 2009  4 14  6 27   2454935.81 2009  4 14  7 26
 2454937.16 2009  4 15 15 52   2454937.20 2009  4 15 16 50   2454937.24 2009  4 15 17 48
 2454938.59 2009  4 17  2 14   2454938.63 2009  4 17  3 13   2454938.67 2009  4 17  4 11
 2454940.03 2009  4 18 12 37   2454940.07 2009  4 18 13 35   2454940.11 2009  4 18 14 34
 2454941.46 2009  4 19 23  0   2454941.50 2009  4 19 23 58   2454941.54 2009  4 20  0 57
 2454942.89 2009  4 21  9 23   2454942.93 2009  4 21 10 21   2454942.97 2009  4 21 11 19
 2454944.32 2009  4 22 19 45   2454944.36 2009  4 22 20 44   2454944.40 2009  4 22 21 42
 2454945.76 2009  4 24  6  8   2454945.80 2009  4 24  7  6   2454945.84 2009  4 24  8  5
 2454947.19 2009  4 25 16 31   2454947.23 2009  4 25 17 29   2454947.27 2009  4 25 18 28
 2454948.62 2009  4 27  2 54   2454948.66 2009  4 27  3 52   2454948.70 2009  4 27  4 50
 2454950.05 2009  4 28 13 16   2454950.09 2009  4 28 14 15   2454950.13 2009  4 28 15 13
 2454951.49 2009  4 29 23 39   2454951.53 2009  4 30  0 38   2454951.57 2009  4 30  1 36
 2454952.92 2009  5  1 10  2   2454952.96 2009  5  1 11  0   2454953.00 2009  5  1 11 59
 2454954.35 2009  5  2 20 25   2454954.39 2009  5  2 21 23   2454954.43 2009  5  2 22 21
 2454955.78 2009  5  4  6 47   2454955.82 2009  5  4  7 46   2454955.86 2009  5  4  8 44
 2454957.22 2009  5  5 17 10   2454957.26 2009  5  5 18  9   2454957.30 2009  5  5 19  7
 2454958.65 2009  5  7  3 33   2454958.69 2009  5  7  4 31   2454958.73 2009  5  7  5 30
 2454960.08 2009  5  8 13 56   2454960.12 2009  5  8 14 54   2454960.16 2009  5  8 15 53
 2454961.51 2009  5 10  0 19   2454961.55 2009  5 10  1 17   2454961.59 2009  5 10  2 15
 2454962.95 2009  5 11 10 41   2454962.99 2009  5 11 11 40   2454963.03 2009  5 11 12 38
 2454964.38 2009  5 12 21  4   2454964.42 2009  5 12 22  2   2454964.46 2009  5 12 23  1
 2454965.81 2009  5 14  7 27   2454965.85 2009  5 14  8 25   2454965.89 2009  5 14  9 24
 2454967.24 2009  5 15 17 50   2454967.28 2009  5 15 18 48   2454967.32 2009  5 15 19 46
 2454968.68 2009  5 17  4 12   2454968.72 2009  5 17  5 11   2454968.76 2009  5 17  6  9
 2454970.11 2009  5 18 14 35   2454970.15 2009  5 18 15 33   2454970.19 2009  5 18 16 32
 2454971.54 2009  5 20  0 58   2454971.58 2009  5 20  1 56   2454971.62 2009  5 20  2 55
 2454972.97 2009  5 21 11 21   2454973.01 2009  5 21 12 19   2454973.05 2009  5 21 13 17
 2454974.41 2009  5 22 21 43   2454974.45 2009  5 22 22 42   2454974.49 2009  5 22 23 40
 2454975.84 2009  5 24  8  6   2454975.88 2009  5 24  9  5   2454975.92 2009  5 24 10  3
 2454977.27 2009  5 25 18 29   2454977.31 2009  5 25 19 27   2454977.35 2009  5 25 20 26
 2454978.70 2009  5 27  4 52   2454978.74 2009  5 27  5 50   2454978.78 2009  5 27  6 49
 2454980.14 2009  5 28 15 14   2454980.18 2009  5 28 16 13   2454980.22 2009  5 28 17 11
 2454981.57 2009  5 30  1 37   2454981.61 2009  5 30  2 36   2454981.65 2009  5 30  3 34
 2454983.00 2009  5 31 12  0   2454983.04 2009  5 31 12 58   2454983.08 2009  5 31 13 57
 2454984.43 2009  6  1 22 23   2454984.47 2009  6  1 23 21   2454984.51 2009  6  2  0 20
 2454985.87 2009  6  3  8 45   2454985.91 2009  6  3  9 44   2454985.95 2009  6  3 10 42
 2454987.30 2009  6  4 19  8   2454987.34 2009  6  4 20  7   2454987.38 2009  6  4 21  5
 2454988.73 2009  6  6  5 31   2454988.77 2009  6  6  6 29   2454988.81 2009  6  6  7 28
 2454990.16 2009  6  7 15 54   2454990.20 2009  6  7 16 52   2454990.24 2009  6  7 17 51
 2454991.60 2009  6  9  2 17   2454991.64 2009  6  9  3 15   2454991.68 2009  6  9  4 13
 2454993.03 2009  6 10 12 39   2454993.07 2009  6 10 13 38   2454993.11 2009  6 10 14 36
 2454994.46 2009  6 11 23  2   2454994.50 2009  6 12  0  1   2454994.54 2009  6 12  0 59
 2454995.89 2009  6 13  9 25   2454995.93 2009  6 13 10 23   2454995.97 2009  6 13 11 22
 2454997.33 2009  6 14 19 48   2454997.37 2009  6 14 20 46   2454997.41 2009  6 14 21 44
 2454998.76 2009  6 16  6 10   2454998.80 2009  6 16  7  9   2454998.84 2009  6 16  8  7
 2455000.19 2009  6 17 16 33   2455000.23 2009  6 17 17 32   2455000.27 2009  6 17 18 30
 2455001.62 2009  6 19  2 56   2455001.66 2009  6 19  3 54   2455001.70 2009  6 19  4 53
 2455003.05 2009  6 20 13 19   2455003.10 2009  6 20 14 17   2455003.14 2009  6 20 15 16
 2455004.49 2009  6 21 23 41   2455004.53 2009  6 22  0 40   2455004.57 2009  6 22  1 38
 2455005.92 2009  6 23 10  4   2455005.96 2009  6 23 11  3   2455006.00 2009  6 23 12  1
 2455007.35 2009  6 24 20 27   2455007.39 2009  6 24 21 25   2455007.43 2009  6 24 22 24
 2455008.78 2009  6 26  6 50   2455008.83 2009  6 26  7 48   2455008.87 2009  6 26  8 47
 2455010.22 2009  6 27 17 12   2455010.26 2009  6 27 18 11   2455010.30 2009  6 27 19  9
 2455011.65 2009  6 29  3 35   2455011.69 2009  6 29  4 34   2455011.73 2009  6 29  5 32
 2455013.08 2009  6 30 13 58   2455013.12 2009  6 30 14 56   2455013.16 2009  6 30 15 55
 2455014.51 2009  7  2  0 21   2455014.56 2009  7  2  1 19   2455014.60 2009  7  2  2 18
 2455015.95 2009  7  3 10 44   2455015.99 2009  7  3 11 42   2455016.03 2009  7  3 12 40
 2455017.38 2009  7  4 21  6   2455017.42 2009  7  4 22  5   2455017.46 2009  7  4 23  3
 2455018.81 2009  7  6  7 29   2455018.85 2009  7  6  8 28   2455018.89 2009  7  6  9 26
 2455020.24 2009  7  7 17 52   2455020.29 2009  7  7 18 50   2455020.33 2009  7  7 19 49
 2455021.68 2009  7  9  4 15   2455021.72 2009  7  9  5 13   2455021.76 2009  7  9  6 12
 2455023.11 2009  7 10 14 37   2455023.15 2009  7 10 15 36   2455023.19 2009  7 10 16 34
 2455024.54 2009  7 12  1  0   2455024.58 2009  7 12  1 59   2455024.62 2009  7 12  2 57
 2455025.97 2009  7 13 11 23   2455026.02 2009  7 13 12 21   2455026.06 2009  7 13 13 20
 2455027.41 2009  7 14 21 46   2455027.45 2009  7 14 22 44   2455027.49 2009  7 14 23 43
 2455028.84 2009  7 16  8  8   2455028.88 2009  7 16  9  7   2455028.92 2009  7 16 10  5
 2455030.27 2009  7 17 18 31   2455030.31 2009  7 17 19 30   2455030.35 2009  7 17 20 28
 2455031.70 2009  7 19  4 54   2455031.75 2009  7 19  5 52   2455031.79 2009  7 19  6 51
 2455033.14 2009  7 20 15 17   2455033.18 2009  7 20 16 15   2455033.22 2009  7 20 17 14
 2455034.57 2009  7 22  1 39   2455034.61 2009  7 22  2 38   2455034.65 2009  7 22  3 36
 2455036.00 2009  7 23 12  2   2455036.04 2009  7 23 13  1   2455036.08 2009  7 23 13 59
 2455037.43 2009  7 24 22 25   2455037.47 2009  7 24 23 23   2455037.52 2009  7 25  0 22
 2455038.87 2009  7 26  8 48   2455038.91 2009  7 26  9 46   2455038.95 2009  7 26 10 45
 2455040.30 2009  7 27 19 10   2455040.34 2009  7 27 20  9   2455040.38 2009  7 27 21  7
 2455041.73 2009  7 29  5 33   2455041.77 2009  7 29  6 32   2455041.81 2009  7 29  7 30
 2455043.16 2009  7 30 15 56   2455043.20 2009  7 30 16 55   2455043.25 2009  7 30 17 53
 2455044.60 2009  8  1  2 19   2455044.64 2009  8  1  3 17   2455044.68 2009  8  1  4 16
 2455046.03 2009  8  2 12 42   2455046.07 2009  8  2 13 40   2455046.11 2009  8  2 14 39
 2455047.46 2009  8  3 23  4   2455047.50 2009  8  4  0  3   2455047.54 2009  8  4  1  1
 2455048.89 2009  8  5  9 27   2455048.93 2009  8  5 10 26   2455048.98 2009  8  5 11 24
 2455050.33 2009  8  6 19 50   2455050.37 2009  8  6 20 48   2455050.41 2009  8  6 21 47
 2455051.76 2009  8  8  6 13   2455051.80 2009  8  8  7 11   2455051.84 2009  8  8  8 10
 2455053.19 2009  8  9 16 35   2455053.23 2009  8  9 17 34   2455053.27 2009  8  9 18 32
 2455054.62 2009  8 11  2 58   2455054.66 2009  8 11  3 57   2455054.71 2009  8 11  4 55
 2455056.06 2009  8 12 13 21   2455056.10 2009  8 12 14 19   2455056.14 2009  8 12 15 18
 2455057.49 2009  8 13 23 44   2455057.53 2009  8 14  0 42   2455057.57 2009  8 14  1 41
 2455058.92 2009  8 15 10  6   2455058.96 2009  8 15 11  5   2455059.00 2009  8 15 12  3
 2455060.35 2009  8 16 20 29   2455060.39 2009  8 16 21 28   2455060.44 2009  8 16 22 26
 2455061.79 2009  8 18  6 52   2455061.83 2009  8 18  7 50   2455061.87 2009  8 18  8 49
 2455063.22 2009  8 19 17 15   2455063.26 2009  8 19 18 13   2455063.30 2009  8 19 19 12
 2455064.65 2009  8 21  3 37   2455064.69 2009  8 21  4 36   2455064.73 2009  8 21  5 35
 2455066.08 2009  8 22 14  0   2455066.12 2009  8 22 14 59   2455066.17 2009  8 22 15 57
 2455067.52 2009  8 24  0 23   2455067.56 2009  8 24  1 22   2455067.60 2009  8 24  2 20
 2455068.95 2009  8 25 10 46   2455068.99 2009  8 25 11 44   2455069.03 2009  8 25 12 43
 2455070.38 2009  8 26 21  9   2455070.42 2009  8 26 22  7   2455070.46 2009  8 26 23  6
 2455071.81 2009  8 28  7 31   2455071.85 2009  8 28  8 30   2455071.90 2009  8 28  9 28
 2455073.25 2009  8 29 17 54   2455073.29 2009  8 29 18 53   2455073.33 2009  8 29 19 51
 2455074.68 2009  8 31  4 17   2455074.72 2009  8 31  5 15   2455074.76 2009  8 31  6 14
 2455076.11 2009  9  1 14 40   2455076.15 2009  9  1 15 38   2455076.19 2009  9  1 16 37
 2455077.54 2009  9  3  1  2   2455077.58 2009  9  3  2  1   2455077.62 2009  9  3  2 59
 2455078.98 2009  9  4 11 25   2455079.02 2009  9  4 12 24   2455079.06 2009  9  4 13 22
 2455080.41 2009  9  5 21 48   2455080.45 2009  9  5 22 46   2455080.49 2009  9  5 23 45
 2455081.84 2009  9  7  8 11   2455081.88 2009  9  7  9  9   2455081.92 2009  9  7 10  8
 2455083.27 2009  9  8 18 33   2455083.31 2009  9  8 19 32   2455083.35 2009  9  8 20 30
 2455084.71 2009  9 10  4 56   2455084.75 2009  9 10  5 55   2455084.79 2009  9 10  6 53
 2455086.14 2009  9 11 15 19   2455086.18 2009  9 11 16 17   2455086.22 2009  9 11 17 16
 2455087.57 2009  9 13  1 42   2455087.61 2009  9 13  2 40   2455087.65 2009  9 13  3 39
 2455089.00 2009  9 14 12  4   2455089.04 2009  9 14 13  3   2455089.08 2009  9 14 14  2
 2455090.44 2009  9 15 22 27   2455090.48 2009  9 15 23 26   2455090.52 2009  9 16  0 24
 2455091.87 2009  9 17  8 50   2455091.91 2009  9 17  9 49   2455091.95 2009  9 17 10 47
 2455093.30 2009  9 18 19 13   2455093.34 2009  9 18 20 11   2455093.38 2009  9 18 21 10
 2455094.73 2009  9 20  5 35   2455094.77 2009  9 20  6 34   2455094.81 2009  9 20  7 33
 2455096.17 2009  9 21 15 58   2455096.21 2009  9 21 16 57   2455096.25 2009  9 21 17 55
 2455097.60 2009  9 23  2 21   2455097.64 2009  9 23  3 20   2455097.68 2009  9 23  4 18
 2455099.03 2009  9 24 12 44   2455099.07 2009  9 24 13 42   2455099.11 2009  9 24 14 41
 2455100.46 2009  9 25 23  7   2455100.50 2009  9 26  0  5   2455100.54 2009  9 26  1  4
 2455101.90 2009  9 27  9 29   2455101.94 2009  9 27 10 28   2455101.98 2009  9 27 11 26
 2455103.33 2009  9 28 19 52   2455103.37 2009  9 28 20 51   2455103.41 2009  9 28 21 49
 2455104.76 2009  9 30  6 15   2455104.80 2009  9 30  7 13   2455104.84 2009  9 30  8 12
 2455106.19 2009 10  1 16 38   2455106.23 2009 10  1 17 36   2455106.27 2009 10  1 18 35
 2455107.63 2009 10  3  3  0   2455107.67 2009 10  3  3 59   2455107.71 2009 10  3  4 58
 2455109.06 2009 10  4 13 23   2455109.10 2009 10  4 14 22   2455109.14 2009 10  4 15 20
 2455110.49 2009 10  5 23 46   2455110.53 2009 10  6  0 44   2455110.57 2009 10  6  1 43
 2455111.92 2009 10  7 10  9   2455111.96 2009 10  7 11  7   2455112.00 2009 10  7 12  6
 2455113.36 2009 10  8 20 31   2455113.40 2009 10  8 21 30   2455113.44 2009 10  8 22 29
 2455114.79 2009 10 10  6 54   2455114.83 2009 10 10  7 53   2455114.87 2009 10 10  8 51
 2455116.22 2009 10 11 17 17   2455116.26 2009 10 11 18 16   2455116.30 2009 10 11 19 14
 2455117.65 2009 10 13  3 40   2455117.69 2009 10 13  4 38   2455117.73 2009 10 13  5 37
 2455119.09 2009 10 14 14  2   2455119.13 2009 10 14 15  1   2455119.17 2009 10 14 16  0
 2455120.52 2009 10 16  0 25   2455120.56 2009 10 16  1 24   2455120.60 2009 10 16  2 22
 2455121.95 2009 10 17 10 48   2455121.99 2009 10 17 11 47   2455122.03 2009 10 17 12 45
 2455123.38 2009 10 18 21 11   2455123.42 2009 10 18 22  9   2455123.46 2009 10 18 23  8
 2455124.82 2009 10 20  7 34   2455124.86 2009 10 20  8 32   2455124.90 2009 10 20  9 31
 2455126.25 2009 10 21 17 56   2455126.29 2009 10 21 18 55   2455126.33 2009 10 21 19 54
 2455127.68 2009 10 23  4 19   2455127.72 2009 10 23  5 18   2455127.76 2009 10 23  6 16
 2455129.11 2009 10 24 14 42   2455129.15 2009 10 24 15 40   2455129.19 2009 10 24 16 39
 2455130.55 2009 10 26  1  5   2455130.59 2009 10 26  2  3   2455130.63 2009 10 26  3  2
 2455131.98 2009 10 27 11 27   2455132.02 2009 10 27 12 26   2455132.06 2009 10 27 13 25
 2455133.41 2009 10 28 21 50   2455133.45 2009 10 28 22 49   2455133.49 2009 10 28 23 47
 2455134.84 2009 10 30  8 13   2455134.88 2009 10 30  9 11   2455134.92 2009 10 30 10 10
 2455136.28 2009 10 31 18 36   2455136.32 2009 10 31 19 34   2455136.36 2009 10 31 20 33
 2455137.71 2009 11  2  4 58   2455137.75 2009 11  2  5 57   2455137.79 2009 11  2  6 56
 2455139.14 2009 11  3 15 21   2455139.18 2009 11  3 16 20   2455139.22 2009 11  3 17 18
 2455140.57 2009 11  5  1 44   2455140.61 2009 11  5  2 43   2455140.65 2009 11  5  3 41
 2455142.00 2009 11  6 12  7   2455142.05 2009 11  6 13  5   2455142.09 2009 11  6 14  4
 2455143.44 2009 11  7 22 29   2455143.48 2009 11  7 23 28   2455143.52 2009 11  8  0 27
 2455144.87 2009 11  9  8 52   2455144.91 2009 11  9  9 51   2455144.95 2009 11  9 10 49
 2455146.30 2009 11 10 19 15   2455146.34 2009 11 10 20 14   2455146.38 2009 11 10 21 12
 2455147.73 2009 11 12  5 38   2455147.78 2009 11 12  6 36   2455147.82 2009 11 12  7 35
 2455149.17 2009 11 13 16  0   2455149.21 2009 11 13 16 59   2455149.25 2009 11 13 17 58
 2455150.60 2009 11 15  2 23   2455150.64 2009 11 15  3 22   2455150.68 2009 11 15  4 21
 2455152.03 2009 11 16 12 46   2455152.07 2009 11 16 13 45   2455152.11 2009 11 16 14 43
 2455153.46 2009 11 17 23  9   2455153.51 2009 11 18  0  7   2455153.55 2009 11 18  1  6
 2455154.90 2009 11 19  9 32   2455154.94 2009 11 19 10 30   2455154.98 2009 11 19 11 29
 2455156.33 2009 11 20 19 54   2455156.37 2009 11 20 20 53   2455156.41 2009 11 20 21 52
 2455157.76 2009 11 22  6 17   2455157.80 2009 11 22  7 16   2455157.84 2009 11 22  8 14
 2455159.19 2009 11 23 16 40   2455159.24 2009 11 23 17 38   2455159.28 2009 11 23 18 37
 2455160.63 2009 11 25  3  3   2455160.67 2009 11 25  4  1   2455160.71 2009 11 25  5  0
 2455162.06 2009 11 26 13 25   2455162.10 2009 11 26 14 24   2455162.14 2009 11 26 15 23
 2455163.49 2009 11 27 23 48   2455163.53 2009 11 28  0 47   2455163.57 2009 11 28  1 45
 2455164.92 2009 11 29 10 11   2455164.97 2009 11 29 11 10   2455165.01 2009 11 29 12  8
 2455166.36 2009 11 30 20 34   2455166.40 2009 11 30 21 32   2455166.44 2009 11 30 22 31
 2455167.79 2009 12  2  6 56   2455167.83 2009 12  2  7 55   2455167.87 2009 12  2  8 54
 2455169.22 2009 12  3 17 19   2455169.26 2009 12  3 18 18   2455169.30 2009 12  3 19 17
 2455170.65 2009 12  5  3 42   2455170.70 2009 12  5  4 41   2455170.74 2009 12  5  5 39
 2455172.09 2009 12  6 14  5   2455172.13 2009 12  6 15  3   2455172.17 2009 12  6 16  2
 2455173.52 2009 12  8  0 27   2455173.56 2009 12  8  1 26   2455173.60 2009 12  8  2 25
 2455174.95 2009 12  9 10 50   2455174.99 2009 12  9 11 49   2455175.03 2009 12  9 12 48
 2455176.38 2009 12 10 21 13   2455176.43 2009 12 10 22 12   2455176.47 2009 12 10 23 10
 2455177.82 2009 12 12  7 36   2455177.86 2009 12 12  8 34   2455177.90 2009 12 12  9 33
 2455179.25 2009 12 13 17 59   2455179.29 2009 12 13 18 57   2455179.33 2009 12 13 19 56
 2455180.68 2009 12 15  4 21   2455180.72 2009 12 15  5 20   2455180.76 2009 12 15  6 19
 2455182.11 2009 12 16 14 44   2455182.16 2009 12 16 15 43   2455182.20 2009 12 16 16 41
 2455183.55 2009 12 18  1  7   2455183.59 2009 12 18  2  5   2455183.63 2009 12 18  3  4
 2455184.98 2009 12 19 11 30   2455185.02 2009 12 19 12 28   2455185.06 2009 12 19 13 27
 2455186.41 2009 12 20 21 52   2455186.45 2009 12 20 22 51   2455186.49 2009 12 20 23 50
 2455187.84 2009 12 22  8 15   2455187.88 2009 12 22  9 14   2455187.93 2009 12 22 10 12
 2455189.28 2009 12 23 18 38   2455189.32 2009 12 23 19 37   2455189.36 2009 12 23 20 35
 2455190.71 2009 12 25  5  1   2455190.75 2009 12 25  5 59   2455190.79 2009 12 25  6 58
 2455192.14 2009 12 26 15 23   2455192.18 2009 12 26 16 22   2455192.22 2009 12 26 17 21
 2455193.57 2009 12 28  1 46   2455193.61 2009 12 28  2 45   2455193.66 2009 12 28  3 44
 2455195.01 2009 12 29 12  9   2455195.05 2009 12 29 13  8   2455195.09 2009 12 29 14  6
 2455196.44 2009 12 30 22 32   2455196.48 2009 12 30 23 30   2455196.52 2009 12 31  0 29
 2455197.87 2010  1  1  8 54   2455197.91 2010  1  1  9 53   2455197.95 2010  1  1 10 52
 2455199.30 2010  1  2 19 17   2455199.34 2010  1  2 20 16   2455199.39 2010  1  2 21 15
 2455200.74 2010  1  4  5 40   2455200.78 2010  1  4  6 39   2455200.82 2010  1  4  7 37
 2455202.17 2010  1  5 16  3   2455202.21 2010  1  5 17  1   2455202.25 2010  1  5 18  0
 2455203.60 2010  1  7  2 25   2455203.64 2010  1  7  3 24   2455203.68 2010  1  7  4 23
 2455205.03 2010  1  8 12 48   2455205.07 2010  1  8 13 47   2455205.12 2010  1  8 14 46
 2455206.47 2010  1  9 23 11   2455206.51 2010  1 10  0 10   2455206.55 2010  1 10  1  8
 2455207.90 2010  1 11  9 34   2455207.94 2010  1 11 10 32   2455207.98 2010  1 11 11 31
 2455209.33 2010  1 12 19 57   2455209.37 2010  1 12 20 55   2455209.41 2010  1 12 21 54
 2455210.76 2010  1 14  6 19   2455210.80 2010  1 14  7 18   2455210.85 2010  1 14  8 17
 2455212.20 2010  1 15 16 42   2455212.24 2010  1 15 17 41   2455212.28 2010  1 15 18 40
 2455213.63 2010  1 17  3  5   2455213.67 2010  1 17  4  4   2455213.71 2010  1 17  5  2
 2455215.06 2010  1 18 13 28   2455215.10 2010  1 18 14 26   2455215.14 2010  1 18 15 25
 2455216.49 2010  1 19 23 50   2455216.53 2010  1 20  0 49   2455216.58 2010  1 20  1 48
 2455217.93 2010  1 21 10 13   2455217.97 2010  1 21 11 12   2455218.01 2010  1 21 12 11
 2455219.36 2010  1 22 20 36   2455219.40 2010  1 22 21 35   2455219.44 2010  1 22 22 33
 2455220.79 2010  1 24  6 59   2455220.83 2010  1 24  7 57   2455220.87 2010  1 24  8 56
 2455222.22 2010  1 25 17 21   2455222.26 2010  1 25 18 20   2455222.31 2010  1 25 19 19
 2455223.66 2010  1 27  3 44   2455223.70 2010  1 27  4 43   2455223.74 2010  1 27  5 42
 2455225.09 2010  1 28 14  7   2455225.13 2010  1 28 15  6   2455225.17 2010  1 28 16  4
 2455226.52 2010  1 30  0 30   2455226.56 2010  1 30  1 28   2455226.60 2010  1 30  2 27
 2455227.95 2010  1 31 10 52   2455227.99 2010  1 31 11 51   2455228.04 2010  1 31 12 50
 2455229.39 2010  2  1 21 15   2455229.43 2010  2  1 22 14   2455229.47 2010  2  1 23 13
 2455230.82 2010  2  3  7 38   2455230.86 2010  2  3  8 37   2455230.90 2010  2  3  9 35
 2455232.25 2010  2  4 18  1   2455232.29 2010  2  4 18 59   2455232.33 2010  2  4 19 58
 2455233.68 2010  2  6  4 24   2455233.72 2010  2  6  5 22   2455233.76 2010  2  6  6 21
 2455235.12 2010  2  7 14 46   2455235.16 2010  2  7 15 45   2455235.20 2010  2  7 16 44
 2455236.55 2010  2  9  1  9   2455236.59 2010  2  9  2  8   2455236.63 2010  2  9  3  7
 2455237.98 2010  2 10 11 32   2455238.02 2010  2 10 12 31   2455238.06 2010  2 10 13 29
 2455239.41 2010  2 11 21 55   2455239.45 2010  2 11 22 53   2455239.49 2010  2 11 23 52
 2455240.85 2010  2 13  8 17   2455240.89 2010  2 13  9 16   2455240.93 2010  2 13 10 15
 2455242.28 2010  2 14 18 40   2455242.32 2010  2 14 19 39   2455242.36 2010  2 14 20 38
 2455243.71 2010  2 16  5  3   2455243.75 2010  2 16  6  2   2455243.79 2010  2 16  7  0
 2455245.14 2010  2 17 15 26   2455245.18 2010  2 17 16 24   2455245.22 2010  2 17 17 23
 2455246.58 2010  2 19  1 48   2455246.62 2010  2 19  2 47   2455246.66 2010  2 19  3 46
 2455248.01 2010  2 20 12 11   2455248.05 2010  2 20 13 10   2455248.09 2010  2 20 14  9
 2455249.44 2010  2 21 22 34   2455249.48 2010  2 21 23 33   2455249.52 2010  2 22  0 31
 2455250.87 2010  2 23  8 57   2455250.91 2010  2 23  9 55   2455250.95 2010  2 23 10 54
 2455252.31 2010  2 24 19 19   2455252.35 2010  2 24 20 18   2455252.39 2010  2 24 21 17
 2455253.74 2010  2 26  5 42   2455253.78 2010  2 26  6 41   2455253.82 2010  2 26  7 40
 2455255.17 2010  2 27 16  5   2455255.21 2010  2 27 17  4   2455255.25 2010  2 27 18  3
 2455256.60 2010  3  1  2 28   2455256.64 2010  3  1  3 27   2455256.68 2010  3  1  4 25
 2455258.04 2010  3  2 12 50   2455258.08 2010  3  2 13 49   2455258.12 2010  3  2 14 48
 2455259.47 2010  3  3 23 13   2455259.51 2010  3  4  0 12   2455259.55 2010  3  4  1 11
 2455260.90 2010  3  5  9 36   2455260.94 2010  3  5 10 35   2455260.98 2010  3  5 11 34
 2455262.33 2010  3  6 19 59   2455262.37 2010  3  6 20 58   2455262.41 2010  3  6 21 56
 2455263.77 2010  3  8  6 22   2455263.81 2010  3  8  7 20   2455263.85 2010  3  8  8 19
 2455265.20 2010  3  9 16 44   2455265.24 2010  3  9 17 43   2455265.28 2010  3  9 18 42
 2455266.63 2010  3 11  3  7   2455266.67 2010  3 11  4  6   2455266.71 2010  3 11  5  5
 2455268.06 2010  3 12 13 30   2455268.10 2010  3 12 14 29   2455268.14 2010  3 12 15 27
 2455269.50 2010  3 13 23 53   2455269.54 2010  3 14  0 51   2455269.58 2010  3 14  1 50
 2455270.93 2010  3 15 10 15   2455270.97 2010  3 15 11 14   2455271.01 2010  3 15 12 13
 2455272.36 2010  3 16 20 38   2455272.40 2010  3 16 21 37   2455272.44 2010  3 16 22 36
 2455273.79 2010  3 18  7  1   2455273.83 2010  3 18  8  0   2455273.87 2010  3 18  8 58
 2455275.23 2010  3 19 17 24   2455275.27 2010  3 19 18 22   2455275.31 2010  3 19 19 21
 2455276.66 2010  3 21  3 46   2455276.70 2010  3 21  4 45   2455276.74 2010  3 21  5 44
 2455278.09 2010  3 22 14  9   2455278.13 2010  3 22 15  8   2455278.17 2010  3 22 16  7
 2455279.52 2010  3 24  0 32   2455279.56 2010  3 24  1 31   2455279.60 2010  3 24  2 30
 2455280.95 2010  3 25 10 55   2455281.00 2010  3 25 11 54   2455281.04 2010  3 25 12 52
 2455282.39 2010  3 26 21 17   2455282.43 2010  3 26 22 16   2455282.47 2010  3 26 23 15
 2455283.82 2010  3 28  7 40   2455283.86 2010  3 28  8 39   2455283.90 2010  3 28  9 38
 2455285.25 2010  3 29 18  3   2455285.29 2010  3 29 19  2   2455285.33 2010  3 29 20  1
 2455286.68 2010  3 31  4 26   2455286.73 2010  3 31  5 25   2455286.77 2010  3 31  6 23
 2455288.12 2010  4  1 14 49   2455288.16 2010  4  1 15 47   2455288.20 2010  4  1 16 46
 2455289.55 2010  4  3  1 11   2455289.59 2010  4  3  2 10   2455289.63 2010  4  3  3  9
 2455290.98 2010  4  4 11 34   2455291.02 2010  4  4 12 33   2455291.06 2010  4  4 13 32
 2455292.41 2010  4  5 21 57   2455292.46 2010  4  5 22 56   2455292.50 2010  4  5 23 54
 2455293.85 2010  4  7  8 20   2455293.89 2010  4  7  9 18   2455293.93 2010  4  7 10 17
 2455295.28 2010  4  8 18 42   2455295.32 2010  4  8 19 41   2455295.36 2010  4  8 20 40
 2455296.71 2010  4 10  5  5   2455296.75 2010  4 10  6  4   2455296.79 2010  4 10  7  3
 2455298.14 2010  4 11 15 28   2455298.19 2010  4 11 16 27   2455298.23 2010  4 11 17 26
 2455299.58 2010  4 13  1 51   2455299.62 2010  4 13  2 49   2455299.66 2010  4 13  3 48
 2455301.01 2010  4 14 12 13   2455301.05 2010  4 14 13 12   2455301.09 2010  4 14 14 11
 2455302.44 2010  4 15 22 36   2455302.48 2010  4 15 23 35   2455302.52 2010  4 16  0 34
 2455303.87 2010  4 17  8 59   2455303.92 2010  4 17  9 58   2455303.96 2010  4 17 10 57
 2455305.31 2010  4 18 19 22   2455305.35 2010  4 18 20 21   2455305.39 2010  4 18 21 19
 2455306.74 2010  4 20  5 44   2455306.78 2010  4 20  6 43   2455306.82 2010  4 20  7 42
 2455308.17 2010  4 21 16  7   2455308.21 2010  4 21 17  6   2455308.25 2010  4 21 18  5
 2455309.60 2010  4 23  2 30   2455309.65 2010  4 23  3 29   2455309.69 2010  4 23  4 28
 2455311.04 2010  4 24 12 53   2455311.08 2010  4 24 13 52   2455311.12 2010  4 24 14 50
 2455312.47 2010  4 25 23 15   2455312.51 2010  4 26  0 14   2455312.55 2010  4 26  1 13
 2455313.90 2010  4 27  9 38   2455313.94 2010  4 27 10 37   2455313.98 2010  4 27 11 36
