 Predicted Transit Epochs: OGLE-TR10 b

Observed Transit Duration:  160.8 Minutes

 Begin Transit Window           PREDICTED CENTRAL TRANSIT     End Transit Window
                                     All Times UT

                               HJD        Year M  D  H  M
 2454926.45 2009  4  4 22 43   2454926.50 2009  4  5  0  6   2454926.56 2009  4  5  1 30
 2454929.55 2009  4  8  1  9   2454929.61 2009  4  8  2 32   2454929.66 2009  4  8  3 56
 2454932.65 2009  4 11  3 34   2454932.71 2009  4 11  4 58   2454932.77 2009  4 11  6 22
 2454935.75 2009  4 14  6  0   2454935.81 2009  4 14  7 24   2454935.87 2009  4 14  8 48
 2454938.85 2009  4 17  8 26   2454938.91 2009  4 17  9 50   2454938.97 2009  4 17 11 14
 2454941.95 2009  4 20 10 52   2454942.01 2009  4 20 12 16   2454942.07 2009  4 20 13 39
 2454945.05 2009  4 23 13 18   2454945.11 2009  4 23 14 42   2454945.17 2009  4 23 16  5
 2454948.16 2009  4 26 15 44   2454948.21 2009  4 26 17  7   2454948.27 2009  4 26 18 31
 2454951.26 2009  4 29 18  9   2454951.32 2009  4 29 19 33   2454951.37 2009  4 29 20 57
 2454954.36 2009  5  2 20 35   2454954.42 2009  5  2 21 59   2454954.47 2009  5  2 23 23
 2454957.46 2009  5  5 23  1   2454957.52 2009  5  6  0 25   2454957.58 2009  5  6  1 49
 2454960.56 2009  5  9  1 27   2454960.62 2009  5  9  2 51   2454960.68 2009  5  9  4 15
 2454963.66 2009  5 12  3 53   2454963.72 2009  5 12  5 17   2454963.78 2009  5 12  6 40
 2454966.76 2009  5 15  6 19   2454966.82 2009  5 15  7 42   2454966.88 2009  5 15  9  6
 2454969.86 2009  5 18  8 44   2454969.92 2009  5 18 10  8   2454969.98 2009  5 18 11 32
 2454972.97 2009  5 21 11 10   2454973.02 2009  5 21 12 34   2454973.08 2009  5 21 13 58
 2454976.07 2009  5 24 13 36   2454976.13 2009  5 24 15  0   2454976.18 2009  5 24 16 24
 2454979.17 2009  5 27 16  2   2454979.23 2009  5 27 17 26   2454979.28 2009  5 27 18 50
 2454982.27 2009  5 30 18 28   2454982.33 2009  5 30 19 52   2454982.39 2009  5 30 21 15
 2454985.37 2009  6  2 20 54   2454985.43 2009  6  2 22 17   2454985.49 2009  6  2 23 41
 2454988.47 2009  6  5 23 19   2454988.53 2009  6  6  0 43   2454988.59 2009  6  6  2  7
 2454991.57 2009  6  9  1 45   2454991.63 2009  6  9  3  9   2454991.69 2009  6  9  4 33
 2454994.67 2009  6 12  4 11   2454994.73 2009  6 12  5 35   2454994.79 2009  6 12  6 59
 2454997.78 2009  6 15  6 37   2454997.83 2009  6 15  8  1   2454997.89 2009  6 15  9 25
 2455000.88 2009  6 18  9  3   2455000.94 2009  6 18 10 27   2455000.99 2009  6 18 11 51
 2455003.98 2009  6 21 11 29   2455004.04 2009  6 21 12 52   2455004.10 2009  6 21 14 16
 2455007.08 2009  6 24 13 54   2455007.14 2009  6 24 15 18   2455007.20 2009  6 24 16 42
 2455010.18 2009  6 27 16 20   2455010.24 2009  6 27 17 44   2455010.30 2009  6 27 19  8
 2455013.28 2009  6 30 18 46   2455013.34 2009  6 30 20 10   2455013.40 2009  6 30 21 34
 2455016.38 2009  7  3 21 12   2455016.44 2009  7  3 22 36   2455016.50 2009  7  4  0  0
 2455019.48 2009  7  6 23 38   2455019.54 2009  7  7  1  2   2455019.60 2009  7  7  2 26
 2455022.59 2009  7 10  2  4   2455022.64 2009  7 10  3 28   2455022.70 2009  7 10  4 51
 2455025.69 2009  7 13  4 29   2455025.75 2009  7 13  5 53   2455025.80 2009  7 13  7 17
 2455028.79 2009  7 16  6 55   2455028.85 2009  7 16  8 19   2455028.91 2009  7 16  9 43
 2455031.89 2009  7 19  9 21   2455031.95 2009  7 19 10 45   2455032.01 2009  7 19 12  9
 2455034.99 2009  7 22 11 47   2455035.05 2009  7 22 13 11   2455035.11 2009  7 22 14 35
 2455038.09 2009  7 25 14 13   2455038.15 2009  7 25 15 37   2455038.21 2009  7 25 17  1
 2455041.19 2009  7 28 16 39   2455041.25 2009  7 28 18  3   2455041.31 2009  7 28 19 27
 2455044.30 2009  7 31 19  4   2455044.35 2009  7 31 20 28   2455044.41 2009  7 31 21 52
 2455047.40 2009  8  3 21 30   2455047.45 2009  8  3 22 54   2455047.51 2009  8  4  0 18
 2455050.50 2009  8  6 23 56   2455050.56 2009  8  7  1 20   2455050.61 2009  8  7  2 44
 2455053.60 2009  8 10  2 22   2455053.66 2009  8 10  3 46   2455053.72 2009  8 10  5 10
 2455056.70 2009  8 13  4 48   2455056.76 2009  8 13  6 12   2455056.82 2009  8 13  7 36
 2455059.80 2009  8 16  7 14   2455059.86 2009  8 16  8 38   2455059.92 2009  8 16 10  2
 2455062.90 2009  8 19  9 39   2455062.96 2009  8 19 11  3   2455063.02 2009  8 19 12 27
 2455066.00 2009  8 22 12  5   2455066.06 2009  8 22 13 29   2455066.12 2009  8 22 14 53
 2455069.11 2009  8 25 14 31   2455069.16 2009  8 25 15 55   2455069.22 2009  8 25 17 19
 2455072.21 2009  8 28 16 57   2455072.26 2009  8 28 18 21   2455072.32 2009  8 28 19 45
 2455075.31 2009  8 31 19 23   2455075.37 2009  8 31 20 47   2455075.42 2009  8 31 22 11
 2455078.41 2009  9  3 21 49   2455078.47 2009  9  3 23 13   2455078.53 2009  9  4  0 37
 2455081.51 2009  9  7  0 14   2455081.57 2009  9  7  1 39   2455081.63 2009  9  7  3  3
 2455084.61 2009  9 10  2 40   2455084.67 2009  9 10  4  4   2455084.73 2009  9 10  5 28
 2455087.71 2009  9 13  5  6   2455087.77 2009  9 13  6 30   2455087.83 2009  9 13  7 54
 2455090.81 2009  9 16  7 32   2455090.87 2009  9 16  8 56   2455090.93 2009  9 16 10 20
 2455093.92 2009  9 19  9 58   2455093.97 2009  9 19 11 22   2455094.03 2009  9 19 12 46
 2455097.02 2009  9 22 12 24   2455097.08 2009  9 22 13 48   2455097.13 2009  9 22 15 12
 2455100.12 2009  9 25 14 49   2455100.18 2009  9 25 16 14   2455100.23 2009  9 25 17 38
 2455103.22 2009  9 28 17 15   2455103.28 2009  9 28 18 39   2455103.34 2009  9 28 20  3
 2455106.32 2009 10  1 19 41   2455106.38 2009 10  1 21  5   2455106.44 2009 10  1 22 29
 2455109.42 2009 10  4 22  7   2455109.48 2009 10  4 23 31   2455109.54 2009 10  5  0 55
 2455112.52 2009 10  8  0 33   2455112.58 2009 10  8  1 57   2455112.64 2009 10  8  3 21
 2455115.62 2009 10 11  2 59   2455115.68 2009 10 11  4 23   2455115.74 2009 10 11  5 47
 2455118.73 2009 10 14  5 24   2455118.78 2009 10 14  6 49   2455118.84 2009 10 14  8 13
 2455121.83 2009 10 17  7 50   2455121.89 2009 10 17  9 14   2455121.94 2009 10 17 10 39
 2455124.93 2009 10 20 10 16   2455124.99 2009 10 20 11 40   2455125.05 2009 10 20 13  4
 2455128.03 2009 10 23 12 42   2455128.09 2009 10 23 14  6   2455128.15 2009 10 23 15 30
 2455131.13 2009 10 26 15  8   2455131.19 2009 10 26 16 32   2455131.25 2009 10 26 17 56
 2455134.23 2009 10 29 17 34   2455134.29 2009 10 29 18 58   2455134.35 2009 10 29 20 22
 2455137.33 2009 11  1 19 59   2455137.39 2009 11  1 21 24   2455137.45 2009 11  1 22 48
 2455140.43 2009 11  4 22 25   2455140.49 2009 11  4 23 49   2455140.55 2009 11  5  1 14
 2455143.54 2009 11  8  0 51   2455143.59 2009 11  8  2 15   2455143.65 2009 11  8  3 39
 2455146.64 2009 11 11  3 17   2455146.70 2009 11 11  4 41   2455146.75 2009 11 11  6  5
 2455149.74 2009 11 14  5 43   2455149.80 2009 11 14  7  7   2455149.86 2009 11 14  8 31
 2455152.84 2009 11 17  8  9   2455152.90 2009 11 17  9 33   2455152.96 2009 11 17 10 57
 2455155.94 2009 11 20 10 35   2455156.00 2009 11 20 11 59   2455156.06 2009 11 20 13 23
 2455159.04 2009 11 23 13  0   2455159.10 2009 11 23 14 25   2455159.16 2009 11 23 15 49
 2455162.14 2009 11 26 15 26   2455162.20 2009 11 26 16 50   2455162.26 2009 11 26 18 15
 2455165.24 2009 11 29 17 52   2455165.30 2009 11 29 19 16   2455165.36 2009 11 29 20 40
 2455168.35 2009 12  2 20 18   2455168.40 2009 12  2 21 42   2455168.46 2009 12  2 23  6
 2455171.45 2009 12  5 22 44   2455171.51 2009 12  6  0  8   2455171.56 2009 12  6  1 32
 2455174.55 2009 12  9  1 10   2455174.61 2009 12  9  2 34   2455174.67 2009 12  9  3 58
 2455177.65 2009 12 12  3 35   2455177.71 2009 12 12  5  0   2455177.77 2009 12 12  6 24
 2455180.75 2009 12 15  6  1   2455180.81 2009 12 15  7 25   2455180.87 2009 12 15  8 50
 2455183.85 2009 12 18  8 27   2455183.91 2009 12 18  9 51   2455183.97 2009 12 18 11 15
 2455186.95 2009 12 21 10 53   2455187.01 2009 12 21 12 17   2455187.07 2009 12 21 13 41
 2455190.05 2009 12 24 13 19   2455190.11 2009 12 24 14 43   2455190.17 2009 12 24 16  7
 2455193.16 2009 12 27 15 45   2455193.21 2009 12 27 17  9   2455193.27 2009 12 27 18 33
 2455196.26 2009 12 30 18 10   2455196.32 2009 12 30 19 35   2455196.37 2009 12 30 20 59
 2455199.36 2010  1  2 20 36   2455199.42 2010  1  2 22  0   2455199.48 2010  1  2 23 25
 2455202.46 2010  1  5 23  2   2455202.52 2010  1  6  0 26   2455202.58 2010  1  6  1 51
 2455205.56 2010  1  9  1 28   2455205.62 2010  1  9  2 52   2455205.68 2010  1  9  4 16
 2455208.66 2010  1 12  3 54   2455208.72 2010  1 12  5 18   2455208.78 2010  1 12  6 42
 2455211.76 2010  1 15  6 20   2455211.82 2010  1 15  7 44   2455211.88 2010  1 15  9  8
 2455214.87 2010  1 18  8 45   2455214.92 2010  1 18 10 10   2455214.98 2010  1 18 11 34
 2455217.97 2010  1 21 11 11   2455218.02 2010  1 21 12 35   2455218.08 2010  1 21 14  0
 2455221.07 2010  1 24 13 37   2455221.13 2010  1 24 15  1   2455221.18 2010  1 24 16 26
 2455224.17 2010  1 27 16  3   2455224.23 2010  1 27 17 27   2455224.29 2010  1 27 18 51
 2455227.27 2010  1 30 18 29   2455227.33 2010  1 30 19 53   2455227.39 2010  1 30 21 17
 2455230.37 2010  2  2 20 55   2455230.43 2010  2  2 22 19   2455230.49 2010  2  2 23 43
 2455233.47 2010  2  5 23 20   2455233.53 2010  2  6  0 45   2455233.59 2010  2  6  2  9
 2455236.57 2010  2  9  1 46   2455236.63 2010  2  9  3 11   2455236.69 2010  2  9  4 35
 2455239.68 2010  2 12  4 12   2455239.73 2010  2 12  5 36   2455239.79 2010  2 12  7  1
 2455242.78 2010  2 15  6 38   2455242.84 2010  2 15  8  2   2455242.89 2010  2 15  9 27
 2455245.88 2010  2 18  9  4   2455245.94 2010  2 18 10 28   2455246.00 2010  2 18 11 52
 2455248.98 2010  2 21 11 30   2455249.04 2010  2 21 12 54   2455249.10 2010  2 21 14 18
 2455252.08 2010  2 24 13 55   2455252.14 2010  2 24 15 20   2455252.20 2010  2 24 16 44
 2455255.18 2010  2 27 16 21   2455255.24 2010  2 27 17 46   2455255.30 2010  2 27 19 10
 2455258.28 2010  3  2 18 47   2455258.34 2010  3  2 20 11   2455258.40 2010  3  2 21 36
 2455261.38 2010  3  5 21 13   2455261.44 2010  3  5 22 37   2455261.50 2010  3  6  0  2
 2455264.49 2010  3  8 23 39   2455264.54 2010  3  9  1  3   2455264.60 2010  3  9  2 27
 2455267.59 2010  3 12  2  5   2455267.65 2010  3 12  3 29   2455267.70 2010  3 12  4 53
 2455270.69 2010  3 15  4 30   2455270.75 2010  3 15  5 55   2455270.81 2010  3 15  7 19
 2455273.79 2010  3 18  6 56   2455273.85 2010  3 18  8 21   2455273.91 2010  3 18  9 45
 2455276.89 2010  3 21  9 22   2455276.95 2010  3 21 10 46   2455277.01 2010  3 21 12 11
 2455279.99 2010  3 24 11 48   2455280.05 2010  3 24 13 12   2455280.11 2010  3 24 14 37
 2455283.09 2010  3 27 14 14   2455283.15 2010  3 27 15 38   2455283.21 2010  3 27 17  3
 2455286.19 2010  3 30 16 40   2455286.25 2010  3 30 18  4   2455286.31 2010  3 30 19 28
 2455289.30 2010  4  2 19  5   2455289.35 2010  4  2 20 30   2455289.41 2010  4  2 21 54
 2455292.40 2010  4  5 21 31   2455292.46 2010  4  5 22 56   2455292.51 2010  4  6  0 20
 2455295.50 2010  4  8 23 57   2455295.56 2010  4  9  1 21   2455295.62 2010  4  9  2 46
 2455298.60 2010  4 12  2 23   2455298.66 2010  4 12  3 47   2455298.72 2010  4 12  5 12
 2455301.70 2010  4 15  4 49   2455301.76 2010  4 15  6 13   2455301.82 2010  4 15  7 38
 2455304.80 2010  4 18  7 15   2455304.86 2010  4 18  8 39   2455304.92 2010  4 18 10  3
 2455307.90 2010  4 21  9 40   2455307.96 2010  4 21 11  5   2455308.02 2010  4 21 12 29
 2455311.00 2010  4 24 12  6   2455311.06 2010  4 24 13 31   2455311.12 2010  4 24 14 55
 2455314.11 2010  4 27 14 32   2455314.16 2010  4 27 15 57   2455314.22 2010  4 27 17 21
 2455317.21 2010  4 30 16 58   2455317.27 2010  4 30 18 22   2455317.32 2010  4 30 19 47
 2455320.31 2010  5  3 19 24   2455320.37 2010  5  3 20 48   2455320.43 2010  5  3 22 13
 2455323.41 2010  5  6 21 50   2455323.47 2010  5  6 23 14   2455323.53 2010  5  7  0 39
 2455326.51 2010  5 10  0 15   2455326.57 2010  5 10  1 40   2455326.63 2010  5 10  3  4
 2455329.61 2010  5 13  2 41   2455329.67 2010  5 13  4  6   2455329.73 2010  5 13  5 30
 2455332.71 2010  5 16  5  7   2455332.77 2010  5 16  6 32   2455332.83 2010  5 16  7 56
 2455335.81 2010  5 19  7 33   2455335.87 2010  5 19  8 57   2455335.93 2010  5 19 10 22
 2455338.92 2010  5 22  9 59   2455338.97 2010  5 22 11 23   2455339.03 2010  5 22 12 48
 2455342.02 2010  5 25 12 25   2455342.08 2010  5 25 13 49   2455342.13 2010  5 25 15 14
 2455345.12 2010  5 28 14 50   2455345.18 2010  5 28 16 15   2455345.24 2010  5 28 17 39
 2455348.22 2010  5 31 17 16   2455348.28 2010  5 31 18 41   2455348.34 2010  5 31 20  5
 2455351.32 2010  6  3 19 42   2455351.38 2010  6  3 21  7   2455351.44 2010  6  3 22 31
 2455354.42 2010  6  6 22  8   2455354.48 2010  6  6 23 32   2455354.54 2010  6  7  0 57
 2455357.52 2010  6 10  0 34   2455357.58 2010  6 10  1 58   2455357.64 2010  6 10  3 23
 2455360.63 2010  6 13  3  0   2455360.68 2010  6 13  4 24   2455360.74 2010  6 13  5 49
 2455363.73 2010  6 16  5 25   2455363.79 2010  6 16  6 50   2455363.84 2010  6 16  8 15
 2455366.83 2010  6 19  7 51   2455366.89 2010  6 19  9 16   2455366.95 2010  6 19 10 40
 2455369.93 2010  6 22 10 17   2455369.99 2010  6 22 11 42   2455370.05 2010  6 22 13  6
 2455373.03 2010  6 25 12 43   2455373.09 2010  6 25 14  7   2455373.15 2010  6 25 15 32
 2455376.13 2010  6 28 15  9   2455376.19 2010  6 28 16 33   2455376.25 2010  6 28 17 58
 2455379.23 2010  7  1 17 35   2455379.29 2010  7  1 18 59   2455379.35 2010  7  1 20 24
 2455382.33 2010  7  4 20  0   2455382.39 2010  7  4 21 25   2455382.45 2010  7  4 22 50
 2455385.44 2010  7  7 22 26   2455385.49 2010  7  7 23 51   2455385.55 2010  7  8  1 15
 2455388.54 2010  7 11  0 52   2455388.60 2010  7 11  2 17   2455388.65 2010  7 11  3 41
 2455391.64 2010  7 14  3 18   2455391.70 2010  7 14  4 43   2455391.76 2010  7 14  6  7
 2455394.74 2010  7 17  5 44   2455394.80 2010  7 17  7  8   2455394.86 2010  7 17  8 33
 2455397.84 2010  7 20  8 10   2455397.90 2010  7 20  9 34   2455397.96 2010  7 20 10 59
 2455400.94 2010  7 23 10 35   2455401.00 2010  7 23 12  0   2455401.06 2010  7 23 13 25
 2455404.04 2010  7 26 13  1   2455404.10 2010  7 26 14 26   2455404.16 2010  7 26 15 51
 2455407.14 2010  7 29 15 27   2455407.20 2010  7 29 16 52   2455407.26 2010  7 29 18 16
 2455410.25 2010  8  1 17 53   2455410.30 2010  8  1 19 18   2455410.36 2010  8  1 20 42
 2455413.35 2010  8  4 20 19   2455413.41 2010  8  4 21 43   2455413.46 2010  8  4 23  8
 2455416.45 2010  8  7 22 45   2455416.51 2010  8  8  0  9   2455416.57 2010  8  8  1 34
 2455419.55 2010  8 11  1 10   2455419.61 2010  8 11  2 35   2455419.67 2010  8 11  4  0
 2455422.65 2010  8 14  3 36   2455422.71 2010  8 14  5  1   2455422.77 2010  8 14  6 26
 2455425.75 2010  8 17  6  2   2455425.81 2010  8 17  7 27   2455425.87 2010  8 17  8 51
 2455428.85 2010  8 20  8 28   2455428.91 2010  8 20  9 53   2455428.97 2010  8 20 11 17
 2455431.95 2010  8 23 10 54   2455432.01 2010  8 23 12 18   2455432.07 2010  8 23 13 43
 2455435.06 2010  8 26 13 20   2455435.11 2010  8 26 14 44   2455435.17 2010  8 26 16  9
 2455438.16 2010  8 29 15 45   2455438.22 2010  8 29 17 10   2455438.27 2010  8 29 18 35
 2455441.26 2010  9  1 18 11   2455441.32 2010  9  1 19 36   2455441.38 2010  9  1 21  1
 2455444.36 2010  9  4 20 37   2455444.42 2010  9  4 22  2   2455444.48 2010  9  4 23 27
 2455447.46 2010  9  7 23  3   2455447.52 2010  9  8  0 28   2455447.58 2010  9  8  1 52
 2455450.56 2010  9 11  1 29   2455450.62 2010  9 11  2 54   2455450.68 2010  9 11  4 18
 2455453.66 2010  9 14  3 55   2455453.72 2010  9 14  5 19   2455453.78 2010  9 14  6 44
 2455456.76 2010  9 17  6 20   2455456.82 2010  9 17  7 45   2455456.88 2010  9 17  9 10
 2455459.87 2010  9 20  8 46   2455459.92 2010  9 20 10 11   2455459.98 2010  9 20 11 36
 2455462.97 2010  9 23 11 12   2455463.03 2010  9 23 12 37   2455463.08 2010  9 23 14  2
 2455466.07 2010  9 26 13 38   2455466.13 2010  9 26 15  3   2455466.19 2010  9 26 16 27
 2455469.17 2010  9 29 16  4   2455469.23 2010  9 29 17 29   2455469.29 2010  9 29 18 53
 2455472.27 2010 10  2 18 30   2455472.33 2010 10  2 19 54   2455472.39 2010 10  2 21 19
 2455475.37 2010 10  5 20 55   2455475.43 2010 10  5 22 20   2455475.49 2010 10  5 23 45
 2455478.47 2010 10  8 23 21   2455478.53 2010 10  9  0 46   2455478.59 2010 10  9  2 11
 2455481.57 2010 10 12  1 47   2455481.63 2010 10 12  3 12   2455481.69 2010 10 12  4 37
 2455484.68 2010 10 15  4 13   2455484.73 2010 10 15  5 38   2455484.79 2010 10 15  7  3
 2455487.78 2010 10 18  6 39   2455487.84 2010 10 18  8  4   2455487.90 2010 10 18  9 28
 2455490.88 2010 10 21  9  5   2455490.94 2010 10 21 10 29   2455491.00 2010 10 21 11 54
 2455493.98 2010 10 24 11 30   2455494.04 2010 10 24 12 55   2455494.10 2010 10 24 14 20
 2455497.08 2010 10 27 13 56   2455497.14 2010 10 27 15 21   2455497.20 2010 10 27 16 46
 2455500.18 2010 10 30 16 22   2455500.24 2010 10 30 17 47   2455500.30 2010 10 30 19 12
 2455503.28 2010 11  2 18 48   2455503.34 2010 11  2 20 13   2455503.40 2010 11  2 21 38
 2455506.38 2010 11  5 21 14   2455506.44 2010 11  5 22 39   2455506.50 2010 11  6  0  3
 2455509.49 2010 11  8 23 40   2455509.55 2010 11  9  1  4   2455509.60 2010 11  9  2 29
 2455512.59 2010 11 12  2  5   2455512.65 2010 11 12  3 30   2455512.71 2010 11 12  4 55
 2455515.69 2010 11 15  4 31   2455515.75 2010 11 15  5 56   2455515.81 2010 11 15  7 21
 2455518.79 2010 11 18  6 57   2455518.85 2010 11 18  8 22   2455518.91 2010 11 18  9 47
 2455521.89 2010 11 21  9 23   2455521.95 2010 11 21 10 48   2455522.01 2010 11 21 12 13
 2455524.99 2010 11 24 11 49   2455525.05 2010 11 24 13 14   2455525.11 2010 11 24 14 39
 2455528.09 2010 11 27 14 15   2455528.15 2010 11 27 15 40   2455528.21 2010 11 27 17  4
 2455531.20 2010 11 30 16 40   2455531.25 2010 11 30 18  5   2455531.31 2010 11 30 19 30
 2455534.30 2010 12  3 19  6   2455534.36 2010 12  3 20 31   2455534.41 2010 12  3 21 56
 2455537.40 2010 12  6 21 32   2455537.46 2010 12  6 22 57   2455537.52 2010 12  7  0 22
 2455540.50 2010 12  9 23 58   2455540.56 2010 12 10  1 23   2455540.62 2010 12 10  2 48
 2455543.60 2010 12 13  2 24   2455543.66 2010 12 13  3 49   2455543.72 2010 12 13  5 14
 2455546.70 2010 12 16  4 50   2455546.76 2010 12 16  6 15   2455546.82 2010 12 16  7 39
 2455549.80 2010 12 19  7 15   2455549.86 2010 12 19  8 40   2455549.92 2010 12 19 10  5
 2455552.90 2010 12 22  9 41   2455552.96 2010 12 22 11  6   2455553.02 2010 12 22 12 31
 2455556.01 2010 12 25 12  7   2455556.06 2010 12 25 13 32   2455556.12 2010 12 25 14 57
 2455559.11 2010 12 28 14 33   2455559.17 2010 12 28 15 58   2455559.22 2010 12 28 17 23
 2455562.21 2010 12 31 16 59   2455562.27 2010 12 31 18 24   2455562.33 2010 12 31 19 49
 2455565.31 2011  1  3 19 25   2455565.37 2011  1  3 20 50   2455565.43 2011  1  3 22 15
 2455568.41 2011  1  6 21 50   2455568.47 2011  1  6 23 15   2455568.53 2011  1  7  0 40
 2455571.51 2011  1 10  0 16   2455571.57 2011  1 10  1 41   2455571.63 2011  1 10  3  6
 2455574.61 2011  1 13  2 42   2455574.67 2011  1 13  4  7   2455574.73 2011  1 13  5 32
 2455577.71 2011  1 16  5  8   2455577.77 2011  1 16  6 33   2455577.83 2011  1 16  7 58
 2455580.82 2011  1 19  7 34   2455580.87 2011  1 19  8 59   2455580.93 2011  1 19 10 24
 2455583.92 2011  1 22 10  0   2455583.98 2011  1 22 11 25   2455584.03 2011  1 22 12 50
 2455587.02 2011  1 25 12 26   2455587.08 2011  1 25 13 50   2455587.14 2011  1 25 15 15
 2455590.12 2011  1 28 14 51   2455590.18 2011  1 28 16 16   2455590.24 2011  1 28 17 41
 2455593.22 2011  1 31 17 17   2455593.28 2011  1 31 18 42   2455593.34 2011  1 31 20  7
 2455596.32 2011  2  3 19 43   2455596.38 2011  2  3 21  8   2455596.44 2011  2  3 22 33
 2455599.42 2011  2  6 22  9   2455599.48 2011  2  6 23 34   2455599.54 2011  2  7  0 59
 2455602.52 2011  2 10  0 35   2455602.58 2011  2 10  2  0   2455602.64 2011  2 10  3 25
 2455605.63 2011  2 13  3  1   2455605.68 2011  2 13  4 26   2455605.74 2011  2 13  5 51
 2455608.73 2011  2 16  5 26   2455608.79 2011  2 16  6 51   2455608.85 2011  2 16  8 16
 2455611.83 2011  2 19  7 52   2455611.89 2011  2 19  9 17   2455611.95 2011  2 19 10 42
 2455614.93 2011  2 22 10 18   2455614.99 2011  2 22 11 43   2455615.05 2011  2 22 13  8
 2455618.03 2011  2 25 12 44   2455618.09 2011  2 25 14  9   2455618.15 2011  2 25 15 34
 2455621.13 2011  2 28 15 10   2455621.19 2011  2 28 16 35   2455621.25 2011  2 28 18  0
 2455624.23 2011  3  3 17 36   2455624.29 2011  3  3 19  1   2455624.35 2011  3  3 20 26
 2455627.33 2011  3  6 20  1   2455627.39 2011  3  6 21 26   2455627.45 2011  3  6 22 51
 2455630.44 2011  3  9 22 27   2455630.49 2011  3  9 23 52   2455630.55 2011  3 10  1 17
 2455633.54 2011  3 13  0 53   2455633.60 2011  3 13  2 18   2455633.66 2011  3 13  3 43
 2455636.64 2011  3 16  3 19   2455636.70 2011  3 16  4 44   2455636.76 2011  3 16  6  9
 2455639.74 2011  3 19  5 45   2455639.80 2011  3 19  7 10   2455639.86 2011  3 19  8 35
 2455642.84 2011  3 22  8 11   2455642.90 2011  3 22  9 36   2455642.96 2011  3 22 11  1
 2455645.94 2011  3 25 10 36   2455646.00 2011  3 25 12  1   2455646.06 2011  3 25 13 27
 2455649.04 2011  3 28 13  2   2455649.10 2011  3 28 14 27   2455649.16 2011  3 28 15 52
 2455652.14 2011  3 31 15 28   2455652.20 2011  3 31 16 53   2455652.26 2011  3 31 18 18
 2455655.25 2011  4  3 17 54   2455655.31 2011  4  3 19 19   2455655.36 2011  4  3 20 44
 2455658.35 2011  4  6 20 20   2455658.41 2011  4  6 21 45   2455658.47 2011  4  6 23 10
 2455661.45 2011  4  9 22 46   2455661.51 2011  4 10  0 11   2455661.57 2011  4 10  1 36
 2455664.55 2011  4 13  1 11   2455664.61 2011  4 13  2 36   2455664.67 2011  4 13  4  2
 2455667.65 2011  4 16  3 37   2455667.71 2011  4 16  5  2   2455667.77 2011  4 16  6 27
 2455670.75 2011  4 19  6  3   2455670.81 2011  4 19  7 28   2455670.87 2011  4 19  8 53
 2455673.85 2011  4 22  8 29   2455673.91 2011  4 22  9 54   2455673.97 2011  4 22 11 19
 2455676.96 2011  4 25 10 55   2455677.01 2011  4 25 12 20   2455677.07 2011  4 25 13 45
 2455680.06 2011  4 28 13 21   2455680.12 2011  4 28 14 46   2455680.17 2011  4 28 16 11
 2455683.16 2011  5  1 15 46   2455683.22 2011  5  1 17 12   2455683.28 2011  5  1 18 37
 2455686.26 2011  5  4 18 12   2455686.32 2011  5  4 19 37   2455686.38 2011  5  4 21  3
 2455689.36 2011  5  7 20 38   2455689.42 2011  5  7 22  3   2455689.48 2011  5  7 23 28
 2455692.46 2011  5 10 23  4   2455692.52 2011  5 11  0 29   2455692.58 2011  5 11  1 54
 2455695.56 2011  5 14  1 30   2455695.62 2011  5 14  2 55   2455695.68 2011  5 14  4 20
 2455698.66 2011  5 17  3 56   2455698.72 2011  5 17  5 21   2455698.78 2011  5 17  6 46
 2455701.77 2011  5 20  6 21   2455701.82 2011  5 20  7 47   2455701.88 2011  5 20  9 12
 2455704.87 2011  5 23  8 47   2455704.93 2011  5 23 10 12   2455704.98 2011  5 23 11 38
 2455707.97 2011  5 26 11 13   2455708.03 2011  5 26 12 38   2455708.09 2011  5 26 14  3
 2455711.07 2011  5 29 13 39   2455711.13 2011  5 29 15  4   2455711.19 2011  5 29 16 29
 2455714.17 2011  6  1 16  5   2455714.23 2011  6  1 17 30   2455714.29 2011  6  1 18 55
 2455717.27 2011  6  4 18 31   2455717.33 2011  6  4 19 56   2455717.39 2011  6  4 21 21
 2455720.37 2011  6  7 20 56   2455720.43 2011  6  7 22 22   2455720.49 2011  6  7 23 47
 2455723.47 2011  6 10 23 22   2455723.53 2011  6 11  0 47   2455723.59 2011  6 11  2 13
 2455726.58 2011  6 14  1 48   2455726.63 2011  6 14  3 13   2455726.69 2011  6 14  4 39
 2455729.68 2011  6 17  4 14   2455729.74 2011  6 17  5 39   2455729.80 2011  6 17  7  4
 2455732.78 2011  6 20  6 40   2455732.84 2011  6 20  8  5   2455732.90 2011  6 20  9 30
 2455735.88 2011  6 23  9  6   2455735.94 2011  6 23 10 31   2455736.00 2011  6 23 11 56
 2455738.98 2011  6 26 11 31   2455739.04 2011  6 26 12 57   2455739.10 2011  6 26 14 22
 2455742.08 2011  6 29 13 57   2455742.14 2011  6 29 15 22   2455742.20 2011  6 29 16 48
 2455745.18 2011  7  2 16 23   2455745.24 2011  7  2 17 48   2455745.30 2011  7  2 19 14
 2455748.28 2011  7  5 18 49   2455748.34 2011  7  5 20 14   2455748.40 2011  7  5 21 39
 2455751.39 2011  7  8 21 15   2455751.44 2011  7  8 22 40   2455751.50 2011  7  9  0  5
 2455754.49 2011  7 11 23 41   2455754.55 2011  7 12  1  6   2455754.61 2011  7 12  2 31
 2455757.59 2011  7 15  2  6   2455757.65 2011  7 15  3 32   2455757.71 2011  7 15  4 57
 2455760.69 2011  7 18  4 32   2455760.75 2011  7 18  5 58   2455760.81 2011  7 18  7 23
 2455763.79 2011  7 21  6 58   2455763.85 2011  7 21  8 23   2455763.91 2011  7 21  9 49
 2455766.89 2011  7 24  9 24   2455766.95 2011  7 24 10 49   2455767.01 2011  7 24 12 15
 2455769.99 2011  7 27 11 50   2455770.05 2011  7 27 13 15   2455770.11 2011  7 27 14 40
 2455773.09 2011  7 30 14 16   2455773.15 2011  7 30 15 41   2455773.21 2011  7 30 17  6
 2455776.20 2011  8  2 16 41   2455776.26 2011  8  2 18  7   2455776.31 2011  8  2 19 32
