 Predicted Transit Epochs: OGLETR111 b

Observed Transit Duration:  164.6 Minutes

 Begin Transit Window           PREDICTED CENTRAL TRANSIT     End Transit Window
                                     All Times UT

                               HJD        Year M  D  H  M
 2454927.75 2009  4  6  6  4   2454927.81 2009  4  6  7 28   2454927.87 2009  4  6  8 52
 2454931.77 2009  4 10  6 25   2454931.83 2009  4 10  7 49   2454931.88 2009  4 10  9 13
 2454935.78 2009  4 14  6 45   2454935.84 2009  4 14  8 10   2454935.90 2009  4 14  9 34
 2454939.80 2009  4 18  7  6   2454939.85 2009  4 18  8 30   2454939.91 2009  4 18  9 55
 2454943.81 2009  4 22  7 27   2454943.87 2009  4 22  8 51   2454943.93 2009  4 22 10 15
 2454947.83 2009  4 26  7 48   2454947.88 2009  4 26  9 12   2454947.94 2009  4 26 10 36
 2454951.84 2009  4 30  8  9   2454951.90 2009  4 30  9 33   2454951.96 2009  4 30 10 57
 2454955.85 2009  5  4  8 29   2454955.91 2009  5  4  9 54   2454955.97 2009  5  4 11 18
 2454959.87 2009  5  8  8 50   2454959.93 2009  5  8 10 14   2454959.99 2009  5  8 11 39
 2454963.88 2009  5 12  9 11   2454963.94 2009  5 12 10 35   2454964.00 2009  5 12 12  0
 2454967.90 2009  5 16  9 32   2454967.96 2009  5 16 10 56   2454968.01 2009  5 16 12 20
 2454971.91 2009  5 20  9 53   2454971.97 2009  5 20 11 17   2454972.03 2009  5 20 12 41
 2454975.93 2009  5 24 10 13   2454975.98 2009  5 24 11 38   2454976.04 2009  5 24 13  2
 2454979.94 2009  5 28 10 34   2454980.00 2009  5 28 11 58   2454980.06 2009  5 28 13 23
 2454983.96 2009  6  1 10 55   2454984.01 2009  6  1 12 19   2454984.07 2009  6  1 13 44
 2454987.97 2009  6  5 11 16   2454988.03 2009  6  5 12 40   2454988.09 2009  6  5 14  4
 2454991.98 2009  6  9 11 37   2454992.04 2009  6  9 13  1   2454992.10 2009  6  9 14 25
 2454996.00 2009  6 13 11 57   2454996.06 2009  6 13 13 22   2454996.12 2009  6 13 14 46
 2455000.01 2009  6 17 12 18   2455000.07 2009  6 17 13 42   2455000.13 2009  6 17 15  7
 2455004.03 2009  6 21 12 39   2455004.09 2009  6 21 14  3   2455004.14 2009  6 21 15 28
 2455008.04 2009  6 25 13  0   2455008.10 2009  6 25 14 24   2455008.16 2009  6 25 15 48
 2455012.06 2009  6 29 13 21   2455012.11 2009  6 29 14 45   2455012.17 2009  6 29 16  9
 2455016.07 2009  7  3 13 41   2455016.13 2009  7  3 15  6   2455016.19 2009  7  3 16 30
 2455020.09 2009  7  7 14  2   2455020.14 2009  7  7 15 27   2455020.20 2009  7  7 16 51
 2455024.10 2009  7 11 14 23   2455024.16 2009  7 11 15 47   2455024.22 2009  7 11 17 12
 2455028.11 2009  7 15 14 44   2455028.17 2009  7 15 16  8   2455028.23 2009  7 15 17 33
 2455032.13 2009  7 19 15  5   2455032.19 2009  7 19 16 29   2455032.25 2009  7 19 17 53
 2455036.14 2009  7 23 15 25   2455036.20 2009  7 23 16 50   2455036.26 2009  7 23 18 14
 2455040.16 2009  7 27 15 46   2455040.22 2009  7 27 17 11   2455040.27 2009  7 27 18 35
 2455044.17 2009  7 31 16  7   2455044.23 2009  7 31 17 31   2455044.29 2009  7 31 18 56
 2455048.19 2009  8  4 16 28   2455048.24 2009  8  4 17 52   2455048.30 2009  8  4 19 17
 2455052.20 2009  8  8 16 49   2455052.26 2009  8  8 18 13   2455052.32 2009  8  8 19 37
 2455056.22 2009  8 12 17  9   2455056.27 2009  8 12 18 34   2455056.33 2009  8 12 19 58
 2455060.23 2009  8 16 17 30   2455060.29 2009  8 16 18 55   2455060.35 2009  8 16 20 19
 2455064.24 2009  8 20 17 51   2455064.30 2009  8 20 19 15   2455064.36 2009  8 20 20 40
 2455068.26 2009  8 24 18 12   2455068.32 2009  8 24 19 36   2455068.38 2009  8 24 21  1
 2455072.27 2009  8 28 18 33   2455072.33 2009  8 28 19 57   2455072.39 2009  8 28 21 21
 2455076.29 2009  9  1 18 53   2455076.35 2009  9  1 20 18   2455076.40 2009  9  1 21 42
 2455080.30 2009  9  5 19 14   2455080.36 2009  9  5 20 39   2455080.42 2009  9  5 22  3
 2455084.32 2009  9  9 19 35   2455084.37 2009  9  9 20 59   2455084.43 2009  9  9 22 24
 2455088.33 2009  9 13 19 56   2455088.39 2009  9 13 21 20   2455088.45 2009  9 13 22 45
 2455092.35 2009  9 17 20 17   2455092.40 2009  9 17 21 41   2455092.46 2009  9 17 23  5
 2455096.36 2009  9 21 20 37   2455096.42 2009  9 21 22  2   2455096.48 2009  9 21 23 26
 2455100.37 2009  9 25 20 58   2455100.43 2009  9 25 22 23   2455100.49 2009  9 25 23 47
 2455104.39 2009  9 29 21 19   2455104.45 2009  9 29 22 43   2455104.51 2009  9 30  0  8
 2455108.40 2009 10  3 21 40   2455108.46 2009 10  3 23  4   2455108.52 2009 10  4  0 29
 2455112.42 2009 10  7 22  1   2455112.48 2009 10  7 23 25   2455112.53 2009 10  8  0 50
 2455116.43 2009 10 11 22 21   2455116.49 2009 10 11 23 46   2455116.55 2009 10 12  1 10
 2455120.45 2009 10 15 22 42   2455120.50 2009 10 16  0  7   2455120.56 2009 10 16  1 31
 2455124.46 2009 10 19 23  3   2455124.52 2009 10 20  0 27   2455124.58 2009 10 20  1 52
 2455128.48 2009 10 23 23 24   2455128.53 2009 10 24  0 48   2455128.59 2009 10 24  2 13
 2455132.49 2009 10 27 23 45   2455132.55 2009 10 28  1  9   2455132.61 2009 10 28  2 34
 2455136.50 2009 11  1  0  5   2455136.56 2009 11  1  1 30   2455136.62 2009 11  1  2 54
 2455140.52 2009 11  5  0 26   2455140.58 2009 11  5  1 51   2455140.64 2009 11  5  3 15
 2455144.53 2009 11  9  0 47   2455144.59 2009 11  9  2 11   2455144.65 2009 11  9  3 36
 2455148.55 2009 11 13  1  8   2455148.61 2009 11 13  2 32   2455148.66 2009 11 13  3 57
 2455152.56 2009 11 17  1 29   2455152.62 2009 11 17  2 53   2455152.68 2009 11 17  4 18
 2455156.58 2009 11 21  1 49   2455156.63 2009 11 21  3 14   2455156.69 2009 11 21  4 38
 2455160.59 2009 11 25  2 10   2455160.65 2009 11 25  3 35   2455160.71 2009 11 25  4 59
 2455164.61 2009 11 29  2 31   2455164.66 2009 11 29  3 55   2455164.72 2009 11 29  5 20
 2455168.62 2009 12  3  2 52   2455168.68 2009 12  3  4 16   2455168.74 2009 12  3  5 41
 2455172.63 2009 12  7  3 13   2455172.69 2009 12  7  4 37   2455172.75 2009 12  7  6  2
 2455176.65 2009 12 11  3 33   2455176.71 2009 12 11  4 58   2455176.77 2009 12 11  6 23
 2455180.66 2009 12 15  3 54   2455180.72 2009 12 15  5 19   2455180.78 2009 12 15  6 43
 2455184.68 2009 12 19  4 15   2455184.74 2009 12 19  5 40   2455184.79 2009 12 19  7  4
 2455188.69 2009 12 23  4 36   2455188.75 2009 12 23  6  0   2455188.81 2009 12 23  7 25
 2455192.71 2009 12 27  4 57   2455192.77 2009 12 27  6 21   2455192.82 2009 12 27  7 46
 2455196.72 2009 12 31  5 17   2455196.78 2009 12 31  6 42   2455196.84 2009 12 31  8  7
 2455200.74 2010  1  4  5 38   2455200.79 2010  1  4  7  3   2455200.85 2010  1  4  8 27
 2455204.75 2010  1  8  5 59   2455204.81 2010  1  8  7 24   2455204.87 2010  1  8  8 48
 2455208.76 2010  1 12  6 20   2455208.82 2010  1 12  7 44   2455208.88 2010  1 12  9  9
 2455212.78 2010  1 16  6 40   2455212.84 2010  1 16  8  5   2455212.90 2010  1 16  9 30
 2455216.79 2010  1 20  7  1   2455216.85 2010  1 20  8 26   2455216.91 2010  1 20  9 51
 2455220.81 2010  1 24  7 22   2455220.87 2010  1 24  8 47   2455220.92 2010  1 24 10 11
 2455224.82 2010  1 28  7 43   2455224.88 2010  1 28  9  8   2455224.94 2010  1 28 10 32
 2455228.84 2010  2  1  8  4   2455228.90 2010  2  1  9 28   2455228.95 2010  2  1 10 53
 2455232.85 2010  2  5  8 24   2455232.91 2010  2  5  9 49   2455232.97 2010  2  5 11 14
 2455236.87 2010  2  9  8 45   2455236.92 2010  2  9 10 10   2455236.98 2010  2  9 11 35
 2455240.88 2010  2 13  9  6   2455240.94 2010  2 13 10 31   2455241.00 2010  2 13 11 55
 2455244.89 2010  2 17  9 27   2455244.95 2010  2 17 10 52   2455245.01 2010  2 17 12 16
 2455248.91 2010  2 21  9 48   2455248.97 2010  2 21 11 12   2455249.03 2010  2 21 12 37
 2455252.92 2010  2 25 10  8   2455252.98 2010  2 25 11 33   2455253.04 2010  2 25 12 58
 2455256.94 2010  3  1 10 29   2455257.00 2010  3  1 11 54   2455257.06 2010  3  1 13 19
 2455260.95 2010  3  5 10 50   2455261.01 2010  3  5 12 15   2455261.07 2010  3  5 13 40
 2455264.97 2010  3  9 11 11   2455265.03 2010  3  9 12 36   2455265.08 2010  3  9 14  0
 2455268.98 2010  3 13 11 32   2455269.04 2010  3 13 12 56   2455269.10 2010  3 13 14 21
 2455273.00 2010  3 17 11 52   2455273.05 2010  3 17 13 17   2455273.11 2010  3 17 14 42
 2455277.01 2010  3 21 12 13   2455277.07 2010  3 21 13 38   2455277.13 2010  3 21 15  3
 2455281.02 2010  3 25 12 34   2455281.08 2010  3 25 13 59   2455281.14 2010  3 25 15 24
 2455285.04 2010  3 29 12 55   2455285.10 2010  3 29 14 20   2455285.16 2010  3 29 15 44
 2455289.05 2010  4  2 13 16   2455289.11 2010  4  2 14 40   2455289.17 2010  4  2 16  5
 2455293.07 2010  4  6 13 36   2455293.13 2010  4  6 15  1   2455293.19 2010  4  6 16 26
 2455297.08 2010  4 10 13 57   2455297.14 2010  4 10 15 22   2455297.20 2010  4 10 16 47
 2455301.10 2010  4 14 14 18   2455301.16 2010  4 14 15 43   2455301.21 2010  4 14 17  8
 2455305.11 2010  4 18 14 39   2455305.17 2010  4 18 16  4   2455305.23 2010  4 18 17 28
 2455309.13 2010  4 22 15  0   2455309.18 2010  4 22 16 24   2455309.24 2010  4 22 17 49
 2455313.14 2010  4 26 15 20   2455313.20 2010  4 26 16 45   2455313.26 2010  4 26 18 10
 2455317.15 2010  4 30 15 41   2455317.21 2010  4 30 17  6   2455317.27 2010  4 30 18 31
 2455321.17 2010  5  4 16  2   2455321.23 2010  5  4 17 27   2455321.29 2010  5  4 18 52
 2455325.18 2010  5  8 16 23   2455325.24 2010  5  8 17 48   2455325.30 2010  5  8 19 13
 2455329.20 2010  5 12 16 44   2455329.26 2010  5 12 18  8   2455329.32 2010  5 12 19 33
 2455333.21 2010  5 16 17  4   2455333.27 2010  5 16 18 29   2455333.33 2010  5 16 19 54
 2455337.23 2010  5 20 17 25   2455337.29 2010  5 20 18 50   2455337.34 2010  5 20 20 15
 2455341.24 2010  5 24 17 46   2455341.30 2010  5 24 19 11   2455341.36 2010  5 24 20 36
 2455345.26 2010  5 28 18  7   2455345.31 2010  5 28 19 32   2455345.37 2010  5 28 20 57
 2455349.27 2010  6  1 18 28   2455349.33 2010  6  1 19 53   2455349.39 2010  6  1 21 17
 2455353.28 2010  6  5 18 48   2455353.34 2010  6  5 20 13   2455353.40 2010  6  5 21 38
 2455357.30 2010  6  9 19  9   2455357.36 2010  6  9 20 34   2455357.42 2010  6  9 21 59
 2455361.31 2010  6 13 19 30   2455361.37 2010  6 13 20 55   2455361.43 2010  6 13 22 20
 2455365.33 2010  6 17 19 51   2455365.39 2010  6 17 21 16   2455365.45 2010  6 17 22 41
 2455369.34 2010  6 21 20 12   2455369.40 2010  6 21 21 37   2455369.46 2010  6 21 23  1
 2455373.36 2010  6 25 20 32   2455373.42 2010  6 25 21 57   2455373.47 2010  6 25 23 22
 2455377.37 2010  6 29 20 53   2455377.43 2010  6 29 22 18   2455377.49 2010  6 29 23 43
 2455381.39 2010  7  3 21 14   2455381.44 2010  7  3 22 39   2455381.50 2010  7  4  0  4
 2455385.40 2010  7  7 21 35   2455385.46 2010  7  7 23  0   2455385.52 2010  7  8  0 25
 2455389.41 2010  7 11 21 56   2455389.47 2010  7 11 23 21   2455389.53 2010  7 12  0 45
 2455393.43 2010  7 15 22 16   2455393.49 2010  7 15 23 41   2455393.55 2010  7 16  1  6
 2455397.44 2010  7 19 22 37   2455397.50 2010  7 20  0  2   2455397.56 2010  7 20  1 27
 2455401.46 2010  7 23 22 58   2455401.52 2010  7 24  0 23   2455401.58 2010  7 24  1 48
 2455405.47 2010  7 27 23 19   2455405.53 2010  7 28  0 44   2455405.59 2010  7 28  2  9
 2455409.49 2010  7 31 23 40   2455409.55 2010  8  1  1  5   2455409.60 2010  8  1  2 30
 2455413.50 2010  8  5  0  0   2455413.56 2010  8  5  1 25   2455413.62 2010  8  5  2 50
 2455417.52 2010  8  9  0 21   2455417.57 2010  8  9  1 46   2455417.63 2010  8  9  3 11
 2455421.53 2010  8 13  0 42   2455421.59 2010  8 13  2  7   2455421.65 2010  8 13  3 32
 2455425.54 2010  8 17  1  3   2455425.60 2010  8 17  2 28   2455425.66 2010  8 17  3 53
 2455429.56 2010  8 21  1 24   2455429.62 2010  8 21  2 49   2455429.68 2010  8 21  4 14
 2455433.57 2010  8 25  1 44   2455433.63 2010  8 25  3  9   2455433.69 2010  8 25  4 34
 2455437.59 2010  8 29  2  5   2455437.65 2010  8 29  3 30   2455437.71 2010  8 29  4 55
 2455441.60 2010  9  2  2 26   2455441.66 2010  9  2  3 51   2455441.72 2010  9  2  5 16
 2455445.62 2010  9  6  2 47   2455445.68 2010  9  6  4 12   2455445.73 2010  9  6  5 37
 2455449.63 2010  9 10  3  8   2455449.69 2010  9 10  4 33   2455449.75 2010  9 10  5 58
 2455453.65 2010  9 14  3 28   2455453.70 2010  9 14  4 53   2455453.76 2010  9 14  6 18
 2455457.66 2010  9 18  3 49   2455457.72 2010  9 18  5 14   2455457.78 2010  9 18  6 39
 2455461.67 2010  9 22  4 10   2455461.73 2010  9 22  5 35   2455461.79 2010  9 22  7  0
 2455465.69 2010  9 26  4 31   2455465.75 2010  9 26  5 56   2455465.81 2010  9 26  7 21
 2455469.70 2010  9 30  4 52   2455469.76 2010  9 30  6 17   2455469.82 2010  9 30  7 42
 2455473.72 2010 10  4  5 12   2455473.78 2010 10  4  6 37   2455473.84 2010 10  4  8  3
 2455477.73 2010 10  8  5 33   2455477.79 2010 10  8  6 58   2455477.85 2010 10  8  8 23
 2455481.75 2010 10 12  5 54   2455481.81 2010 10 12  7 19   2455481.86 2010 10 12  8 44
 2455485.76 2010 10 16  6 15   2455485.82 2010 10 16  7 40   2455485.88 2010 10 16  9  5
 2455489.78 2010 10 20  6 36   2455489.83 2010 10 20  8  1   2455489.89 2010 10 20  9 26
 2455493.79 2010 10 24  6 56   2455493.85 2010 10 24  8 22   2455493.91 2010 10 24  9 47
 2455497.80 2010 10 28  7 17   2455497.86 2010 10 28  8 42   2455497.92 2010 10 28 10  7
 2455501.82 2010 11  1  7 38   2455501.88 2010 11  1  9  3   2455501.94 2010 11  1 10 28
 2455505.83 2010 11  5  7 59   2455505.89 2010 11  5  9 24   2455505.95 2010 11  5 10 49
 2455509.85 2010 11  9  8 20   2455509.91 2010 11  9  9 45   2455509.97 2010 11  9 11 10
 2455513.86 2010 11 13  8 40   2455513.92 2010 11 13 10  6   2455513.98 2010 11 13 11 31
 2455517.88 2010 11 17  9  1   2455517.94 2010 11 17 10 26   2455517.99 2010 11 17 11 51
 2455521.89 2010 11 21  9 22   2455521.95 2010 11 21 10 47   2455522.01 2010 11 21 12 12
 2455525.91 2010 11 25  9 43   2455525.96 2010 11 25 11  8   2455526.02 2010 11 25 12 33
 2455529.92 2010 11 29 10  4   2455529.98 2010 11 29 11 29   2455530.04 2010 11 29 12 54
 2455533.93 2010 12  3 10 24   2455533.99 2010 12  3 11 50   2455534.05 2010 12  3 13 15
 2455537.95 2010 12  7 10 45   2455538.01 2010 12  7 12 10   2455538.07 2010 12  7 13 35
 2455541.96 2010 12 11 11  6   2455542.02 2010 12 11 12 31   2455542.08 2010 12 11 13 56
 2455545.98 2010 12 15 11 27   2455546.04 2010 12 15 12 52   2455546.10 2010 12 15 14 17
 2455549.99 2010 12 19 11 48   2455550.05 2010 12 19 13 13   2455550.11 2010 12 19 14 38
 2455554.01 2010 12 23 12  8   2455554.07 2010 12 23 13 34   2455554.12 2010 12 23 14 59
 2455558.02 2010 12 27 12 29   2455558.08 2010 12 27 13 54   2455558.14 2010 12 27 15 20
 2455562.04 2010 12 31 12 50   2455562.09 2010 12 31 14 15   2455562.15 2010 12 31 15 40
 2455566.05 2011  1  4 13 11   2455566.11 2011  1  4 14 36   2455566.17 2011  1  4 16  1
 2455570.06 2011  1  8 13 32   2455570.12 2011  1  8 14 57   2455570.18 2011  1  8 16 22
 2455574.08 2011  1 12 13 52   2455574.14 2011  1 12 15 18   2455574.20 2011  1 12 16 43
 2455578.09 2011  1 16 14 13   2455578.15 2011  1 16 15 38   2455578.21 2011  1 16 17  4
 2455582.11 2011  1 20 14 34   2455582.17 2011  1 20 15 59   2455582.23 2011  1 20 17 24
 2455586.12 2011  1 24 14 55   2455586.18 2011  1 24 16 20   2455586.24 2011  1 24 17 45
 2455590.14 2011  1 28 15 16   2455590.20 2011  1 28 16 41   2455590.25 2011  1 28 18  6
 2455594.15 2011  2  1 15 36   2455594.21 2011  2  1 17  2   2455594.27 2011  2  1 18 27
 2455598.17 2011  2  5 15 57   2455598.22 2011  2  5 17 22   2455598.28 2011  2  5 18 48
 2455602.18 2011  2  9 16 18   2455602.24 2011  2  9 17 43   2455602.30 2011  2  9 19  8
 2455606.19 2011  2 13 16 39   2455606.25 2011  2 13 18  4   2455606.31 2011  2 13 19 29
 2455610.21 2011  2 17 17  0   2455610.27 2011  2 17 18 25   2455610.33 2011  2 17 19 50
 2455614.22 2011  2 21 17 20   2455614.28 2011  2 21 18 46   2455614.34 2011  2 21 20 11
 2455618.24 2011  2 25 17 41   2455618.30 2011  2 25 19  6   2455618.36 2011  2 25 20 32
 2455622.25 2011  3  1 18  2   2455622.31 2011  3  1 19 27   2455622.37 2011  3  1 20 53
 2455626.27 2011  3  5 18 23   2455626.33 2011  3  5 19 48   2455626.38 2011  3  5 21 13
 2455630.28 2011  3  9 18 44   2455630.34 2011  3  9 20  9   2455630.40 2011  3  9 21 34
 2455634.30 2011  3 13 19  4   2455634.35 2011  3 13 20 30   2455634.41 2011  3 13 21 55
 2455638.31 2011  3 17 19 25   2455638.37 2011  3 17 20 50   2455638.43 2011  3 17 22 16
 2455642.32 2011  3 21 19 46   2455642.38 2011  3 21 21 11   2455642.44 2011  3 21 22 37
 2455646.34 2011  3 25 20  7   2455646.40 2011  3 25 21 32   2455646.46 2011  3 25 22 57
 2455650.35 2011  3 29 20 28   2455650.41 2011  3 29 21 53   2455650.47 2011  3 29 23 18
 2455654.37 2011  4  2 20 48   2455654.43 2011  4  2 22 14   2455654.49 2011  4  2 23 39
 2455658.38 2011  4  6 21  9   2455658.44 2011  4  6 22 35   2455658.50 2011  4  7  0  0
 2455662.40 2011  4 10 21 30   2455662.46 2011  4 10 22 55   2455662.51 2011  4 11  0 21
 2455666.41 2011  4 14 21 51   2455666.47 2011  4 14 23 16   2455666.53 2011  4 15  0 41
 2455670.43 2011  4 18 22 12   2455670.48 2011  4 18 23 37   2455670.54 2011  4 19  1  2
 2455674.44 2011  4 22 22 32   2455674.50 2011  4 22 23 58   2455674.56 2011  4 23  1 23
 2455678.45 2011  4 26 22 53   2455678.51 2011  4 27  0 19   2455678.57 2011  4 27  1 44
 2455682.47 2011  4 30 23 14   2455682.53 2011  5  1  0 39   2455682.59 2011  5  1  2  5
 2455686.48 2011  5  4 23 35   2455686.54 2011  5  5  1  0   2455686.60 2011  5  5  2 25
 2455690.50 2011  5  8 23 56   2455690.56 2011  5  9  1 21   2455690.62 2011  5  9  2 46
 2455694.51 2011  5 13  0 16   2455694.57 2011  5 13  1 42   2455694.63 2011  5 13  3  7
 2455698.53 2011  5 17  0 37   2455698.59 2011  5 17  2  3   2455698.64 2011  5 17  3 28
 2455702.54 2011  5 21  0 58   2455702.60 2011  5 21  2 23   2455702.66 2011  5 21  3 49
 2455706.56 2011  5 25  1 19   2455706.61 2011  5 25  2 44   2455706.67 2011  5 25  4 10
 2455710.57 2011  5 29  1 40   2455710.63 2011  5 29  3  5   2455710.69 2011  5 29  4 30
 2455714.58 2011  6  2  2  0   2455714.64 2011  6  2  3 26   2455714.70 2011  6  2  4 51
 2455718.60 2011  6  6  2 21   2455718.66 2011  6  6  3 47   2455718.72 2011  6  6  5 12
 2455722.61 2011  6 10  2 42   2455722.67 2011  6 10  4  7   2455722.73 2011  6 10  5 33
 2455726.63 2011  6 14  3  3   2455726.69 2011  6 14  4 28   2455726.75 2011  6 14  5 54
 2455730.64 2011  6 18  3 24   2455730.70 2011  6 18  4 49   2455730.76 2011  6 18  6 14
 2455734.66 2011  6 22  3 44   2455734.72 2011  6 22  5 10   2455734.77 2011  6 22  6 35
 2455738.67 2011  6 26  4  5   2455738.73 2011  6 26  5 31   2455738.79 2011  6 26  6 56
 2455742.69 2011  6 30  4 26   2455742.74 2011  6 30  5 51   2455742.80 2011  6 30  7 17
 2455746.70 2011  7  4  4 47   2455746.76 2011  7  4  6 12   2455746.82 2011  7  4  7 38
 2455750.71 2011  7  8  5  8   2455750.77 2011  7  8  6 33   2455750.83 2011  7  8  7 58
 2455754.73 2011  7 12  5 28   2455754.79 2011  7 12  6 54   2455754.85 2011  7 12  8 19
 2455758.74 2011  7 16  5 49   2455758.80 2011  7 16  7 15   2455758.86 2011  7 16  8 40
 2455762.76 2011  7 20  6 10   2455762.82 2011  7 20  7 35   2455762.88 2011  7 20  9  1
 2455766.77 2011  7 24  6 31   2455766.83 2011  7 24  7 56   2455766.89 2011  7 24  9 22
 2455770.79 2011  7 28  6 52   2455770.85 2011  7 28  8 17   2455770.90 2011  7 28  9 43
 2455774.80 2011  8  1  7 12   2455774.86 2011  8  1  8 38   2455774.92 2011  8  1 10  3
