 Predicted Transit Epochs: OGLETR182 b

Observed Transit Duration:  229.2 Minutes

 Begin Transit Window           PREDICTED CENTRAL TRANSIT     End Transit Window
                                     All Times UT

                               HJD        Year M  D  H  M
 2454927.04 2009  4  5 12 57   2454927.12 2009  4  5 14 57   2454927.21 2009  4  5 16 57
 2454931.02 2009  4  9 12 27   2454931.10 2009  4  9 14 27   2454931.19 2009  4  9 16 27
 2454935.00 2009  4 13 11 57   2454935.08 2009  4 13 13 57   2454935.16 2009  4 13 15 57
 2454938.98 2009  4 17 11 27   2454939.06 2009  4 17 13 27   2454939.14 2009  4 17 15 27
 2454942.96 2009  4 21 10 57   2454943.04 2009  4 21 12 57   2454943.12 2009  4 21 14 57
 2454946.94 2009  4 25 10 27   2454947.02 2009  4 25 12 27   2454947.10 2009  4 25 14 27
 2454950.91 2009  4 29  9 57   2454951.00 2009  4 29 11 57   2454951.08 2009  4 29 13 57
 2454954.89 2009  5  3  9 27   2454954.98 2009  5  3 11 27   2454955.06 2009  5  3 13 27
 2454958.87 2009  5  7  8 57   2454958.96 2009  5  7 10 57   2454959.04 2009  5  7 12 57
 2454962.85 2009  5 11  8 26   2454962.94 2009  5 11 10 26   2454963.02 2009  5 11 12 26
 2454966.83 2009  5 15  7 56   2454966.91 2009  5 15  9 56   2454967.00 2009  5 15 11 56
 2454970.81 2009  5 19  7 26   2454970.89 2009  5 19  9 26   2454970.98 2009  5 19 11 26
 2454974.79 2009  5 23  6 56   2454974.87 2009  5 23  8 56   2454974.96 2009  5 23 10 56
 2454978.77 2009  5 27  6 26   2454978.85 2009  5 27  8 26   2454978.94 2009  5 27 10 26
 2454982.75 2009  5 31  5 56   2454982.83 2009  5 31  7 56   2454982.91 2009  5 31  9 56
 2454986.73 2009  6  4  5 26   2454986.81 2009  6  4  7 26   2454986.89 2009  6  4  9 26
 2454990.71 2009  6  8  4 56   2454990.79 2009  6  8  6 56   2454990.87 2009  6  8  8 56
 2454994.68 2009  6 12  4 26   2454994.77 2009  6 12  6 26   2454994.85 2009  6 12  8 26
 2454998.66 2009  6 16  3 56   2454998.75 2009  6 16  5 56   2454998.83 2009  6 16  7 56
 2455002.64 2009  6 20  3 25   2455002.73 2009  6 20  5 26   2455002.81 2009  6 20  7 26
 2455006.62 2009  6 24  2 55   2455006.71 2009  6 24  4 55   2455006.79 2009  6 24  6 56
 2455010.60 2009  6 28  2 25   2455010.68 2009  6 28  4 25   2455010.77 2009  6 28  6 25
 2455014.58 2009  7  2  1 55   2455014.66 2009  7  2  3 55   2455014.75 2009  7  2  5 55
 2455018.56 2009  7  6  1 25   2455018.64 2009  7  6  3 25   2455018.73 2009  7  6  5 25
 2455022.54 2009  7 10  0 55   2455022.62 2009  7 10  2 55   2455022.71 2009  7 10  4 55
 2455026.52 2009  7 14  0 25   2455026.60 2009  7 14  2 25   2455026.68 2009  7 14  4 25
 2455030.50 2009  7 17 23 55   2455030.58 2009  7 18  1 55   2455030.66 2009  7 18  3 55
 2455034.48 2009  7 21 23 25   2455034.56 2009  7 22  1 25   2455034.64 2009  7 22  3 25
 2455038.45 2009  7 25 22 54   2455038.54 2009  7 26  0 55   2455038.62 2009  7 26  2 55
 2455042.43 2009  7 29 22 24   2455042.52 2009  7 30  0 25   2455042.60 2009  7 30  2 25
 2455046.41 2009  8  2 21 54   2455046.50 2009  8  2 23 54   2455046.58 2009  8  3  1 55
 2455050.39 2009  8  6 21 24   2455050.48 2009  8  6 23 24   2455050.56 2009  8  7  1 25
 2455054.37 2009  8 10 20 54   2455054.45 2009  8 10 22 54   2455054.54 2009  8 11  0 55
 2455058.35 2009  8 14 20 24   2455058.43 2009  8 14 22 24   2455058.52 2009  8 15  0 24
 2455062.33 2009  8 18 19 54   2455062.41 2009  8 18 21 54   2455062.50 2009  8 18 23 54
 2455066.31 2009  8 22 19 24   2455066.39 2009  8 22 21 24   2455066.48 2009  8 22 23 24
 2455070.29 2009  8 26 18 54   2455070.37 2009  8 26 20 54   2455070.45 2009  8 26 22 54
 2455074.27 2009  8 30 18 23   2455074.35 2009  8 30 20 24   2455074.43 2009  8 30 22 24
 2455078.25 2009  9  3 17 53   2455078.33 2009  9  3 19 54   2455078.41 2009  9  3 21 54
 2455082.22 2009  9  7 17 23   2455082.31 2009  9  7 19 24   2455082.39 2009  9  7 21 24
 2455086.20 2009  9 11 16 53   2455086.29 2009  9 11 18 54   2455086.37 2009  9 11 20 54
 2455090.18 2009  9 15 16 23   2455090.27 2009  9 15 18 23   2455090.35 2009  9 15 20 24
 2455094.16 2009  9 19 15 53   2455094.25 2009  9 19 17 53   2455094.33 2009  9 19 19 54
 2455098.14 2009  9 23 15 23   2455098.22 2009  9 23 17 23   2455098.31 2009  9 23 19 24
 2455102.12 2009  9 27 14 53   2455102.20 2009  9 27 16 53   2455102.29 2009  9 27 18 54
 2455106.10 2009 10  1 14 23   2455106.18 2009 10  1 16 23   2455106.27 2009 10  1 18 24
 2455110.08 2009 10  5 13 52   2455110.16 2009 10  5 15 53   2455110.25 2009 10  5 17 53
 2455114.06 2009 10  9 13 22   2455114.14 2009 10  9 15 23   2455114.22 2009 10  9 17 23
 2455118.04 2009 10 13 12 52   2455118.12 2009 10 13 14 53   2455118.20 2009 10 13 16 53
 2455122.02 2009 10 17 12 22   2455122.10 2009 10 17 14 23   2455122.18 2009 10 17 16 23
 2455125.99 2009 10 21 11 52   2455126.08 2009 10 21 13 53   2455126.16 2009 10 21 15 53
 2455129.97 2009 10 25 11 22   2455130.06 2009 10 25 13 22   2455130.14 2009 10 25 15 23
 2455133.95 2009 10 29 10 52   2455134.04 2009 10 29 12 52   2455134.12 2009 10 29 14 53
 2455137.93 2009 11  2 10 22   2455138.02 2009 11  2 12 22   2455138.10 2009 11  2 14 23
 2455141.91 2009 11  6  9 52   2455141.99 2009 11  6 11 52   2455142.08 2009 11  6 13 53
 2455145.89 2009 11 10  9 21   2455145.97 2009 11 10 11 22   2455146.06 2009 11 10 13 23
 2455149.87 2009 11 14  8 51   2455149.95 2009 11 14 10 52   2455150.04 2009 11 14 12 53
 2455153.85 2009 11 18  8 21   2455153.93 2009 11 18 10 22   2455154.02 2009 11 18 12 23
 2455157.83 2009 11 22  7 51   2455157.91 2009 11 22  9 52   2455158.00 2009 11 22 11 52
 2455161.81 2009 11 26  7 21   2455161.89 2009 11 26  9 22   2455161.97 2009 11 26 11 22
 2455165.79 2009 11 30  6 51   2455165.87 2009 11 30  8 52   2455165.95 2009 11 30 10 52
 2455169.76 2009 12  4  6 21   2455169.85 2009 12  4  8 21   2455169.93 2009 12  4 10 22
 2455173.74 2009 12  8  5 51   2455173.83 2009 12  8  7 51   2455173.91 2009 12  8  9 52
 2455177.72 2009 12 12  5 21   2455177.81 2009 12 12  7 21   2455177.89 2009 12 12  9 22
 2455181.70 2009 12 16  4 50   2455181.79 2009 12 16  6 51   2455181.87 2009 12 16  8 52
 2455185.68 2009 12 20  4 20   2455185.77 2009 12 20  6 21   2455185.85 2009 12 20  8 22
 2455189.66 2009 12 24  3 50   2455189.74 2009 12 24  5 51   2455189.83 2009 12 24  7 52
 2455193.64 2009 12 28  3 20   2455193.72 2009 12 28  5 21   2455193.81 2009 12 28  7 22
 2455197.62 2010  1  1  2 50   2455197.70 2010  1  1  4 51   2455197.79 2010  1  1  6 52
 2455201.60 2010  1  5  2 20   2455201.68 2010  1  5  4 21   2455201.77 2010  1  5  6 22
 2455205.58 2010  1  9  1 50   2455205.66 2010  1  9  3 51   2455205.74 2010  1  9  5 51
 2455209.56 2010  1 13  1 20   2455209.64 2010  1 13  3 21   2455209.72 2010  1 13  5 21
 2455213.53 2010  1 17  0 50   2455213.62 2010  1 17  2 50   2455213.70 2010  1 17  4 51
 2455217.51 2010  1 21  0 19   2455217.60 2010  1 21  2 20   2455217.68 2010  1 21  4 21
 2455221.49 2010  1 24 23 49   2455221.58 2010  1 25  1 50   2455221.66 2010  1 25  3 51
 2455225.47 2010  1 28 23 19   2455225.56 2010  1 29  1 20   2455225.64 2010  1 29  3 21
 2455229.45 2010  2  1 22 49   2455229.54 2010  2  2  0 50   2455229.62 2010  2  2  2 51
 2455233.43 2010  2  5 22 19   2455233.51 2010  2  6  0 20   2455233.60 2010  2  6  2 21
 2455237.41 2010  2  9 21 49   2455237.49 2010  2  9 23 50   2455237.58 2010  2 10  1 51
 2455241.39 2010  2 13 21 19   2455241.47 2010  2 13 23 20   2455241.56 2010  2 14  1 21
 2455245.37 2010  2 17 20 49   2455245.45 2010  2 17 22 50   2455245.54 2010  2 18  0 51
 2455249.35 2010  2 21 20 19   2455249.43 2010  2 21 22 20   2455249.51 2010  2 22  0 21
 2455253.33 2010  2 25 19 48   2455253.41 2010  2 25 21 49   2455253.49 2010  2 25 23 50
 2455257.30 2010  3  1 19 18   2455257.39 2010  3  1 21 19   2455257.47 2010  3  1 23 20
 2455261.28 2010  3  5 18 48   2455261.37 2010  3  5 20 49   2455261.45 2010  3  5 22 50
 2455265.26 2010  3  9 18 18   2455265.35 2010  3  9 20 19   2455265.43 2010  3  9 22 20
 2455269.24 2010  3 13 17 48   2455269.33 2010  3 13 19 49   2455269.41 2010  3 13 21 50
 2455273.22 2010  3 17 17 18   2455273.31 2010  3 17 19 19   2455273.39 2010  3 17 21 20
 2455277.20 2010  3 21 16 48   2455277.28 2010  3 21 18 49   2455277.37 2010  3 21 20 50
 2455281.18 2010  3 25 16 18   2455281.26 2010  3 25 18 19   2455281.35 2010  3 25 20 20
 2455285.16 2010  3 29 15 48   2455285.24 2010  3 29 17 49   2455285.33 2010  3 29 19 50
 2455289.14 2010  4  2 15 17   2455289.22 2010  4  2 17 19   2455289.31 2010  4  2 19 20
 2455293.12 2010  4  6 14 47   2455293.20 2010  4  6 16 49   2455293.28 2010  4  6 18 50
 2455297.10 2010  4 10 14 17   2455297.18 2010  4 10 16 18   2455297.26 2010  4 10 18 20
 2455301.07 2010  4 14 13 47   2455301.16 2010  4 14 15 48   2455301.24 2010  4 14 17 50
 2455305.05 2010  4 18 13 17   2455305.14 2010  4 18 15 18   2455305.22 2010  4 18 17 19
 2455309.03 2010  4 22 12 47   2455309.12 2010  4 22 14 48   2455309.20 2010  4 22 16 49
 2455313.01 2010  4 26 12 17   2455313.10 2010  4 26 14 18   2455313.18 2010  4 26 16 19
 2455316.99 2010  4 30 11 47   2455317.08 2010  4 30 13 48   2455317.16 2010  4 30 15 49
 2455320.97 2010  5  4 11 17   2455321.05 2010  5  4 13 18   2455321.14 2010  5  4 15 19
 2455324.95 2010  5  8 10 46   2455325.03 2010  5  8 12 48   2455325.12 2010  5  8 14 49
 2455328.93 2010  5 12 10 16   2455329.01 2010  5 12 12 18   2455329.10 2010  5 12 14 19
 2455332.91 2010  5 16  9 46   2455332.99 2010  5 16 11 48   2455333.08 2010  5 16 13 49
 2455336.89 2010  5 20  9 16   2455336.97 2010  5 20 11 17   2455337.06 2010  5 20 13 19
 2455340.87 2010  5 24  8 46   2455340.95 2010  5 24 10 47   2455341.03 2010  5 24 12 49
 2455344.84 2010  5 28  8 16   2455344.93 2010  5 28 10 17   2455345.01 2010  5 28 12 19
 2455348.82 2010  6  1  7 46   2455348.91 2010  6  1  9 47   2455348.99 2010  6  1 11 49
 2455352.80 2010  6  5  7 16   2455352.89 2010  6  5  9 17   2455352.97 2010  6  5 11 18
 2455356.78 2010  6  9  6 46   2455356.87 2010  6  9  8 47   2455356.95 2010  6  9 10 48
 2455360.76 2010  6 13  6 15   2455360.85 2010  6 13  8 17   2455360.93 2010  6 13 10 18
 2455364.74 2010  6 17  5 45   2455364.82 2010  6 17  7 47   2455364.91 2010  6 17  9 48
 2455368.72 2010  6 21  5 15   2455368.80 2010  6 21  7 17   2455368.89 2010  6 21  9 18
 2455372.70 2010  6 25  4 45   2455372.78 2010  6 25  6 47   2455372.87 2010  6 25  8 48
 2455376.68 2010  6 29  4 15   2455376.76 2010  6 29  6 16   2455376.85 2010  6 29  8 18
 2455380.66 2010  7  3  3 45   2455380.74 2010  7  3  5 46   2455380.83 2010  7  3  7 48
 2455384.64 2010  7  7  3 15   2455384.72 2010  7  7  5 16   2455384.80 2010  7  7  7 18
 2455388.61 2010  7 11  2 45   2455388.70 2010  7 11  4 46   2455388.78 2010  7 11  6 48
 2455392.59 2010  7 15  2 15   2455392.68 2010  7 15  4 16   2455392.76 2010  7 15  6 18
 2455396.57 2010  7 19  1 44   2455396.66 2010  7 19  3 46   2455396.74 2010  7 19  5 48
 2455400.55 2010  7 23  1 14   2455400.64 2010  7 23  3 16   2455400.72 2010  7 23  5 17
 2455404.53 2010  7 27  0 44   2455404.62 2010  7 27  2 46   2455404.70 2010  7 27  4 47
 2455408.51 2010  7 31  0 14   2455408.59 2010  7 31  2 16   2455408.68 2010  7 31  4 17
 2455412.49 2010  8  3 23 44   2455412.57 2010  8  4  1 46   2455412.66 2010  8  4  3 47
 2455416.47 2010  8  7 23 14   2455416.55 2010  8  8  1 16   2455416.64 2010  8  8  3 17
 2455420.45 2010  8 11 22 44   2455420.53 2010  8 12  0 45   2455420.62 2010  8 12  2 47
 2455424.43 2010  8 15 22 14   2455424.51 2010  8 16  0 15   2455424.60 2010  8 16  2 17
 2455428.41 2010  8 19 21 44   2455428.49 2010  8 19 23 45   2455428.57 2010  8 20  1 47
 2455432.38 2010  8 23 21 13   2455432.47 2010  8 23 23 15   2455432.55 2010  8 24  1 17
 2455436.36 2010  8 27 20 43   2455436.45 2010  8 27 22 45   2455436.53 2010  8 28  0 47
 2455440.34 2010  8 31 20 13   2455440.43 2010  8 31 22 15   2455440.51 2010  9  1  0 17
 2455444.32 2010  9  4 19 43   2455444.41 2010  9  4 21 45   2455444.49 2010  9  4 23 47
 2455448.30 2010  9  8 19 13   2455448.39 2010  9  8 21 15   2455448.47 2010  9  8 23 17
 2455452.28 2010  9 12 18 43   2455452.36 2010  9 12 20 45   2455452.45 2010  9 12 22 46
 2455456.26 2010  9 16 18 13   2455456.34 2010  9 16 20 15   2455456.43 2010  9 16 22 16
 2455460.24 2010  9 20 17 43   2455460.32 2010  9 20 19 44   2455460.41 2010  9 20 21 46
 2455464.22 2010  9 24 17 13   2455464.30 2010  9 24 19 14   2455464.39 2010  9 24 21 16
 2455468.20 2010  9 28 16 42   2455468.28 2010  9 28 18 44   2455468.37 2010  9 28 20 46
 2455472.18 2010 10  2 16 12   2455472.26 2010 10  2 18 14   2455472.34 2010 10  2 20 16
 2455476.15 2010 10  6 15 42   2455476.24 2010 10  6 17 44   2455476.32 2010 10  6 19 46
 2455480.13 2010 10 10 15 12   2455480.22 2010 10 10 17 14   2455480.30 2010 10 10 19 16
 2455484.11 2010 10 14 14 42   2455484.20 2010 10 14 16 44   2455484.28 2010 10 14 18 46
 2455488.09 2010 10 18 14 12   2455488.18 2010 10 18 16 14   2455488.26 2010 10 18 18 16
 2455492.07 2010 10 22 13 42   2455492.16 2010 10 22 15 44   2455492.24 2010 10 22 17 46
 2455496.05 2010 10 26 13 12   2455496.13 2010 10 26 15 14   2455496.22 2010 10 26 17 16
 2455500.03 2010 10 30 12 42   2455500.11 2010 10 30 14 44   2455500.20 2010 10 30 16 45
 2455504.01 2010 11  3 12 11   2455504.09 2010 11  3 14 13   2455504.18 2010 11  3 16 15
 2455507.99 2010 11  7 11 41   2455508.07 2010 11  7 13 43   2455508.16 2010 11  7 15 45
 2455511.97 2010 11 11 11 11   2455512.05 2010 11 11 13 13   2455512.14 2010 11 11 15 15
 2455515.95 2010 11 15 10 41   2455516.03 2010 11 15 12 43   2455516.12 2010 11 15 14 45
 2455519.92 2010 11 19 10 11   2455520.01 2010 11 19 12 13   2455520.09 2010 11 19 14 15
 2455523.90 2010 11 23  9 41   2455523.99 2010 11 23 11 43   2455524.07 2010 11 23 13 45
 2455527.88 2010 11 27  9 11   2455527.97 2010 11 27 11 13   2455528.05 2010 11 27 13 15
 2455531.86 2010 12  1  8 41   2455531.95 2010 12  1 10 43   2455532.03 2010 12  1 12 45
 2455535.84 2010 12  5  8 11   2455535.93 2010 12  5 10 13   2455536.01 2010 12  5 12 15
 2455539.82 2010 12  9  7 40   2455539.90 2010 12  9  9 43   2455539.99 2010 12  9 11 45
 2455543.80 2010 12 13  7 10   2455543.88 2010 12 13  9 12   2455543.97 2010 12 13 11 15
 2455547.78 2010 12 17  6 40   2455547.86 2010 12 17  8 42   2455547.95 2010 12 17 10 44
 2455551.76 2010 12 21  6 10   2455551.84 2010 12 21  8 12   2455551.93 2010 12 21 10 14
 2455555.74 2010 12 25  5 40   2455555.82 2010 12 25  7 42   2455555.91 2010 12 25  9 44
 2455559.72 2010 12 29  5 10   2455559.80 2010 12 29  7 12   2455559.89 2010 12 29  9 14
 2455563.69 2011  1  2  4 40   2455563.78 2011  1  2  6 42   2455563.86 2011  1  2  8 44
 2455567.67 2011  1  6  4 10   2455567.76 2011  1  6  6 12   2455567.84 2011  1  6  8 14
 2455571.65 2011  1 10  3 40   2455571.74 2011  1 10  5 42   2455571.82 2011  1 10  7 44
 2455575.63 2011  1 14  3  9   2455575.72 2011  1 14  5 12   2455575.80 2011  1 14  7 14
 2455579.61 2011  1 18  2 39   2455579.70 2011  1 18  4 42   2455579.78 2011  1 18  6 44
 2455583.59 2011  1 22  2  9   2455583.68 2011  1 22  4 12   2455583.76 2011  1 22  6 14
 2455587.57 2011  1 26  1 39   2455587.65 2011  1 26  3 41   2455587.74 2011  1 26  5 44
 2455591.55 2011  1 30  1  9   2455591.63 2011  1 30  3 11   2455591.72 2011  1 30  5 14
 2455595.53 2011  2  3  0 39   2455595.61 2011  2  3  2 41   2455595.70 2011  2  3  4 43
 2455599.51 2011  2  7  0  9   2455599.59 2011  2  7  2 11   2455599.68 2011  2  7  4 13
 2455603.49 2011  2 10 23 39   2455603.57 2011  2 11  1 41   2455603.66 2011  2 11  3 43
 2455607.46 2011  2 14 23  9   2455607.55 2011  2 15  1 11   2455607.63 2011  2 15  3 13
 2455611.44 2011  2 18 22 39   2455611.53 2011  2 19  0 41   2455611.61 2011  2 19  2 43
 2455615.42 2011  2 22 22  8   2455615.51 2011  2 23  0 11   2455615.59 2011  2 23  2 13
 2455619.40 2011  2 26 21 38   2455619.49 2011  2 26 23 41   2455619.57 2011  2 27  1 43
 2455623.38 2011  3  2 21  8   2455623.47 2011  3  2 23 11   2455623.55 2011  3  3  1 13
 2455627.36 2011  3  6 20 38   2455627.45 2011  3  6 22 40   2455627.53 2011  3  7  0 43
 2455631.34 2011  3 10 20  8   2455631.42 2011  3 10 22 10   2455631.51 2011  3 11  0 13
 2455635.32 2011  3 14 19 38   2455635.40 2011  3 14 21 40   2455635.49 2011  3 14 23 43
 2455639.30 2011  3 18 19  8   2455639.38 2011  3 18 21 10   2455639.47 2011  3 18 23 13
 2455643.28 2011  3 22 18 38   2455643.36 2011  3 22 20 40   2455643.45 2011  3 22 22 43
 2455647.26 2011  3 26 18  8   2455647.34 2011  3 26 20 10   2455647.43 2011  3 26 22 12
 2455651.23 2011  3 30 17 37   2455651.32 2011  3 30 19 40   2455651.40 2011  3 30 21 42
 2455655.21 2011  4  3 17  7   2455655.30 2011  4  3 19 10   2455655.38 2011  4  3 21 12
 2455659.19 2011  4  7 16 37   2455659.28 2011  4  7 18 40   2455659.36 2011  4  7 20 42
 2455663.17 2011  4 11 16  7   2455663.26 2011  4 11 18 10   2455663.34 2011  4 11 20 12
 2455667.15 2011  4 15 15 37   2455667.24 2011  4 15 17 39   2455667.32 2011  4 15 19 42
 2455671.13 2011  4 19 15  7   2455671.22 2011  4 19 17  9   2455671.30 2011  4 19 19 12
 2455675.11 2011  4 23 14 37   2455675.19 2011  4 23 16 39   2455675.28 2011  4 23 18 42
 2455679.09 2011  4 27 14  7   2455679.17 2011  4 27 16  9   2455679.26 2011  4 27 18 12
 2455683.07 2011  5  1 13 37   2455683.15 2011  5  1 15 39   2455683.24 2011  5  1 17 42
 2455687.05 2011  5  5 13  6   2455687.13 2011  5  5 15  9   2455687.22 2011  5  5 17 12
 2455691.03 2011  5  9 12 36   2455691.11 2011  5  9 14 39   2455691.20 2011  5  9 16 42
 2455695.00 2011  5 13 12  6   2455695.09 2011  5 13 14  9   2455695.17 2011  5 13 16 11
 2455698.98 2011  5 17 11 36   2455699.07 2011  5 17 13 39   2455699.15 2011  5 17 15 41
 2455702.96 2011  5 21 11  6   2455703.05 2011  5 21 13  9   2455703.13 2011  5 21 15 11
 2455706.94 2011  5 25 10 36   2455707.03 2011  5 25 12 39   2455707.11 2011  5 25 14 41
 2455710.92 2011  5 29 10  6   2455711.01 2011  5 29 12  8   2455711.09 2011  5 29 14 11
 2455714.90 2011  6  2  9 36   2455714.99 2011  6  2 11 38   2455715.07 2011  6  2 13 41
 2455718.88 2011  6  6  9  6   2455718.96 2011  6  6 11  8   2455719.05 2011  6  6 13 11
 2455722.86 2011  6 10  8 35   2455722.94 2011  6 10 10 38   2455723.03 2011  6 10 12 41
 2455726.84 2011  6 14  8  5   2455726.92 2011  6 14 10  8   2455727.01 2011  6 14 12 11
 2455730.82 2011  6 18  7 35   2455730.90 2011  6 18  9 38   2455730.99 2011  6 18 11 41
 2455734.80 2011  6 22  7  5   2455734.88 2011  6 22  9  8   2455734.97 2011  6 22 11 11
 2455738.77 2011  6 26  6 35   2455738.86 2011  6 26  8 38   2455738.95 2011  6 26 10 41
 2455742.75 2011  6 30  6  5   2455742.84 2011  6 30  8  8   2455742.92 2011  6 30 10 10
 2455746.73 2011  7  4  5 35   2455746.82 2011  7  4  7 38   2455746.90 2011  7  4  9 40
 2455750.71 2011  7  8  5  5   2455750.80 2011  7  8  7  7   2455750.88 2011  7  8  9 10
 2455754.69 2011  7 12  4 35   2455754.78 2011  7 12  6 37   2455754.86 2011  7 12  8 40
 2455758.67 2011  7 16  4  4   2455758.76 2011  7 16  6  7   2455758.84 2011  7 16  8 10
 2455762.65 2011  7 20  3 34   2455762.73 2011  7 20  5 37   2455762.82 2011  7 20  7 40
 2455766.63 2011  7 24  3  4   2455766.71 2011  7 24  5  7   2455766.80 2011  7 24  7 10
 2455770.61 2011  7 28  2 34   2455770.69 2011  7 28  4 37   2455770.78 2011  7 28  6 40
 2455774.59 2011  8  1  2  4   2455774.67 2011  8  1  4  7   2455774.76 2011  8  1  6 10
