 Predicted Transit Epochs: Pollux___ b

 Predicted Duration of a Central Transit:    14.   Hours

 Begin Transit Window           PREDICTED CENTRAL TRANSIT     End Transit Window
                                     All Times UT

                               HJD        Year M  D  H  M
 2456965.89 2014 11  4  9 16   2457002.38 2014 12 10 21  4   2457038.87 2015  1 16  8 53
 2457554.99 2016  6 15 11 40   2457594.28 2016  7 24 18 40   2457633.57 2016  9  2  1 41
 2458144.09 2018  1 25 14  4   2458186.18 2018  3  8 16 16   2458228.27 2018  4 19 18 29
 2458733.19 2019  9  6 16 28   2458778.08 2019 10 21 13 52   2458822.97 2019 12  5 11 17
 2459322.29 2021  4 17 18 52   2459369.98 2021  6  4 11 28   2459417.67 2021  7 22  4  5
 2459911.39 2022 11 27 21 16   2459961.88 2023  1 17  9  4   2460012.37 2023  3  8 20 53
 2460500.49 2024  7  8 23 40   2460553.78 2024  8 31  6 40   2460607.07 2024 10 23 13 41
 2461089.59 2026  2 18  2  4   2461145.68 2026  4 15  4 16   2461201.77 2026  6 10  6 29
 2461678.69 2027  9 30  4 28   2461737.58 2027 11 28  1 52   2461796.47 2028  1 25 23 17
 2462267.79 2029  5 11  6 52   2462329.48 2029  7 11 23 28   2462391.17 2029  9 11 16  5
 2462856.89 2030 12 21  9 16   2462921.38 2031  2 23 21  4   2462985.87 2031  4 29  8 53
 2463445.99 2032  8  1 11 40   2463513.28 2032 10  7 18 40   2463580.57 2032 12 14  1 41
 2464035.09 2034  3 13 14  4   2464105.18 2034  5 22 16 16   2464175.27 2034  7 31 18 29
 2464624.19 2035 10 23 16 28   2464697.08 2036  1  4 13 52   2464769.97 2036  3 17 11 17
