 Predicted Transit Epochs: Rho_Cr_B_ b

 Predicted Duration of a Central Transit:   419. Minutes

 Begin Transit Window           PREDICTED CENTRAL TRANSIT     End Transit Window
                                     All Times UT

                               HJD        Year M  D  H  M
 2454477.76 2008  1 12  6 13   2454483.92 2008  1 18 10 10   2454490.09 2008  1 24 14  7
 2454517.55 2008  2 21  1 18   2454523.77 2008  2 27  6 27   2454529.98 2008  3  4 11 36
 2454557.35 2008  3 31 20 23   2454563.61 2008  4  7  2 44   2454569.88 2008  4 13  9  5
 2454597.14 2008  5 10 15 28   2454603.46 2008  5 16 23  1   2454609.77 2008  5 23  6 34
 2454636.94 2008  6 19 10 33   2454643.30 2008  6 25 19 17   2454649.67 2008  7  2  4  2
 2454676.73 2008  7 29  5 37   2454683.15 2008  8  4 15 34   2454689.56 2008  8 11  1 31
 2454716.53 2008  9  7  0 42   2454722.99 2008  9 13 11 51   2454729.46 2008  9 19 23  0
 2454756.32 2008 10 16 19 47   2454762.84 2008 10 23  8  8   2454769.35 2008 10 29 20 29
 2454796.12 2008 11 25 14 52   2454802.68 2008 12  2  4 25   2454809.25 2008 12  8 17 58
 2454835.91 2009  1  4  9 57   2454842.53 2009  1 11  0 41   2454849.14 2009  1 17 15 26
 2454875.71 2009  2 13  5  1   2454882.37 2009  2 19 20 58   2454889.04 2009  2 26 12 55
 2454915.50 2009  3 25  0  6   2454922.22 2009  3 31 17 15   2454928.93 2009  4  7 10 24
 2454955.30 2009  5  3 19 11   2454962.06 2009  5 10 13 32   2454968.83 2009  5 17  7 53
 2454995.09 2009  6 12 14 16   2455001.91 2009  6 19  9 49   2455008.72 2009  6 26  5 22
 2455034.89 2009  7 22  9 21   2455041.75 2009  7 29  6  5   2455048.62 2009  8  5  2 50
 2455074.68 2009  8 31  4 25   2455081.60 2009  9  7  2 22   2455088.51 2009  9 14  0 19
 2455114.48 2009 10  9 23 30   2455121.44 2009 10 16 22 39   2455128.41 2009 10 23 21 48
 2455154.27 2009 11 18 18 35   2455161.29 2009 11 25 18 56   2455168.30 2009 12  2 19 17
 2455194.07 2009 12 28 13 40   2455201.13 2010  1  4 15 13   2455208.20 2010  1 11 16 46
 2455233.86 2010  2  6  8 45   2455240.98 2010  2 13 11 29   2455248.09 2010  2 20 14 14
 2455273.66 2010  3 18  3 49   2455280.82 2010  3 25  7 46   2455287.99 2010  4  1 11 43
 2455313.45 2010  4 26 22 54   2455320.67 2010  5  4  4  3   2455327.88 2010  5 11  9 12
 2455353.25 2010  6  5 17 59   2455360.51 2010  6 13  0 20   2455367.78 2010  6 20  6 41
 2455393.04 2010  7 15 13  4   2455400.36 2010  7 22 20 37   2455407.67 2010  7 30  4 10
 2455432.84 2010  8 24  8  9   2455440.20 2010  8 31 16 53   2455447.57 2010  9  8  1 38
 2455472.63 2010 10  3  3 13   2455480.05 2010 10 10 13 10   2455487.46 2010 10 17 23  7
 2455512.43 2010 11 11 22 18   2455519.89 2010 11 19  9 27   2455527.36 2010 11 26 20 36
 2455552.22 2010 12 21 17 23   2455559.74 2010 12 29  5 44   2455567.25 2011  1  5 18  5
 2455592.02 2011  1 30 12 28   2455599.58 2011  2  7  2  1   2455607.15 2011  2 14 15 34
 2455631.81 2011  3 11  7 33   2455639.43 2011  3 18 22 17   2455647.04 2011  3 26 13  2
 2455671.61 2011  4 20  2 37   2455679.27 2011  4 27 18 34   2455686.94 2011  5  5 10 31
 2455711.40 2011  5 29 21 42   2455719.12 2011  6  6 14 51   2455726.83 2011  6 14  8  0
 2455751.20 2011  7  8 16 47   2455758.96 2011  7 16 11  8   2455766.73 2011  7 24  5 29
 2455790.99 2011  8 17 11 52   2455798.81 2011  8 25  7 25   2455806.62 2011  9  2  2 58
 2455830.79 2011  9 26  6 57   2455838.65 2011 10  4  3 41   2455846.52 2011 10 12  0 26
 2455870.58 2011 11  5  2  1   2455878.50 2011 11 12 23 58   2455886.41 2011 11 20 21 55
 2455910.38 2011 12 14 21  6   2455918.34 2011 12 22 20 15   2455926.31 2011 12 30 19 24
 2455950.17 2012  1 23 16 11   2455958.19 2012  1 31 16 32   2455966.20 2012  2  8 16 53
 2455989.97 2012  3  3 11 16   2455998.03 2012  3 11 12 49   2456006.10 2012  3 19 14 22
 2456029.76 2012  4 12  6 21   2456037.88 2012  4 20  9  5   2456045.99 2012  4 28 11 50
 2456069.56 2012  5 22  1 25   2456077.72 2012  5 30  5 22   2456085.89 2012  6  7  9 19
 2456109.35 2012  6 30 20 30   2456117.57 2012  7  9  1 39   2456125.78 2012  7 17  6 48
 2456149.15 2012  8  9 15 35   2456157.41 2012  8 17 21 56   2456165.68 2012  8 26  4 17
 2456188.94 2012  9 18 10 40   2456197.26 2012  9 26 18 13   2456205.57 2012 10  5  1 46
 2456228.74 2012 10 28  5 45   2456237.10 2012 11  5 14 29   2456245.47 2012 11 13 23 14
 2456268.53 2012 12  7  0 49   2456276.95 2012 12 15 10 46   2456285.36 2012 12 23 20 43
 2456308.33 2013  1 15 19 54   2456316.79 2013  1 24  7  3   2456325.26 2013  2  1 18 12
 2456348.12 2013  2 24 14 59   2456356.64 2013  3  5  3 20   2456365.15 2013  3 13 15 41
 2456387.92 2013  4  5 10  4   2456396.48 2013  4 13 23 37   2456405.05 2013  4 22 13 10
 2456427.71 2013  5 15  5  9   2456436.33 2013  5 23 19 53   2456444.94 2013  6  1 10 38
 2456467.51 2013  6 24  0 13   2456476.17 2013  7  2 16 10   2456484.84 2013  7 11  8  7
 2456507.30 2013  8  2 19 18   2456516.02 2013  8 11 12 27   2456524.73 2013  8 20  5 36
 2456547.10 2013  9 11 14 23   2456555.86 2013  9 20  8 44   2456564.63 2013  9 29  3  5
 2456586.89 2013 10 21  9 28   2456595.71 2013 10 30  5  1   2456604.52 2013 11  8  0 34
 2456626.69 2013 11 30  4 33   2456635.55 2013 12  9  1 17   2456644.42 2013 12 17 22  2
 2456666.48 2014  1  8 23 37   2456675.40 2014  1 17 21 34   2456684.31 2014  1 26 19 31
 2456706.28 2014  2 17 18 42   2456715.24 2014  2 26 17 51   2456724.21 2014  3  7 17  0
 2456746.07 2014  3 29 13 47   2456755.09 2014  4  7 14  8   2456764.10 2014  4 16 14 29
 2456785.87 2014  5  8  8 52   2456794.93 2014  5 17 10 25   2456804.00 2014  5 26 11 58
 2456825.66 2014  6 17  3 57   2456834.78 2014  6 26  6 41   2456843.89 2014  7  5  9 26
 2456865.46 2014  7 26 23  1   2456874.62 2014  8  5  2 58   2456883.79 2014  8 14  6 55
 2456905.25 2014  9  4 18  6   2456914.47 2014  9 13 23 15   2456923.68 2014  9 23  4 24
 2456945.05 2014 10 14 13 11   2456954.31 2014 10 23 19 32   2456963.58 2014 11  2  1 53
 2456984.84 2014 11 23  8 16   2456994.16 2014 12  2 15 49   2457003.47 2014 12 11 23 22
 2457024.64 2015  1  2  3 21   2457034.00 2015  1 11 12  5   2457043.37 2015  1 20 20 50
 2457064.43 2015  2 10 22 25   2457073.85 2015  2 20  8 22   2457083.26 2015  3  1 18 19
 2457104.23 2015  3 22 17 30   2457113.69 2015  4  1  4 39   2457123.16 2015  4 10 15 48
 2457144.02 2015  5  1 12 35   2457153.54 2015  5 11  0 56   2457163.05 2015  5 20 13 17
 2457183.82 2015  6 10  7 40   2457193.38 2015  6 19 21 13   2457202.95 2015  6 29 10 46
 2457223.61 2015  7 20  2 45   2457233.23 2015  7 29 17 29   2457242.84 2015  8  8  8 14
 2457263.41 2015  8 28 21 49   2457273.07 2015  9  7 13 46   2457282.74 2015  9 17  5 43
 2457303.20 2015 10  7 16 54   2457312.92 2015 10 17 10  3   2457322.63 2015 10 27  3 12
 2457343.00 2015 11 16 11 59   2457352.76 2015 11 26  6 20   2457362.53 2015 12  6  0 41
 2457382.79 2015 12 26  7  4   2457392.61 2016  1  5  2 37   2457402.42 2016  1 14 22 10
 2457422.59 2016  2  4  2  9   2457432.45 2016  2 13 22 53   2457442.32 2016  2 23 19 38
 2457462.38 2016  3 14 21 13   2457472.30 2016  3 24 19 10   2457482.21 2016  4  3 17  7
 2457502.18 2016  4 23 16 18   2457512.14 2016  5  3 15 27   2457522.11 2016  5 13 14 36
 2457541.97 2016  6  2 11 23   2457551.99 2016  6 12 11 44   2457562.00 2016  6 22 12  5
 2457581.77 2016  7 12  6 28   2457591.83 2016  7 22  8  1   2457601.90 2016  8  1  9 34
 2457621.56 2016  8 21  1 33   2457631.68 2016  8 31  4 17   2457641.79 2016  9 10  7  2
 2457661.36 2016  9 29 20 37   2457671.52 2016 10 10  0 34   2457681.69 2016 10 20  4 31
 2457701.15 2016 11  8 15 42   2457711.37 2016 11 18 20 51   2457721.58 2016 11 29  2  0
 2457740.95 2016 12 18 10 47   2457751.21 2016 12 28 17  8   2457761.48 2017  1  7 23 29
 2457780.74 2017  1 27  5 52   2457791.06 2017  2  6 13 25   2457801.37 2017  2 16 20 58
 2457820.54 2017  3  8  0 57   2457830.90 2017  3 18  9 41   2457841.27 2017  3 28 18 26
 2457860.33 2017  4 16 20  1   2457870.75 2017  4 27  5 58   2457881.16 2017  5  7 15 55
 2457900.13 2017  5 26 15  6   2457910.59 2017  6  6  2 15   2457921.06 2017  6 16 13 24
 2457939.92 2017  7  5 10 11   2457950.44 2017  7 15 22 32   2457960.95 2017  7 26 10 53
 2457979.72 2017  8 14  5 16   2457990.28 2017  8 24 18 49   2458000.85 2017  9  4  8 22
 2458019.51 2017  9 23  0 21   2458030.13 2017 10  3 15  5   2458040.74 2017 10 14  5 50
 2458059.31 2017 11  1 19 25   2458069.97 2017 11 12 11 22   2458080.64 2017 11 23  3 19
 2458099.10 2017 12 11 14 30   2458109.82 2017 12 22  7 39   2458120.53 2018  1  2  0 48
 2458138.90 2018  1 20  9 35   2458149.66 2018  1 31  3 56   2458160.43 2018  2 10 22 17
 2458178.69 2018  3  1  4 40   2458189.51 2018  3 12  0 13   2458200.32 2018  3 22 19 46
 2458218.49 2018  4  9 23 45   2458229.35 2018  4 20 20 29   2458240.22 2018  5  1 17 14
 2458258.28 2018  5 19 18 49   2458269.20 2018  5 30 16 46   2458280.11 2018  6 10 14 43
 2458298.08 2018  6 28 13 54   2458309.04 2018  7  9 13  3   2458320.01 2018  7 20 12 12
 2458337.87 2018  8  7  8 59   2458348.89 2018  8 18  9 20   2458359.90 2018  8 29  9 41
 2458377.67 2018  9 16  4  4   2458388.73 2018  9 27  5 37   2458399.80 2018 10  8  7 10
 2458417.46 2018 10 25 23  9   2458428.58 2018 11  6  1 53   2458439.69 2018 11 17  4 38
 2458457.26 2018 12  4 18 13   2458468.42 2018 12 15 22 10   2458479.59 2018 12 27  2  7
 2458497.05 2019  1 13 13 18   2458508.27 2019  1 24 18 27   2458519.48 2019  2  4 23 36
 2458536.85 2019  2 22  8 23   2458548.11 2019  3  5 14 44   2458559.38 2019  3 16 21  5
 2458576.64 2019  4  3  3 28   2458587.96 2019  4 14 11  1   2458599.27 2019  4 25 18 34
 2458616.44 2019  5 12 22 33   2458627.80 2019  5 24  7 17   2458639.17 2019  6  4 16  2
 2458656.23 2019  6 21 17 37   2458667.65 2019  7  3  3 34   2458679.06 2019  7 14 13 31
 2458696.03 2019  7 31 12 42   2458707.49 2019  8 11 23 51   2458718.96 2019  8 23 11  0
 2458735.82 2019  9  9  7 47   2458747.34 2019  9 20 20  8   2458758.85 2019 10  2  8 29
 2458775.62 2019 10 19  2 52   2458787.18 2019 10 30 16 25   2458798.75 2019 11 11  5 58
 2458815.41 2019 11 27 21 57   2458827.03 2019 12  9 12 41   2458838.64 2019 12 21  3 26
 2458855.21 2020  1  6 17  1   2458866.87 2020  1 18  8 58   2458878.54 2020  1 30  0 55
 2458895.00 2020  2 15 12  6   2458906.72 2020  2 27  5 15   2458918.43 2020  3  9 22 24
 2458934.80 2020  3 26  7 11   2458946.56 2020  4  7  1 32   2458958.33 2020  4 18 19 53
 2458974.59 2020  5  5  2 16   2458986.41 2020  5 16 21 49   2458998.22 2020  5 28 17 22
 2459014.39 2020  6 13 21 21   2459026.25 2020  6 25 18  5   2459038.12 2020  7  7 14 50
 2459054.18 2020  7 23 16 25   2459066.10 2020  8  4 14 22   2459078.01 2020  8 16 12 19
 2459093.98 2020  9  1 11 30   2459105.94 2020  9 13 10 39   2459117.91 2020  9 25  9 48
 2459133.77 2020 10 11  6 35   2459145.79 2020 10 23  6 56   2459157.80 2020 11  4  7 17
 2459173.57 2020 11 20  1 40   2459185.63 2020 12  2  3 13   2459197.70 2020 12 14  4 46
 2459213.36 2020 12 29 20 45   2459225.48 2021  1 10 23 29   2459237.59 2021  1 23  2 14
 2459253.16 2021  2  7 15 49   2459265.32 2021  2 19 19 46   2459277.49 2021  3  3 23 43
 2459292.95 2021  3 19 10 54   2459305.17 2021  3 31 16  3   2459317.38 2021  4 12 21 12
 2459332.75 2021  4 28  5 59   2459345.01 2021  5 10 12 20   2459357.28 2021  5 22 18 41
 2459372.54 2021  6  7  1  4   2459384.86 2021  6 19  8 37   2459397.17 2021  7  1 16 10
 2459412.34 2021  7 16 20  9   2459424.70 2021  7 29  4 53   2459437.07 2021  8 10 13 38
 2459452.13 2021  8 25 15 13   2459464.55 2021  9  7  1 10   2459476.96 2021  9 19 11  7
 2459491.93 2021 10  4 10 18   2459504.39 2021 10 16 21 27   2459516.86 2021 10 29  8 36
 2459531.72 2021 11 13  5 23   2459544.24 2021 11 25 17 44   2459556.75 2021 12  8  6  5
 2459571.52 2021 12 23  0 28   2459584.08 2022  1  4 14  1   2459596.65 2022  1 17  3 34
 2459611.31 2022  1 31 19 33   2459623.93 2022  2 13 10 17   2459636.54 2022  2 26  1  2
 2459651.11 2022  3 12 14 37   2459663.77 2022  3 25  6 34   2459676.44 2022  4  6 22 31
 2459690.90 2022  4 21  9 42   2459703.62 2022  5  4  2 51   2459716.33 2022  5 16 20  0
 2459730.70 2022  5 31  4 47   2459743.46 2022  6 12 23  8   2459756.23 2022  6 25 17 29
 2459770.49 2022  7  9 23 52   2459783.31 2022  7 22 19 25   2459796.12 2022  8  4 14 58
 2459810.29 2022  8 18 18 57   2459823.15 2022  8 31 15 41   2459836.02 2022  9 13 12 26
 2459850.08 2022  9 27 14  1   2459863.00 2022 10 10 11 58   2459875.91 2022 10 23  9 55
 2459889.88 2022 11  6  9  6   2459902.84 2022 11 19  8 15   2459915.81 2022 12  2  7 24
 2459929.67 2022 12 16  4 11   2459942.69 2022 12 29  4 32   2459955.70 2023  1 11  4 53
 2459969.47 2023  1 24 23 16   2459982.53 2023  2  7  0 49   2459995.60 2023  2 20  2 22
 2460009.26 2023  3  5 18 21   2460022.38 2023  3 18 21  5   2460035.49 2023  3 31 23 50
 2460049.06 2023  4 14 13 25   2460062.22 2023  4 27 17 22   2460075.39 2023  5 10 21 19
 2460088.85 2023  5 24  8 30   2460102.07 2023  6  6 13 39   2460115.28 2023  6 19 18 48
 2460128.65 2023  7  3  3 35   2460141.91 2023  7 16  9 56   2460155.18 2023  7 29 16 17
 2460168.44 2023  8 11 22 40   2460181.76 2023  8 25  6 13   2460195.07 2023  9  7 13 46
 2460208.24 2023  9 20 17 45   2460221.60 2023 10  4  2 29   2460234.97 2023 10 17 11 14
 2460248.03 2023 10 30 12 49   2460261.45 2023 11 12 22 46   2460274.86 2023 11 26  8 43
 2460287.83 2023 12  9  7 54   2460301.29 2023 12 22 19  3   2460314.76 2024  1  5  6 12
 2460327.62 2024  1 18  2 59   2460341.14 2024  1 31 15 20   2460354.65 2024  2 14  3 41
 2460367.42 2024  2 26 22  4   2460380.98 2024  3 11 11 37   2460394.55 2024  3 25  1 10
 2460407.21 2024  4  6 17  9   2460420.83 2024  4 20  7 53   2460434.44 2024  5  3 22 38
 2460447.01 2024  5 16 12 13   2460460.67 2024  5 30  4 10   2460474.34 2024  6 12 20  7
 2460486.80 2024  6 25  7 18   2460500.52 2024  7  9  0 27   2460514.23 2024  7 22 17 36
 2460526.60 2024  8  4  2 23   2460540.36 2024  8 17 20 44   2460554.13 2024  8 31 15  5
 2460566.39 2024  9 12 21 28   2460580.21 2024  9 26 17  1   2460594.02 2024 10 10 12 34
 2460606.19 2024 10 22 16 33   2460620.05 2024 11  5 13 17   2460633.92 2024 11 19 10  2
 2460645.98 2024 12  1 11 37   2460659.90 2024 12 15  9 34   2460673.81 2024 12 29  7 31
 2460685.78 2025  1 10  6 42   2460699.74 2025  1 24  5 51   2460713.71 2025  2  7  5  0
 2460725.57 2025  2 19  1 47   2460739.59 2025  3  5  2  8   2460753.60 2025  3 19  2 29
 2460765.37 2025  3 30 20 52   2460779.43 2025  4 13 22 25   2460793.50 2025  4 27 23 58
 2460805.16 2025  5  9 15 57   2460819.28 2025  5 23 18 41   2460833.39 2025  6  6 21 26
 2460844.96 2025  6 18 11  1   2460859.12 2025  7  2 14 58   2460873.29 2025  7 16 18 55
 2460884.75 2025  7 28  6  6   2460898.97 2025  8 11 11 15   2460913.18 2025  8 25 16 24
 2460924.55 2025  9  6  1 11   2460938.81 2025  9 20  7 32   2460953.08 2025 10  4 13 53
 2460964.34 2025 10 15 20 16   2460978.66 2025 10 30  3 49   2460992.97 2025 11 13 11 22
 2461004.14 2025 11 24 15 21   2461018.50 2025 12  9  0  5   2461032.87 2025 12 23  8 50
 2461043.93 2026  1  3 10 25   2461058.35 2026  1 17 20 22   2461072.76 2026  2  1  6 19
 2461083.73 2026  2 12  5 30   2461098.19 2026  2 26 16 39   2461112.66 2026  3 13  3 48
 2461123.52 2026  3 24  0 35   2461138.04 2026  4  7 12 56   2461152.55 2026  4 22  1 17
 2461163.32 2026  5  2 19 40   2461177.88 2026  5 17  9 13   2461192.45 2026  5 31 22 46
 2461203.11 2026  6 11 14 45   2461217.73 2026  6 26  5 29   2461232.34 2026  7 10 20 14
 2461242.91 2026  7 21  9 49   2461257.57 2026  8  5  1 46   2461272.24 2026  8 19 17 43
 2461282.70 2026  8 30  4 54   2461297.42 2026  9 13 22  3   2461312.13 2026  9 28 15 12
 2461322.50 2026 10  8 23 59   2461337.26 2026 10 23 18 20   2461352.03 2026 11  7 12 41
 2461362.29 2026 11 17 19  4   2461377.11 2026 12  2 14 37   2461391.92 2026 12 17 10 10
 2461402.09 2026 12 27 14  9   2461416.95 2027  1 11 10 53   2461431.82 2027  1 26  7 38
 2461441.88 2027  2  5  9 13   2461456.80 2027  2 20  7 10   2461471.71 2027  3  7  5  7
 2461481.68 2027  3 17  4 18   2461496.64 2027  4  1  3 27   2461511.61 2027  4 16  2 36
 2461521.47 2027  4 25 23 23   2461536.49 2027  5 10 23 44   2461551.50 2027  5 26  0  5
 2461561.27 2027  6  4 18 28   2461576.33 2027  6 19 20  1   2461591.40 2027  7  4 21 34
 2461601.06 2027  7 14 13 33   2461616.18 2027  7 29 16 17   2461631.29 2027  8 13 19  2
 2461640.86 2027  8 23  8 37   2461656.02 2027  9  7 12 34   2461671.19 2027  9 22 16 31
 2461680.65 2027 10  2  3 42   2461695.87 2027 10 17  8 51   2461711.08 2027 11  1 14  0
 2461720.45 2027 11 10 22 47   2461735.71 2027 11 26  5  8   2461750.98 2027 12 11 11 29
 2461760.24 2027 12 20 17 52   2461775.56 2028  1  5  1 25   2461790.87 2028  1 20  8 58
 2461800.04 2028  1 29 12 57   2461815.40 2028  2 13 21 41   2461830.77 2028  2 29  6 26
 2461839.83 2028  3  9  8  1   2461855.25 2028  3 24 17 58   2461870.66 2028  4  9  3 55
 2461879.63 2028  4 18  3  6   2461895.09 2028  5  3 14 15   2461910.56 2028  5 19  1 24
