 Predicted Transit Epochs: tau_boo__ b

 Predicted Duration of a Central Transit:   247. Minutes

 Begin Transit Window           PREDICTED CENTRAL TRANSIT     End Transit Window
                                     All Times UT

                               HJD        Year M  D  H  M
 2454462.86 2007 12 28  8 36   2454462.97 2007 12 28 11 21   2454463.09 2007 12 28 14  7
 2454466.17 2007 12 31 16  6   2454466.29 2007 12 31 18 51   2454466.40 2007 12 31 21 37
 2454469.48 2008  1  3 23 36   2454469.60 2008  1  4  2 21   2454469.71 2008  1  4  5  6
 2454472.80 2008  1  7  7  6   2454472.91 2008  1  7  9 51   2454473.03 2008  1  7 12 36
 2454476.11 2008  1 10 14 36   2454476.22 2008  1 10 17 21   2454476.34 2008  1 10 20  6
 2454479.42 2008  1 13 22  6   2454479.54 2008  1 14  0 51   2454479.65 2008  1 14  3 36
 2454482.73 2008  1 17  5 36   2454482.85 2008  1 17  8 21   2454482.96 2008  1 17 11  6
 2454486.05 2008  1 20 13  6   2454486.16 2008  1 20 15 51   2454486.28 2008  1 20 18 36
 2454489.36 2008  1 23 20 36   2454489.47 2008  1 23 23 21   2454489.59 2008  1 24  2  6
 2454492.67 2008  1 27  4  5   2454492.79 2008  1 27  6 51   2454492.90 2008  1 27  9 36
 2454495.98 2008  1 30 11 35   2454496.10 2008  1 30 14 21   2454496.21 2008  1 30 17  6
 2454499.30 2008  2  2 19  5   2454499.41 2008  2  2 21 51   2454499.53 2008  2  3  0 36
 2454502.61 2008  2  6  2 35   2454502.72 2008  2  6  5 21   2454502.84 2008  2  6  8  6
 2454505.92 2008  2  9 10  5   2454506.04 2008  2  9 12 51   2454506.15 2008  2  9 15 36
 2454509.23 2008  2 12 17 35   2454509.35 2008  2 12 20 21   2454509.46 2008  2 12 23  6
 2454512.55 2008  2 16  1  5   2454512.66 2008  2 16  3 51   2454512.78 2008  2 16  6 36
 2454515.86 2008  2 19  8 35   2454515.97 2008  2 19 11 20   2454516.09 2008  2 19 14  6
 2454519.17 2008  2 22 16  5   2454519.29 2008  2 22 18 50   2454519.40 2008  2 22 21 36
 2454522.48 2008  2 25 23 35   2454522.60 2008  2 26  2 20   2454522.71 2008  2 26  5  6
 2454525.80 2008  2 29  7  5   2454525.91 2008  2 29  9 50   2454526.03 2008  2 29 12 36
 2454529.11 2008  3  3 14 35   2454529.22 2008  3  3 17 20   2454529.34 2008  3  3 20  6
 2454532.42 2008  3  6 22  5   2454532.54 2008  3  7  0 50   2454532.65 2008  3  7  3 36
 2454535.73 2008  3 10  5 35   2454535.85 2008  3 10  8 20   2454535.96 2008  3 10 11  6
 2454539.05 2008  3 13 13  4   2454539.16 2008  3 13 15 50   2454539.28 2008  3 13 18 36
 2454542.36 2008  3 16 20 34   2454542.47 2008  3 16 23 20   2454542.59 2008  3 17  2  6
 2454545.67 2008  3 20  4  4   2454545.79 2008  3 20  6 50   2454545.90 2008  3 20  9 36
 2454548.98 2008  3 23 11 34   2454549.10 2008  3 23 14 20   2454549.21 2008  3 23 17  6
 2454552.29 2008  3 26 19  4   2454552.41 2008  3 26 21 50   2454552.53 2008  3 27  0 36
 2454555.61 2008  3 30  2 34   2454555.72 2008  3 30  5 20   2454555.84 2008  3 30  8  6
 2454558.92 2008  4  2 10  4   2454559.03 2008  4  2 12 50   2454559.15 2008  4  2 15 36
 2454562.23 2008  4  5 17 34   2454562.35 2008  4  5 20 20   2454562.46 2008  4  5 23  6
 2454565.54 2008  4  9  1  4   2454565.66 2008  4  9  3 50   2454565.78 2008  4  9  6 36
 2454568.86 2008  4 12  8 34   2454568.97 2008  4 12 11 20   2454569.09 2008  4 12 14  5
 2454572.17 2008  4 15 16  4   2454572.28 2008  4 15 18 50   2454572.40 2008  4 15 21 35
 2454575.48 2008  4 18 23 34   2454575.60 2008  4 19  2 20   2454575.71 2008  4 19  5  5
 2454578.79 2008  4 22  7  4   2454578.91 2008  4 22  9 49   2454579.02 2008  4 22 12 35
 2454582.11 2008  4 25 14 33   2454582.22 2008  4 25 17 19   2454582.34 2008  4 25 20  5
 2454585.42 2008  4 28 22  3   2454585.53 2008  4 29  0 49   2454585.65 2008  4 29  3 35
 2454588.73 2008  5  2  5 33   2454588.85 2008  5  2  8 19   2454588.96 2008  5  2 11  5
 2454592.04 2008  5  5 13  3   2454592.16 2008  5  5 15 49   2454592.27 2008  5  5 18 35
 2454595.36 2008  5  8 20 33   2454595.47 2008  5  8 23 19   2454595.59 2008  5  9  2  5
 2454598.67 2008  5 12  4  3   2454598.78 2008  5 12  6 49   2454598.90 2008  5 12  9 35
 2454601.98 2008  5 15 11 33   2454602.10 2008  5 15 14 19   2454602.21 2008  5 15 17  5
 2454605.29 2008  5 18 19  3   2454605.41 2008  5 18 21 49   2454605.52 2008  5 19  0 35
 2454608.61 2008  5 22  2 33   2454608.72 2008  5 22  5 19   2454608.84 2008  5 22  8  5
 2454611.92 2008  5 25 10  3   2454612.03 2008  5 25 12 49   2454612.15 2008  5 25 15 35
 2454615.23 2008  5 28 17 33   2454615.35 2008  5 28 20 19   2454615.46 2008  5 28 23  5
 2454618.54 2008  6  1  1  3   2454618.66 2008  6  1  3 49   2454618.77 2008  6  1  6 35
 2454621.86 2008  6  4  8 33   2454621.97 2008  6  4 11 19   2454622.09 2008  6  4 14  5
 2454625.17 2008  6  7 16  3   2454625.28 2008  6  7 18 49   2454625.40 2008  6  7 21 35
 2454628.48 2008  6 10 23 32   2454628.60 2008  6 11  2 19   2454628.71 2008  6 11  5  5
 2454631.79 2008  6 14  7  2   2454631.91 2008  6 14  9 49   2454632.02 2008  6 14 12 35
 2454635.11 2008  6 17 14 32   2454635.22 2008  6 17 17 19   2454635.34 2008  6 17 20  5
 2454638.42 2008  6 20 22  2   2454638.53 2008  6 21  0 49   2454638.65 2008  6 21  3 35
 2454641.73 2008  6 24  5 32   2454641.85 2008  6 24  8 18   2454641.96 2008  6 24 11  5
 2454645.04 2008  6 27 13  2   2454645.16 2008  6 27 15 48   2454645.27 2008  6 27 18 35
 2454648.36 2008  6 30 20 32   2454648.47 2008  6 30 23 18   2454648.59 2008  7  1  2  5
 2454651.67 2008  7  4  4  2   2454651.78 2008  7  4  6 48   2454651.90 2008  7  4  9 35
 2454654.98 2008  7  7 11 32   2454655.10 2008  7  7 14 18   2454655.21 2008  7  7 17  5
 2454658.29 2008  7 10 19  2   2454658.41 2008  7 10 21 48   2454658.52 2008  7 11  0 35
 2454661.61 2008  7 14  2 32   2454661.72 2008  7 14  5 18   2454661.84 2008  7 14  8  5
 2454664.92 2008  7 17 10  2   2454665.03 2008  7 17 12 48   2454665.15 2008  7 17 15 35
 2454668.23 2008  7 20 17 32   2454668.35 2008  7 20 20 18   2454668.46 2008  7 20 23  4
 2454671.54 2008  7 24  1  2   2454671.66 2008  7 24  3 48   2454671.77 2008  7 24  6 34
 2454674.86 2008  7 27  8 31   2454674.97 2008  7 27 11 18   2454675.09 2008  7 27 14  4
 2454678.17 2008  7 30 16  1   2454678.28 2008  7 30 18 48   2454678.40 2008  7 30 21 34
 2454681.48 2008  8  2 23 31   2454681.60 2008  8  3  2 18   2454681.71 2008  8  3  5  4
 2454684.79 2008  8  6  7  1   2454684.91 2008  8  6  9 48   2454685.02 2008  8  6 12 34
 2454688.11 2008  8  9 14 31   2454688.22 2008  8  9 17 18   2454688.34 2008  8  9 20  4
 2454691.42 2008  8 12 22  1   2454691.53 2008  8 13  0 48   2454691.65 2008  8 13  3 34
 2454694.73 2008  8 16  5 31   2454694.85 2008  8 16  8 18   2454694.96 2008  8 16 11  4
 2454698.04 2008  8 19 13  1   2454698.16 2008  8 19 15 48   2454698.27 2008  8 19 18 34
 2454701.36 2008  8 22 20 31   2454701.47 2008  8 22 23 18   2454701.59 2008  8 23  2  4
 2454704.67 2008  8 26  4  1   2454704.78 2008  8 26  6 47   2454704.90 2008  8 26  9 34
 2454707.98 2008  8 29 11 31   2454708.10 2008  8 29 14 17   2454708.21 2008  8 29 17  4
 2454711.29 2008  9  1 19  1   2454711.41 2008  9  1 21 47   2454711.52 2008  9  2  0 34
 2454714.60 2008  9  5  2 31   2454714.72 2008  9  5  5 17   2454714.84 2008  9  5  8  4
 2454717.92 2008  9  8 10  0   2454718.03 2008  9  8 12 47   2454718.15 2008  9  8 15 34
 2454721.23 2008  9 11 17 30   2454721.35 2008  9 11 20 17   2454721.46 2008  9 11 23  4
 2454724.54 2008  9 15  1  0   2454724.66 2008  9 15  3 47   2454724.77 2008  9 15  6 34
 2454727.85 2008  9 18  8 30   2454727.97 2008  9 18 11 17   2454728.09 2008  9 18 14  4
 2454731.17 2008  9 21 16  0   2454731.28 2008  9 21 18 47   2454731.40 2008  9 21 21 34
 2454734.48 2008  9 24 23 30   2454734.60 2008  9 25  2 17   2454734.71 2008  9 25  5  4
 2454737.79 2008  9 28  7  0   2454737.91 2008  9 28  9 47   2454738.02 2008  9 28 12 34
 2454741.10 2008 10  1 14 30   2454741.22 2008 10  1 17 17   2454741.34 2008 10  1 20  4
 2454744.42 2008 10  4 22  0   2454744.53 2008 10  5  0 47   2454744.65 2008 10  5  3 34
 2454747.73 2008 10  8  5 30   2454747.85 2008 10  8  8 17   2454747.96 2008 10  8 11  4
 2454751.04 2008 10 11 13  0   2454751.16 2008 10 11 15 47   2454751.27 2008 10 11 18 34
 2454754.35 2008 10 14 20 30   2454754.47 2008 10 14 23 17   2454754.59 2008 10 15  2  4
 2454757.67 2008 10 18  4  0   2454757.78 2008 10 18  6 47   2454757.90 2008 10 18  9 34
 2454760.98 2008 10 21 11 30   2454761.10 2008 10 21 14 17   2454761.21 2008 10 21 17  4
 2454764.29 2008 10 24 18 59   2454764.41 2008 10 24 21 46   2454764.52 2008 10 25  0 34
 2454767.60 2008 10 28  2 29   2454767.72 2008 10 28  5 16   2454767.84 2008 10 28  8  3
 2454770.92 2008 10 31  9 59   2454771.03 2008 10 31 12 46   2454771.15 2008 10 31 15 33
 2454774.23 2008 11  3 17 29   2454774.35 2008 11  3 20 16   2454774.46 2008 11  3 23  3
 2454777.54 2008 11  7  0 59   2454777.66 2008 11  7  3 46   2454777.77 2008 11  7  6 33
 2454780.85 2008 11 10  8 29   2454780.97 2008 11 10 11 16   2454781.09 2008 11 10 14  3
 2454784.17 2008 11 13 15 59   2454784.28 2008 11 13 18 46   2454784.40 2008 11 13 21 33
 2454787.48 2008 11 16 23 29   2454787.59 2008 11 17  2 16   2454787.71 2008 11 17  5  3
 2454790.79 2008 11 20  6 59   2454790.91 2008 11 20  9 46   2454791.02 2008 11 20 12 33
 2454794.10 2008 11 23 14 29   2454794.22 2008 11 23 17 16   2454794.34 2008 11 23 20  3
 2454797.42 2008 11 26 21 59   2454797.53 2008 11 27  0 46   2454797.65 2008 11 27  3 33
 2454800.73 2008 11 30  5 29   2454800.84 2008 11 30  8 16   2454800.96 2008 11 30 11  3
 2454804.04 2008 12  3 12 59   2454804.16 2008 12  3 15 46   2454804.27 2008 12  3 18 33
 2454807.35 2008 12  6 20 29   2454807.47 2008 12  6 23 16   2454807.59 2008 12  7  2  3
 2454810.67 2008 12 10  3 58   2454810.78 2008 12 10  6 46   2454810.90 2008 12 10  9 33
 2454813.98 2008 12 13 11 28   2454814.09 2008 12 13 14 16   2454814.21 2008 12 13 17  3
 2454817.29 2008 12 16 18 58   2454817.41 2008 12 16 21 46   2454817.52 2008 12 17  0 33
 2454820.60 2008 12 20  2 28   2454820.72 2008 12 20  5 16   2454820.84 2008 12 20  8  3
 2454823.92 2008 12 23  9 58   2454824.03 2008 12 23 12 46   2454824.15 2008 12 23 15 33
 2454827.23 2008 12 26 17 28   2454827.34 2008 12 26 20 15   2454827.46 2008 12 26 23  3
 2454830.54 2008 12 30  0 58   2454830.66 2008 12 30  3 45   2454830.77 2008 12 30  6 33
 2454833.85 2009  1  2  8 28   2454833.97 2009  1  2 11 15   2454834.09 2009  1  2 14  3
 2454837.17 2009  1  5 15 58   2454837.28 2009  1  5 18 45   2454837.40 2009  1  5 21 33
 2454840.48 2009  1  8 23 28   2454840.59 2009  1  9  2 15   2454840.71 2009  1  9  5  3
 2454843.79 2009  1 12  6 58   2454843.91 2009  1 12  9 45   2454844.02 2009  1 12 12 33
 2454847.10 2009  1 15 14 28   2454847.22 2009  1 15 17 15   2454847.34 2009  1 15 20  3
 2454850.42 2009  1 18 21 58   2454850.53 2009  1 19  0 45   2454850.65 2009  1 19  3 33
 2454853.73 2009  1 22  5 27   2454853.84 2009  1 22  8 15   2454853.96 2009  1 22 11  3
 2454857.04 2009  1 25 12 57   2454857.16 2009  1 25 15 45   2454857.27 2009  1 25 18 33
 2454860.35 2009  1 28 20 27   2454860.47 2009  1 28 23 15   2454860.59 2009  1 29  2  3
 2454863.67 2009  2  1  3 57   2454863.78 2009  2  1  6 45   2454863.90 2009  2  1  9 33
 2454866.98 2009  2  4 11 27   2454867.09 2009  2  4 14 15   2454867.21 2009  2  4 17  3
 2454870.29 2009  2  7 18 57   2454870.41 2009  2  7 21 45   2454870.52 2009  2  8  0 32
 2454873.60 2009  2 11  2 27   2454873.72 2009  2 11  5 15   2454873.84 2009  2 11  8  2
 2454876.91 2009  2 14  9 57   2454877.03 2009  2 14 12 45   2454877.15 2009  2 14 15 32
 2454880.23 2009  2 17 17 27   2454880.34 2009  2 17 20 15   2454880.46 2009  2 17 23  2
 2454883.54 2009  2 21  0 57   2454883.66 2009  2 21  3 45   2454883.77 2009  2 21  6 32
 2454886.85 2009  2 24  8 27   2454886.97 2009  2 24 11 15   2454887.09 2009  2 24 14  2
 2454890.16 2009  2 27 15 57   2454890.28 2009  2 27 18 44   2454890.40 2009  2 27 21 32
 2454893.48 2009  3  2 23 27   2454893.59 2009  3  3  2 14   2454893.71 2009  3  3  5  2
 2454896.79 2009  3  6  6 57   2454896.91 2009  3  6  9 44   2454897.02 2009  3  6 12 32
 2454900.10 2009  3  9 14 26   2454900.22 2009  3  9 17 14   2454900.34 2009  3  9 20  2
 2454903.41 2009  3 12 21 56   2454903.53 2009  3 13  0 44   2454903.65 2009  3 13  3 32
 2454906.73 2009  3 16  5 26   2454906.84 2009  3 16  8 14   2454906.96 2009  3 16 11  2
 2454910.04 2009  3 19 12 56   2454910.16 2009  3 19 15 44   2454910.27 2009  3 19 18 32
 2454913.35 2009  3 22 20 26   2454913.47 2009  3 22 23 14   2454913.59 2009  3 23  2  2
 2454916.66 2009  3 26  3 56   2454916.78 2009  3 26  6 44   2454916.90 2009  3 26  9 32
 2454919.98 2009  3 29 11 26   2454920.09 2009  3 29 14 14   2454920.21 2009  3 29 17  2
 2454923.29 2009  4  1 18 56   2454923.41 2009  4  1 21 44   2454923.52 2009  4  2  0 32
 2454926.60 2009  4  5  2 26   2454926.72 2009  4  5  5 14   2454926.84 2009  4  5  8  2
 2454929.91 2009  4  8  9 56   2454930.03 2009  4  8 12 44   2454930.15 2009  4  8 15 32
 2454933.23 2009  4 11 17 26   2454933.34 2009  4 11 20 14   2454933.46 2009  4 11 23  2
 2454936.54 2009  4 15  0 56   2454936.66 2009  4 15  3 44   2454936.77 2009  4 15  6 32
 2454939.85 2009  4 18  8 26   2454939.97 2009  4 18 11 14   2454940.08 2009  4 18 14  2
 2454943.16 2009  4 21 15 55   2454943.28 2009  4 21 18 44   2454943.40 2009  4 21 21 32
 2454946.48 2009  4 24 23 25   2454946.59 2009  4 25  2 14   2454946.71 2009  4 25  5  2
 2454949.79 2009  4 28  6 55   2454949.91 2009  4 28  9 44   2454950.02 2009  4 28 12 32
 2454953.10 2009  5  1 14 25   2454953.22 2009  5  1 17 13   2454953.33 2009  5  1 20  2
 2454956.41 2009  5  4 21 55   2454956.53 2009  5  5  0 43   2454956.65 2009  5  5  3 32
 2454959.73 2009  5  8  5 25   2454959.84 2009  5  8  8 13   2454959.96 2009  5  8 11  2
 2454963.04 2009  5 11 12 55   2454963.16 2009  5 11 15 43   2454963.27 2009  5 11 18 32
 2454966.35 2009  5 14 20 25   2454966.47 2009  5 14 23 13   2454966.58 2009  5 15  2  2
 2454969.66 2009  5 18  3 55   2454969.78 2009  5 18  6 43   2454969.90 2009  5 18  9 31
 2454972.98 2009  5 21 11 25   2454973.09 2009  5 21 14 13   2454973.21 2009  5 21 17  1
 2454976.29 2009  5 24 18 55   2454976.41 2009  5 24 21 43   2454976.52 2009  5 25  0 31
 2454979.60 2009  5 28  2 25   2454979.72 2009  5 28  5 13   2454979.83 2009  5 28  8  1
 2454982.91 2009  5 31  9 55   2454983.03 2009  5 31 12 43   2454983.15 2009  5 31 15 31
 2454986.23 2009  6  3 17 25   2454986.34 2009  6  3 20 13   2454986.46 2009  6  3 23  1
 2454989.54 2009  6  7  0 54   2454989.66 2009  6  7  3 43   2454989.77 2009  6  7  6 31
 2454992.85 2009  6 10  8 24   2454992.97 2009  6 10 11 13   2454993.08 2009  6 10 14  1
 2454996.16 2009  6 13 15 54   2454996.28 2009  6 13 18 43   2454996.40 2009  6 13 21 31
 2454999.48 2009  6 16 23 24   2454999.59 2009  6 17  2 13   2454999.71 2009  6 17  5  1
 2455002.79 2009  6 20  6 54   2455002.90 2009  6 20  9 43   2455003.02 2009  6 20 12 31
 2455006.10 2009  6 23 14 24   2455006.22 2009  6 23 17 13   2455006.33 2009  6 23 20  1
 2455009.41 2009  6 26 21 54   2455009.53 2009  6 27  0 43   2455009.65 2009  6 27  3 31
 2455012.73 2009  6 30  5 24   2455012.84 2009  6 30  8 12   2455012.96 2009  6 30 11  1
 2455016.04 2009  7  3 12 54   2455016.15 2009  7  3 15 42   2455016.27 2009  7  3 18 31
 2455019.35 2009  7  6 20 24   2455019.47 2009  7  6 23 12   2455019.58 2009  7  7  2  1
 2455022.66 2009  7 10  3 54   2455022.78 2009  7 10  6 42   2455022.90 2009  7 10  9 31
 2455025.98 2009  7 13 11 24   2455026.09 2009  7 13 14 12   2455026.21 2009  7 13 17  1
 2455029.29 2009  7 16 18 54   2455029.40 2009  7 16 21 42   2455029.52 2009  7 17  0 31
 2455032.60 2009  7 20  2 24   2455032.72 2009  7 20  5 12   2455032.83 2009  7 20  8  1
 2455035.91 2009  7 23  9 53   2455036.03 2009  7 23 12 42   2455036.15 2009  7 23 15 31
 2455039.22 2009  7 26 17 23   2455039.34 2009  7 26 20 12   2455039.46 2009  7 26 23  1
 2455042.54 2009  7 30  0 53   2455042.65 2009  7 30  3 42   2455042.77 2009  7 30  6 31
 2455045.85 2009  8  2  8 23   2455045.97 2009  8  2 11 12   2455046.08 2009  8  2 14  1
 2455049.16 2009  8  5 15 53   2455049.28 2009  8  5 18 42   2455049.40 2009  8  5 21 31
 2455052.47 2009  8  8 23 23   2455052.59 2009  8  9  2 12   2455052.71 2009  8  9  5  1
 2455055.79 2009  8 12  6 53   2455055.90 2009  8 12  9 42   2455056.02 2009  8 12 12 31
 2455059.10 2009  8 15 14 23   2455059.22 2009  8 15 17 12   2455059.33 2009  8 15 20  1
 2455062.41 2009  8 18 21 53   2455062.53 2009  8 19  0 42   2455062.65 2009  8 19  3 31
 2455065.72 2009  8 22  5 23   2455065.84 2009  8 22  8 12   2455065.96 2009  8 22 11  1
 2455069.04 2009  8 25 12 53   2455069.15 2009  8 25 15 42   2455069.27 2009  8 25 18 30
 2455072.35 2009  8 28 20 23   2455072.47 2009  8 28 23 12   2455072.58 2009  8 29  2  0
 2455075.66 2009  9  1  3 53   2455075.78 2009  9  1  6 41   2455075.90 2009  9  1  9 30
 2455078.97 2009  9  4 11 22   2455079.09 2009  9  4 14 11   2455079.21 2009  9  4 17  0
 2455082.29 2009  9  7 18 52   2455082.40 2009  9  7 21 41   2455082.52 2009  9  8  0 30
 2455085.60 2009  9 11  2 22   2455085.72 2009  9 11  5 11   2455085.83 2009  9 11  8  0
 2455088.91 2009  9 14  9 52   2455089.03 2009  9 14 12 41   2455089.15 2009  9 14 15 30
 2455092.22 2009  9 17 17 22   2455092.34 2009  9 17 20 11   2455092.46 2009  9 17 23  0
 2455095.54 2009  9 21  0 52   2455095.65 2009  9 21  3 41   2455095.77 2009  9 21  6 30
 2455098.85 2009  9 24  8 22   2455098.97 2009  9 24 11 11   2455099.08 2009  9 24 14  0
 2455102.16 2009  9 27 15 52   2455102.28 2009  9 27 18 41   2455102.40 2009  9 27 21 30
 2455105.47 2009  9 30 23 22   2455105.59 2009 10  1  2 11   2455105.71 2009 10  1  5  0
 2455108.79 2009 10  4  6 52   2455108.90 2009 10  4  9 41   2455109.02 2009 10  4 12 30
 2455112.10 2009 10  7 14 22   2455112.22 2009 10  7 17 11   2455112.33 2009 10  7 20  0
 2455115.41 2009 10 10 21 52   2455115.53 2009 10 11  0 41   2455115.65 2009 10 11  3 30
 2455118.72 2009 10 14  5 22   2455118.84 2009 10 14  8 11   2455118.96 2009 10 14 11  0
 2455122.04 2009 10 17 12 52   2455122.15 2009 10 17 15 41   2455122.27 2009 10 17 18 30
 2455125.35 2009 10 20 20 21   2455125.47 2009 10 20 23 11   2455125.58 2009 10 21  2  0
 2455128.66 2009 10 24  3 51   2455128.78 2009 10 24  6 41   2455128.90 2009 10 24  9 30
 2455131.97 2009 10 27 11 21   2455132.09 2009 10 27 14 11   2455132.21 2009 10 27 17  0
 2455135.29 2009 10 30 18 51   2455135.40 2009 10 30 21 41   2455135.52 2009 10 31  0 30
 2455138.60 2009 11  3  2 21   2455138.72 2009 11  3  5 10   2455138.83 2009 11  3  8  0
 2455141.91 2009 11  6  9 51   2455142.03 2009 11  6 12 40   2455142.15 2009 11  6 15 30
 2455145.22 2009 11  9 17 21   2455145.34 2009 11  9 20 10   2455145.46 2009 11  9 23  0
 2455148.54 2009 11 13  0 51   2455148.65 2009 11 13  3 40   2455148.77 2009 11 13  6 30
 2455151.85 2009 11 16  8 21   2455151.97 2009 11 16 11 10   2455152.08 2009 11 16 14  0
 2455155.16 2009 11 19 15 51   2455155.28 2009 11 19 18 40   2455155.40 2009 11 19 21 30
 2455158.47 2009 11 22 23 21   2455158.59 2009 11 23  2 10   2455158.71 2009 11 23  5  0
 2455161.79 2009 11 26  6 51   2455161.90 2009 11 26  9 40   2455162.02 2009 11 26 12 30
 2455165.10 2009 11 29 14 21   2455165.22 2009 11 29 17 10   2455165.33 2009 11 29 20  0
 2455168.41 2009 12  2 21 50   2455168.53 2009 12  3  0 40   2455168.65 2009 12  3  3 29
 2455171.72 2009 12  6  5 20   2455171.84 2009 12  6  8 10   2455171.96 2009 12  6 10 59
 2455175.04 2009 12  9 12 50   2455175.15 2009 12  9 15 40   2455175.27 2009 12  9 18 29
 2455178.35 2009 12 12 20 20   2455178.47 2009 12 12 23 10   2455178.58 2009 12 13  1 59
 2455181.66 2009 12 16  3 50   2455181.78 2009 12 16  6 40   2455181.90 2009 12 16  9 29
 2455184.97 2009 12 19 11 20   2455185.09 2009 12 19 14 10   2455185.21 2009 12 19 16 59
 2455188.29 2009 12 22 18 50   2455188.40 2009 12 22 21 40   2455188.52 2009 12 23  0 29
 2455191.60 2009 12 26  2 20   2455191.72 2009 12 26  5 10   2455191.83 2009 12 26  7 59
 2455194.91 2009 12 29  9 50   2455195.03 2009 12 29 12 40   2455195.15 2009 12 29 15 29
 2455198.22 2010  1  1 17 20   2455198.34 2010  1  1 20 10   2455198.46 2010  1  1 22 59
 2455201.53 2010  1  5  0 50   2455201.65 2010  1  5  3 39   2455201.77 2010  1  5  6 29
 2455204.85 2010  1  8  8 20   2455204.97 2010  1  8 11  9   2455205.08 2010  1  8 13 59
 2455208.16 2010  1 11 15 50   2455208.28 2010  1 11 18 39   2455208.40 2010  1 11 21 29
 2455211.47 2010  1 14 23 20   2455211.59 2010  1 15  2  9   2455211.71 2010  1 15  4 59
 2455214.78 2010  1 18  6 49   2455214.90 2010  1 18  9 39   2455215.02 2010  1 18 12 29
 2455218.10 2010  1 21 14 19   2455218.22 2010  1 21 17  9   2455218.33 2010  1 21 19 59
 2455221.41 2010  1 24 21 49   2455221.53 2010  1 25  0 39   2455221.65 2010  1 25  3 29
 2455224.72 2010  1 28  5 19   2455224.84 2010  1 28  8  9   2455224.96 2010  1 28 10 59
 2455228.03 2010  1 31 12 49   2455228.15 2010  1 31 15 39   2455228.27 2010  1 31 18 29
 2455231.35 2010  2  3 20 19   2455231.46 2010  2  3 23  9   2455231.58 2010  2  4  1 59
 2455234.66 2010  2  7  3 49   2455234.78 2010  2  7  6 39   2455234.90 2010  2  7  9 29
 2455237.97 2010  2 10 11 19   2455238.09 2010  2 10 14  9   2455238.21 2010  2 10 16 59
 2455241.28 2010  2 13 18 49   2455241.40 2010  2 13 21 39   2455241.52 2010  2 14  0 29
 2455244.60 2010  2 17  2 19   2455244.71 2010  2 17  5  9   2455244.83 2010  2 17  7 59
 2455247.91 2010  2 20  9 49   2455248.03 2010  2 20 12 39   2455248.15 2010  2 20 15 29
 2455251.22 2010  2 23 17 19   2455251.34 2010  2 23 20  9   2455251.46 2010  2 23 22 59
 2455254.53 2010  2 27  0 49   2455254.65 2010  2 27  3 39   2455254.77 2010  2 27  6 29
 2455257.85 2010  3  2  8 19   2455257.96 2010  3  2 11  9   2455258.08 2010  3  2 13 59
 2455261.16 2010  3  5 15 48   2455261.28 2010  3  5 18 39   2455261.40 2010  3  5 21 29
 2455264.47 2010  3  8 23 18   2455264.59 2010  3  9  2  8   2455264.71 2010  3  9  4 59
 2455267.78 2010  3 12  6 48   2455267.90 2010  3 12  9 38   2455268.02 2010  3 12 12 28
 2455271.10 2010  3 15 14 18   2455271.21 2010  3 15 17  8   2455271.33 2010  3 15 19 58
 2455274.41 2010  3 18 21 48   2455274.53 2010  3 19  0 38   2455274.65 2010  3 19  3 28
 2455277.72 2010  3 22  5 18   2455277.84 2010  3 22  8  8   2455277.96 2010  3 22 10 58
 2455281.03 2010  3 25 12 48   2455281.15 2010  3 25 15 38   2455281.27 2010  3 25 18 28
 2455284.35 2010  3 28 20 18   2455284.46 2010  3 28 23  8   2455284.58 2010  3 29  1 58
 2455287.66 2010  4  1  3 48   2455287.78 2010  4  1  6 38   2455287.89 2010  4  1  9 28
 2455290.97 2010  4  4 11 18   2455291.09 2010  4  4 14  8   2455291.21 2010  4  4 16 58
 2455294.28 2010  4  7 18 48   2455294.40 2010  4  7 21 38   2455294.52 2010  4  8  0 28
 2455297.60 2010  4 11  2 18   2455297.71 2010  4 11  5  8   2455297.83 2010  4 11  7 58
 2455300.91 2010  4 14  9 48   2455301.03 2010  4 14 12 38   2455301.14 2010  4 14 15 28
 2455304.22 2010  4 17 17 17   2455304.34 2010  4 17 20  8   2455304.46 2010  4 17 22 58
 2455307.53 2010  4 21  0 47   2455307.65 2010  4 21  3 38   2455307.77 2010  4 21  6 28
 2455310.85 2010  4 24  8 17   2455310.96 2010  4 24 11  8   2455311.08 2010  4 24 13 58
 2455314.16 2010  4 27 15 47   2455314.28 2010  4 27 18 38   2455314.39 2010  4 27 21 28
