 Predicted Transit Epochs: TrES-4___ b

Observed Transit Duration:  216.0 Minutes

 Begin Transit Window           PREDICTED CENTRAL TRANSIT     End Transit Window
                                     All Times UT

                               HJD        Year M  D  H  M
 2454465.39 2007 12 30 21 14   2454465.47 2007 12 30 23 10   2454465.55 2007 12 31  1  6
 2454468.94 2008  1  3 10 32   2454469.02 2008  1  3 12 28   2454469.10 2008  1  3 14 24
 2454472.49 2008  1  6 23 49   2454472.57 2008  1  7  1 45   2454472.65 2008  1  7  3 41
 2454476.05 2008  1 10 13  7   2454476.13 2008  1 10 15  3   2454476.21 2008  1 10 16 59
 2454479.60 2008  1 14  2 25   2454479.68 2008  1 14  4 21   2454479.76 2008  1 14  6 17
 2454483.15 2008  1 17 15 42   2454483.24 2008  1 17 17 38   2454483.32 2008  1 17 19 35
 2454486.71 2008  1 21  5  0   2454486.79 2008  1 21  6 56   2454486.87 2008  1 21  8 53
 2454490.26 2008  1 24 18 17   2454490.34 2008  1 24 20 14   2454490.42 2008  1 24 22 10
 2454493.82 2008  1 28  7 35   2454493.90 2008  1 28  9 32   2454493.98 2008  1 28 11 28
 2454497.37 2008  1 31 20 52   2454497.45 2008  1 31 22 49   2454497.53 2008  2  1  0 46
 2454500.92 2008  2  4 10 10   2454501.01 2008  2  4 12  7   2454501.09 2008  2  4 14  4
 2454504.48 2008  2  7 23 28   2454504.56 2008  2  8  1 25   2454504.64 2008  2  8  3 22
 2454508.03 2008  2 11 12 45   2454508.11 2008  2 11 14 42   2454508.19 2008  2 11 16 39
 2454511.59 2008  2 15  2  3   2454511.67 2008  2 15  4  0   2454511.75 2008  2 15  5 57
 2454515.14 2008  2 18 15 20   2454515.22 2008  2 18 17 18   2454515.30 2008  2 18 19 15
 2454518.69 2008  2 22  4 38   2454518.77 2008  2 22  6 35   2454518.86 2008  2 22  8 33
 2454522.25 2008  2 25 17 55   2454522.33 2008  2 25 19 53   2454522.41 2008  2 25 21 51
 2454525.80 2008  2 29  7 13   2454525.88 2008  2 29  9 11   2454525.96 2008  2 29 11  8
 2454529.35 2008  3  3 20 31   2454529.44 2008  3  3 22 28   2454529.52 2008  3  4  0 26
 2454532.91 2008  3  7  9 48   2454532.99 2008  3  7 11 46   2454533.07 2008  3  7 13 44
 2454536.46 2008  3 10 23  6   2454536.54 2008  3 11  1  4   2454536.63 2008  3 11  3  2
 2454540.02 2008  3 14 12 23   2454540.10 2008  3 14 14 21   2454540.18 2008  3 14 16 19
 2454543.57 2008  3 18  1 41   2454543.65 2008  3 18  3 39   2454543.73 2008  3 18  5 37
 2454547.12 2008  3 21 14 58   2454547.21 2008  3 21 16 57   2454547.29 2008  3 21 18 55
 2454550.68 2008  3 25  4 16   2454550.76 2008  3 25  6 14   2454550.84 2008  3 25  8 13
 2454554.23 2008  3 28 17 34   2454554.31 2008  3 28 19 32   2454554.40 2008  3 28 21 31
 2454557.79 2008  4  1  6 51   2454557.87 2008  4  1  8 50   2454557.95 2008  4  1 10 48
 2454561.34 2008  4  4 20  9   2454561.42 2008  4  4 22  7   2454561.50 2008  4  5  0  6
 2454564.89 2008  4  8  9 26   2454564.98 2008  4  8 11 25   2454565.06 2008  4  8 13 24
 2454568.45 2008  4 11 22 44   2454568.53 2008  4 12  0 43   2454568.61 2008  4 12  2 42
 2454572.00 2008  4 15 12  1   2454572.08 2008  4 15 14  0   2454572.17 2008  4 15 16  0
 2454575.56 2008  4 19  1 19   2454575.64 2008  4 19  3 18   2454575.72 2008  4 19  5 17
 2454579.11 2008  4 22 14 37   2454579.19 2008  4 22 16 36   2454579.27 2008  4 22 18 35
 2454582.66 2008  4 26  3 54   2454582.75 2008  4 26  5 54   2454582.83 2008  4 26  7 53
 2454586.22 2008  4 29 17 12   2454586.30 2008  4 29 19 11   2454586.38 2008  4 29 21 11
 2454589.77 2008  5  3  6 29   2454589.85 2008  5  3  8 29   2454589.94 2008  5  3 10 29
 2454593.32 2008  5  6 19 47   2454593.41 2008  5  6 21 47   2454593.49 2008  5  6 23 46
 2454596.88 2008  5 10  9  4   2454596.96 2008  5 10 11  4   2454597.04 2008  5 10 13  4
 2454600.43 2008  5 13 22 22   2454600.52 2008  5 14  0 22   2454600.60 2008  5 14  2 22
 2454603.99 2008  5 17 11 40   2454604.07 2008  5 17 13 40   2454604.15 2008  5 17 15 40
 2454607.54 2008  5 21  0 57   2454607.62 2008  5 21  2 57   2454607.71 2008  5 21  4 57
 2454611.09 2008  5 24 14 15   2454611.18 2008  5 24 16 15   2454611.26 2008  5 24 18 15
 2454614.65 2008  5 28  3 32   2454614.73 2008  5 28  5 33   2454614.81 2008  5 28  7 33
 2454618.20 2008  5 31 16 50   2454618.29 2008  5 31 18 50   2454618.37 2008  5 31 20 51
 2454621.76 2008  6  4  6  7   2454621.84 2008  6  4  8  8   2454621.92 2008  6  4 10  9
 2454625.31 2008  6  7 19 25   2454625.39 2008  6  7 21 26   2454625.48 2008  6  7 23 26
 2454628.86 2008  6 11  8 43   2454628.95 2008  6 11 10 43   2454629.03 2008  6 11 12 44
 2454632.42 2008  6 14 22  0   2454632.50 2008  6 15  0  1   2454632.59 2008  6 15  2  2
 2454635.97 2008  6 18 11 18   2454636.06 2008  6 18 13 19   2454636.14 2008  6 18 15 20
 2454639.52 2008  6 22  0 35   2454639.61 2008  6 22  2 36   2454639.69 2008  6 22  4 38
 2454643.08 2008  6 25 13 53   2454643.16 2008  6 25 15 54   2454643.25 2008  6 25 17 55
 2454646.63 2008  6 29  3 10   2454646.72 2008  6 29  5 12   2454646.80 2008  6 29  7 13
 2454650.19 2008  7  2 16 28   2454650.27 2008  7  2 18 29   2454650.36 2008  7  2 20 31
 2454653.74 2008  7  6  5 46   2454653.82 2008  7  6  7 47   2454653.91 2008  7  6  9 49
 2454657.29 2008  7  9 19  3   2454657.38 2008  7  9 21  5   2454657.46 2008  7  9 23  7
 2454660.85 2008  7 13  8 21   2454660.93 2008  7 13 10 23   2454661.02 2008  7 13 12 24
 2454664.40 2008  7 16 21 38   2454664.49 2008  7 16 23 40   2454664.57 2008  7 17  1 42
 2454667.96 2008  7 20 10 56   2454668.04 2008  7 20 12 58   2454668.13 2008  7 20 15  0
 2454671.51 2008  7 24  0 13   2454671.59 2008  7 24  2 16   2454671.68 2008  7 24  4 18
 2454675.06 2008  7 27 13 31   2454675.15 2008  7 27 15 33   2454675.23 2008  7 27 17 35
 2454678.62 2008  7 31  2 49   2454678.70 2008  7 31  4 51   2454678.79 2008  7 31  6 53
 2454682.17 2008  8  3 16  6   2454682.26 2008  8  3 18  9   2454682.34 2008  8  3 20 11
 2454685.73 2008  8  7  5 24   2454685.81 2008  8  7  7 26   2454685.90 2008  8  7  9 29
 2454689.28 2008  8 10 18 41   2454689.36 2008  8 10 20 44   2454689.45 2008  8 10 22 47
 2454692.83 2008  8 14  7 59   2454692.92 2008  8 14 10  2   2454693.00 2008  8 14 12  4
 2454696.39 2008  8 17 21 16   2454696.47 2008  8 17 23 19   2454696.56 2008  8 18  1 22
 2454699.94 2008  8 21 10 34   2454700.03 2008  8 21 12 37   2454700.11 2008  8 21 14 40
 2454703.49 2008  8 24 23 52   2454703.58 2008  8 25  1 55   2454703.67 2008  8 25  3 58
 2454707.05 2008  8 28 13  9   2454707.13 2008  8 28 15 12   2454707.22 2008  8 28 17 16
 2454710.60 2008  9  1  2 27   2454710.69 2008  9  1  4 30   2454710.77 2008  9  1  6 33
 2454714.16 2008  9  4 15 44   2454714.24 2008  9  4 17 48   2454714.33 2008  9  4 19 51
 2454717.71 2008  9  8  5  2   2454717.80 2008  9  8  7  5   2454717.88 2008  9  8  9  9
 2454721.26 2008  9 11 18 19   2454721.35 2008  9 11 20 23   2454721.44 2008  9 11 22 27
 2454724.82 2008  9 15  7 37   2454724.90 2008  9 15  9 41   2454724.99 2008  9 15 11 44
 2454728.37 2008  9 18 20 55   2454728.46 2008  9 18 22 58   2454728.54 2008  9 19  1  2
 2454731.93 2008  9 22 10 12   2454732.01 2008  9 22 12 16   2454732.10 2008  9 22 14 20
 2454735.48 2008  9 25 23 30   2454735.57 2008  9 26  1 34   2454735.65 2008  9 26  3 38
 2454739.03 2008  9 29 12 47   2454739.12 2008  9 29 14 51   2454739.21 2008  9 29 16 56
 2454742.59 2008 10  3  2  5   2454742.67 2008 10  3  4  9   2454742.76 2008 10  3  6 13
 2454746.14 2008 10  6 15 22   2454746.23 2008 10  6 17 27   2454746.31 2008 10  6 19 31
 2454749.69 2008 10 10  4 40   2454749.78 2008 10 10  6 45   2454749.87 2008 10 10  8 49
 2454753.25 2008 10 13 17 58   2454753.34 2008 10 13 20  2   2454753.42 2008 10 13 22  7
 2454756.80 2008 10 17  7 15   2454756.89 2008 10 17  9 20   2454756.98 2008 10 17 11 25
 2454760.36 2008 10 20 20 33   2454760.44 2008 10 20 22 38   2454760.53 2008 10 21  0 42
 2454763.91 2008 10 24  9 50   2454764.00 2008 10 24 11 55   2454764.08 2008 10 24 14  0
 2454767.46 2008 10 27 23  8   2454767.55 2008 10 28  1 13   2454767.64 2008 10 28  3 18
 2454771.02 2008 10 31 12 25   2454771.10 2008 10 31 14 31   2454771.19 2008 10 31 16 36
 2454774.57 2008 11  4  1 43   2454774.66 2008 11  4  3 48   2454774.75 2008 11  4  5 54
 2454778.13 2008 11  7 15  1   2454778.21 2008 11  7 17  6   2454778.30 2008 11  7 19 11
 2454781.68 2008 11 11  4 18   2454781.77 2008 11 11  6 24   2454781.85 2008 11 11  8 29
 2454785.23 2008 11 14 17 36   2454785.32 2008 11 14 19 41   2454785.41 2008 11 14 21 47
 2454788.79 2008 11 18  6 53   2454788.87 2008 11 18  8 59   2454788.96 2008 11 18 11  5
 2454792.34 2008 11 21 20 11   2454792.43 2008 11 21 22 17   2454792.52 2008 11 22  0 22
 2454795.90 2008 11 25  9 28   2454795.98 2008 11 25 11 34   2454796.07 2008 11 25 13 40
 2454799.45 2008 11 28 22 46   2454799.54 2008 11 29  0 52   2454799.62 2008 11 29  2 58
 2454803.00 2008 12  2 12  4   2454803.09 2008 12  2 14 10   2454803.18 2008 12  2 16 16
 2454806.56 2008 12  6  1 21   2454806.64 2008 12  6  3 27   2454806.73 2008 12  6  5 34
 2454810.11 2008 12  9 14 39   2454810.20 2008 12  9 16 45   2454810.29 2008 12  9 18 51
 2454813.66 2008 12 13  3 56   2454813.75 2008 12 13  6  3   2454813.84 2008 12 13  8  9
 2454817.22 2008 12 16 17 14   2454817.31 2008 12 16 19 20   2454817.39 2008 12 16 21 27
 2454820.77 2008 12 20  6 31   2454820.86 2008 12 20  8 38   2454820.95 2008 12 20 10 45
 2454824.33 2008 12 23 19 49   2454824.41 2008 12 23 21 56   2454824.50 2008 12 24  0  3
 2454827.88 2008 12 27  9  7   2454827.97 2008 12 27 11 14   2454828.06 2008 12 27 13 20
 2454831.43 2008 12 30 22 24   2454831.52 2008 12 31  0 31   2454831.61 2008 12 31  2 38
 2454834.99 2009  1  3 11 42   2454835.08 2009  1  3 13 49   2454835.16 2009  1  3 15 56
 2454838.54 2009  1  7  0 59   2454838.63 2009  1  7  3  7   2454838.72 2009  1  7  5 14
 2454842.10 2009  1 10 14 17   2454842.18 2009  1 10 16 24   2454842.27 2009  1 10 18 32
 2454845.65 2009  1 14  3 35   2454845.74 2009  1 14  5 42   2454845.83 2009  1 14  7 49
 2454849.20 2009  1 17 16 52   2454849.29 2009  1 17 19  0   2454849.38 2009  1 17 21  7
 2454852.76 2009  1 21  6 10   2454852.85 2009  1 21  8 17   2454852.93 2009  1 21 10 25
 2454856.31 2009  1 24 19 27   2454856.40 2009  1 24 21 35   2454856.49 2009  1 24 23 43
 2454859.86 2009  1 28  8 45   2454859.95 2009  1 28 10 53   2454860.04 2009  1 28 13  0
 2454863.42 2009  1 31 22  2   2454863.51 2009  2  1  0 10   2454863.60 2009  2  1  2 18
 2454866.97 2009  2  4 11 20   2454867.06 2009  2  4 13 28   2454867.15 2009  2  4 15 36
 2454870.53 2009  2  8  0 38   2454870.62 2009  2  8  2 46   2454870.70 2009  2  8  4 54
 2454874.08 2009  2 11 13 55   2454874.17 2009  2 11 16  3   2454874.26 2009  2 11 18 12
 2454877.63 2009  2 15  3 13   2454877.72 2009  2 15  5 21   2454877.81 2009  2 15  7 29
 2454881.19 2009  2 18 16 30   2454881.28 2009  2 18 18 39   2454881.37 2009  2 18 20 47
 2454884.74 2009  2 22  5 48   2454884.83 2009  2 22  7 56   2454884.92 2009  2 22 10  5
 2454888.30 2009  2 25 19  5   2454888.39 2009  2 25 21 14   2454888.47 2009  2 25 23 23
 2454891.85 2009  3  1  8 23   2454891.94 2009  3  1 10 32   2454892.03 2009  3  1 12 41
 2454895.40 2009  3  4 21 41   2454895.49 2009  3  4 23 49   2454895.58 2009  3  5  1 58
 2454898.96 2009  3  8 10 58   2454899.05 2009  3  8 13  7   2454899.14 2009  3  8 15 16
 2454902.51 2009  3 12  0 16   2454902.60 2009  3 12  2 25   2454902.69 2009  3 12  4 34
 2454906.07 2009  3 15 13 33   2454906.15 2009  3 15 15 42   2454906.24 2009  3 15 17 52
 2454909.62 2009  3 19  2 51   2454909.71 2009  3 19  5  0   2454909.80 2009  3 19  7 10
 2454913.17 2009  3 22 16  8   2454913.26 2009  3 22 18 18   2454913.35 2009  3 22 20 27
 2454916.73 2009  3 26  5 26   2454916.82 2009  3 26  7 36   2454916.91 2009  3 26  9 45
 2454920.28 2009  3 29 18 44   2454920.37 2009  3 29 20 53   2454920.46 2009  3 29 23  3
 2454923.83 2009  4  2  8  1   2454923.92 2009  4  2 10 11   2454924.01 2009  4  2 12 21
 2454927.39 2009  4  5 21 19   2454927.48 2009  4  5 23 29   2454927.57 2009  4  6  1 38
 2454930.94 2009  4  9 10 36   2454931.03 2009  4  9 12 46   2454931.12 2009  4  9 14 56
 2454934.50 2009  4 12 23 54   2454934.59 2009  4 13  2  4   2454934.68 2009  4 13  4 14
 2454938.05 2009  4 16 13 11   2454938.14 2009  4 16 15 22   2454938.23 2009  4 16 17 32
 2454941.60 2009  4 20  2 29   2454941.69 2009  4 20  4 39   2454941.78 2009  4 20  6 50
 2454945.16 2009  4 23 15 47   2454945.25 2009  4 23 17 57   2454945.34 2009  4 23 20  7
 2454948.71 2009  4 27  5  4   2454948.80 2009  4 27  7 15   2454948.89 2009  4 27  9 25
 2454952.27 2009  4 30 18 22   2454952.36 2009  4 30 20 32   2454952.45 2009  4 30 22 43
 2454955.82 2009  5  4  7 39   2454955.91 2009  5  4  9 50   2454956.00 2009  5  4 12  1
 2454959.37 2009  5  7 20 57   2454959.46 2009  5  7 23  8   2454959.55 2009  5  8  1 19
 2454962.93 2009  5 11 10 14   2454963.02 2009  5 11 12 25   2454963.11 2009  5 11 14 36
 2454966.48 2009  5 14 23 32   2454966.57 2009  5 15  1 43   2454966.66 2009  5 15  3 54
 2454970.03 2009  5 18 12 50   2454970.13 2009  5 18 15  1   2454970.22 2009  5 18 17 12
 2454973.59 2009  5 22  2  7   2454973.68 2009  5 22  4 18   2454973.77 2009  5 22  6 30
 2454977.14 2009  5 25 15 25   2454977.23 2009  5 25 17 36   2454977.33 2009  5 25 19 48
 2454980.70 2009  5 29  4 42   2454980.79 2009  5 29  6 54   2454980.88 2009  5 29  9  5
 2454984.25 2009  6  1 18  0   2454984.34 2009  6  1 20 11   2454984.43 2009  6  1 22 23
 2454987.80 2009  6  5  7 17   2454987.90 2009  6  5  9 29   2454987.99 2009  6  5 11 41
 2454991.36 2009  6  8 20 35   2454991.45 2009  6  8 22 47   2454991.54 2009  6  9  0 59
 2454994.91 2009  6 12  9 53   2454995.00 2009  6 12 12  5   2454995.10 2009  6 12 14 16
 2454998.47 2009  6 15 23 10   2454998.56 2009  6 16  1 22   2454998.65 2009  6 16  3 34
 2455002.02 2009  6 19 12 28   2455002.11 2009  6 19 14 40   2455002.20 2009  6 19 16 52
 2455005.57 2009  6 23  1 45   2455005.67 2009  6 23  3 58   2455005.76 2009  6 23  6 10
 2455009.13 2009  6 26 15  3   2455009.22 2009  6 26 17 15   2455009.31 2009  6 26 19 28
 2455012.68 2009  6 30  4 20   2455012.77 2009  6 30  6 33   2455012.87 2009  6 30  8 45
 2455016.24 2009  7  3 17 38   2455016.33 2009  7  3 19 51   2455016.42 2009  7  3 22  3
 2455019.79 2009  7  7  6 56   2455019.88 2009  7  7  9  8   2455019.97 2009  7  7 11 21
 2455023.34 2009  7 10 20 13   2455023.44 2009  7 10 22 26   2455023.53 2009  7 11  0 39
 2455026.90 2009  7 14  9 31   2455026.99 2009  7 14 11 44   2455027.08 2009  7 14 13 57
 2455030.45 2009  7 17 22 48   2455030.54 2009  7 18  1  1   2455030.64 2009  7 18  3 14
 2455034.00 2009  7 21 12  6   2455034.10 2009  7 21 14 19   2455034.19 2009  7 21 16 32
 2455037.56 2009  7 25  1 23   2455037.65 2009  7 25  3 37   2455037.74 2009  7 25  5 50
 2455041.11 2009  7 28 14 41   2455041.20 2009  7 28 16 54   2455041.30 2009  7 28 19  8
 2455044.67 2009  8  1  3 59   2455044.76 2009  8  1  6 12   2455044.85 2009  8  1  8 25
 2455048.22 2009  8  4 17 16   2455048.31 2009  8  4 19 30   2455048.41 2009  8  4 21 43
 2455051.77 2009  8  8  6 34   2455051.87 2009  8  8  8 47   2455051.96 2009  8  8 11  1
 2455055.33 2009  8 11 19 51   2455055.42 2009  8 11 22  5   2455055.51 2009  8 12  0 19
 2455058.88 2009  8 15  9  9   2455058.97 2009  8 15 11 23   2455059.07 2009  8 15 13 37
 2455062.44 2009  8 18 22 26   2455062.53 2009  8 19  0 40   2455062.62 2009  8 19  2 54
 2455065.99 2009  8 22 11 44   2455066.08 2009  8 22 13 58   2455066.18 2009  8 22 16 12
 2455069.54 2009  8 26  1  2   2455069.64 2009  8 26  3 16   2455069.73 2009  8 26  5 30
 2455073.10 2009  8 29 14 19   2455073.19 2009  8 29 16 33   2455073.28 2009  8 29 18 48
 2455076.65 2009  9  2  3 37   2455076.74 2009  9  2  5 51   2455076.84 2009  9  2  8  6
 2455080.20 2009  9  5 16 54   2455080.30 2009  9  5 19  9   2455080.39 2009  9  5 21 23
 2455083.76 2009  9  9  6 12   2455083.85 2009  9  9  8 27   2455083.95 2009  9  9 10 41
 2455087.31 2009  9 12 19 29   2455087.41 2009  9 12 21 44   2455087.50 2009  9 12 23 59
 2455090.87 2009  9 16  8 47   2455090.96 2009  9 16 11  2   2455091.05 2009  9 16 13 17
 2455094.42 2009  9 19 22  5   2455094.51 2009  9 20  0 20   2455094.61 2009  9 20  2 35
 2455097.97 2009  9 23 11 22   2455098.07 2009  9 23 13 37   2455098.16 2009  9 23 15 52
 2455101.53 2009  9 27  0 40   2455101.62 2009  9 27  2 55   2455101.72 2009  9 27  5 10
 2455105.08 2009  9 30 13 57   2455105.18 2009  9 30 16 13   2455105.27 2009  9 30 18 28
 2455108.64 2009 10  4  3 15   2455108.73 2009 10  4  5 30   2455108.82 2009 10  4  7 46
 2455112.19 2009 10  7 16 32   2455112.28 2009 10  7 18 48   2455112.38 2009 10  7 21  3
 2455115.74 2009 10 11  5 50   2455115.84 2009 10 11  8  6   2455115.93 2009 10 11 10 21
 2455119.30 2009 10 14 19  8   2455119.39 2009 10 14 21 23   2455119.49 2009 10 14 23 39
 2455122.85 2009 10 18  8 25   2455122.95 2009 10 18 10 41   2455123.04 2009 10 18 12 57
 2455126.41 2009 10 21 21 43   2455126.50 2009 10 21 23 59   2455126.59 2009 10 22  2 15
 2455129.96 2009 10 25 11  0   2455130.05 2009 10 25 13 16   2455130.15 2009 10 25 15 32
 2455133.51 2009 10 29  0 18   2455133.61 2009 10 29  2 34   2455133.70 2009 10 29  4 50
 2455137.07 2009 11  1 13 35   2455137.16 2009 11  1 15 52   2455137.26 2009 11  1 18  8
 2455140.62 2009 11  5  2 53   2455140.72 2009 11  5  5  9   2455140.81 2009 11  5  7 26
 2455144.17 2009 11  8 16 11   2455144.27 2009 11  8 18 27   2455144.36 2009 11  8 20 44
 2455147.73 2009 11 12  5 28   2455147.82 2009 11 12  7 45   2455147.92 2009 11 12 10  1
 2455151.28 2009 11 15 18 46   2455151.38 2009 11 15 21  2   2455151.47 2009 11 15 23 19
 2455154.84 2009 11 19  8  3   2455154.93 2009 11 19 10 20   2455155.03 2009 11 19 12 37
 2455158.39 2009 11 22 21 21   2455158.48 2009 11 22 23 38   2455158.58 2009 11 23  1 55
 2455161.94 2009 11 26 10 38   2455162.04 2009 11 26 12 56   2455162.13 2009 11 26 15 13
 2455165.50 2009 11 29 23 56   2455165.59 2009 11 30  2 13   2455165.69 2009 11 30  4 30
 2455169.05 2009 12  3 13 14   2455169.15 2009 12  3 15 31   2455169.24 2009 12  3 17 48
 2455172.61 2009 12  7  2 31   2455172.70 2009 12  7  4 49   2455172.80 2009 12  7  7  6
 2455176.16 2009 12 10 15 49   2455176.25 2009 12 10 18  6   2455176.35 2009 12 10 20 24
 2455179.71 2009 12 14  5  6   2455179.81 2009 12 14  7 24   2455179.90 2009 12 14  9 41
 2455183.27 2009 12 17 18 24   2455183.36 2009 12 17 20 42   2455183.46 2009 12 17 22 59
 2455186.82 2009 12 21  7 41   2455186.92 2009 12 21  9 59   2455187.01 2009 12 21 12 17
 2455190.37 2009 12 24 20 59   2455190.47 2009 12 24 23 17   2455190.57 2009 12 25  1 35
 2455193.93 2009 12 28 10 17   2455194.02 2009 12 28 12 35   2455194.12 2009 12 28 14 53
 2455197.48 2009 12 31 23 34   2455197.58 2010  1  1  1 52   2455197.67 2010  1  1  4 10
 2455201.04 2010  1  4 12 52   2455201.13 2010  1  4 15 10   2455201.23 2010  1  4 17 28
 2455204.59 2010  1  8  2  9   2455204.69 2010  1  8  4 28   2455204.78 2010  1  8  6 46
 2455208.14 2010  1 11 15 27   2455208.24 2010  1 11 17 45   2455208.34 2010  1 11 20  4
 2455211.70 2010  1 15  4 45   2455211.79 2010  1 15  7  3   2455211.89 2010  1 15  9 22
 2455215.25 2010  1 18 18  2   2455215.35 2010  1 18 20 21   2455215.44 2010  1 18 22 39
 2455218.81 2010  1 22  7 20   2455218.90 2010  1 22  9 38   2455219.00 2010  1 22 11 57
 2455222.36 2010  1 25 20 37   2455222.46 2010  1 25 22 56   2455222.55 2010  1 26  1 15
 2455225.91 2010  1 29  9 55   2455226.01 2010  1 29 12 14   2455226.11 2010  1 29 14 33
 2455229.47 2010  2  1 23 12   2455229.56 2010  2  2  1 31   2455229.66 2010  2  2  3 51
 2455233.02 2010  2  5 12 30   2455233.12 2010  2  5 14 49   2455233.21 2010  2  5 17  8
 2455236.58 2010  2  9  1 48   2455236.67 2010  2  9  4  7   2455236.77 2010  2  9  6 26
 2455240.13 2010  2 12 15  5   2455240.23 2010  2 12 17 24   2455240.32 2010  2 12 19 44
 2455243.68 2010  2 16  4 23   2455243.78 2010  2 16  6 42   2455243.88 2010  2 16  9  2
 2455247.24 2010  2 19 17 40   2455247.33 2010  2 19 20  0   2455247.43 2010  2 19 22 19
 2455250.79 2010  2 23  6 58   2455250.89 2010  2 23  9 18   2455250.98 2010  2 23 11 37
 2455254.34 2010  2 26 20 15   2455254.44 2010  2 26 22 35   2455254.54 2010  2 27  0 55
 2455257.90 2010  3  2  9 33   2455258.00 2010  3  2 11 53   2455258.09 2010  3  2 14 13
 2455261.45 2010  3  5 22 51   2455261.55 2010  3  6  1 11   2455261.65 2010  3  6  3 31
 2455265.01 2010  3  9 12  8   2455265.10 2010  3  9 14 28   2455265.20 2010  3  9 16 48
 2455268.56 2010  3 13  1 26   2455268.66 2010  3 13  3 46   2455268.75 2010  3 13  6  6
 2455272.11 2010  3 16 14 43   2455272.21 2010  3 16 17  4   2455272.31 2010  3 16 19 24
 2455275.67 2010  3 20  4  1   2455275.77 2010  3 20  6 21   2455275.86 2010  3 20  8 42
 2455279.22 2010  3 23 17 18   2455279.32 2010  3 23 19 39   2455279.42 2010  3 23 22  0
 2455282.78 2010  3 27  6 36   2455282.87 2010  3 27  8 57   2455282.97 2010  3 27 11 17
 2455286.33 2010  3 30 19 54   2455286.43 2010  3 30 22 14   2455286.52 2010  3 31  0 35
 2455289.88 2010  4  3  9 11   2455289.98 2010  4  3 11 32   2455290.08 2010  4  3 13 53
 2455293.44 2010  4  6 22 29   2455293.53 2010  4  7  0 50   2455293.63 2010  4  7  3 11
 2455296.99 2010  4 10 11 46   2455297.09 2010  4 10 14  7   2455297.19 2010  4 10 16 28
 2455300.54 2010  4 14  1  4   2455300.64 2010  4 14  3 25   2455300.74 2010  4 14  5 46
 2455304.10 2010  4 17 14 21   2455304.20 2010  4 17 16 43   2455304.29 2010  4 17 19  4
 2455307.65 2010  4 21  3 39   2455307.75 2010  4 21  6  0   2455307.85 2010  4 21  8 22
 2455311.21 2010  4 24 16 57   2455311.30 2010  4 24 19 18   2455311.40 2010  4 24 21 40
 2455314.76 2010  4 28  6 14   2455314.86 2010  4 28  8 36   2455314.96 2010  4 28 10 57
