 Predicted Transit Epochs: TrES-1___ b

Observed Transit Duration:  149.8 Minutes

 Begin Transit Window           PREDICTED CENTRAL TRANSIT     End Transit Window
                                     All Times UT

                               HJD        Year M  D  H  M
 2454465.44 2007 12 30 22 38   2454465.50 2007 12 30 23 55   2454465.55 2007 12 31  1 12
 2454468.47 2008  1  2 23 22   2454468.53 2008  1  3  0 39   2454468.58 2008  1  3  1 56
 2454471.50 2008  1  6  0  5   2454471.56 2008  1  6  1 22   2454471.61 2008  1  6  2 39
 2454474.53 2008  1  9  0 48   2454474.59 2008  1  9  2  5   2454474.64 2008  1  9  3 22
 2454477.56 2008  1 12  1 32   2454477.62 2008  1 12  2 49   2454477.67 2008  1 12  4  6
 2454480.59 2008  1 15  2 15   2454480.65 2008  1 15  3 32   2454480.70 2008  1 15  4 49
 2454483.62 2008  1 18  2 58   2454483.68 2008  1 18  4 15   2454483.73 2008  1 18  5 32
 2454486.65 2008  1 21  3 42   2454486.71 2008  1 21  4 59   2454486.76 2008  1 21  6 15
 2454489.68 2008  1 24  4 25   2454489.74 2008  1 24  5 42   2454489.79 2008  1 24  6 59
 2454492.71 2008  1 27  5  8   2454492.77 2008  1 27  6 25   2454492.82 2008  1 27  7 42
 2454495.74 2008  1 30  5 51   2454495.80 2008  1 30  7  8   2454495.85 2008  1 30  8 25
 2454498.77 2008  2  2  6 35   2454498.83 2008  2  2  7 52   2454498.88 2008  2  2  9  9
 2454501.80 2008  2  5  7 18   2454501.86 2008  2  5  8 35   2454501.91 2008  2  5  9 52
 2454504.83 2008  2  8  8  1   2454504.89 2008  2  8  9 18   2454504.94 2008  2  8 10 35
 2454507.86 2008  2 11  8 45   2454507.92 2008  2 11 10  2   2454507.97 2008  2 11 11 19
 2454510.89 2008  2 14  9 28   2454510.95 2008  2 14 10 45   2454511.00 2008  2 14 12  2
 2454513.92 2008  2 17 10 11   2454513.98 2008  2 17 11 28   2454514.03 2008  2 17 12 45
 2454516.95 2008  2 20 10 55   2454517.01 2008  2 20 12 12   2454517.06 2008  2 20 13 29
 2454519.99 2008  2 23 11 38   2454520.04 2008  2 23 12 55   2454520.09 2008  2 23 14 12
 2454523.02 2008  2 26 12 21   2454523.07 2008  2 26 13 38   2454523.12 2008  2 26 14 55
 2454526.05 2008  2 29 13  5   2454526.10 2008  2 29 14 21   2454526.15 2008  2 29 15 38
 2454529.08 2008  3  3 13 48   2454529.13 2008  3  3 15  5   2454529.18 2008  3  3 16 22
 2454532.11 2008  3  6 14 31   2454532.16 2008  3  6 15 48   2454532.21 2008  3  6 17  5
 2454535.14 2008  3  9 15 14   2454535.19 2008  3  9 16 31   2454535.24 2008  3  9 17 48
 2454538.17 2008  3 12 15 58   2454538.22 2008  3 12 17 15   2454538.27 2008  3 12 18 32
 2454541.20 2008  3 15 16 41   2454541.25 2008  3 15 17 58   2454541.30 2008  3 15 19 15
 2454544.23 2008  3 18 17 24   2454544.28 2008  3 18 18 41   2454544.33 2008  3 18 19 58
 2454547.26 2008  3 21 18  8   2454547.31 2008  3 21 19 25   2454547.36 2008  3 21 20 42
 2454550.29 2008  3 24 18 51   2454550.34 2008  3 24 20  8   2454550.39 2008  3 24 21 25
 2454553.32 2008  3 27 19 34   2454553.37 2008  3 27 20 51   2454553.42 2008  3 27 22  8
 2454556.35 2008  3 30 20 18   2454556.40 2008  3 30 21 35   2454556.45 2008  3 30 22 52
 2454559.38 2008  4  2 21  1   2454559.43 2008  4  2 22 18   2454559.48 2008  4  2 23 35
 2454562.41 2008  4  5 21 44   2454562.46 2008  4  5 23  1   2454562.51 2008  4  6  0 18
 2454565.44 2008  4  8 22 27   2454565.49 2008  4  8 23 44   2454565.54 2008  4  9  1  1
 2454568.47 2008  4 11 23 11   2454568.52 2008  4 12  0 28   2454568.57 2008  4 12  1 45
 2454571.50 2008  4 14 23 54   2454571.55 2008  4 15  1 11   2454571.60 2008  4 15  2 28
 2454574.53 2008  4 18  0 37   2454574.58 2008  4 18  1 54   2454574.63 2008  4 18  3 11
 2454577.56 2008  4 21  1 21   2454577.61 2008  4 21  2 38   2454577.66 2008  4 21  3 55
 2454580.59 2008  4 24  2  4   2454580.64 2008  4 24  3 21   2454580.69 2008  4 24  4 38
 2454583.62 2008  4 27  2 47   2454583.67 2008  4 27  4  4   2454583.72 2008  4 27  5 21
 2454586.65 2008  4 30  3 31   2454586.70 2008  4 30  4 48   2454586.75 2008  4 30  6  5
 2454589.68 2008  5  3  4 14   2454589.73 2008  5  3  5 31   2454589.78 2008  5  3  6 48
 2454592.71 2008  5  6  4 57   2454592.76 2008  5  6  6 14   2454592.81 2008  5  6  7 31
 2454595.74 2008  5  9  5 40   2454595.79 2008  5  9  6 58   2454595.84 2008  5  9  8 15
 2454598.77 2008  5 12  6 24   2454598.82 2008  5 12  7 41   2454598.87 2008  5 12  8 58
 2454601.80 2008  5 15  7  7   2454601.85 2008  5 15  8 24   2454601.90 2008  5 15  9 41
 2454604.83 2008  5 18  7 50   2454604.88 2008  5 18  9  7   2454604.93 2008  5 18 10 25
 2454607.86 2008  5 21  8 34   2454607.91 2008  5 21  9 51   2454607.96 2008  5 21 11  8
 2454610.89 2008  5 24  9 17   2454610.94 2008  5 24 10 34   2454610.99 2008  5 24 11 51
 2454613.92 2008  5 27 10  0   2454613.97 2008  5 27 11 17   2454614.02 2008  5 27 12 34
 2454616.95 2008  5 30 10 44   2454617.00 2008  5 30 12  1   2454617.05 2008  5 30 13 18
 2454619.98 2008  6  2 11 27   2454620.03 2008  6  2 12 44   2454620.08 2008  6  2 14  1
 2454623.01 2008  6  5 12 10   2454623.06 2008  6  5 13 27   2454623.11 2008  6  5 14 44
 2454626.04 2008  6  8 12 54   2454626.09 2008  6  8 14 11   2454626.14 2008  6  8 15 28
 2454629.07 2008  6 11 13 37   2454629.12 2008  6 11 14 54   2454629.17 2008  6 11 16 11
 2454632.10 2008  6 14 14 20   2454632.15 2008  6 14 15 37   2454632.20 2008  6 14 16 54
 2454635.13 2008  6 17 15  3   2454635.18 2008  6 17 16 21   2454635.23 2008  6 17 17 38
 2454638.16 2008  6 20 15 47   2454638.21 2008  6 20 17  4   2454638.26 2008  6 20 18 21
 2454641.19 2008  6 23 16 30   2454641.24 2008  6 23 17 47   2454641.29 2008  6 23 19  4
 2454644.22 2008  6 26 17 13   2454644.27 2008  6 26 18 30   2454644.33 2008  6 26 19 48
 2454647.25 2008  6 29 17 57   2454647.30 2008  6 29 19 14   2454647.36 2008  6 29 20 31
 2454650.28 2008  7  2 18 40   2454650.33 2008  7  2 19 57   2454650.39 2008  7  2 21 14
 2454653.31 2008  7  5 19 23   2454653.36 2008  7  5 20 40   2454653.42 2008  7  5 21 57
 2454656.34 2008  7  8 20  7   2454656.39 2008  7  8 21 24   2454656.45 2008  7  8 22 41
 2454659.37 2008  7 11 20 50   2454659.42 2008  7 11 22  7   2454659.48 2008  7 11 23 24
 2454662.40 2008  7 14 21 33   2454662.45 2008  7 14 22 50   2454662.51 2008  7 15  0  7
 2454665.43 2008  7 17 22 16   2454665.48 2008  7 17 23 34   2454665.54 2008  7 18  0 51
 2454668.46 2008  7 20 23  0   2454668.51 2008  7 21  0 17   2454668.57 2008  7 21  1 34
 2454671.49 2008  7 23 23 43   2454671.54 2008  7 24  1  0   2454671.60 2008  7 24  2 17
 2454674.52 2008  7 27  0 26   2454674.57 2008  7 27  1 43   2454674.63 2008  7 27  3  1
 2454677.55 2008  7 30  1 10   2454677.60 2008  7 30  2 27   2454677.66 2008  7 30  3 44
 2454680.58 2008  8  2  1 53   2454680.63 2008  8  2  3 10   2454680.69 2008  8  2  4 27
 2454683.61 2008  8  5  2 36   2454683.66 2008  8  5  3 53   2454683.72 2008  8  5  5 11
 2454686.64 2008  8  8  3 20   2454686.69 2008  8  8  4 37   2454686.75 2008  8  8  5 54
 2454689.67 2008  8 11  4  3   2454689.72 2008  8 11  5 20   2454689.78 2008  8 11  6 37
 2454692.70 2008  8 14  4 46   2454692.75 2008  8 14  6  3   2454692.81 2008  8 14  7 21
 2454695.73 2008  8 17  5 29   2454695.78 2008  8 17  6 47   2454695.84 2008  8 17  8  4
 2454698.76 2008  8 20  6 13   2454698.81 2008  8 20  7 30   2454698.87 2008  8 20  8 47
 2454701.79 2008  8 23  6 56   2454701.84 2008  8 23  8 13   2454701.90 2008  8 23  9 30
 2454704.82 2008  8 26  7 39   2454704.87 2008  8 26  8 57   2454704.93 2008  8 26 10 14
 2454707.85 2008  8 29  8 23   2454707.90 2008  8 29  9 40   2454707.96 2008  8 29 10 57
 2454710.88 2008  9  1  9  6   2454710.93 2008  9  1 10 23   2454710.99 2008  9  1 11 40
 2454713.91 2008  9  4  9 49   2454713.96 2008  9  4 11  6   2454714.02 2008  9  4 12 24
 2454716.94 2008  9  7 10 33   2454716.99 2008  9  7 11 50   2454717.05 2008  9  7 13  7
 2454719.97 2008  9 10 11 16   2454720.02 2008  9 10 12 33   2454720.08 2008  9 10 13 50
 2454723.00 2008  9 13 11 59   2454723.05 2008  9 13 13 16   2454723.11 2008  9 13 14 34
 2454726.03 2008  9 16 12 42   2454726.08 2008  9 16 14  0   2454726.14 2008  9 16 15 17
 2454729.06 2008  9 19 13 26   2454729.11 2008  9 19 14 43   2454729.17 2008  9 19 16  0
 2454732.09 2008  9 22 14  9   2454732.14 2008  9 22 15 26   2454732.20 2008  9 22 16 44
 2454735.12 2008  9 25 14 52   2454735.17 2008  9 25 16 10   2454735.23 2008  9 25 17 27
 2454738.15 2008  9 28 15 36   2454738.20 2008  9 28 16 53   2454738.26 2008  9 28 18 10
 2454741.18 2008 10  1 16 19   2454741.23 2008 10  1 17 36   2454741.29 2008 10  1 18 53
 2454744.21 2008 10  4 17  2   2454744.26 2008 10  4 18 20   2454744.32 2008 10  4 19 37
 2454747.24 2008 10  7 17 46   2454747.29 2008 10  7 19  3   2454747.35 2008 10  7 20 20
 2454750.27 2008 10 10 18 29   2454750.32 2008 10 10 19 46   2454750.38 2008 10 10 21  3
 2454753.30 2008 10 13 19 12   2454753.35 2008 10 13 20 29   2454753.41 2008 10 13 21 47
 2454756.33 2008 10 16 19 56   2454756.38 2008 10 16 21 13   2454756.44 2008 10 16 22 30
 2454759.36 2008 10 19 20 39   2454759.41 2008 10 19 21 56   2454759.47 2008 10 19 23 13
 2454762.39 2008 10 22 21 22   2454762.44 2008 10 22 22 39   2454762.50 2008 10 22 23 57
 2454765.42 2008 10 25 22  5   2454765.47 2008 10 25 23 23   2454765.53 2008 10 26  0 40
 2454768.45 2008 10 28 22 49   2454768.50 2008 10 29  0  6   2454768.56 2008 10 29  1 23
 2454771.48 2008 10 31 23 32   2454771.53 2008 11  1  0 49   2454771.59 2008 11  1  2  7
 2454774.51 2008 11  4  0 15   2454774.56 2008 11  4  1 33   2454774.62 2008 11  4  2 50
 2454777.54 2008 11  7  0 59   2454777.59 2008 11  7  2 16   2454777.65 2008 11  7  3 33
 2454780.57 2008 11 10  1 42   2454780.62 2008 11 10  2 59   2454780.68 2008 11 10  4 16
 2454783.60 2008 11 13  2 25   2454783.65 2008 11 13  3 43   2454783.71 2008 11 13  5  0
 2454786.63 2008 11 16  3  9   2454786.68 2008 11 16  4 26   2454786.74 2008 11 16  5 43
 2454789.66 2008 11 19  3 52   2454789.72 2008 11 19  5  9   2454789.77 2008 11 19  6 26
 2454792.69 2008 11 22  4 35   2454792.75 2008 11 22  5 52   2454792.80 2008 11 22  7 10
 2454795.72 2008 11 25  5 18   2454795.78 2008 11 25  6 36   2454795.83 2008 11 25  7 53
 2454798.75 2008 11 28  6  2   2454798.81 2008 11 28  7 19   2454798.86 2008 11 28  8 36
 2454801.78 2008 12  1  6 45   2454801.84 2008 12  1  8  2   2454801.89 2008 12  1  9 20
 2454804.81 2008 12  4  7 28   2454804.87 2008 12  4  8 46   2454804.92 2008 12  4 10  3
 2454807.84 2008 12  7  8 12   2454807.90 2008 12  7  9 29   2454807.95 2008 12  7 10 46
 2454810.87 2008 12 10  8 55   2454810.93 2008 12 10 10 12   2454810.98 2008 12 10 11 30
 2454813.90 2008 12 13  9 38   2454813.96 2008 12 13 10 56   2454814.01 2008 12 13 12 13
 2454816.93 2008 12 16 10 22   2454816.99 2008 12 16 11 39   2454817.04 2008 12 16 12 56
 2454819.96 2008 12 19 11  5   2454820.02 2008 12 19 12 22   2454820.07 2008 12 19 13 40
 2454822.99 2008 12 22 11 48   2454823.05 2008 12 22 13  5   2454823.10 2008 12 22 14 23
 2454826.02 2008 12 25 12 31   2454826.08 2008 12 25 13 49   2454826.13 2008 12 25 15  6
 2454829.05 2008 12 28 13 15   2454829.11 2008 12 28 14 32   2454829.16 2008 12 28 15 49
 2454832.08 2008 12 31 13 58   2454832.14 2008 12 31 15 15   2454832.19 2008 12 31 16 33
 2454835.11 2009  1  3 14 41   2454835.17 2009  1  3 15 59   2454835.22 2009  1  3 17 16
 2454838.14 2009  1  6 15 25   2454838.20 2009  1  6 16 42   2454838.25 2009  1  6 17 59
 2454841.17 2009  1  9 16  8   2454841.23 2009  1  9 17 25   2454841.28 2009  1  9 18 43
 2454844.20 2009  1 12 16 51   2454844.26 2009  1 12 18  9   2454844.31 2009  1 12 19 26
 2454847.23 2009  1 15 17 35   2454847.29 2009  1 15 18 52   2454847.34 2009  1 15 20  9
 2454850.26 2009  1 18 18 18   2454850.32 2009  1 18 19 35   2454850.37 2009  1 18 20 53
 2454853.29 2009  1 21 19  1   2454853.35 2009  1 21 20 19   2454853.40 2009  1 21 21 36
 2454856.32 2009  1 24 19 44   2454856.38 2009  1 24 21  2   2454856.43 2009  1 24 22 19
 2454859.35 2009  1 27 20 28   2454859.41 2009  1 27 21 45   2454859.46 2009  1 27 23  3
 2454862.38 2009  1 30 21 11   2454862.44 2009  1 30 22 28   2454862.49 2009  1 30 23 46
 2454865.41 2009  2  2 21 54   2454865.47 2009  2  2 23 12   2454865.52 2009  2  3  0 29
 2454868.44 2009  2  5 22 38   2454868.50 2009  2  5 23 55   2454868.55 2009  2  6  1 12
 2454871.47 2009  2  8 23 21   2454871.53 2009  2  9  0 38   2454871.58 2009  2  9  1 56
 2454874.50 2009  2 12  0  4   2454874.56 2009  2 12  1 22   2454874.61 2009  2 12  2 39
 2454877.53 2009  2 15  0 48   2454877.59 2009  2 15  2  5   2454877.64 2009  2 15  3 22
 2454880.56 2009  2 18  1 31   2454880.62 2009  2 18  2 48   2454880.67 2009  2 18  4  6
 2454883.59 2009  2 21  2 14   2454883.65 2009  2 21  3 32   2454883.70 2009  2 21  4 49
 2454886.62 2009  2 24  2 58   2454886.68 2009  2 24  4 15   2454886.73 2009  2 24  5 32
 2454889.65 2009  2 27  3 41   2454889.71 2009  2 27  4 58   2454889.76 2009  2 27  6 16
 2454892.68 2009  3  2  4 24   2454892.74 2009  3  2  5 42   2454892.79 2009  3  2  6 59
 2454895.71 2009  3  5  5  7   2454895.77 2009  3  5  6 25   2454895.82 2009  3  5  7 42
 2454898.74 2009  3  8  5 51   2454898.80 2009  3  8  7  8   2454898.85 2009  3  8  8 26
 2454901.77 2009  3 11  6 34   2454901.83 2009  3 11  7 51   2454901.88 2009  3 11  9  9
 2454904.80 2009  3 14  7 17   2454904.86 2009  3 14  8 35   2454904.91 2009  3 14  9 52
 2454907.83 2009  3 17  8  1   2454907.89 2009  3 17  9 18   2454907.94 2009  3 17 10 36
 2454910.86 2009  3 20  8 44   2454910.92 2009  3 20 10  1   2454910.97 2009  3 20 11 19
 2454913.89 2009  3 23  9 27   2454913.95 2009  3 23 10 45   2454914.00 2009  3 23 12  2
 2454916.92 2009  3 26 10 11   2454916.98 2009  3 26 11 28   2454917.03 2009  3 26 12 45
 2454919.95 2009  3 29 10 54   2454920.01 2009  3 29 12 11   2454920.06 2009  3 29 13 29
 2454922.98 2009  4  1 11 37   2454923.04 2009  4  1 12 55   2454923.09 2009  4  1 14 12
 2454926.01 2009  4  4 12 20   2454926.07 2009  4  4 13 38   2454926.12 2009  4  4 14 55
 2454929.04 2009  4  7 13  4   2454929.10 2009  4  7 14 21   2454929.15 2009  4  7 15 39
 2454932.07 2009  4 10 13 47   2454932.13 2009  4 10 15  5   2454932.18 2009  4 10 16 22
 2454935.10 2009  4 13 14 30   2454935.16 2009  4 13 15 48   2454935.21 2009  4 13 17  5
 2454938.13 2009  4 16 15 14   2454938.19 2009  4 16 16 31   2454938.24 2009  4 16 17 49
 2454941.16 2009  4 19 15 57   2454941.22 2009  4 19 17 14   2454941.27 2009  4 19 18 32
 2454944.19 2009  4 22 16 40   2454944.25 2009  4 22 17 58   2454944.30 2009  4 22 19 15
 2454947.23 2009  4 25 17 24   2454947.28 2009  4 25 18 41   2454947.33 2009  4 25 19 59
 2454950.26 2009  4 28 18  7   2454950.31 2009  4 28 19 24   2454950.36 2009  4 28 20 42
 2454953.29 2009  5  1 18 50   2454953.34 2009  5  1 20  8   2454953.39 2009  5  1 21 25
 2454956.32 2009  5  4 19 33   2454956.37 2009  5  4 20 51   2454956.42 2009  5  4 22  8
 2454959.35 2009  5  7 20 17   2454959.40 2009  5  7 21 34   2454959.45 2009  5  7 22 52
 2454962.38 2009  5 10 21  0   2454962.43 2009  5 10 22 18   2454962.48 2009  5 10 23 35
 2454965.41 2009  5 13 21 43   2454965.46 2009  5 13 23  1   2454965.51 2009  5 14  0 18
 2454968.44 2009  5 16 22 27   2454968.49 2009  5 16 23 44   2454968.54 2009  5 17  1  2
 2454971.47 2009  5 19 23 10   2454971.52 2009  5 20  0 27   2454971.57 2009  5 20  1 45
 2454974.50 2009  5 22 23 53   2454974.55 2009  5 23  1 11   2454974.60 2009  5 23  2 28
 2454977.53 2009  5 26  0 37   2454977.58 2009  5 26  1 54   2454977.63 2009  5 26  3 12
 2454980.56 2009  5 29  1 20   2454980.61 2009  5 29  2 37   2454980.66 2009  5 29  3 55
 2454983.59 2009  6  1  2  3   2454983.64 2009  6  1  3 21   2454983.69 2009  6  1  4 38
 2454986.62 2009  6  4  2 46   2454986.67 2009  6  4  4  4   2454986.72 2009  6  4  5 22
 2454989.65 2009  6  7  3 30   2454989.70 2009  6  7  4 47   2454989.75 2009  6  7  6  5
 2454992.68 2009  6 10  4 13   2454992.73 2009  6 10  5 31   2454992.78 2009  6 10  6 48
 2454995.71 2009  6 13  4 56   2454995.76 2009  6 13  6 14   2454995.81 2009  6 13  7 31
 2454998.74 2009  6 16  5 40   2454998.79 2009  6 16  6 57   2454998.84 2009  6 16  8 15
 2455001.77 2009  6 19  6 23   2455001.82 2009  6 19  7 41   2455001.87 2009  6 19  8 58
 2455004.80 2009  6 22  7  6   2455004.85 2009  6 22  8 24   2455004.90 2009  6 22  9 41
 2455007.83 2009  6 25  7 50   2455007.88 2009  6 25  9  7   2455007.93 2009  6 25 10 25
 2455010.86 2009  6 28  8 33   2455010.91 2009  6 28  9 50   2455010.96 2009  6 28 11  8
 2455013.89 2009  7  1  9 16   2455013.94 2009  7  1 10 34   2455013.99 2009  7  1 11 51
 2455016.92 2009  7  4 10  0   2455016.97 2009  7  4 11 17   2455017.02 2009  7  4 12 35
 2455019.95 2009  7  7 10 43   2455020.00 2009  7  7 12  0   2455020.05 2009  7  7 13 18
 2455022.98 2009  7 10 11 26   2455023.03 2009  7 10 12 44   2455023.08 2009  7 10 14  1
 2455026.01 2009  7 13 12  9   2455026.06 2009  7 13 13 27   2455026.11 2009  7 13 14 45
 2455029.04 2009  7 16 12 53   2455029.09 2009  7 16 14 10   2455029.14 2009  7 16 15 28
 2455032.07 2009  7 19 13 36   2455032.12 2009  7 19 14 54   2455032.17 2009  7 19 16 11
 2455035.10 2009  7 22 14 19   2455035.15 2009  7 22 15 37   2455035.20 2009  7 22 16 55
 2455038.13 2009  7 25 15  3   2455038.18 2009  7 25 16 20   2455038.23 2009  7 25 17 38
 2455041.16 2009  7 28 15 46   2455041.21 2009  7 28 17  4   2455041.27 2009  7 28 18 21
 2455044.19 2009  7 31 16 29   2455044.24 2009  7 31 17 47   2455044.30 2009  7 31 19  4
 2455047.22 2009  8  3 17 13   2455047.27 2009  8  3 18 30   2455047.33 2009  8  3 19 48
 2455050.25 2009  8  6 17 56   2455050.30 2009  8  6 19 13   2455050.36 2009  8  6 20 31
 2455053.28 2009  8  9 18 39   2455053.33 2009  8  9 19 57   2455053.39 2009  8  9 21 14
 2455056.31 2009  8 12 19 22   2455056.36 2009  8 12 20 40   2455056.42 2009  8 12 21 58
 2455059.34 2009  8 15 20  6   2455059.39 2009  8 15 21 23   2455059.45 2009  8 15 22 41
 2455062.37 2009  8 18 20 49   2455062.42 2009  8 18 22  7   2455062.48 2009  8 18 23 24
 2455065.40 2009  8 21 21 32   2455065.45 2009  8 21 22 50   2455065.51 2009  8 22  0  8
 2455068.43 2009  8 24 22 16   2455068.48 2009  8 24 23 33   2455068.54 2009  8 25  0 51
 2455071.46 2009  8 27 22 59   2455071.51 2009  8 28  0 17   2455071.57 2009  8 28  1 34
 2455074.49 2009  8 30 23 42   2455074.54 2009  8 31  1  0   2455074.60 2009  8 31  2 18
 2455077.52 2009  9  3  0 26   2455077.57 2009  9  3  1 43   2455077.63 2009  9  3  3  1
 2455080.55 2009  9  6  1  9   2455080.60 2009  9  6  2 27   2455080.66 2009  9  6  3 44
 2455083.58 2009  9  9  1 52   2455083.63 2009  9  9  3 10   2455083.69 2009  9  9  4 27
 2455086.61 2009  9 12  2 35   2455086.66 2009  9 12  3 53   2455086.72 2009  9 12  5 11
 2455089.64 2009  9 15  3 19   2455089.69 2009  9 15  4 36   2455089.75 2009  9 15  5 54
 2455092.67 2009  9 18  4  2   2455092.72 2009  9 18  5 20   2455092.78 2009  9 18  6 37
 2455095.70 2009  9 21  4 45   2455095.75 2009  9 21  6  3   2455095.81 2009  9 21  7 21
 2455098.73 2009  9 24  5 29   2455098.78 2009  9 24  6 46   2455098.84 2009  9 24  8  4
 2455101.76 2009  9 27  6 12   2455101.81 2009  9 27  7 30   2455101.87 2009  9 27  8 47
 2455104.79 2009  9 30  6 55   2455104.84 2009  9 30  8 13   2455104.90 2009  9 30  9 31
 2455107.82 2009 10  3  7 39   2455107.87 2009 10  3  8 56   2455107.93 2009 10  3 10 14
 2455110.85 2009 10  6  8 22   2455110.90 2009 10  6  9 40   2455110.96 2009 10  6 10 57
 2455113.88 2009 10  9  9  5   2455113.93 2009 10  9 10 23   2455113.99 2009 10  9 11 41
 2455116.91 2009 10 12  9 48   2455116.96 2009 10 12 11  6   2455117.02 2009 10 12 12 24
 2455119.94 2009 10 15 10 32   2455119.99 2009 10 15 11 49   2455120.05 2009 10 15 13  7
 2455122.97 2009 10 18 11 15   2455123.02 2009 10 18 12 33   2455123.08 2009 10 18 13 51
 2455126.00 2009 10 21 11 58   2455126.05 2009 10 21 13 16   2455126.11 2009 10 21 14 34
 2455129.03 2009 10 24 12 42   2455129.08 2009 10 24 13 59   2455129.14 2009 10 24 15 17
 2455132.06 2009 10 27 13 25   2455132.11 2009 10 27 14 43   2455132.17 2009 10 27 16  0
 2455135.09 2009 10 30 14  8   2455135.14 2009 10 30 15 26   2455135.20 2009 10 30 16 44
 2455138.12 2009 11  2 14 52   2455138.17 2009 11  2 16  9   2455138.23 2009 11  2 17 27
 2455141.15 2009 11  5 15 35   2455141.20 2009 11  5 16 53   2455141.26 2009 11  5 18 10
 2455144.18 2009 11  8 16 18   2455144.23 2009 11  8 17 36   2455144.29 2009 11  8 18 54
 2455147.21 2009 11 11 17  2   2455147.26 2009 11 11 18 19   2455147.32 2009 11 11 19 37
 2455150.24 2009 11 14 17 45   2455150.29 2009 11 14 19  3   2455150.35 2009 11 14 20 20
 2455153.27 2009 11 17 18 28   2455153.32 2009 11 17 19 46   2455153.38 2009 11 17 21  4
 2455156.30 2009 11 20 19 11   2455156.35 2009 11 20 20 29   2455156.41 2009 11 20 21 47
 2455159.33 2009 11 23 19 55   2455159.38 2009 11 23 21 12   2455159.44 2009 11 23 22 30
 2455162.36 2009 11 26 20 38   2455162.41 2009 11 26 21 56   2455162.47 2009 11 26 23 14
 2455165.39 2009 11 29 21 21   2455165.44 2009 11 29 22 39   2455165.50 2009 11 29 23 57
 2455168.42 2009 12  2 22  5   2455168.47 2009 12  2 23 22   2455168.53 2009 12  3  0 40
 2455171.45 2009 12  5 22 48   2455171.50 2009 12  6  0  6   2455171.56 2009 12  6  1 23
 2455174.48 2009 12  8 23 31   2455174.53 2009 12  9  0 49   2455174.59 2009 12  9  2  7
 2455177.51 2009 12 12  0 15   2455177.56 2009 12 12  1 32   2455177.62 2009 12 12  2 50
 2455180.54 2009 12 15  0 58   2455180.59 2009 12 15  2 16   2455180.65 2009 12 15  3 33
 2455183.57 2009 12 18  1 41   2455183.62 2009 12 18  2 59   2455183.68 2009 12 18  4 17
 2455186.60 2009 12 21  2 24   2455186.65 2009 12 21  3 42   2455186.71 2009 12 21  5  0
 2455189.63 2009 12 24  3  8   2455189.68 2009 12 24  4 26   2455189.74 2009 12 24  5 43
 2455192.66 2009 12 27  3 51   2455192.71 2009 12 27  5  9   2455192.77 2009 12 27  6 27
 2455195.69 2009 12 30  4 34   2455195.74 2009 12 30  5 52   2455195.80 2009 12 30  7 10
 2455198.72 2010  1  2  5 18   2455198.77 2010  1  2  6 35   2455198.83 2010  1  2  7 53
 2455201.75 2010  1  5  6  1   2455201.81 2010  1  5  7 19   2455201.86 2010  1  5  8 37
 2455204.78 2010  1  8  6 44   2455204.84 2010  1  8  8  2   2455204.89 2010  1  8  9 20
 2455207.81 2010  1 11  7 28   2455207.87 2010  1 11  8 45   2455207.92 2010  1 11 10  3
 2455210.84 2010  1 14  8 11   2455210.90 2010  1 14  9 29   2455210.95 2010  1 14 10 46
 2455213.87 2010  1 17  8 54   2455213.93 2010  1 17 10 12   2455213.98 2010  1 17 11 30
 2455216.90 2010  1 20  9 37   2455216.96 2010  1 20 10 55   2455217.01 2010  1 20 12 13
 2455219.93 2010  1 23 10 21   2455219.99 2010  1 23 11 39   2455220.04 2010  1 23 12 56
 2455222.96 2010  1 26 11  4   2455223.02 2010  1 26 12 22   2455223.07 2010  1 26 13 40
 2455225.99 2010  1 29 11 47   2455226.05 2010  1 29 13  5   2455226.10 2010  1 29 14 23
 2455229.02 2010  2  1 12 31   2455229.08 2010  2  1 13 49   2455229.13 2010  2  1 15  6
 2455232.05 2010  2  4 13 14   2455232.11 2010  2  4 14 32   2455232.16 2010  2  4 15 50
 2455235.08 2010  2  7 13 57   2455235.14 2010  2  7 15 15   2455235.19 2010  2  7 16 33
 2455238.11 2010  2 10 14 41   2455238.17 2010  2 10 15 58   2455238.22 2010  2 10 17 16
 2455241.14 2010  2 13 15 24   2455241.20 2010  2 13 16 42   2455241.25 2010  2 13 18  0
 2455244.17 2010  2 16 16  7   2455244.23 2010  2 16 17 25   2455244.28 2010  2 16 18 43
 2455247.20 2010  2 19 16 50   2455247.26 2010  2 19 18  8   2455247.31 2010  2 19 19 26
 2455250.23 2010  2 22 17 34   2455250.29 2010  2 22 18 52   2455250.34 2010  2 22 20 10
 2455253.26 2010  2 25 18 17   2455253.32 2010  2 25 19 35   2455253.37 2010  2 25 20 53
 2455256.29 2010  2 28 19  0   2455256.35 2010  2 28 20 18   2455256.40 2010  2 28 21 36
 2455259.32 2010  3  3 19 44   2455259.38 2010  3  3 21  2   2455259.43 2010  3  3 22 19
 2455262.35 2010  3  6 20 27   2455262.41 2010  3  6 21 45   2455262.46 2010  3  6 23  3
 2455265.38 2010  3  9 21 10   2455265.44 2010  3  9 22 28   2455265.49 2010  3  9 23 46
 2455268.41 2010  3 12 21 54   2455268.47 2010  3 12 23 11   2455268.52 2010  3 13  0 29
 2455271.44 2010  3 15 22 37   2455271.50 2010  3 15 23 55   2455271.55 2010  3 16  1 13
 2455274.47 2010  3 18 23 20   2455274.53 2010  3 19  0 38   2455274.58 2010  3 19  1 56
 2455277.50 2010  3 22  0  4   2455277.56 2010  3 22  1 21   2455277.61 2010  3 22  2 39
 2455280.53 2010  3 25  0 47   2455280.59 2010  3 25  2  5   2455280.64 2010  3 25  3 23
 2455283.56 2010  3 28  1 30   2455283.62 2010  3 28  2 48   2455283.67 2010  3 28  4  6
 2455286.59 2010  3 31  2 13   2455286.65 2010  3 31  3 31   2455286.70 2010  3 31  4 49
 2455289.62 2010  4  3  2 57   2455289.68 2010  4  3  4 15   2455289.73 2010  4  3  5 33
 2455292.65 2010  4  6  3 40   2455292.71 2010  4  6  4 58   2455292.76 2010  4  6  6 16
 2455295.68 2010  4  9  4 23   2455295.74 2010  4  9  5 41   2455295.79 2010  4  9  6 59
 2455298.71 2010  4 12  5  7   2455298.77 2010  4 12  6 25   2455298.82 2010  4 12  7 42
 2455301.74 2010  4 15  5 50   2455301.80 2010  4 15  7  8   2455301.85 2010  4 15  8 26
 2455304.77 2010  4 18  6 33   2455304.83 2010  4 18  7 51   2455304.88 2010  4 18  9  9
 2455307.80 2010  4 21  7 17   2455307.86 2010  4 21  8 34   2455307.91 2010  4 21  9 52
 2455310.83 2010  4 24  8  0   2455310.89 2010  4 24  9 18   2455310.94 2010  4 24 10 36
 2455313.86 2010  4 27  8 43   2455313.92 2010  4 27 10  1   2455313.97 2010  4 27 11 19
