 Predicted Transit Epochs: TrES-3___ b

Observed Transit Duration:  105.3 Minutes

 Begin Transit Window           PREDICTED CENTRAL TRANSIT     End Transit Window
                                     All Times UT

                               HJD        Year M  D  H  M
 2454462.78 2007 12 28  6 48   2454462.82 2007 12 28  7 44   2454462.86 2007 12 28  8 40
 2454464.09 2007 12 29 14  8   2454464.13 2007 12 29 15  5   2454464.17 2007 12 29 16  1
 2454465.40 2007 12 30 21 29   2454465.43 2007 12 30 22 26   2454465.47 2007 12 30 23 22
 2454466.70 2008  1  1  4 50   2454466.74 2008  1  1  5 46   2454466.78 2008  1  1  6 43
 2454468.01 2008  1  2 12 11   2454468.05 2008  1  2 13  7   2454468.09 2008  1  2 14  4
 2454469.31 2008  1  3 19 32   2454469.35 2008  1  3 20 28   2454469.39 2008  1  3 21 25
 2454470.62 2008  1  5  2 53   2454470.66 2008  1  5  3 49   2454470.70 2008  1  5  4 45
 2454471.93 2008  1  6 10 14   2454471.97 2008  1  6 11 10   2454472.00 2008  1  6 12  6
 2454473.23 2008  1  7 17 35   2454473.27 2008  1  7 18 31   2454473.31 2008  1  7 19 27
 2454474.54 2008  1  9  0 56   2454474.58 2008  1  9  1 52   2454474.62 2008  1  9  2 48
 2454475.85 2008  1 10  8 17   2454475.88 2008  1 10  9 13   2454475.92 2008  1 10 10  9
 2454477.15 2008  1 11 15 37   2454477.19 2008  1 11 16 34   2454477.23 2008  1 11 17 30
 2454478.46 2008  1 12 22 58   2454478.50 2008  1 12 23 55   2454478.54 2008  1 13  0 51
 2454479.76 2008  1 14  6 19   2454479.80 2008  1 14  7 16   2454479.84 2008  1 14  8 12
 2454481.07 2008  1 15 13 40   2454481.11 2008  1 15 14 37   2454481.15 2008  1 15 15 33
 2454482.38 2008  1 16 21  1   2454482.42 2008  1 16 21 57   2454482.45 2008  1 16 22 54
 2454483.68 2008  1 18  4 22   2454483.72 2008  1 18  5 18   2454483.76 2008  1 18  6 15
 2454484.99 2008  1 19 11 43   2454485.03 2008  1 19 12 39   2454485.07 2008  1 19 13 36
 2454486.29 2008  1 20 19  4   2454486.33 2008  1 20 20  0   2454486.37 2008  1 20 20 57
 2454487.60 2008  1 22  2 25   2454487.64 2008  1 22  3 21   2454487.68 2008  1 22  4 17
 2454488.91 2008  1 23  9 46   2454488.95 2008  1 23 10 42   2454488.99 2008  1 23 11 38
 2454490.21 2008  1 24 17  6   2454490.25 2008  1 24 18  3   2454490.29 2008  1 24 18 59
 2454491.52 2008  1 26  0 27   2454491.56 2008  1 26  1 24   2454491.60 2008  1 26  2 20
 2454492.83 2008  1 27  7 48   2454492.86 2008  1 27  8 45   2454492.90 2008  1 27  9 41
 2454494.13 2008  1 28 15  9   2454494.17 2008  1 28 16  6   2454494.21 2008  1 28 17  2
 2454495.44 2008  1 29 22 30   2454495.48 2008  1 29 23 27   2454495.52 2008  1 30  0 23
 2454496.74 2008  1 31  5 51   2454496.78 2008  1 31  6 47   2454496.82 2008  1 31  7 44
 2454498.05 2008  2  1 13 12   2454498.09 2008  2  1 14  8   2454498.13 2008  2  1 15  5
 2454499.36 2008  2  2 20 33   2454499.40 2008  2  2 21 29   2454499.43 2008  2  2 22 26
 2454500.66 2008  2  4  3 54   2454500.70 2008  2  4  4 50   2454500.74 2008  2  4  5 47
 2454501.97 2008  2  5 11 15   2454502.01 2008  2  5 12 11   2454502.05 2008  2  5 13  8
 2454503.27 2008  2  6 18 35   2454503.31 2008  2  6 19 32   2454503.35 2008  2  6 20 29
 2454504.58 2008  2  8  1 56   2454504.62 2008  2  8  2 53   2454504.66 2008  2  8  3 50
 2454505.89 2008  2  9  9 17   2454505.93 2008  2  9 10 14   2454505.97 2008  2  9 11 10
 2454507.19 2008  2 10 16 38   2454507.23 2008  2 10 17 35   2454507.27 2008  2 10 18 31
 2454508.50 2008  2 11 23 59   2454508.54 2008  2 12  0 56   2454508.58 2008  2 12  1 52
 2454509.81 2008  2 13  7 20   2454509.85 2008  2 13  8 17   2454509.88 2008  2 13  9 13
 2454511.11 2008  2 14 14 41   2454511.15 2008  2 14 15 38   2454511.19 2008  2 14 16 34
 2454512.42 2008  2 15 22  2   2454512.46 2008  2 15 22 58   2454512.50 2008  2 15 23 55
 2454513.72 2008  2 17  5 23   2454513.76 2008  2 17  6 19   2454513.80 2008  2 17  7 16
 2454515.03 2008  2 18 12 44   2454515.07 2008  2 18 13 40   2454515.11 2008  2 18 14 37
 2454516.34 2008  2 19 20  4   2454516.38 2008  2 19 21  1   2454516.42 2008  2 19 21 58
 2454517.64 2008  2 21  3 25   2454517.68 2008  2 21  4 22   2454517.72 2008  2 21  5 19
 2454518.95 2008  2 22 10 46   2454518.99 2008  2 22 11 43   2454519.03 2008  2 22 12 40
 2454520.26 2008  2 23 18  7   2454520.29 2008  2 23 19  4   2454520.33 2008  2 23 20  1
 2454521.56 2008  2 25  1 28   2454521.60 2008  2 25  2 25   2454521.64 2008  2 25  3 22
 2454522.87 2008  2 26  8 49   2454522.91 2008  2 26  9 46   2454522.95 2008  2 26 10 43
 2454524.17 2008  2 27 16 10   2454524.21 2008  2 27 17  7   2454524.25 2008  2 27 18  3
 2454525.48 2008  2 28 23 31   2454525.52 2008  2 29  0 28   2454525.56 2008  2 29  1 24
 2454526.79 2008  3  1  6 52   2454526.83 2008  3  1  7 48   2454526.87 2008  3  1  8 45
 2454528.09 2008  3  2 14 13   2454528.13 2008  3  2 15  9   2454528.17 2008  3  2 16  6
 2454529.40 2008  3  3 21 33   2454529.44 2008  3  3 22 30   2454529.48 2008  3  3 23 27
 2454530.70 2008  3  5  4 54   2454530.74 2008  3  5  5 51   2454530.78 2008  3  5  6 48
 2454532.01 2008  3  6 12 15   2454532.05 2008  3  6 13 12   2454532.09 2008  3  6 14  9
 2454533.32 2008  3  7 19 36   2454533.36 2008  3  7 20 33   2454533.40 2008  3  7 21 30
 2454534.62 2008  3  9  2 57   2454534.66 2008  3  9  3 54   2454534.70 2008  3  9  4 51
 2454535.93 2008  3 10 10 18   2454535.97 2008  3 10 11 15   2454536.01 2008  3 10 12 12
 2454537.24 2008  3 11 17 39   2454537.28 2008  3 11 18 36   2454537.31 2008  3 11 19 33
 2454538.54 2008  3 13  1  0   2454538.58 2008  3 13  1 57   2454538.62 2008  3 13  2 54
 2454539.85 2008  3 14  8 21   2454539.89 2008  3 14  9 18   2454539.93 2008  3 14 10 15
 2454541.15 2008  3 15 15 42   2454541.19 2008  3 15 16 39   2454541.23 2008  3 15 17 36
 2454542.46 2008  3 16 23  2   2454542.50 2008  3 16 23 59   2454542.54 2008  3 17  0 56
 2454543.77 2008  3 18  6 23   2454543.81 2008  3 18  7 20   2454543.85 2008  3 18  8 17
 2454545.07 2008  3 19 13 44   2454545.11 2008  3 19 14 41   2454545.15 2008  3 19 15 38
 2454546.38 2008  3 20 21  5   2454546.42 2008  3 20 22  2   2454546.46 2008  3 20 22 59
 2454547.69 2008  3 22  4 26   2454547.72 2008  3 22  5 23   2454547.76 2008  3 22  6 20
 2454548.99 2008  3 23 11 47   2454549.03 2008  3 23 12 44   2454549.07 2008  3 23 13 41
 2454550.30 2008  3 24 19  8   2454550.34 2008  3 24 20  5   2454550.38 2008  3 24 21  2
 2454551.60 2008  3 26  2 29   2454551.64 2008  3 26  3 26   2454551.68 2008  3 26  4 23
 2454552.91 2008  3 27  9 50   2454552.95 2008  3 27 10 47   2454552.99 2008  3 27 11 44
 2454554.22 2008  3 28 17 11   2454554.26 2008  3 28 18  8   2454554.30 2008  3 28 19  5
 2454555.52 2008  3 30  0 31   2454555.56 2008  3 30  1 29   2454555.60 2008  3 30  2 26
 2454556.83 2008  3 31  7 52   2454556.87 2008  3 31  8 50   2454556.91 2008  3 31  9 47
 2454558.13 2008  4  1 15 13   2454558.17 2008  4  1 16 10   2454558.21 2008  4  1 17  8
 2454559.44 2008  4  2 22 34   2454559.48 2008  4  2 23 31   2454559.52 2008  4  3  0 29
 2454560.75 2008  4  4  5 55   2454560.79 2008  4  4  6 52   2454560.83 2008  4  4  7 49
 2454562.05 2008  4  5 13 16   2454562.09 2008  4  5 14 13   2454562.13 2008  4  5 15 10
 2454563.36 2008  4  6 20 37   2454563.40 2008  4  6 21 34   2454563.44 2008  4  6 22 31
 2454564.67 2008  4  8  3 58   2454564.71 2008  4  8  4 55   2454564.74 2008  4  8  5 52
 2454565.97 2008  4  9 11 19   2454566.01 2008  4  9 12 16   2454566.05 2008  4  9 13 13
 2454567.28 2008  4 10 18 40   2454567.32 2008  4 10 19 37   2454567.36 2008  4 10 20 34
 2454568.58 2008  4 12  2  0   2454568.62 2008  4 12  2 58   2454568.66 2008  4 12  3 55
 2454569.89 2008  4 13  9 21   2454569.93 2008  4 13 10 19   2454569.97 2008  4 13 11 16
 2454571.20 2008  4 14 16 42   2454571.24 2008  4 14 17 40   2454571.28 2008  4 14 18 37
 2454572.50 2008  4 16  0  3   2454572.54 2008  4 16  1  0   2454572.58 2008  4 16  1 58
 2454573.81 2008  4 17  7 24   2454573.85 2008  4 17  8 21   2454573.89 2008  4 17  9 19
 2454575.11 2008  4 18 14 45   2454575.15 2008  4 18 15 42   2454575.19 2008  4 18 16 40
 2454576.42 2008  4 19 22  6   2454576.46 2008  4 19 23  3   2454576.50 2008  4 20  0  1
 2454577.73 2008  4 21  5 27   2454577.77 2008  4 21  6 24   2454577.81 2008  4 21  7 22
 2454579.03 2008  4 22 12 48   2454579.07 2008  4 22 13 45   2454579.11 2008  4 22 14 42
 2454580.34 2008  4 23 20  9   2454580.38 2008  4 23 21  6   2454580.42 2008  4 23 22  3
 2454581.65 2008  4 25  3 29   2454581.69 2008  4 25  4 27   2454581.73 2008  4 25  5 24
 2454582.95 2008  4 26 10 50   2454582.99 2008  4 26 11 48   2454583.03 2008  4 26 12 45
 2454584.26 2008  4 27 18 11   2454584.30 2008  4 27 19  9   2454584.34 2008  4 27 20  6
 2454585.56 2008  4 29  1 32   2454585.60 2008  4 29  2 30   2454585.64 2008  4 29  3 27
 2454586.87 2008  4 30  8 53   2454586.91 2008  4 30  9 51   2454586.95 2008  4 30 10 48
 2454588.18 2008  5  1 16 14   2454588.22 2008  5  1 17 11   2454588.26 2008  5  1 18  9
 2454589.48 2008  5  2 23 35   2454589.52 2008  5  3  0 32   2454589.56 2008  5  3  1 30
 2454590.79 2008  5  4  6 56   2454590.83 2008  5  4  7 53   2454590.87 2008  5  4  8 51
 2454592.10 2008  5  5 14 17   2454592.14 2008  5  5 15 14   2454592.18 2008  5  5 16 12
 2454593.40 2008  5  6 21 38   2454593.44 2008  5  6 22 35   2454593.48 2008  5  6 23 33
 2454594.71 2008  5  8  4 58   2454594.75 2008  5  8  5 56   2454594.79 2008  5  8  6 54
 2454596.01 2008  5  9 12 19   2454596.05 2008  5  9 13 17   2454596.09 2008  5  9 14 15
 2454597.32 2008  5 10 19 40   2454597.36 2008  5 10 20 38   2454597.40 2008  5 10 21 35
 2454598.63 2008  5 12  3  1   2454598.67 2008  5 12  3 59   2454598.71 2008  5 12  4 56
 2454599.93 2008  5 13 10 22   2454599.97 2008  5 13 11 20   2454600.01 2008  5 13 12 17
 2454601.24 2008  5 14 17 43   2454601.28 2008  5 14 18 41   2454601.32 2008  5 14 19 38
 2454602.54 2008  5 16  1  4   2454602.58 2008  5 16  2  1   2454602.62 2008  5 16  2 59
 2454603.85 2008  5 17  8 25   2454603.89 2008  5 17  9 22   2454603.93 2008  5 17 10 20
 2454605.16 2008  5 18 15 46   2454605.20 2008  5 18 16 43   2454605.24 2008  5 18 17 41
 2454606.46 2008  5 19 23  7   2454606.50 2008  5 20  0  4   2454606.54 2008  5 20  1  2
 2454607.77 2008  5 21  6 27   2454607.81 2008  5 21  7 25   2454607.85 2008  5 21  8 23
 2454609.08 2008  5 22 13 48   2454609.12 2008  5 22 14 46   2454609.16 2008  5 22 15 44
 2454610.38 2008  5 23 21  9   2454610.42 2008  5 23 22  7   2454610.46 2008  5 23 23  5
 2454611.69 2008  5 25  4 30   2454611.73 2008  5 25  5 28   2454611.77 2008  5 25  6 26
 2454612.99 2008  5 26 11 51   2454613.03 2008  5 26 12 49   2454613.07 2008  5 26 13 47
 2454614.30 2008  5 27 19 12   2454614.34 2008  5 27 20 10   2454614.38 2008  5 27 21  8
 2454615.61 2008  5 29  2 33   2454615.65 2008  5 29  3 31   2454615.69 2008  5 29  4 28
 2454616.91 2008  5 30  9 54   2454616.95 2008  5 30 10 52   2454616.99 2008  5 30 11 49
 2454618.22 2008  5 31 17 15   2454618.26 2008  5 31 18 12   2454618.30 2008  5 31 19 10
 2454619.52 2008  6  2  0 35   2454619.57 2008  6  2  1 33   2454619.61 2008  6  2  2 31
 2454620.83 2008  6  3  7 56   2454620.87 2008  6  3  8 54   2454620.91 2008  6  3  9 52
 2454622.14 2008  6  4 15 17   2454622.18 2008  6  4 16 15   2454622.22 2008  6  4 17 13
 2454623.44 2008  6  5 22 38   2454623.48 2008  6  5 23 36   2454623.52 2008  6  6  0 34
 2454624.75 2008  6  7  5 59   2454624.79 2008  6  7  6 57   2454624.83 2008  6  7  7 55
 2454626.06 2008  6  8 13 20   2454626.10 2008  6  8 14 18   2454626.14 2008  6  8 15 16
 2454627.36 2008  6  9 20 41   2454627.40 2008  6  9 21 39   2454627.44 2008  6  9 22 37
 2454628.67 2008  6 11  4  2   2454628.71 2008  6 11  5  0   2454628.75 2008  6 11  5 58
 2454629.97 2008  6 12 11 23   2454630.01 2008  6 12 12 21   2454630.05 2008  6 12 13 19
 2454631.28 2008  6 13 18 44   2454631.32 2008  6 13 19 42   2454631.36 2008  6 13 20 40
 2454632.59 2008  6 15  2  4   2454632.63 2008  6 15  3  2   2454632.67 2008  6 15  4  1
 2454633.89 2008  6 16  9 25   2454633.93 2008  6 16 10 23   2454633.97 2008  6 16 11 21
 2454635.20 2008  6 17 16 46   2454635.24 2008  6 17 17 44   2454635.28 2008  6 17 18 42
 2454636.51 2008  6 19  0  7   2454636.55 2008  6 19  1  5   2454636.59 2008  6 19  2  3
 2454637.81 2008  6 20  7 28   2454637.85 2008  6 20  8 26   2454637.89 2008  6 20  9 24
 2454639.12 2008  6 21 14 49   2454639.16 2008  6 21 15 47   2454639.20 2008  6 21 16 45
 2454640.42 2008  6 22 22 10   2454640.46 2008  6 22 23  8   2454640.50 2008  6 23  0  6
 2454641.73 2008  6 24  5 31   2454641.77 2008  6 24  6 29   2454641.81 2008  6 24  7 27
 2454643.04 2008  6 25 12 52   2454643.08 2008  6 25 13 50   2454643.12 2008  6 25 14 48
 2454644.34 2008  6 26 20 13   2454644.38 2008  6 26 21 11   2454644.42 2008  6 26 22  9
 2454645.65 2008  6 28  3 33   2454645.69 2008  6 28  4 32   2454645.73 2008  6 28  5 30
 2454646.95 2008  6 29 10 54   2454647.00 2008  6 29 11 53   2454647.04 2008  6 29 12 51
 2454648.26 2008  6 30 18 15   2454648.30 2008  6 30 19 13   2454648.34 2008  6 30 20 12
 2454649.57 2008  7  2  1 36   2454649.61 2008  7  2  2 34   2454649.65 2008  7  2  3 33
 2454650.87 2008  7  3  8 57   2454650.91 2008  7  3  9 55   2454650.95 2008  7  3 10 53
 2454652.18 2008  7  4 16 18   2454652.22 2008  7  4 17 16   2454652.26 2008  7  4 18 14
 2454653.49 2008  7  5 23 39   2454653.53 2008  7  6  0 37   2454653.57 2008  7  6  1 35
 2454654.79 2008  7  7  7  0   2454654.83 2008  7  7  7 58   2454654.87 2008  7  7  8 56
 2454656.10 2008  7  8 14 21   2454656.14 2008  7  8 15 19   2454656.18 2008  7  8 16 17
 2454657.40 2008  7  9 21 42   2454657.44 2008  7  9 22 40   2454657.49 2008  7  9 23 38
 2454658.71 2008  7 11  5  2   2454658.75 2008  7 11  6  1   2454658.79 2008  7 11  6 59
 2454660.02 2008  7 12 12 23   2454660.06 2008  7 12 13 22   2454660.10 2008  7 12 14 20
 2454661.32 2008  7 13 19 44   2454661.36 2008  7 13 20 43   2454661.40 2008  7 13 21 41
 2454662.63 2008  7 15  3  5   2454662.67 2008  7 15  4  4   2454662.71 2008  7 15  5  2
 2454663.94 2008  7 16 10 26   2454663.98 2008  7 16 11 24   2454664.02 2008  7 16 12 23
 2454665.24 2008  7 17 17 47   2454665.28 2008  7 17 18 45   2454665.32 2008  7 17 19 44
 2454666.55 2008  7 19  1  8   2454666.59 2008  7 19  2  6   2454666.63 2008  7 19  3  5
 2454667.85 2008  7 20  8 29   2454667.89 2008  7 20  9 27   2454667.93 2008  7 20 10 26
 2454669.16 2008  7 21 15 50   2454669.20 2008  7 21 16 48   2454669.24 2008  7 21 17 46
 2454670.47 2008  7 22 23 11   2454670.51 2008  7 23  0  9   2454670.55 2008  7 23  1  7
 2454671.77 2008  7 24  6 31   2454671.81 2008  7 24  7 30   2454671.85 2008  7 24  8 28
 2454673.08 2008  7 25 13 52   2454673.12 2008  7 25 14 51   2454673.16 2008  7 25 15 49
 2454674.38 2008  7 26 21 13   2454674.43 2008  7 26 22 12   2454674.47 2008  7 26 23 10
 2454675.69 2008  7 28  4 34   2454675.73 2008  7 28  5 33   2454675.77 2008  7 28  6 31
 2454677.00 2008  7 29 11 55   2454677.04 2008  7 29 12 54   2454677.08 2008  7 29 13 52
 2454678.30 2008  7 30 19 16   2454678.34 2008  7 30 20 14   2454678.38 2008  7 30 21 13
 2454679.61 2008  8  1  2 37   2454679.65 2008  8  1  3 35   2454679.69 2008  8  1  4 34
 2454680.92 2008  8  2  9 58   2454680.96 2008  8  2 10 56   2454681.00 2008  8  2 11 55
 2454682.22 2008  8  3 17 19   2454682.26 2008  8  3 18 17   2454682.30 2008  8  3 19 16
 2454683.53 2008  8  5  0 40   2454683.57 2008  8  5  1 38   2454683.61 2008  8  5  2 37
 2454684.83 2008  8  6  8  0   2454684.87 2008  8  6  8 59   2454684.92 2008  8  6  9 58
 2454686.14 2008  8  7 15 21   2454686.18 2008  8  7 16 20   2454686.22 2008  8  7 17 19
 2454687.45 2008  8  8 22 42   2454687.49 2008  8  8 23 41   2454687.53 2008  8  9  0 39
 2454688.75 2008  8 10  6  3   2454688.79 2008  8 10  7  2   2454688.83 2008  8 10  8  0
 2454690.06 2008  8 11 13 24   2454690.10 2008  8 11 14 23   2454690.14 2008  8 11 15 21
 2454691.36 2008  8 12 20 45   2454691.41 2008  8 12 21 44   2454691.45 2008  8 12 22 42
 2454692.67 2008  8 14  4  6   2454692.71 2008  8 14  5  5   2454692.75 2008  8 14  6  3
 2454693.98 2008  8 15 11 27   2454694.02 2008  8 15 12 25   2454694.06 2008  8 15 13 24
 2454695.28 2008  8 16 18 48   2454695.32 2008  8 16 19 46   2454695.36 2008  8 16 20 45
 2454696.59 2008  8 18  2  9   2454696.63 2008  8 18  3  7   2454696.67 2008  8 18  4  6
 2454697.90 2008  8 19  9 29   2454697.94 2008  8 19 10 28   2454697.98 2008  8 19 11 27
 2454699.20 2008  8 20 16 50   2454699.24 2008  8 20 17 49   2454699.28 2008  8 20 18 48
 2454700.51 2008  8 22  0 11   2454700.55 2008  8 22  1 10   2454700.59 2008  8 22  2  9
 2454701.81 2008  8 23  7 32   2454701.86 2008  8 23  8 31   2454701.90 2008  8 23  9 30
 2454703.12 2008  8 24 14 53   2454703.16 2008  8 24 15 52   2454703.20 2008  8 24 16 51
 2454704.43 2008  8 25 22 14   2454704.47 2008  8 25 23 13   2454704.51 2008  8 26  0 12
 2454705.73 2008  8 27  5 35   2454705.77 2008  8 27  6 34   2454705.81 2008  8 27  7 32
 2454707.04 2008  8 28 12 56   2454707.08 2008  8 28 13 55   2454707.12 2008  8 28 14 53
 2454708.35 2008  8 29 20 17   2454708.39 2008  8 29 21 15   2454708.43 2008  8 29 22 14
 2454709.65 2008  8 31  3 38   2454709.69 2008  8 31  4 36   2454709.73 2008  8 31  5 35
 2454710.96 2008  9  1 10 58   2454711.00 2008  9  1 11 57   2454711.04 2008  9  1 12 56
 2454712.26 2008  9  2 18 19   2454712.30 2008  9  2 19 18   2454712.35 2008  9  2 20 17
 2454713.57 2008  9  4  1 40   2454713.61 2008  9  4  2 39   2454713.65 2008  9  4  3 38
 2454714.88 2008  9  5  9  1   2454714.92 2008  9  5 10  0   2454714.96 2008  9  5 10 59
 2454716.18 2008  9  6 16 22   2454716.22 2008  9  6 17 21   2454716.26 2008  9  6 18 20
 2454717.49 2008  9  7 23 43   2454717.53 2008  9  8  0 42   2454717.57 2008  9  8  1 41
 2454718.79 2008  9  9  7  4   2454718.84 2008  9  9  8  3   2454718.88 2008  9  9  9  2
 2454720.10 2008  9 10 14 25   2454720.14 2008  9 10 15 24   2454720.18 2008  9 10 16 23
 2454721.41 2008  9 11 21 46   2454721.45 2008  9 11 22 45   2454721.49 2008  9 11 23 44
 2454722.71 2008  9 13  5  7   2454722.75 2008  9 13  6  6   2454722.80 2008  9 13  7  5
 2454724.02 2008  9 14 12 27   2454724.06 2008  9 14 13 26   2454724.10 2008  9 14 14 25
 2454725.33 2008  9 15 19 48   2454725.37 2008  9 15 20 47   2454725.41 2008  9 15 21 46
 2454726.63 2008  9 17  3  9   2454726.67 2008  9 17  4  8   2454726.71 2008  9 17  5  7
 2454727.94 2008  9 18 10 30   2454727.98 2008  9 18 11 29   2454728.02 2008  9 18 12 28
 2454729.24 2008  9 19 17 51   2454729.29 2008  9 19 18 50   2454729.33 2008  9 19 19 49
 2454730.55 2008  9 21  1 12   2454730.59 2008  9 21  2 11   2454730.63 2008  9 21  3 10
 2454731.86 2008  9 22  8 33   2454731.90 2008  9 22  9 32   2454731.94 2008  9 22 10 31
 2454733.16 2008  9 23 15 54   2454733.20 2008  9 23 16 53   2454733.24 2008  9 23 17 52
 2454734.47 2008  9 24 23 15   2454734.51 2008  9 25  0 14   2454734.55 2008  9 25  1 13
 2454735.78 2008  9 26  6 36   2454735.82 2008  9 26  7 35   2454735.86 2008  9 26  8 34
 2454737.08 2008  9 27 13 56   2454737.12 2008  9 27 14 56   2454737.16 2008  9 27 15 55
 2454738.39 2008  9 28 21 17   2454738.43 2008  9 28 22 16   2454738.47 2008  9 28 23 16
 2454739.69 2008  9 30  4 38   2454739.73 2008  9 30  5 37   2454739.78 2008  9 30  6 37
 2454741.00 2008 10  1 11 59   2454741.04 2008 10  1 12 58   2454741.08 2008 10  1 13 58
 2454742.31 2008 10  2 19 20   2454742.35 2008 10  2 20 19   2454742.39 2008 10  2 21 18
 2454743.61 2008 10  4  2 41   2454743.65 2008 10  4  3 40   2454743.69 2008 10  4  4 39
 2454744.92 2008 10  5 10  2   2454744.96 2008 10  5 11  1   2454745.00 2008 10  5 12  0
 2454746.22 2008 10  6 17 23   2454746.27 2008 10  6 18 22   2454746.31 2008 10  6 19 21
 2454747.53 2008 10  8  0 44   2454747.57 2008 10  8  1 43   2454747.61 2008 10  8  2 42
 2454748.84 2008 10  9  8  5   2454748.88 2008 10  9  9  4   2454748.92 2008 10  9 10  3
 2454750.14 2008 10 10 15 25   2454750.18 2008 10 10 16 25   2454750.23 2008 10 10 17 24
 2454751.45 2008 10 11 22 46   2454751.49 2008 10 11 23 46   2454751.53 2008 10 12  0 45
 2454752.76 2008 10 13  6  7   2454752.80 2008 10 13  7  7   2454752.84 2008 10 13  8  6
 2454754.06 2008 10 14 13 28   2454754.10 2008 10 14 14 27   2454754.14 2008 10 14 15 27
 2454755.37 2008 10 15 20 49   2454755.41 2008 10 15 21 48   2454755.45 2008 10 15 22 48
 2454756.67 2008 10 17  4 10   2454756.72 2008 10 17  5  9   2454756.76 2008 10 17  6  9
 2454757.98 2008 10 18 11 31   2454758.02 2008 10 18 12 30   2454758.06 2008 10 18 13 30
 2454759.29 2008 10 19 18 52   2454759.33 2008 10 19 19 51   2454759.37 2008 10 19 20 51
 2454760.59 2008 10 21  2 13   2454760.63 2008 10 21  3 12   2454760.67 2008 10 21  4 11
 2454761.90 2008 10 22  9 34   2454761.94 2008 10 22 10 33   2454761.98 2008 10 22 11 32
 2454763.20 2008 10 23 16 54   2454763.25 2008 10 23 17 54   2454763.29 2008 10 23 18 53
 2454764.51 2008 10 25  0 15   2454764.55 2008 10 25  1 15   2454764.59 2008 10 25  2 14
 2454765.82 2008 10 26  7 36   2454765.86 2008 10 26  8 36   2454765.90 2008 10 26  9 35
 2454767.12 2008 10 27 14 57   2454767.16 2008 10 27 15 57   2454767.21 2008 10 27 16 56
 2454768.43 2008 10 28 22 18   2454768.47 2008 10 28 23 18   2454768.51 2008 10 29  0 17
 2454769.74 2008 10 30  5 39   2454769.78 2008 10 30  6 38   2454769.82 2008 10 30  7 38
 2454771.04 2008 10 31 13  0   2454771.08 2008 10 31 13 59   2454771.12 2008 10 31 14 59
 2454772.35 2008 11  1 20 21   2454772.39 2008 11  1 21 20   2454772.43 2008 11  1 22 20
 2454773.65 2008 11  3  3 42   2454773.70 2008 11  3  4 41   2454773.74 2008 11  3  5 41
 2454774.96 2008 11  4 11  3   2454775.00 2008 11  4 12  2   2454775.04 2008 11  4 13  2
 2454776.27 2008 11  5 18 23   2454776.31 2008 11  5 19 23   2454776.35 2008 11  5 20 23
 2454777.57 2008 11  7  1 44   2454777.61 2008 11  7  2 44   2454777.66 2008 11  7  3 44
 2454778.88 2008 11  8  9  5   2454778.92 2008 11  8 10  5   2454778.96 2008 11  8 11  4
 2454780.19 2008 11  9 16 26   2454780.23 2008 11  9 17 26   2454780.27 2008 11  9 18 25
 2454781.49 2008 11 10 23 47   2454781.53 2008 11 11  0 47   2454781.57 2008 11 11  1 46
 2454782.80 2008 11 12  7  8   2454782.84 2008 11 12  8  8   2454782.88 2008 11 12  9  7
 2454784.10 2008 11 13 14 29   2454784.15 2008 11 13 15 28   2454784.19 2008 11 13 16 28
 2454785.41 2008 11 14 21 50   2454785.45 2008 11 14 22 49   2454785.49 2008 11 14 23 49
 2454786.72 2008 11 16  5 11   2454786.76 2008 11 16  6 10   2454786.80 2008 11 16  7 10
 2454788.02 2008 11 17 12 31   2454788.06 2008 11 17 13 31   2454788.11 2008 11 17 14 31
 2454789.33 2008 11 18 19 52   2454789.37 2008 11 18 20 52   2454789.41 2008 11 18 21 52
 2454790.63 2008 11 20  3 13   2454790.68 2008 11 20  4 13   2454790.72 2008 11 20  5 13
 2454791.94 2008 11 21 10 34   2454791.98 2008 11 21 11 34   2454792.02 2008 11 21 12 34
 2454793.25 2008 11 22 17 55   2454793.29 2008 11 22 18 55   2454793.33 2008 11 22 19 55
 2454794.55 2008 11 24  1 16   2454794.59 2008 11 24  2 16   2454794.64 2008 11 24  3 16
 2454795.86 2008 11 25  8 37   2454795.90 2008 11 25  9 37   2454795.94 2008 11 25 10 37
 2454797.17 2008 11 26 15 58   2454797.21 2008 11 26 16 58   2454797.25 2008 11 26 17 57
 2454798.47 2008 11 27 23 19   2454798.51 2008 11 28  0 19   2454798.55 2008 11 28  1 18
 2454799.78 2008 11 29  6 40   2454799.82 2008 11 29  7 39   2454799.86 2008 11 29  8 39
 2454801.08 2008 11 30 14  0   2454801.13 2008 11 30 15  0   2454801.17 2008 11 30 16  0
 2454802.39 2008 12  1 21 21   2454802.43 2008 12  1 22 21   2454802.47 2008 12  1 23 21
 2454803.70 2008 12  3  4 42   2454803.74 2008 12  3  5 42   2454803.78 2008 12  3  6 42
 2454805.00 2008 12  4 12  3   2454805.04 2008 12  4 13  3   2454805.09 2008 12  4 14  3
 2454806.31 2008 12  5 19 24   2454806.35 2008 12  5 20 24   2454806.39 2008 12  5 21 24
 2454807.61 2008 12  7  2 45   2454807.66 2008 12  7  3 45   2454807.70 2008 12  7  4 45
 2454808.92 2008 12  8 10  6   2454808.96 2008 12  8 11  6   2454809.00 2008 12  8 12  6
 2454810.23 2008 12  9 17 27   2454810.27 2008 12  9 18 27   2454810.31 2008 12  9 19 27
 2454811.53 2008 12 11  0 48   2454811.58 2008 12 11  1 48   2454811.62 2008 12 11  2 48
 2454812.84 2008 12 12  8  9   2454812.88 2008 12 12  9  9   2454812.92 2008 12 12 10  9
 2454814.15 2008 12 13 15 29   2454814.19 2008 12 13 16 29   2454814.23 2008 12 13 17 29
 2454815.45 2008 12 14 22 50   2454815.49 2008 12 14 23 50   2454815.54 2008 12 15  0 50
 2454816.76 2008 12 16  6 11   2454816.80 2008 12 16  7 11   2454816.84 2008 12 16  8 11
 2454818.06 2008 12 17 13 32   2454818.11 2008 12 17 14 32   2454818.15 2008 12 17 15 32
 2454819.37 2008 12 18 20 53   2454819.41 2008 12 18 21 53   2454819.45 2008 12 18 22 53
 2454820.68 2008 12 20  4 14   2454820.72 2008 12 20  5 14   2454820.76 2008 12 20  6 14
 2454821.98 2008 12 21 11 35   2454822.02 2008 12 21 12 35   2454822.07 2008 12 21 13 35
 2454823.29 2008 12 22 18 56   2454823.33 2008 12 22 19 56   2454823.37 2008 12 22 20 56
 2454824.60 2008 12 24  2 17   2454824.64 2008 12 24  3 17   2454824.68 2008 12 24  4 17
 2454825.90 2008 12 25  9 38   2454825.94 2008 12 25 10 38   2454825.98 2008 12 25 11 38
 2454827.21 2008 12 26 16 58   2454827.25 2008 12 26 17 59   2454827.29 2008 12 26 18 59
 2454828.51 2008 12 28  0 19   2454828.56 2008 12 28  1 20   2454828.60 2008 12 28  2 20
 2454829.82 2008 12 29  7 40   2454829.86 2008 12 29  8 40   2454829.90 2008 12 29  9 41
 2454831.13 2008 12 30 15  1   2454831.17 2008 12 30 16  1   2454831.21 2008 12 30 17  2
 2454832.43 2008 12 31 22 22   2454832.47 2008 12 31 23 22   2454832.52 2009  1  1  0 22
 2454833.74 2009  1  2  5 43   2454833.78 2009  1  2  6 43   2454833.82 2009  1  2  7 43
 2454835.04 2009  1  3 13  4   2454835.09 2009  1  3 14  4   2454835.13 2009  1  3 15  4
 2454836.35 2009  1  4 20 25   2454836.39 2009  1  4 21 25   2454836.43 2009  1  4 22 25
 2454837.66 2009  1  6  3 46   2454837.70 2009  1  6  4 46   2454837.74 2009  1  6  5 46
 2454838.96 2009  1  7 11  7   2454839.01 2009  1  7 12  7   2454839.05 2009  1  7 13  7
 2454840.27 2009  1  8 18 27   2454840.31 2009  1  8 19 28   2454840.35 2009  1  8 20 28
 2454841.58 2009  1 10  1 48   2454841.62 2009  1 10  2 49   2454841.66 2009  1 10  3 49
 2454842.88 2009  1 11  9  9   2454842.92 2009  1 11 10 10   2454842.97 2009  1 11 11 10
 2454844.19 2009  1 12 16 30   2454844.23 2009  1 12 17 30   2454844.27 2009  1 12 18 31
 2454845.49 2009  1 13 23 51   2454845.54 2009  1 14  0 51   2454845.58 2009  1 14  1 52
 2454846.80 2009  1 15  7 12   2454846.84 2009  1 15  8 12   2454846.88 2009  1 15  9 13
 2454848.11 2009  1 16 14 33   2454848.15 2009  1 16 15 33   2454848.19 2009  1 16 16 34
 2454849.41 2009  1 17 21 54   2454849.45 2009  1 17 22 54   2454849.50 2009  1 17 23 55
 2454850.72 2009  1 19  5 15   2454850.76 2009  1 19  6 15   2454850.80 2009  1 19  7 15
 2454852.03 2009  1 20 12 36   2454852.07 2009  1 20 13 36   2454852.11 2009  1 20 14 36
 2454853.33 2009  1 21 19 56   2454853.37 2009  1 21 20 57   2454853.42 2009  1 21 21 57
 2454854.64 2009  1 23  3 17   2454854.68 2009  1 23  4 18   2454854.72 2009  1 23  5 18
 2454855.94 2009  1 24 10 38   2454855.99 2009  1 24 11 39   2454856.03 2009  1 24 12 39
 2454857.25 2009  1 25 17 59   2454857.29 2009  1 25 19  0   2454857.33 2009  1 25 20  0
 2454858.56 2009  1 27  1 20   2454858.60 2009  1 27  2 21   2454858.64 2009  1 27  3 21
 2454859.86 2009  1 28  8 41   2454859.90 2009  1 28  9 41   2454859.95 2009  1 28 10 42
 2454861.17 2009  1 29 16  2   2454861.21 2009  1 29 17  2   2454861.25 2009  1 29 18  3
 2454862.47 2009  1 30 23 23   2454862.52 2009  1 31  0 23   2454862.56 2009  1 31  1 24
 2454863.78 2009  2  1  6 44   2454863.82 2009  2  1  7 44   2454863.86 2009  2  1  8 45
 2454865.09 2009  2  2 14  5   2454865.13 2009  2  2 15  5   2454865.17 2009  2  2 16  6
 2454866.39 2009  2  3 21 25   2454866.44 2009  2  3 22 26   2454866.48 2009  2  3 23 27
 2454867.70 2009  2  5  4 46   2454867.74 2009  2  5  5 47   2454867.78 2009  2  5  6 48
 2454869.01 2009  2  6 12  7   2454869.05 2009  2  6 13  8   2454869.09 2009  2  6 14  8
 2454870.31 2009  2  7 19 28   2454870.35 2009  2  7 20 29   2454870.40 2009  2  7 21 29
 2454871.62 2009  2  9  2 49   2454871.66 2009  2  9  3 50   2454871.70 2009  2  9  4 50
 2454872.92 2009  2 10 10 10   2454872.97 2009  2 10 11 11   2454873.01 2009  2 10 12 11
 2454874.23 2009  2 11 17 31   2454874.27 2009  2 11 18 32   2454874.31 2009  2 11 19 32
 2454875.54 2009  2 13  0 52   2454875.58 2009  2 13  1 52   2454875.62 2009  2 13  2 53
 2454876.84 2009  2 14  8 13   2454876.88 2009  2 14  9 13   2454876.93 2009  2 14 10 14
 2454878.15 2009  2 15 15 34   2454878.19 2009  2 15 16 34   2454878.23 2009  2 15 17 35
 2454879.45 2009  2 16 22 54   2454879.50 2009  2 16 23 55   2454879.54 2009  2 17  0 56
 2454880.76 2009  2 18  6 15   2454880.80 2009  2 18  7 16   2454880.85 2009  2 18  8 17
 2454882.07 2009  2 19 13 36   2454882.11 2009  2 19 14 37   2454882.15 2009  2 19 15 38
 2454883.37 2009  2 20 20 57   2454883.42 2009  2 20 21 58   2454883.46 2009  2 20 22 59
 2454884.68 2009  2 22  4 18   2454884.72 2009  2 22  5 19   2454884.76 2009  2 22  6 20
 2454885.99 2009  2 23 11 39   2454886.03 2009  2 23 12 40   2454886.07 2009  2 23 13 41
 2454887.29 2009  2 24 19  0   2454887.33 2009  2 24 20  1   2454887.38 2009  2 24 21  1
 2454888.60 2009  2 26  2 21   2454888.64 2009  2 26  3 22   2454888.68 2009  2 26  4 22
 2454889.90 2009  2 27  9 42   2454889.95 2009  2 27 10 42   2454889.99 2009  2 27 11 43
 2454891.21 2009  2 28 17  3   2454891.25 2009  2 28 18  3   2454891.29 2009  2 28 19  4
 2454892.52 2009  3  2  0 23   2454892.56 2009  3  2  1 24   2454892.60 2009  3  2  2 25
 2454893.82 2009  3  3  7 44   2454893.87 2009  3  3  8 45   2454893.91 2009  3  3  9 46
 2454895.13 2009  3  4 15  5   2454895.17 2009  3  4 16  6   2454895.21 2009  3  4 17  7
 2454896.44 2009  3  5 22 26   2454896.48 2009  3  5 23 27   2454896.52 2009  3  6  0 28
 2454897.74 2009  3  7  5 47   2454897.78 2009  3  7  6 48   2454897.83 2009  3  7  7 49
 2454899.05 2009  3  8 13  8   2454899.09 2009  3  8 14  9   2454899.13 2009  3  8 15 10
 2454900.35 2009  3  9 20 29   2454900.40 2009  3  9 21 30   2454900.44 2009  3  9 22 31
 2454901.66 2009  3 11  3 50   2454901.70 2009  3 11  4 51   2454901.74 2009  3 11  5 52
 2454902.97 2009  3 12 11 11   2454903.01 2009  3 12 12 12   2454903.05 2009  3 12 13 13
 2454904.27 2009  3 13 18 32   2454904.31 2009  3 13 19 33   2454904.36 2009  3 13 20 34
 2454905.58 2009  3 15  1 52   2454905.62 2009  3 15  2 53   2454905.66 2009  3 15  3 54
 2454906.88 2009  3 16  9 13   2454906.93 2009  3 16 10 14   2454906.97 2009  3 16 11 15
 2454908.19 2009  3 17 16 34   2454908.23 2009  3 17 17 35   2454908.28 2009  3 17 18 36
 2454909.50 2009  3 18 23 55   2454909.54 2009  3 19  0 56   2454909.58 2009  3 19  1 57
 2454910.80 2009  3 20  7 16   2454910.85 2009  3 20  8 17   2454910.89 2009  3 20  9 18
 2454912.11 2009  3 21 14 37   2454912.15 2009  3 21 15 38   2454912.19 2009  3 21 16 39
 2454913.42 2009  3 22 21 58   2454913.46 2009  3 22 22 59   2454913.50 2009  3 23  0  0
 2454914.72 2009  3 24  5 19   2454914.76 2009  3 24  6 20   2454914.81 2009  3 24  7 21
 2454916.03 2009  3 25 12 40   2454916.07 2009  3 25 13 41   2454916.11 2009  3 25 14 42
 2454917.33 2009  3 26 20  1   2454917.38 2009  3 26 21  2   2454917.42 2009  3 26 22  3
 2454918.64 2009  3 28  3 21   2454918.68 2009  3 28  4 23   2454918.73 2009  3 28  5 24
 2454919.95 2009  3 29 10 42   2454919.99 2009  3 29 11 43   2454920.03 2009  3 29 12 45
 2454921.25 2009  3 30 18  3   2454921.30 2009  3 30 19  4   2454921.34 2009  3 30 20  6
 2454922.56 2009  4  1  1 24   2454922.60 2009  4  1  2 25   2454922.64 2009  4  1  3 27
 2454923.86 2009  4  2  8 45   2454923.91 2009  4  2  9 46   2454923.95 2009  4  2 10 47
 2454925.17 2009  4  3 16  6   2454925.21 2009  4  3 17  7   2454925.26 2009  4  3 18  8
 2454926.48 2009  4  4 23 27   2454926.52 2009  4  5  0 28   2454926.56 2009  4  5  1 29
 2454927.78 2009  4  6  6 48   2454927.83 2009  4  6  7 49   2454927.87 2009  4  6  8 50
 2454929.09 2009  4  7 14  9   2454929.13 2009  4  7 15 10   2454929.17 2009  4  7 16 11
 2454930.40 2009  4  8 21 30   2454930.44 2009  4  8 22 31   2454930.48 2009  4  8 23 32
 2454931.70 2009  4 10  4 50   2454931.74 2009  4 10  5 52   2454931.79 2009  4 10  6 53
 2454933.01 2009  4 11 12 11   2454933.05 2009  4 11 13 13   2454933.09 2009  4 11 14 14
 2454934.31 2009  4 12 19 32   2454934.36 2009  4 12 20 34   2454934.40 2009  4 12 21 35
 2454935.62 2009  4 14  2 53   2454935.66 2009  4 14  3 54   2454935.71 2009  4 14  4 56
 2454936.93 2009  4 15 10 14   2454936.97 2009  4 15 11 15   2454937.01 2009  4 15 12 17
 2454938.23 2009  4 16 17 35   2454938.28 2009  4 16 18 36   2454938.32 2009  4 16 19 38
 2454939.54 2009  4 18  0 56   2454939.58 2009  4 18  1 57   2454939.62 2009  4 18  2 59
 2454940.85 2009  4 19  8 17   2454940.89 2009  4 19  9 18   2454940.93 2009  4 19 10 20
 2454942.15 2009  4 20 15 38   2454942.19 2009  4 20 16 39   2454942.24 2009  4 20 17 40
 2454943.46 2009  4 21 22 58   2454943.50 2009  4 22  0  0   2454943.54 2009  4 22  1  1
 2454944.76 2009  4 23  6 19   2454944.81 2009  4 23  7 21   2454944.85 2009  4 23  8 22
 2454946.07 2009  4 24 13 40   2454946.11 2009  4 24 14 42   2454946.16 2009  4 24 15 43
 2454947.38 2009  4 25 21  1   2454947.42 2009  4 25 22  3   2454947.46 2009  4 25 23  4
 2454948.68 2009  4 27  4 22   2454948.73 2009  4 27  5 24   2454948.77 2009  4 27  6 25
 2454949.99 2009  4 28 11 43   2454950.03 2009  4 28 12 45   2454950.07 2009  4 28 13 46
 2454951.29 2009  4 29 19  4   2454951.34 2009  4 29 20  5   2454951.38 2009  4 29 21  7
 2454952.60 2009  5  1  2 25   2454952.64 2009  5  1  3 26   2454952.69 2009  5  1  4 28
 2454953.91 2009  5  2  9 46   2454953.95 2009  5  2 10 47   2454953.99 2009  5  2 11 49
 2454955.21 2009  5  3 17  7   2454955.26 2009  5  3 18  8   2454955.30 2009  5  3 19 10
 2454956.52 2009  5  5  0 27   2454956.56 2009  5  5  1 29   2454956.60 2009  5  5  2 31
 2454957.83 2009  5  6  7 48   2454957.87 2009  5  6  8 50   2454957.91 2009  5  6  9 52
 2454959.13 2009  5  7 15  9   2454959.17 2009  5  7 16 11   2454959.22 2009  5  7 17 13
 2454960.44 2009  5  8 22 30   2454960.48 2009  5  8 23 32   2454960.52 2009  5  9  0 33
 2454961.74 2009  5 10  5 51   2454961.79 2009  5 10  6 53   2454961.83 2009  5 10  7 54
 2454963.05 2009  5 11 13 12   2454963.09 2009  5 11 14 14   2454963.14 2009  5 11 15 15
 2454964.36 2009  5 12 20 33   2454964.40 2009  5 12 21 35   2454964.44 2009  5 12 22 36
 2454965.66 2009  5 14  3 54   2454965.71 2009  5 14  4 55   2454965.75 2009  5 14  5 57
 2454966.97 2009  5 15 11 15   2454967.01 2009  5 15 12 16   2454967.05 2009  5 15 13 18
 2454968.28 2009  5 16 18 36   2454968.32 2009  5 16 19 37   2454968.36 2009  5 16 20 39
 2454969.58 2009  5 18  1 56   2454969.62 2009  5 18  2 58   2454969.67 2009  5 18  4  0
 2454970.89 2009  5 19  9 17   2454970.93 2009  5 19 10 19   2454970.97 2009  5 19 11 21
 2454972.19 2009  5 20 16 38   2454972.24 2009  5 20 17 40   2454972.28 2009  5 20 18 42
 2454973.50 2009  5 21 23 59   2454973.54 2009  5 22  1  1   2454973.59 2009  5 22  2  3
 2454974.81 2009  5 23  7 20   2454974.85 2009  5 23  8 22   2454974.89 2009  5 23  9 24
 2454976.11 2009  5 24 14 41   2454976.16 2009  5 24 15 43   2454976.20 2009  5 24 16 45
 2454977.42 2009  5 25 22  2   2454977.46 2009  5 25 23  4   2454977.50 2009  5 26  0  5
 2454978.72 2009  5 27  5 23   2454978.77 2009  5 27  6 25   2454978.81 2009  5 27  7 26
 2454980.03 2009  5 28 12 44   2454980.07 2009  5 28 13 46   2454980.12 2009  5 28 14 47
 2454981.34 2009  5 29 20  5   2454981.38 2009  5 29 21  6   2454981.42 2009  5 29 22  8
 2454982.64 2009  5 31  3 25   2454982.69 2009  5 31  4 27   2454982.73 2009  5 31  5 29
 2454983.95 2009  6  1 10 46   2454983.99 2009  6  1 11 48   2454984.04 2009  6  1 12 50
 2454985.26 2009  6  2 18  7   2454985.30 2009  6  2 19  9   2454985.34 2009  6  2 20 11
 2454986.56 2009  6  4  1 28   2454986.60 2009  6  4  2 30   2454986.65 2009  6  4  3 32
 2454987.87 2009  6  5  8 49   2454987.91 2009  6  5  9 51   2454987.95 2009  6  5 10 53
 2454989.17 2009  6  6 16 10   2454989.22 2009  6  6 17 12   2454989.26 2009  6  6 18 14
 2454990.48 2009  6  7 23 31   2454990.52 2009  6  8  0 33   2454990.57 2009  6  8  1 35
 2454991.79 2009  6  9  6 52   2454991.83 2009  6  9  7 54   2454991.87 2009  6  9  8 56
 2454993.09 2009  6 10 14 13   2454993.14 2009  6 10 15 15   2454993.18 2009  6 10 16 17
 2454994.40 2009  6 11 21 34   2454994.44 2009  6 11 22 36   2454994.48 2009  6 11 23 38
 2454995.70 2009  6 13  4 54   2454995.75 2009  6 13  5 56   2454995.79 2009  6 13  6 58
 2454997.01 2009  6 14 12 15   2454997.05 2009  6 14 13 17   2454997.10 2009  6 14 14 19
 2454998.32 2009  6 15 19 36   2454998.36 2009  6 15 20 38   2454998.40 2009  6 15 21 40
 2454999.62 2009  6 17  2 57   2454999.67 2009  6 17  3 59   2454999.71 2009  6 17  5  1
 2455000.93 2009  6 18 10 18   2455000.97 2009  6 18 11 20   2455001.02 2009  6 18 12 22
 2455002.24 2009  6 19 17 39   2455002.28 2009  6 19 18 41   2455002.32 2009  6 19 19 43
 2455003.54 2009  6 21  1  0   2455003.59 2009  6 21  2  2   2455003.63 2009  6 21  3  4
 2455004.85 2009  6 22  8 21   2455004.89 2009  6 22  9 23   2455004.93 2009  6 22 10 25
 2455006.15 2009  6 23 15 42   2455006.20 2009  6 23 16 44   2455006.24 2009  6 23 17 46
 2455007.46 2009  6 24 23  3   2455007.50 2009  6 25  0  5   2455007.55 2009  6 25  1  7
 2455008.77 2009  6 26  6 23   2455008.81 2009  6 26  7 26   2455008.85 2009  6 26  8 28
 2455010.07 2009  6 27 13 44   2455010.12 2009  6 27 14 47   2455010.16 2009  6 27 15 49
 2455011.38 2009  6 28 21  5   2455011.42 2009  6 28 22  7   2455011.47 2009  6 28 23 10
 2455012.69 2009  6 30  4 26   2455012.73 2009  6 30  5 28   2455012.77 2009  6 30  6 31
 2455013.99 2009  7  1 11 47   2455014.03 2009  7  1 12 49   2455014.08 2009  7  1 13 51
 2455015.30 2009  7  2 19  8   2455015.34 2009  7  2 20 10   2455015.38 2009  7  2 21 12
 2455016.60 2009  7  4  2 29   2455016.65 2009  7  4  3 31   2455016.69 2009  7  4  4 33
 2455017.91 2009  7  5  9 50   2455017.95 2009  7  5 10 52   2455018.00 2009  7  5 11 54
 2455019.22 2009  7  6 17 11   2455019.26 2009  7  6 18 13   2455019.30 2009  7  6 19 15
 2455020.52 2009  7  8  0 32   2455020.57 2009  7  8  1 34   2455020.61 2009  7  8  2 36
 2455021.83 2009  7  9  7 52   2455021.87 2009  7  9  8 55   2455021.91 2009  7  9  9 57
 2455023.13 2009  7 10 15 13   2455023.18 2009  7 10 16 16   2455023.22 2009  7 10 17 18
 2455024.44 2009  7 11 22 34   2455024.48 2009  7 11 23 37   2455024.53 2009  7 12  0 39
 2455025.75 2009  7 13  5 55   2455025.79 2009  7 13  6 57   2455025.83 2009  7 13  8  0
 2455027.05 2009  7 14 13 16   2455027.10 2009  7 14 14 18   2455027.14 2009  7 14 15 21
 2455028.36 2009  7 15 20 37   2455028.40 2009  7 15 21 39   2455028.45 2009  7 15 22 42
 2455029.67 2009  7 17  3 58   2455029.71 2009  7 17  5  0   2455029.75 2009  7 17  6  3
 2455030.97 2009  7 18 11 19   2455031.02 2009  7 18 12 21   2455031.06 2009  7 18 13 24
 2455032.28 2009  7 19 18 40   2455032.32 2009  7 19 19 42   2455032.36 2009  7 19 20 44
 2455033.58 2009  7 21  2  1   2455033.63 2009  7 21  3  3   2455033.67 2009  7 21  4  5
 2455034.89 2009  7 22  9 21   2455034.93 2009  7 22 10 24   2455034.98 2009  7 22 11 26
 2455036.20 2009  7 23 16 42   2455036.24 2009  7 23 17 45   2455036.28 2009  7 23 18 47
 2455037.50 2009  7 25  0  3   2455037.55 2009  7 25  1  6   2455037.59 2009  7 25  2  8
 2455038.81 2009  7 26  7 24   2455038.85 2009  7 26  8 27   2455038.90 2009  7 26  9 29
 2455040.11 2009  7 27 14 45   2455040.16 2009  7 27 15 48   2455040.20 2009  7 27 16 50
 2455041.42 2009  7 28 22  6   2455041.46 2009  7 28 23  8   2455041.51 2009  7 29  0 11
 2455042.73 2009  7 30  5 27   2455042.77 2009  7 30  6 29   2455042.81 2009  7 30  7 32
 2455044.03 2009  7 31 12 48   2455044.08 2009  7 31 13 50   2455044.12 2009  7 31 14 53
 2455045.34 2009  8  1 20  9   2455045.38 2009  8  1 21 11   2455045.43 2009  8  1 22 14
 2455046.65 2009  8  3  3 30   2455046.69 2009  8  3  4 32   2455046.73 2009  8  3  5 35
 2455047.95 2009  8  4 10 50   2455048.00 2009  8  4 11 53   2455048.04 2009  8  4 12 56
 2455049.26 2009  8  5 18 11   2455049.30 2009  8  5 19 14   2455049.35 2009  8  5 20 17
 2455050.56 2009  8  7  1 32   2455050.61 2009  8  7  2 35   2455050.65 2009  8  7  3 37
 2455051.87 2009  8  8  8 53   2455051.91 2009  8  8  9 56   2455051.96 2009  8  8 10 58
 2455053.18 2009  8  9 16 14   2455053.22 2009  8  9 17 17   2455053.26 2009  8  9 18 19
 2455054.48 2009  8 10 23 35   2455054.53 2009  8 11  0 38   2455054.57 2009  8 11  1 40
 2455055.79 2009  8 12  6 56   2455055.83 2009  8 12  7 59   2455055.88 2009  8 12  9  1
 2455057.10 2009  8 13 14 17   2455057.14 2009  8 13 15 19   2455057.18 2009  8 13 16 22
 2455058.40 2009  8 14 21 38   2455058.45 2009  8 14 22 40   2455058.49 2009  8 14 23 43
 2455059.71 2009  8 16  4 59   2455059.75 2009  8 16  6  1   2455059.79 2009  8 16  7  4
 2455061.01 2009  8 17 12 19   2455061.06 2009  8 17 13 22   2455061.10 2009  8 17 14 25
 2455062.32 2009  8 18 19 40   2455062.36 2009  8 18 20 43   2455062.41 2009  8 18 21 46
 2455063.63 2009  8 20  3  1   2455063.67 2009  8 20  4  4   2455063.71 2009  8 20  5  7
 2455064.93 2009  8 21 10 22   2455064.98 2009  8 21 11 25   2455065.02 2009  8 21 12 28
 2455066.24 2009  8 22 17 43   2455066.28 2009  8 22 18 46   2455066.33 2009  8 22 19 49
 2455067.54 2009  8 24  1  4   2455067.59 2009  8 24  2  7   2455067.63 2009  8 24  3 10
 2455068.85 2009  8 25  8 25   2455068.89 2009  8 25  9 28   2455068.94 2009  8 25 10 30
 2455070.16 2009  8 26 15 46   2455070.20 2009  8 26 16 49   2455070.24 2009  8 26 17 51
 2455071.46 2009  8 27 23  7   2455071.51 2009  8 28  0  9   2455071.55 2009  8 28  1 12
 2455072.77 2009  8 29  6 28   2455072.81 2009  8 29  7 30   2455072.86 2009  8 29  8 33
 2455074.08 2009  8 30 13 48   2455074.12 2009  8 30 14 51   2455074.16 2009  8 30 15 54
 2455075.38 2009  8 31 21  9   2455075.43 2009  8 31 22 12   2455075.47 2009  8 31 23 15
 2455076.69 2009  9  2  4 30   2455076.73 2009  9  2  5 33   2455076.78 2009  9  2  6 36
 2455077.99 2009  9  3 11 51   2455078.04 2009  9  3 12 54   2455078.08 2009  9  3 13 57
 2455079.30 2009  9  4 19 12   2455079.34 2009  9  4 20 15   2455079.39 2009  9  4 21 18
 2455080.61 2009  9  6  2 33   2455080.65 2009  9  6  3 36   2455080.69 2009  9  6  4 39
 2455081.91 2009  9  7  9 54   2455081.96 2009  9  7 10 57   2455082.00 2009  9  7 12  0
 2455083.22 2009  9  8 17 15   2455083.26 2009  9  8 18 18   2455083.31 2009  9  8 19 21
 2455084.53 2009  9 10  0 36   2455084.57 2009  9 10  1 39   2455084.61 2009  9 10  2 42
 2455085.83 2009  9 11  7 57   2455085.88 2009  9 11  9  0   2455085.92 2009  9 11 10  3
 2455087.14 2009  9 12 15 17   2455087.18 2009  9 12 16 20   2455087.22 2009  9 12 17 23
 2455088.44 2009  9 13 22 38   2455088.49 2009  9 13 23 41   2455088.53 2009  9 14  0 44
 2455089.75 2009  9 15  5 59   2455089.79 2009  9 15  7  2   2455089.84 2009  9 15  8  5
 2455091.06 2009  9 16 13 20   2455091.10 2009  9 16 14 23   2455091.14 2009  9 16 15 26
 2455092.36 2009  9 17 20 41   2455092.41 2009  9 17 21 44   2455092.45 2009  9 17 22 47
 2455093.67 2009  9 19  4  2   2455093.71 2009  9 19  5  5   2455093.76 2009  9 19  6  8
 2455094.97 2009  9 20 11 23   2455095.02 2009  9 20 12 26   2455095.06 2009  9 20 13 29
 2455096.28 2009  9 21 18 44   2455096.32 2009  9 21 19 47   2455096.37 2009  9 21 20 50
 2455097.59 2009  9 23  2  5   2455097.63 2009  9 23  3  8   2455097.67 2009  9 23  4 11
 2455098.89 2009  9 24  9 26   2455098.94 2009  9 24 10 29   2455098.98 2009  9 24 11 32
 2455100.20 2009  9 25 16 46   2455100.24 2009  9 25 17 50   2455100.29 2009  9 25 18 53
 2455101.51 2009  9 27  0  7   2455101.55 2009  9 27  1 10   2455101.59 2009  9 27  2 14
 2455102.81 2009  9 28  7 28   2455102.86 2009  9 28  8 31   2455102.90 2009  9 28  9 35
 2455104.12 2009  9 29 14 49   2455104.16 2009  9 29 15 52   2455104.21 2009  9 29 16 56
 2455105.42 2009  9 30 22 10   2455105.47 2009  9 30 23 13   2455105.51 2009 10  1  0 16
 2455106.73 2009 10  2  5 31   2455106.77 2009 10  2  6 34   2455106.82 2009 10  2  7 37
 2455108.04 2009 10  3 12 52   2455108.08 2009 10  3 13 55   2455108.12 2009 10  3 14 58
 2455109.34 2009 10  4 20 13   2455109.39 2009 10  4 21 16   2455109.43 2009 10  4 22 19
 2455110.65 2009 10  6  3 34   2455110.69 2009 10  6  4 37   2455110.74 2009 10  6  5 40
 2455111.95 2009 10  7 10 54   2455112.00 2009 10  7 11 58   2455112.04 2009 10  7 13  1
 2455113.26 2009 10  8 18 15   2455113.31 2009 10  8 19 19   2455113.35 2009 10  8 20 22
 2455114.57 2009 10 10  1 36   2455114.61 2009 10 10  2 40   2455114.66 2009 10 10  3 43
 2455115.87 2009 10 11  8 57   2455115.92 2009 10 11 10  1   2455115.96 2009 10 11 11  4
 2455117.18 2009 10 12 16 18   2455117.22 2009 10 12 17 21   2455117.27 2009 10 12 18 25
 2455118.49 2009 10 13 23 39   2455118.53 2009 10 14  0 42   2455118.57 2009 10 14  1 46
 2455119.79 2009 10 15  7  0   2455119.84 2009 10 15  8  3   2455119.88 2009 10 15  9  7
 2455121.10 2009 10 16 14 21   2455121.14 2009 10 16 15 24   2455121.19 2009 10 16 16 28
 2455122.40 2009 10 17 21 42   2455122.45 2009 10 17 22 45   2455122.49 2009 10 17 23 49
 2455123.71 2009 10 19  5  3   2455123.75 2009 10 19  6  6   2455123.80 2009 10 19  7  9
 2455125.02 2009 10 20 12 23   2455125.06 2009 10 20 13 27   2455125.10 2009 10 20 14 30
 2455126.32 2009 10 21 19 44   2455126.37 2009 10 21 20 48   2455126.41 2009 10 21 21 51
 2455127.63 2009 10 23  3  5   2455127.67 2009 10 23  4  9   2455127.72 2009 10 23  5 12
 2455128.94 2009 10 24 10 26   2455128.98 2009 10 24 11 30   2455129.02 2009 10 24 12 33
 2455130.24 2009 10 25 17 47   2455130.29 2009 10 25 18 51   2455130.33 2009 10 25 19 54
 2455131.55 2009 10 27  1  8   2455131.59 2009 10 27  2 11   2455131.64 2009 10 27  3 15
 2455132.85 2009 10 28  8 29   2455132.90 2009 10 28  9 32   2455132.94 2009 10 28 10 36
 2455134.16 2009 10 29 15 50   2455134.20 2009 10 29 16 53   2455134.25 2009 10 29 17 57
 2455135.47 2009 10 30 23 11   2455135.51 2009 10 31  0 14   2455135.55 2009 10 31  1 18
 2455136.77 2009 11  1  6 32   2455136.82 2009 11  1  7 35   2455136.86 2009 11  1  8 39
 2455138.08 2009 11  2 13 52   2455138.12 2009 11  2 14 56   2455138.17 2009 11  2 16  0
 2455139.38 2009 11  3 21 13   2455139.43 2009 11  3 22 17   2455139.47 2009 11  3 23 21
 2455140.69 2009 11  5  4 34   2455140.73 2009 11  5  5 38   2455140.78 2009 11  5  6 41
 2455142.00 2009 11  6 11 55   2455142.04 2009 11  6 12 59   2455142.09 2009 11  6 14  2
 2455143.30 2009 11  7 19 16   2455143.35 2009 11  7 20 20   2455143.39 2009 11  7 21 23
 2455144.61 2009 11  9  2 37   2455144.65 2009 11  9  3 41   2455144.70 2009 11  9  4 44
 2455145.92 2009 11 10  9 58   2455145.96 2009 11 10 11  2   2455146.00 2009 11 10 12  5
 2455147.22 2009 11 11 17 19   2455147.27 2009 11 11 18 22   2455147.31 2009 11 11 19 26
 2455148.53 2009 11 13  0 40   2455148.57 2009 11 13  1 43   2455148.62 2009 11 13  2 47
 2455149.83 2009 11 14  8  1   2455149.88 2009 11 14  9  4   2455149.92 2009 11 14 10  8
 2455151.14 2009 11 15 15 21   2455151.18 2009 11 15 16 25   2455151.23 2009 11 15 17 29
 2455152.45 2009 11 16 22 42   2455152.49 2009 11 16 23 46   2455152.53 2009 11 17  0 50
 2455153.75 2009 11 18  6  3   2455153.80 2009 11 18  7  7   2455153.84 2009 11 18  8 11
 2455155.06 2009 11 19 13 24   2455155.10 2009 11 19 14 28   2455155.15 2009 11 19 15 32
 2455156.36 2009 11 20 20 45   2455156.41 2009 11 20 21 49   2455156.45 2009 11 20 22 53
 2455157.67 2009 11 22  4  6   2455157.72 2009 11 22  5 10   2455157.76 2009 11 22  6 14
 2455158.98 2009 11 23 11 27   2455159.02 2009 11 23 12 31   2455159.07 2009 11 23 13 34
 2455160.28 2009 11 24 18 48   2455160.33 2009 11 24 19 52   2455160.37 2009 11 24 20 55
 2455161.59 2009 11 26  2  9   2455161.63 2009 11 26  3 13   2455161.68 2009 11 26  4 16
 2455162.90 2009 11 27  9 30   2455162.94 2009 11 27 10 33   2455162.98 2009 11 27 11 37
 2455164.20 2009 11 28 16 50   2455164.25 2009 11 28 17 54   2455164.29 2009 11 28 18 58
 2455165.51 2009 11 30  0 11   2455165.55 2009 11 30  1 15   2455165.60 2009 11 30  2 19
 2455166.81 2009 12  1  7 32   2455166.86 2009 12  1  8 36   2455166.90 2009 12  1  9 40
 2455168.12 2009 12  2 14 53   2455168.16 2009 12  2 15 57   2455168.21 2009 12  2 17  1
 2455169.43 2009 12  3 22 14   2455169.47 2009 12  3 23 18   2455169.52 2009 12  4  0 22
 2455170.73 2009 12  5  5 35   2455170.78 2009 12  5  6 39   2455170.82 2009 12  5  7 43
 2455172.04 2009 12  6 12 56   2455172.08 2009 12  6 14  0   2455172.13 2009 12  6 15  4
 2455173.35 2009 12  7 20 17   2455173.39 2009 12  7 21 21   2455173.43 2009 12  7 22 25
 2455174.65 2009 12  9  3 38   2455174.70 2009 12  9  4 42   2455174.74 2009 12  9  5 46
 2455175.96 2009 12 10 10 59   2455176.00 2009 12 10 12  3   2455176.05 2009 12 10 13  7
 2455177.26 2009 12 11 18 19   2455177.31 2009 12 11 19 23   2455177.35 2009 12 11 20 27
 2455178.57 2009 12 13  1 40   2455178.61 2009 12 13  2 44   2455178.66 2009 12 13  3 48
 2455179.88 2009 12 14  9  1   2455179.92 2009 12 14 10  5   2455179.97 2009 12 14 11  9
 2455181.18 2009 12 15 16 22   2455181.23 2009 12 15 17 26   2455181.27 2009 12 15 18 30
 2455182.49 2009 12 16 23 43   2455182.53 2009 12 17  0 47   2455182.58 2009 12 17  1 51
 2455183.79 2009 12 18  7  4   2455183.84 2009 12 18  8  8   2455183.88 2009 12 18  9 12
 2455185.10 2009 12 19 14 25   2455185.15 2009 12 19 15 29   2455185.19 2009 12 19 16 33
 2455186.41 2009 12 20 21 46   2455186.45 2009 12 20 22 50   2455186.50 2009 12 20 23 54
 2455187.71 2009 12 22  5  7   2455187.76 2009 12 22  6 11   2455187.80 2009 12 22  7 15
 2455189.02 2009 12 23 12 28   2455189.06 2009 12 23 13 32   2455189.11 2009 12 23 14 36
 2455190.33 2009 12 24 19 48   2455190.37 2009 12 24 20 53   2455190.41 2009 12 24 21 57
 2455191.63 2009 12 26  3  9   2455191.68 2009 12 26  4 14   2455191.72 2009 12 26  5 18
 2455192.94 2009 12 27 10 30   2455192.98 2009 12 27 11 34   2455193.03 2009 12 27 12 39
 2455194.24 2009 12 28 17 51   2455194.29 2009 12 28 18 55   2455194.33 2009 12 28 20  0
 2455195.55 2009 12 30  1 12   2455195.59 2009 12 30  2 16   2455195.64 2009 12 30  3 20
 2455196.86 2009 12 31  8 33   2455196.90 2009 12 31  9 37   2455196.95 2009 12 31 10 41
 2455198.16 2010  1  1 15 54   2455198.21 2010  1  1 16 58   2455198.25 2010  1  1 18  2
 2455199.47 2010  1  2 23 15   2455199.51 2010  1  3  0 19   2455199.56 2010  1  3  1 23
 2455200.78 2010  1  4  6 36   2455200.82 2010  1  4  7 40   2455200.86 2010  1  4  8 44
 2455202.08 2010  1  5 13 57   2455202.13 2010  1  5 15  1   2455202.17 2010  1  5 16  5
 2455203.39 2010  1  6 21 17   2455203.43 2010  1  6 22 22   2455203.48 2010  1  6 23 26
 2455204.69 2010  1  8  4 38   2455204.74 2010  1  8  5 43   2455204.78 2010  1  8  6 47
 2455206.00 2010  1  9 11 59   2455206.04 2010  1  9 13  4   2455206.09 2010  1  9 14  8
 2455207.31 2010  1 10 19 20   2455207.35 2010  1 10 20 24   2455207.40 2010  1 10 21 29
 2455208.61 2010  1 12  2 41   2455208.66 2010  1 12  3 45   2455208.70 2010  1 12  4 50
 2455209.92 2010  1 13 10  2   2455209.96 2010  1 13 11  6   2455210.01 2010  1 13 12 11
 2455211.22 2010  1 14 17 23   2455211.27 2010  1 14 18 27   2455211.31 2010  1 14 19 32
 2455212.53 2010  1 16  0 44   2455212.58 2010  1 16  1 48   2455212.62 2010  1 16  2 53
 2455213.84 2010  1 17  8  5   2455213.88 2010  1 17  9  9   2455213.93 2010  1 17 10 13
 2455215.14 2010  1 18 15 26   2455215.19 2010  1 18 16 30   2455215.23 2010  1 18 17 34
 2455216.45 2010  1 19 22 46   2455216.49 2010  1 19 23 51   2455216.54 2010  1 20  0 55
 2455217.76 2010  1 21  6  7   2455217.80 2010  1 21  7 12   2455217.84 2010  1 21  8 16
 2455219.06 2010  1 22 13 28   2455219.11 2010  1 22 14 33   2455219.15 2010  1 22 15 37
 2455220.37 2010  1 23 20 49   2455220.41 2010  1 23 21 54   2455220.46 2010  1 23 22 58
 2455221.67 2010  1 25  4 10   2455221.72 2010  1 25  5 15   2455221.76 2010  1 25  6 19
 2455222.98 2010  1 26 11 31   2455223.02 2010  1 26 12 35   2455223.07 2010  1 26 13 40
 2455224.29 2010  1 27 18 52   2455224.33 2010  1 27 19 56   2455224.38 2010  1 27 21  1
 2455225.59 2010  1 29  2 13   2455225.64 2010  1 29  3 17   2455225.68 2010  1 29  4 22
 2455226.90 2010  1 30  9 34   2455226.94 2010  1 30 10 38   2455226.99 2010  1 30 11 43
 2455228.20 2010  1 31 16 55   2455228.25 2010  1 31 17 59   2455228.29 2010  1 31 19  4
 2455229.51 2010  2  2  0 15   2455229.56 2010  2  2  1 20   2455229.60 2010  2  2  2 25
 2455230.82 2010  2  3  7 36   2455230.86 2010  2  3  8 41   2455230.91 2010  2  3  9 46
 2455232.12 2010  2  4 14 57   2455232.17 2010  2  4 16  2   2455232.21 2010  2  4 17  6
 2455233.43 2010  2  5 22 18   2455233.47 2010  2  5 23 23   2455233.52 2010  2  6  0 27
 2455234.74 2010  2  7  5 39   2455234.78 2010  2  7  6 44   2455234.83 2010  2  7  7 48
 2455236.04 2010  2  8 13  0   2455236.09 2010  2  8 14  5   2455236.13 2010  2  8 15  9
 2455237.35 2010  2  9 20 21   2455237.39 2010  2  9 21 25   2455237.44 2010  2  9 22 30
 2455238.65 2010  2 11  3 42   2455238.70 2010  2 11  4 46   2455238.74 2010  2 11  5 51
 2455239.96 2010  2 12 11  3   2455240.01 2010  2 12 12  7   2455240.05 2010  2 12 13 12
 2455241.27 2010  2 13 18 24   2455241.31 2010  2 13 19 28   2455241.36 2010  2 13 20 33
 2455242.57 2010  2 15  1 44   2455242.62 2010  2 15  2 49   2455242.66 2010  2 15  3 54
 2455243.88 2010  2 16  9  5   2455243.92 2010  2 16 10 10   2455243.97 2010  2 16 11 15
 2455245.19 2010  2 17 16 26   2455245.23 2010  2 17 17 31   2455245.28 2010  2 17 18 36
 2455246.49 2010  2 18 23 47   2455246.54 2010  2 19  0 52   2455246.58 2010  2 19  1 57
 2455247.80 2010  2 20  7  8   2455247.84 2010  2 20  8 13   2455247.89 2010  2 20  9 18
 2455249.10 2010  2 21 14 29   2455249.15 2010  2 21 15 34   2455249.19 2010  2 21 16 39
 2455250.41 2010  2 22 21 50   2455250.45 2010  2 22 22 55   2455250.50 2010  2 22 23 59
 2455251.72 2010  2 24  5 11   2455251.76 2010  2 24  6 16   2455251.81 2010  2 24  7 20
 2455253.02 2010  2 25 12 32   2455253.07 2010  2 25 13 36   2455253.11 2010  2 25 14 41
 2455254.33 2010  2 26 19 53   2455254.37 2010  2 26 20 57   2455254.42 2010  2 26 22  2
 2455255.63 2010  2 28  3 13   2455255.68 2010  2 28  4 18   2455255.72 2010  2 28  5 23
 2455256.94 2010  3  1 10 34   2455256.99 2010  3  1 11 39   2455257.03 2010  3  1 12 44
 2455258.25 2010  3  2 17 55   2455258.29 2010  3  2 19  0   2455258.34 2010  3  2 20  5
 2455259.55 2010  3  4  1 16   2455259.60 2010  3  4  2 21   2455259.64 2010  3  4  3 26
 2455260.86 2010  3  5  8 37   2455260.90 2010  3  5  9 42   2455260.95 2010  3  5 10 47
 2455262.17 2010  3  6 15 58   2455262.21 2010  3  6 17  3   2455262.26 2010  3  6 18  8
 2455263.47 2010  3  7 23 19   2455263.52 2010  3  8  0 24   2455263.56 2010  3  8  1 29
 2455264.78 2010  3  9  6 40   2455264.82 2010  3  9  7 45   2455264.87 2010  3  9  8 50
 2455266.08 2010  3 10 14  1   2455266.13 2010  3 10 15  6   2455266.17 2010  3 10 16 11
 2455267.39 2010  3 11 21 21   2455267.44 2010  3 11 22 27   2455267.48 2010  3 11 23 32
 2455268.70 2010  3 13  4 42   2455268.74 2010  3 13  5 47   2455268.79 2010  3 13  6 52
 2455270.00 2010  3 14 12  3   2455270.05 2010  3 14 13  8   2455270.09 2010  3 14 14 13
 2455271.31 2010  3 15 19 24   2455271.35 2010  3 15 20 29   2455271.40 2010  3 15 21 34
 2455272.61 2010  3 17  2 45   2455272.66 2010  3 17  3 50   2455272.71 2010  3 17  4 55
 2455273.92 2010  3 18 10  6   2455273.97 2010  3 18 11 11   2455274.01 2010  3 18 12 16
 2455275.23 2010  3 19 17 27   2455275.27 2010  3 19 18 32   2455275.32 2010  3 19 19 37
 2455276.53 2010  3 21  0 48   2455276.58 2010  3 21  1 53   2455276.62 2010  3 21  2 58
 2455277.84 2010  3 22  8  9   2455277.88 2010  3 22  9 14   2455277.93 2010  3 22 10 19
 2455279.15 2010  3 23 15 30   2455279.19 2010  3 23 16 35   2455279.24 2010  3 23 17 40
 2455280.45 2010  3 24 22 50   2455280.50 2010  3 24 23 56   2455280.54 2010  3 25  1  1
 2455281.76 2010  3 26  6 11   2455281.80 2010  3 26  7 17   2455281.85 2010  3 26  8 22
 2455283.06 2010  3 27 13 32   2455283.11 2010  3 27 14 37   2455283.15 2010  3 27 15 43
 2455284.37 2010  3 28 20 53   2455284.42 2010  3 28 21 58   2455284.46 2010  3 28 23  4
 2455285.68 2010  3 30  4 14   2455285.72 2010  3 30  5 19   2455285.77 2010  3 30  6 25
 2455286.98 2010  3 31 11 35   2455287.03 2010  3 31 12 40   2455287.07 2010  3 31 13 45
 2455288.29 2010  4  1 18 56   2455288.33 2010  4  1 20  1   2455288.38 2010  4  1 21  6
 2455289.60 2010  4  3  2 17   2455289.64 2010  4  3  3 22   2455289.69 2010  4  3  4 27
 2455290.90 2010  4  4  9 38   2455290.95 2010  4  4 10 43   2455290.99 2010  4  4 11 48
 2455292.21 2010  4  5 16 59   2455292.25 2010  4  5 18  4   2455292.30 2010  4  5 19  9
 2455293.51 2010  4  7  0 19   2455293.56 2010  4  7  1 25   2455293.60 2010  4  7  2 30
 2455294.82 2010  4  8  7 40   2455294.87 2010  4  8  8 46   2455294.91 2010  4  8  9 51
 2455296.13 2010  4  9 15  1   2455296.17 2010  4  9 16  7   2455296.22 2010  4  9 17 12
 2455297.43 2010  4 10 22 22   2455297.48 2010  4 10 23 28   2455297.52 2010  4 11  0 33
 2455298.74 2010  4 12  5 43   2455298.78 2010  4 12  6 48   2455298.83 2010  4 12  7 54
 2455300.04 2010  4 13 13  4   2455300.09 2010  4 13 14  9   2455300.14 2010  4 13 15 15
 2455301.35 2010  4 14 20 25   2455301.40 2010  4 14 21 30   2455301.44 2010  4 14 22 36
 2455302.66 2010  4 16  3 46   2455302.70 2010  4 16  4 51   2455302.75 2010  4 16  5 57
 2455303.96 2010  4 17 11  7   2455304.01 2010  4 17 12 12   2455304.05 2010  4 17 13 17
 2455305.27 2010  4 18 18 28   2455305.31 2010  4 18 19 33   2455305.36 2010  4 18 20 38
 2455306.58 2010  4 20  1 48   2455306.62 2010  4 20  2 54   2455306.67 2010  4 20  3 59
 2455307.88 2010  4 21  9  9   2455307.93 2010  4 21 10 15   2455307.97 2010  4 21 11 20
 2455309.19 2010  4 22 16 30   2455309.23 2010  4 22 17 36   2455309.28 2010  4 22 18 41
 2455310.49 2010  4 23 23 51   2455310.54 2010  4 24  0 57   2455310.59 2010  4 24  2  2
 2455311.80 2010  4 25  7 12   2455311.85 2010  4 25  8 18   2455311.89 2010  4 25  9 23
 2455313.11 2010  4 26 14 33   2455313.15 2010  4 26 15 38   2455313.20 2010  4 26 16 44
