 Predicted Transit Epochs: TrES-2___ b

Observed Transit Duration:   90.0 Minutes

 Begin Transit Window           PREDICTED CENTRAL TRANSIT     End Transit Window
                                     All Times UT

                               HJD        Year M  D  H  M
 2454926.09 2009  4  4 14  4   2454926.12 2009  4  4 14 56   2454926.16 2009  4  4 15 48
 2454928.56 2009  4  7  1 22   2454928.59 2009  4  7  2 14   2454928.63 2009  4  7  3  6
 2454931.03 2009  4  9 12 40   2454931.06 2009  4  9 13 32   2454931.10 2009  4  9 14 24
 2454933.50 2009  4 11 23 57   2454933.53 2009  4 12  0 49   2454933.57 2009  4 12  1 42
 2454935.97 2009  4 14 11 15   2454936.01 2009  4 14 12  7   2454936.04 2009  4 14 12 59
 2454938.44 2009  4 16 22 33   2454938.48 2009  4 16 23 25   2454938.51 2009  4 17  0 17
 2454940.91 2009  4 19  9 50   2454940.95 2009  4 19 10 43   2454940.98 2009  4 19 11 35
 2454943.38 2009  4 21 21  8   2454943.42 2009  4 21 22  0   2454943.45 2009  4 21 22 52
 2454945.85 2009  4 24  8 26   2454945.89 2009  4 24  9 18   2454945.92 2009  4 24 10 10
 2454948.32 2009  4 26 19 43   2454948.36 2009  4 26 20 36   2454948.39 2009  4 26 21 28
 2454950.79 2009  4 29  7  1   2454950.83 2009  4 29  7 53   2454950.87 2009  4 29  8 46
 2454953.26 2009  5  1 18 19   2454953.30 2009  5  1 19 11   2454953.34 2009  5  1 20  3
 2454955.73 2009  5  4  5 37   2454955.77 2009  5  4  6 29   2454955.81 2009  5  4  7 21
 2454958.20 2009  5  6 16 54   2454958.24 2009  5  6 17 46   2454958.28 2009  5  6 18 39
 2454960.68 2009  5  9  4 12   2454960.71 2009  5  9  5  4   2454960.75 2009  5  9  5 56
 2454963.15 2009  5 11 15 30   2454963.18 2009  5 11 16 22   2454963.22 2009  5 11 17 14
 2454965.62 2009  5 14  2 47   2454965.65 2009  5 14  3 40   2454965.69 2009  5 14  4 32
 2454968.09 2009  5 16 14  5   2454968.12 2009  5 16 14 57   2454968.16 2009  5 16 15 50
 2454970.56 2009  5 19  1 23   2454970.59 2009  5 19  2 15   2454970.63 2009  5 19  3  7
 2454973.03 2009  5 21 12 40   2454973.06 2009  5 21 13 33   2454973.10 2009  5 21 14 25
 2454975.50 2009  5 23 23 58   2454975.54 2009  5 24  0 50   2454975.57 2009  5 24  1 43
 2454977.97 2009  5 26 11 16   2454978.01 2009  5 26 12  8   2454978.04 2009  5 26 13  1
 2454980.44 2009  5 28 22 33   2454980.48 2009  5 28 23 26   2454980.51 2009  5 29  0 18
 2454982.91 2009  5 31  9 51   2454982.95 2009  5 31 10 44   2454982.98 2009  5 31 11 36
 2454985.38 2009  6  2 21  9   2454985.42 2009  6  2 22  1   2454985.45 2009  6  2 22 54
 2454987.85 2009  6  5  8 27   2454987.89 2009  6  5  9 19   2454987.92 2009  6  5 10 11
 2454990.32 2009  6  7 19 44   2454990.36 2009  6  7 20 37   2454990.40 2009  6  7 21 29
 2454992.79 2009  6 10  7  2   2454992.83 2009  6 10  7 54   2454992.87 2009  6 10  8 47
 2454995.26 2009  6 12 18 20   2454995.30 2009  6 12 19 12   2454995.34 2009  6 12 20  5
 2454997.73 2009  6 15  5 37   2454997.77 2009  6 15  6 30   2454997.81 2009  6 15  7 22
 2455000.21 2009  6 17 16 55   2455000.24 2009  6 17 17 47   2455000.28 2009  6 17 18 40
 2455002.68 2009  6 20  4 13   2455002.71 2009  6 20  5  5   2455002.75 2009  6 20  5 58
 2455005.15 2009  6 22 15 30   2455005.18 2009  6 22 16 23   2455005.22 2009  6 22 17 15
 2455007.62 2009  6 25  2 48   2455007.65 2009  6 25  3 41   2455007.69 2009  6 25  4 33
 2455010.09 2009  6 27 14  6   2455010.12 2009  6 27 14 58   2455010.16 2009  6 27 15 51
 2455012.56 2009  6 30  1 23   2455012.59 2009  6 30  2 16   2455012.63 2009  6 30  3  9
 2455015.03 2009  7  2 12 41   2455015.07 2009  7  2 13 34   2455015.10 2009  7  2 14 26
 2455017.50 2009  7  4 23 59   2455017.54 2009  7  5  0 51   2455017.57 2009  7  5  1 44
 2455019.97 2009  7  7 11 17   2455020.01 2009  7  7 12  9   2455020.04 2009  7  7 13  2
 2455022.44 2009  7  9 22 34   2455022.48 2009  7  9 23 27   2455022.51 2009  7 10  0 20
 2455024.91 2009  7 12  9 52   2455024.95 2009  7 12 10 45   2455024.98 2009  7 12 11 37
 2455027.38 2009  7 14 21 10   2455027.42 2009  7 14 22  2   2455027.46 2009  7 14 22 55
 2455029.85 2009  7 17  8 27   2455029.89 2009  7 17  9 20   2455029.93 2009  7 17 10 13
 2455032.32 2009  7 19 19 45   2455032.36 2009  7 19 20 38   2455032.40 2009  7 19 21 30
 2455034.79 2009  7 22  7  3   2455034.83 2009  7 22  7 55   2455034.87 2009  7 22  8 48
 2455037.26 2009  7 24 18 20   2455037.30 2009  7 24 19 13   2455037.34 2009  7 24 20  6
 2455039.74 2009  7 27  5 38   2455039.77 2009  7 27  6 31   2455039.81 2009  7 27  7 24
 2455042.21 2009  7 29 16 56   2455042.24 2009  7 29 17 49   2455042.28 2009  7 29 18 41
 2455044.68 2009  8  1  4 13   2455044.71 2009  8  1  5  6   2455044.75 2009  8  1  5 59
 2455047.15 2009  8  3 15 31   2455047.18 2009  8  3 16 24   2455047.22 2009  8  3 17 17
 2455049.62 2009  8  6  2 49   2455049.65 2009  8  6  3 42   2455049.69 2009  8  6  4 34
 2455052.09 2009  8  8 14  7   2455052.12 2009  8  8 14 59   2455052.16 2009  8  8 15 52
 2455054.56 2009  8 11  1 24   2455054.60 2009  8 11  2 17   2455054.63 2009  8 11  3 10
 2455057.03 2009  8 13 12 42   2455057.07 2009  8 13 13 35   2455057.10 2009  8 13 14 28
 2455059.50 2009  8 16  0  0   2455059.54 2009  8 16  0 52   2455059.57 2009  8 16  1 45
 2455061.97 2009  8 18 11 17   2455062.01 2009  8 18 12 10   2455062.04 2009  8 18 13  3
 2455064.44 2009  8 20 22 35   2455064.48 2009  8 20 23 28   2455064.51 2009  8 21  0 21
 2455066.91 2009  8 23  9 53   2455066.95 2009  8 23 10 46   2455066.99 2009  8 23 11 38
 2455069.38 2009  8 25 21 10   2455069.42 2009  8 25 22  3   2455069.46 2009  8 25 22 56
 2455071.85 2009  8 28  8 28   2455071.89 2009  8 28  9 21   2455071.93 2009  8 28 10 14
 2455074.32 2009  8 30 19 46   2455074.36 2009  8 30 20 39   2455074.40 2009  8 30 21 32
 2455076.79 2009  9  2  7  3   2455076.83 2009  9  2  7 56   2455076.87 2009  9  2  8 49
 2455079.27 2009  9  4 18 21   2455079.30 2009  9  4 19 14   2455079.34 2009  9  4 20  7
 2455081.74 2009  9  7  5 39   2455081.77 2009  9  7  6 32   2455081.81 2009  9  7  7 25
 2455084.21 2009  9  9 16 57   2455084.24 2009  9  9 17 50   2455084.28 2009  9  9 18 43
 2455086.68 2009  9 12  4 14   2455086.71 2009  9 12  5  7   2455086.75 2009  9 12  6  0
 2455089.15 2009  9 14 15 32   2455089.18 2009  9 14 16 25   2455089.22 2009  9 14 17 18
 2455091.62 2009  9 17  2 50   2455091.65 2009  9 17  3 43   2455091.69 2009  9 17  4 36
 2455094.09 2009  9 19 14  7   2455094.13 2009  9 19 15  0   2455094.16 2009  9 19 15 53
 2455096.56 2009  9 22  1 25   2455096.60 2009  9 22  2 18   2455096.63 2009  9 22  3 11
 2455099.03 2009  9 24 12 43   2455099.07 2009  9 24 13 36   2455099.10 2009  9 24 14 29
 2455101.50 2009  9 27  0  0   2455101.54 2009  9 27  0 53   2455101.57 2009  9 27  1 47
 2455103.97 2009  9 29 11 18   2455104.01 2009  9 29 12 11   2455104.05 2009  9 29 13  4
 2455106.44 2009 10  1 22 36   2455106.48 2009 10  1 23 29   2455106.52 2009 10  2  0 22
 2455108.91 2009 10  4  9 53   2455108.95 2009 10  4 10 47   2455108.99 2009 10  4 11 40
 2455111.38 2009 10  6 21 11   2455111.42 2009 10  6 22  4   2455111.46 2009 10  6 22 57
 2455113.85 2009 10  9  8 29   2455113.89 2009 10  9  9 22   2455113.93 2009 10  9 10 15
 2455116.32 2009 10 11 19 47   2455116.36 2009 10 11 20 40   2455116.40 2009 10 11 21 33
 2455118.79 2009 10 14  7  4   2455118.83 2009 10 14  7 57   2455118.87 2009 10 14  8 51
 2455121.27 2009 10 16 18 22   2455121.30 2009 10 16 19 15   2455121.34 2009 10 16 20  8
 2455123.74 2009 10 19  5 40   2455123.77 2009 10 19  6 33   2455123.81 2009 10 19  7 26
 2455126.21 2009 10 21 16 57   2455126.24 2009 10 21 17 51   2455126.28 2009 10 21 18 44
 2455128.68 2009 10 24  4 15   2455128.71 2009 10 24  5  8   2455128.75 2009 10 24  6  2
 2455131.15 2009 10 26 15 33   2455131.19 2009 10 26 16 26   2455131.22 2009 10 26 17 19
 2455133.62 2009 10 29  2 50   2455133.66 2009 10 29  3 44   2455133.69 2009 10 29  4 37
 2455136.09 2009 10 31 14  8   2455136.13 2009 10 31 15  1   2455136.16 2009 10 31 15 55
 2455138.56 2009 11  3  1 26   2455138.60 2009 11  3  2 19   2455138.63 2009 11  3  3 12
 2455141.03 2009 11  5 12 43   2455141.07 2009 11  5 13 37   2455141.10 2009 11  5 14 30
 2455143.50 2009 11  8  0  1   2455143.54 2009 11  8  0 55   2455143.58 2009 11  8  1 48
 2455145.97 2009 11 10 11 19   2455146.01 2009 11 10 12 12   2455146.05 2009 11 10 13  6
 2455148.44 2009 11 12 22 37   2455148.48 2009 11 12 23 30   2455148.52 2009 11 13  0 23
 2455150.91 2009 11 15  9 54   2455150.95 2009 11 15 10 48   2455150.99 2009 11 15 11 41
 2455153.38 2009 11 17 21 12   2455153.42 2009 11 17 22  5   2455153.46 2009 11 17 22 59
 2455155.85 2009 11 20  8 30   2455155.89 2009 11 20  9 23   2455155.93 2009 11 20 10 16
 2455158.32 2009 11 22 19 47   2455158.36 2009 11 22 20 41   2455158.40 2009 11 22 21 34
 2455160.80 2009 11 25  7  5   2455160.83 2009 11 25  7 58   2455160.87 2009 11 25  8 52
 2455163.27 2009 11 27 18 23   2455163.30 2009 11 27 19 16   2455163.34 2009 11 27 20 10
 2455165.74 2009 11 30  5 40   2455165.77 2009 11 30  6 34   2455165.81 2009 11 30  7 27
 2455168.21 2009 12  2 16 58   2455168.24 2009 12  2 17 52   2455168.28 2009 12  2 18 45
 2455170.68 2009 12  5  4 16   2455170.72 2009 12  5  5  9   2455170.75 2009 12  5  6  3
 2455173.15 2009 12  7 15 33   2455173.19 2009 12  7 16 27   2455173.22 2009 12  7 17 21
 2455175.62 2009 12 10  2 51   2455175.66 2009 12 10  3 45   2455175.69 2009 12 10  4 38
 2455178.09 2009 12 12 14  9   2455178.13 2009 12 12 15  2   2455178.16 2009 12 12 15 56
 2455180.56 2009 12 15  1 27   2455180.60 2009 12 15  2 20   2455180.63 2009 12 15  3 14
 2455183.03 2009 12 17 12 44   2455183.07 2009 12 17 13 38   2455183.11 2009 12 17 14 31
 2455185.50 2009 12 20  0  2   2455185.54 2009 12 20  0 56   2455185.58 2009 12 20  1 49
 2455187.97 2009 12 22 11 20   2455188.01 2009 12 22 12 13   2455188.05 2009 12 22 13  7
 2455190.44 2009 12 24 22 37   2455190.48 2009 12 24 23 31   2455190.52 2009 12 25  0 25
 2455192.91 2009 12 27  9 55   2455192.95 2009 12 27 10 49   2455192.99 2009 12 27 11 42
 2455195.38 2009 12 29 21 13   2455195.42 2009 12 29 22  6   2455195.46 2009 12 29 23  0
 2455197.85 2010  1  1  8 30   2455197.89 2010  1  1  9 24   2455197.93 2010  1  1 10 18
 2455200.33 2010  1  3 19 48   2455200.36 2010  1  3 20 42   2455200.40 2010  1  3 21 35
 2455202.80 2010  1  6  7  6   2455202.83 2010  1  6  7 59   2455202.87 2010  1  6  8 53
 2455205.27 2010  1  8 18 23   2455205.30 2010  1  8 19 17   2455205.34 2010  1  8 20 11
 2455207.74 2010  1 11  5 41   2455207.77 2010  1 11  6 35   2455207.81 2010  1 11  7 29
 2455210.21 2010  1 13 16 59   2455210.25 2010  1 13 17 53   2455210.28 2010  1 13 18 46
 2455212.68 2010  1 16  4 17   2455212.72 2010  1 16  5 10   2455212.75 2010  1 16  6  4
 2455215.15 2010  1 18 15 34   2455215.19 2010  1 18 16 28   2455215.22 2010  1 18 17 22
 2455217.62 2010  1 21  2 52   2455217.66 2010  1 21  3 46   2455217.69 2010  1 21  4 40
 2455220.09 2010  1 23 14 10   2455220.13 2010  1 23 15  3   2455220.17 2010  1 23 15 57
 2455222.56 2010  1 26  1 27   2455222.60 2010  1 26  2 21   2455222.64 2010  1 26  3 15
 2455225.03 2010  1 28 12 45   2455225.07 2010  1 28 13 39   2455225.11 2010  1 28 14 33
 2455227.50 2010  1 31  0  3   2455227.54 2010  1 31  0 57   2455227.58 2010  1 31  1 50
 2455229.97 2010  2  2 11 20   2455230.01 2010  2  2 12 14   2455230.05 2010  2  2 13  8
 2455232.44 2010  2  4 22 38   2455232.48 2010  2  4 23 32   2455232.52 2010  2  5  0 26
 2455234.91 2010  2  7  9 56   2455234.95 2010  2  7 10 50   2455234.99 2010  2  7 11 44
 2455237.38 2010  2  9 21 13   2455237.42 2010  2  9 22  7   2455237.46 2010  2  9 23  1
 2455239.86 2010  2 12  8 31   2455239.89 2010  2 12  9 25   2455239.93 2010  2 12 10 19
 2455242.33 2010  2 14 19 49   2455242.36 2010  2 14 20 43   2455242.40 2010  2 14 21 37
 2455244.80 2010  2 17  7  7   2455244.83 2010  2 17  8  1   2455244.87 2010  2 17  8 54
 2455247.27 2010  2 19 18 24   2455247.30 2010  2 19 19 18   2455247.34 2010  2 19 20 12
 2455249.74 2010  2 22  5 42   2455249.78 2010  2 22  6 36   2455249.81 2010  2 22  7 30
 2455252.21 2010  2 24 17  0   2455252.25 2010  2 24 17 54   2455252.28 2010  2 24 18 48
 2455254.68 2010  2 27  4 17   2455254.72 2010  2 27  5 11   2455254.75 2010  2 27  6  5
 2455257.15 2010  3  1 15 35   2455257.19 2010  3  1 16 29   2455257.22 2010  3  1 17 23
 2455259.62 2010  3  4  2 53   2455259.66 2010  3  4  3 47   2455259.70 2010  3  4  4 41
 2455262.09 2010  3  6 14 10   2455262.13 2010  3  6 15  4   2455262.17 2010  3  6 15 58
 2455264.56 2010  3  9  1 28   2455264.60 2010  3  9  2 22   2455264.64 2010  3  9  3 16
 2455267.03 2010  3 11 12 46   2455267.07 2010  3 11 13 40   2455267.11 2010  3 11 14 34
 2455269.50 2010  3 14  0  3   2455269.54 2010  3 14  0 58   2455269.58 2010  3 14  1 52
 2455271.97 2010  3 16 11 21   2455272.01 2010  3 16 12 15   2455272.05 2010  3 16 13  9
 2455274.44 2010  3 18 22 39   2455274.48 2010  3 18 23 33   2455274.52 2010  3 19  0 27
 2455276.91 2010  3 21  9 57   2455276.95 2010  3 21 10 51   2455276.99 2010  3 21 11 45
 2455279.39 2010  3 23 21 14   2455279.42 2010  3 23 22  8   2455279.46 2010  3 23 23  3
 2455281.86 2010  3 26  8 32   2455281.89 2010  3 26  9 26   2455281.93 2010  3 26 10 20
 2455284.33 2010  3 28 19 50   2455284.36 2010  3 28 20 44   2455284.40 2010  3 28 21 38
 2455286.80 2010  3 31  7  7   2455286.83 2010  3 31  8  2   2455286.87 2010  3 31  8 56
 2455289.27 2010  4  2 18 25   2455289.31 2010  4  2 19 19   2455289.34 2010  4  2 20 13
 2455291.74 2010  4  5  5 43   2455291.78 2010  4  5  6 37   2455291.81 2010  4  5  7 31
 2455294.21 2010  4  7 17  0   2455294.25 2010  4  7 17 55   2455294.28 2010  4  7 18 49
 2455296.68 2010  4 10  4 18   2455296.72 2010  4 10  5 12   2455296.75 2010  4 10  6  7
 2455299.15 2010  4 12 15 36   2455299.19 2010  4 12 16 30   2455299.23 2010  4 12 17 24
 2455301.62 2010  4 15  2 53   2455301.66 2010  4 15  3 48   2455301.70 2010  4 15  4 42
 2455304.09 2010  4 17 14 11   2455304.13 2010  4 17 15  5   2455304.17 2010  4 17 16  0
 2455306.56 2010  4 20  1 29   2455306.60 2010  4 20  2 23   2455306.64 2010  4 20  3 17
 2455309.03 2010  4 22 12 47   2455309.07 2010  4 22 13 41   2455309.11 2010  4 22 14 35
 2455311.50 2010  4 25  0  4   2455311.54 2010  4 25  0 59   2455311.58 2010  4 25  1 53
 2455313.97 2010  4 27 11 22   2455314.01 2010  4 27 12 16   2455314.05 2010  4 27 13 11
 2455316.44 2010  4 29 22 40   2455316.48 2010  4 29 23 34   2455316.52 2010  4 30  0 28
 2455318.92 2010  5  2  9 57   2455318.95 2010  5  2 10 52   2455318.99 2010  5  2 11 46
 2455321.39 2010  5  4 21 15   2455321.42 2010  5  4 22  9   2455321.46 2010  5  4 23  4
 2455323.86 2010  5  7  8 33   2455323.89 2010  5  7  9 27   2455323.93 2010  5  7 10 22
 2455326.33 2010  5  9 19 50   2455326.36 2010  5  9 20 45   2455326.40 2010  5  9 21 39
 2455328.80 2010  5 12  7  8   2455328.84 2010  5 12  8  3   2455328.87 2010  5 12  8 57
 2455331.27 2010  5 14 18 26   2455331.31 2010  5 14 19 20   2455331.34 2010  5 14 20 15
 2455333.74 2010  5 17  5 44   2455333.78 2010  5 17  6 38   2455333.81 2010  5 17  7 32
 2455336.21 2010  5 19 17  1   2455336.25 2010  5 19 17 56   2455336.29 2010  5 19 18 50
 2455338.68 2010  5 22  4 19   2455338.72 2010  5 22  5 13   2455338.76 2010  5 22  6  8
 2455341.15 2010  5 24 15 37   2455341.19 2010  5 24 16 31   2455341.23 2010  5 24 17 26
 2455343.62 2010  5 27  2 54   2455343.66 2010  5 27  3 49   2455343.70 2010  5 27  4 43
 2455346.09 2010  5 29 14 12   2455346.13 2010  5 29 15  6   2455346.17 2010  5 29 16  1
 2455348.56 2010  6  1  1 30   2455348.60 2010  6  1  2 24   2455348.64 2010  6  1  3 19
 2455351.03 2010  6  3 12 47   2455351.07 2010  6  3 13 42   2455351.11 2010  6  3 14 36
 2455353.50 2010  6  6  0  5   2455353.54 2010  6  6  1  0   2455353.58 2010  6  6  1 54
 2455355.97 2010  6  8 11 23   2455356.01 2010  6  8 12 17   2455356.05 2010  6  8 13 12
 2455358.45 2010  6 10 22 40   2455358.48 2010  6 10 23 35   2455358.52 2010  6 11  0 30
 2455360.92 2010  6 13  9 58   2455360.95 2010  6 13 10 53   2455360.99 2010  6 13 11 47
 2455363.39 2010  6 15 21 16   2455363.42 2010  6 15 22 10   2455363.46 2010  6 15 23  5
 2455365.86 2010  6 18  8 34   2455365.89 2010  6 18  9 28   2455365.93 2010  6 18 10 23
 2455368.33 2010  6 20 19 51   2455368.37 2010  6 20 20 46   2455368.40 2010  6 20 21 41
 2455370.80 2010  6 23  7  9   2455370.84 2010  6 23  8  4   2455370.87 2010  6 23  8 58
 2455373.27 2010  6 25 18 27   2455373.31 2010  6 25 19 21   2455373.34 2010  6 25 20 16
 2455375.74 2010  6 28  5 44   2455375.78 2010  6 28  6 39   2455375.82 2010  6 28  7 34
 2455378.21 2010  6 30 17  2   2455378.25 2010  6 30 17 57   2455378.29 2010  6 30 18 51
 2455380.68 2010  7  3  4 20   2455380.72 2010  7  3  5 14   2455380.76 2010  7  3  6  9
 2455383.15 2010  7  5 15 37   2455383.19 2010  7  5 16 32   2455383.23 2010  7  5 17 27
 2455385.62 2010  7  8  2 55   2455385.66 2010  7  8  3 50   2455385.70 2010  7  8  4 45
 2455388.09 2010  7 10 14 13   2455388.13 2010  7 10 15  8   2455388.17 2010  7 10 16  2
 2455390.56 2010  7 13  1 30   2455390.60 2010  7 13  2 25   2455390.64 2010  7 13  3 20
 2455393.03 2010  7 15 12 48   2455393.07 2010  7 15 13 43   2455393.11 2010  7 15 14 38
 2455395.50 2010  7 18  0  6   2455395.54 2010  7 18  1  1   2455395.58 2010  7 18  1 55
 2455397.98 2010  7 20 11 24   2455398.01 2010  7 20 12 18   2455398.05 2010  7 20 13 13
 2455400.45 2010  7 22 22 41   2455400.48 2010  7 22 23 36   2455400.52 2010  7 23  0 31
 2455402.92 2010  7 25  9 59   2455402.95 2010  7 25 10 54   2455402.99 2010  7 25 11 49
 2455405.39 2010  7 27 21 17   2455405.42 2010  7 27 22 11   2455405.46 2010  7 27 23  6
 2455407.86 2010  7 30  8 34   2455407.90 2010  7 30  9 29   2455407.93 2010  7 30 10 24
 2455410.33 2010  8  1 19 52   2455410.37 2010  8  1 20 47   2455410.40 2010  8  1 21 42
 2455412.80 2010  8  4  7 10   2455412.84 2010  8  4  8  5   2455412.88 2010  8  4  9  0
 2455415.27 2010  8  6 18 27   2455415.31 2010  8  6 19 22   2455415.35 2010  8  6 20 17
 2455417.74 2010  8  9  5 45   2455417.78 2010  8  9  6 40   2455417.82 2010  8  9  7 35
 2455420.21 2010  8 11 17  3   2455420.25 2010  8 11 17 58   2455420.29 2010  8 11 18 53
 2455422.68 2010  8 14  4 20   2455422.72 2010  8 14  5 15   2455422.76 2010  8 14  6 10
 2455425.15 2010  8 16 15 38   2455425.19 2010  8 16 16 33   2455425.23 2010  8 16 17 28
 2455427.62 2010  8 19  2 56   2455427.66 2010  8 19  3 51   2455427.70 2010  8 19  4 46
 2455430.09 2010  8 21 14 14   2455430.13 2010  8 21 15  9   2455430.17 2010  8 21 16  4
 2455432.56 2010  8 24  1 31   2455432.60 2010  8 24  2 26   2455432.64 2010  8 24  3 21
 2455435.03 2010  8 26 12 49   2455435.07 2010  8 26 13 44   2455435.11 2010  8 26 14 39
 2455437.50 2010  8 29  0  7   2455437.54 2010  8 29  1  2   2455437.58 2010  8 29  1 57
 2455439.98 2010  8 31 11 24   2455440.01 2010  8 31 12 19   2455440.05 2010  8 31 13 14
 2455442.45 2010  9  2 22 42   2455442.48 2010  9  2 23 37   2455442.52 2010  9  3  0 32
 2455444.92 2010  9  5 10  0   2455444.96 2010  9  5 10 55   2455444.99 2010  9  5 11 50
 2455447.39 2010  9  7 21 17   2455447.43 2010  9  7 22 12   2455447.46 2010  9  7 23  8
 2455449.86 2010  9 10  8 35   2455449.90 2010  9 10  9 30   2455449.93 2010  9 10 10 25
 2455452.33 2010  9 12 19 53   2455452.37 2010  9 12 20 48   2455452.41 2010  9 12 21 43
 2455454.80 2010  9 15  7 10   2455454.84 2010  9 15  8  6   2455454.88 2010  9 15  9  1
 2455457.27 2010  9 17 18 28   2455457.31 2010  9 17 19 23   2455457.35 2010  9 17 20 19
 2455459.74 2010  9 20  5 46   2455459.78 2010  9 20  6 41   2455459.82 2010  9 20  7 36
 2455462.21 2010  9 22 17  4   2455462.25 2010  9 22 17 59   2455462.29 2010  9 22 18 54
 2455464.68 2010  9 25  4 21   2455464.72 2010  9 25  5 16   2455464.76 2010  9 25  6 12
 2455467.15 2010  9 27 15 39   2455467.19 2010  9 27 16 34   2455467.23 2010  9 27 17 29
 2455469.62 2010  9 30  2 57   2455469.66 2010  9 30  3 52   2455469.70 2010  9 30  4 47
 2455472.09 2010 10  2 14 14   2455472.13 2010 10  2 15 10   2455472.17 2010 10  2 16  5
 2455474.56 2010 10  5  1 32   2455474.60 2010 10  5  2 27   2455474.64 2010 10  5  3 23
 2455477.03 2010 10  7 12 50   2455477.07 2010 10  7 13 45   2455477.11 2010 10  7 14 40
 2455479.51 2010 10 10  0  7   2455479.54 2010 10 10  1  3   2455479.58 2010 10 10  1 58
 2455481.98 2010 10 12 11 25   2455482.01 2010 10 12 12 20   2455482.05 2010 10 12 13 16
 2455484.45 2010 10 14 22 43   2455484.49 2010 10 14 23 38   2455484.52 2010 10 15  0 33
 2455486.92 2010 10 17 10  0   2455486.96 2010 10 17 10 56   2455486.99 2010 10 17 11 51
 2455489.39 2010 10 19 21 18   2455489.43 2010 10 19 22 14   2455489.46 2010 10 19 23  9
 2455491.86 2010 10 22  8 36   2455491.90 2010 10 22  9 31   2455491.94 2010 10 22 10 27
 2455494.33 2010 10 24 19 54   2455494.37 2010 10 24 20 49   2455494.41 2010 10 24 21 44
 2455496.80 2010 10 27  7 11   2455496.84 2010 10 27  8  7   2455496.88 2010 10 27  9  2
 2455499.27 2010 10 29 18 29   2455499.31 2010 10 29 19 24   2455499.35 2010 10 29 20 20
 2455501.74 2010 11  1  5 47   2455501.78 2010 11  1  6 42   2455501.82 2010 11  1  7 37
 2455504.21 2010 11  3 17  4   2455504.25 2010 11  3 18  0   2455504.29 2010 11  3 18 55
 2455506.68 2010 11  6  4 22   2455506.72 2010 11  6  5 17   2455506.76 2010 11  6  6 13
 2455509.15 2010 11  8 15 40   2455509.19 2010 11  8 16 35   2455509.23 2010 11  8 17 31
 2455511.62 2010 11 11  2 57   2455511.66 2010 11 11  3 53   2455511.70 2010 11 11  4 48
 2455514.09 2010 11 13 14 15   2455514.13 2010 11 13 15 11   2455514.17 2010 11 13 16  6
 2455516.56 2010 11 16  1 33   2455516.60 2010 11 16  2 28   2455516.64 2010 11 16  3 24
 2455519.04 2010 11 18 12 50   2455519.07 2010 11 18 13 46   2455519.11 2010 11 18 14 42
 2455521.51 2010 11 21  0  8   2455521.54 2010 11 21  1  4   2455521.58 2010 11 21  1 59
 2455523.98 2010 11 23 11 26   2455524.02 2010 11 23 12 21   2455524.05 2010 11 23 13 17
 2455526.45 2010 11 25 22 44   2455526.49 2010 11 25 23 39   2455526.52 2010 11 26  0 35
 2455528.92 2010 11 28 10  1   2455528.96 2010 11 28 10 57   2455529.00 2010 11 28 11 52
 2455531.39 2010 11 30 21 19   2455531.43 2010 11 30 22 15   2455531.47 2010 11 30 23 10
 2455533.86 2010 12  3  8 37   2455533.90 2010 12  3  9 32   2455533.94 2010 12  3 10 28
 2455536.33 2010 12  5 19 54   2455536.37 2010 12  5 20 50   2455536.41 2010 12  5 21 46
 2455538.80 2010 12  8  7 12   2455538.84 2010 12  8  8  8   2455538.88 2010 12  8  9  3
 2455541.27 2010 12 10 18 30   2455541.31 2010 12 10 19 25   2455541.35 2010 12 10 20 21
 2455543.74 2010 12 13  5 47   2455543.78 2010 12 13  6 43   2455543.82 2010 12 13  7 39
 2455546.21 2010 12 15 17  5   2455546.25 2010 12 15 18  1   2455546.29 2010 12 15 18 56
 2455548.68 2010 12 18  4 23   2455548.72 2010 12 18  5 18   2455548.76 2010 12 18  6 14
 2455551.15 2010 12 20 15 40   2455551.19 2010 12 20 16 36   2455551.23 2010 12 20 17 32
 2455553.62 2010 12 23  2 58   2455553.66 2010 12 23  3 54   2455553.70 2010 12 23  4 50
 2455556.09 2010 12 25 14 16   2455556.13 2010 12 25 15 12   2455556.17 2010 12 25 16  7
 2455558.57 2010 12 28  1 34   2455558.60 2010 12 28  2 29   2455558.64 2010 12 28  3 25
 2455561.04 2010 12 30 12 51   2455561.07 2010 12 30 13 47   2455561.11 2010 12 30 14 43
 2455563.51 2011  1  2  0  9   2455563.55 2011  1  2  1  5   2455563.58 2011  1  2  2  1
 2455565.98 2011  1  4 11 27   2455566.02 2011  1  4 12 22   2455566.05 2011  1  4 13 18
 2455568.45 2011  1  6 22 44   2455568.49 2011  1  6 23 40   2455568.53 2011  1  7  0 36
 2455570.92 2011  1  9 10  2   2455570.96 2011  1  9 10 58   2455571.00 2011  1  9 11 54
 2455573.39 2011  1 11 21 20   2455573.43 2011  1 11 22 16   2455573.47 2011  1 11 23 11
 2455575.86 2011  1 14  8 37   2455575.90 2011  1 14  9 33   2455575.94 2011  1 14 10 29
 2455578.33 2011  1 16 19 55   2455578.37 2011  1 16 20 51   2455578.41 2011  1 16 21 47
 2455580.80 2011  1 19  7 13   2455580.84 2011  1 19  8  9   2455580.88 2011  1 19  9  5
 2455583.27 2011  1 21 18 30   2455583.31 2011  1 21 19 26   2455583.35 2011  1 21 20 22
 2455585.74 2011  1 24  5 48   2455585.78 2011  1 24  6 44   2455585.82 2011  1 24  7 40
 2455588.21 2011  1 26 17  6   2455588.25 2011  1 26 18  2   2455588.29 2011  1 26 18 58
 2455590.68 2011  1 29  4 24   2455590.72 2011  1 29  5 20   2455590.76 2011  1 29  6 15
 2455593.15 2011  1 31 15 41   2455593.19 2011  1 31 16 37   2455593.23 2011  1 31 17 33
 2455595.62 2011  2  3  2 59   2455595.66 2011  2  3  3 55   2455595.70 2011  2  3  4 51
 2455598.10 2011  2  5 14 17   2455598.13 2011  2  5 15 13   2455598.17 2011  2  5 16  9
 2455600.57 2011  2  8  1 34   2455600.60 2011  2  8  2 30   2455600.64 2011  2  8  3 26
 2455603.04 2011  2 10 12 52   2455603.08 2011  2 10 13 48   2455603.11 2011  2 10 14 44
 2455605.51 2011  2 13  0 10   2455605.55 2011  2 13  1  6   2455605.58 2011  2 13  2  2
 2455607.98 2011  2 15 11 27   2455608.02 2011  2 15 12 23   2455608.06 2011  2 15 13 20
 2455610.45 2011  2 17 22 45   2455610.49 2011  2 17 23 41   2455610.53 2011  2 18  0 37
 2455612.92 2011  2 20 10  3   2455612.96 2011  2 20 10 59   2455613.00 2011  2 20 11 55
 2455615.39 2011  2 22 21 20   2455615.43 2011  2 22 22 17   2455615.47 2011  2 22 23 13
 2455617.86 2011  2 25  8 38   2455617.90 2011  2 25  9 34   2455617.94 2011  2 25 10 30
 2455620.33 2011  2 27 19 56   2455620.37 2011  2 27 20 52   2455620.41 2011  2 27 21 48
 2455622.80 2011  3  2  7 14   2455622.84 2011  3  2  8 10   2455622.88 2011  3  2  9  6
 2455625.27 2011  3  4 18 31   2455625.31 2011  3  4 19 27   2455625.35 2011  3  4 20 24
 2455627.74 2011  3  7  5 49   2455627.78 2011  3  7  6 45   2455627.82 2011  3  7  7 41
 2455630.21 2011  3  9 17  7   2455630.25 2011  3  9 18  3   2455630.29 2011  3  9 18 59
 2455632.68 2011  3 12  4 24   2455632.72 2011  3 12  5 21   2455632.76 2011  3 12  6 17
 2455635.15 2011  3 14 15 42   2455635.19 2011  3 14 16 38   2455635.23 2011  3 14 17 34
 2455637.63 2011  3 17  3  0   2455637.66 2011  3 17  3 56   2455637.70 2011  3 17  4 52
 2455640.10 2011  3 19 14 17   2455640.13 2011  3 19 15 14   2455640.17 2011  3 19 16 10
 2455642.57 2011  3 22  1 35   2455642.61 2011  3 22  2 31   2455642.64 2011  3 22  3 28
 2455645.04 2011  3 24 12 53   2455645.08 2011  3 24 13 49   2455645.12 2011  3 24 14 45
 2455647.51 2011  3 27  0 10   2455647.55 2011  3 27  1  7   2455647.59 2011  3 27  2  3
 2455649.98 2011  3 29 11 28   2455650.02 2011  3 29 12 24   2455650.06 2011  3 29 13 21
 2455652.45 2011  3 31 22 46   2455652.49 2011  3 31 23 42   2455652.53 2011  4  1  0 39
 2455654.92 2011  4  3 10  4   2455654.96 2011  4  3 11  0   2455655.00 2011  4  3 11 56
 2455657.39 2011  4  5 21 21   2455657.43 2011  4  5 22 18   2455657.47 2011  4  5 23 14
 2455659.86 2011  4  8  8 39   2455659.90 2011  4  8  9 35   2455659.94 2011  4  8 10 32
 2455662.33 2011  4 10 19 57   2455662.37 2011  4 10 20 53   2455662.41 2011  4 10 21 49
 2455664.80 2011  4 13  7 14   2455664.84 2011  4 13  8 11   2455664.88 2011  4 13  9  7
 2455667.27 2011  4 15 18 32   2455667.31 2011  4 15 19 28   2455667.35 2011  4 15 20 25
 2455669.74 2011  4 18  5 50   2455669.78 2011  4 18  6 46   2455669.82 2011  4 18  7 43
 2455672.21 2011  4 20 17  7   2455672.25 2011  4 20 18  4   2455672.29 2011  4 20 19  0
 2455674.68 2011  4 23  4 25   2455674.72 2011  4 23  5 22   2455674.76 2011  4 23  6 18
 2455677.16 2011  4 25 15 43   2455677.19 2011  4 25 16 39   2455677.23 2011  4 25 17 36
 2455679.63 2011  4 28  3  0   2455679.66 2011  4 28  3 57   2455679.70 2011  4 28  4 53
 2455682.10 2011  4 30 14 18   2455682.14 2011  4 30 15 15   2455682.17 2011  4 30 16 11
 2455684.57 2011  5  3  1 36   2455684.61 2011  5  3  2 32   2455684.65 2011  5  3  3 29
 2455687.04 2011  5  5 12 54   2455687.08 2011  5  5 13 50   2455687.12 2011  5  5 14 47
 2455689.51 2011  5  8  0 11   2455689.55 2011  5  8  1  8   2455689.59 2011  5  8  2  4
 2455691.98 2011  5 10 11 29   2455692.02 2011  5 10 12 26   2455692.06 2011  5 10 13 22
 2455694.45 2011  5 12 22 47   2455694.49 2011  5 12 23 43   2455694.53 2011  5 13  0 40
 2455696.92 2011  5 15 10  4   2455696.96 2011  5 15 11  1   2455697.00 2011  5 15 11 57
 2455699.39 2011  5 17 21 22   2455699.43 2011  5 17 22 19   2455699.47 2011  5 17 23 15
 2455701.86 2011  5 20  8 40   2455701.90 2011  5 20  9 36   2455701.94 2011  5 20 10 33
 2455704.33 2011  5 22 19 57   2455704.37 2011  5 22 20 54   2455704.41 2011  5 22 21 51
 2455706.80 2011  5 25  7 15   2455706.84 2011  5 25  8 12   2455706.88 2011  5 25  9  8
 2455709.27 2011  5 27 18 33   2455709.31 2011  5 27 19 29   2455709.35 2011  5 27 20 26
 2455711.74 2011  5 30  5 50   2455711.78 2011  5 30  6 47   2455711.82 2011  5 30  7 44
 2455714.21 2011  6  1 17  8   2455714.25 2011  6  1 18  5   2455714.29 2011  6  1 19  2
 2455716.68 2011  6  4  4 26   2455716.72 2011  6  4  5 23   2455716.76 2011  6  4  6 19
 2455719.16 2011  6  6 15 44   2455719.19 2011  6  6 16 40   2455719.23 2011  6  6 17 37
 2455721.63 2011  6  9  3  1   2455721.67 2011  6  9  3 58   2455721.71 2011  6  9  4 55
 2455724.10 2011  6 11 14 19   2455724.14 2011  6 11 15 16   2455724.18 2011  6 11 16 12
 2455726.57 2011  6 14  1 37   2455726.61 2011  6 14  2 33   2455726.65 2011  6 14  3 30
 2455729.04 2011  6 16 12 54   2455729.08 2011  6 16 13 51   2455729.12 2011  6 16 14 48
 2455731.51 2011  6 19  0 12   2455731.55 2011  6 19  1  9   2455731.59 2011  6 19  2  6
 2455733.98 2011  6 21 11 30   2455734.02 2011  6 21 12 27   2455734.06 2011  6 21 13 23
 2455736.45 2011  6 23 22 47   2455736.49 2011  6 23 23 44   2455736.53 2011  6 24  0 41
 2455738.92 2011  6 26 10  5   2455738.96 2011  6 26 11  2   2455739.00 2011  6 26 11 59
 2455741.39 2011  6 28 21 23   2455741.43 2011  6 28 22 20   2455741.47 2011  6 28 23 16
 2455743.86 2011  7  1  8 41   2455743.90 2011  7  1  9 37   2455743.94 2011  7  1 10 34
 2455746.33 2011  7  3 19 58   2455746.37 2011  7  3 20 55   2455746.41 2011  7  3 21 52
 2455748.80 2011  7  6  7 16   2455748.84 2011  7  6  8 13   2455748.88 2011  7  6  9 10
 2455751.27 2011  7  8 18 34   2455751.31 2011  7  8 19 30   2455751.35 2011  7  8 20 27
 2455753.74 2011  7 11  5 51   2455753.78 2011  7 11  6 48   2455753.82 2011  7 11  7 45
 2455756.21 2011  7 13 17  9   2455756.25 2011  7 13 18  6   2455756.29 2011  7 13 19  3
 2455758.69 2011  7 16  4 27   2455758.73 2011  7 16  5 24   2455758.76 2011  7 16  6 21
 2455761.16 2011  7 18 15 44   2455761.20 2011  7 18 16 41   2455761.24 2011  7 18 17 38
 2455763.63 2011  7 21  3  2   2455763.67 2011  7 21  3 59   2455763.71 2011  7 21  4 56
 2455766.10 2011  7 23 14 20   2455766.14 2011  7 23 15 17   2455766.18 2011  7 23 16 14
 2455768.57 2011  7 26  1 37   2455768.61 2011  7 26  2 34   2455768.65 2011  7 26  3 31
 2455771.04 2011  7 28 12 55   2455771.08 2011  7 28 13 52   2455771.12 2011  7 28 14 49
 2455773.51 2011  7 31  0 13   2455773.55 2011  7 31  1 10   2455773.59 2011  7 31  2  7
 2455775.98 2011  8  2 11 31   2455776.02 2011  8  2 12 28   2455776.06 2011  8  2 13 25
