 Predicted Transit Epochs: TW_Hya___ b

Observed Transit Duration:    0.0 Minutes

 Begin Transit Window           PREDICTED CENTRAL TRANSIT     End Transit Window
                                     All Times UT

                               HJD        Year M  D  H  M
 2456739.78 2014  3 23  6 48   2456756.58 2014  4  9  1 59   2456773.38 2014  4 25 21 10
 2456743.32 2014  3 26 19 46   2456760.14 2014  4 12 15 26   2456776.96 2014  4 29 11  5
 2456746.86 2014  3 30  8 43   2456763.70 2014  4 16  4 52   2456780.54 2014  5  3  1  0
 2456750.40 2014  4  2 21 41   2456767.26 2014  4 19 18 18   2456784.12 2014  5  6 14 56
 2456753.94 2014  4  6 10 39   2456770.82 2014  4 23  7 45   2456787.70 2014  5 10  4 51
 2456757.48 2014  4  9 23 36   2456774.38 2014  4 26 21 11   2456791.28 2014  5 13 18 46
 2456761.02 2014  4 13 12 34   2456777.94 2014  4 30 10 38   2456794.86 2014  5 17  8 41
 2456764.56 2014  4 17  1 31   2456781.50 2014  5  4  0  4   2456798.44 2014  5 20 22 36
 2456768.10 2014  4 20 14 29   2456785.06 2014  5  7 13 30   2456802.02 2014  5 24 12 32
 2456771.64 2014  4 24  3 27   2456788.62 2014  5 11  2 57   2456805.60 2014  5 28  2 27
 2456775.18 2014  4 27 16 24   2456792.18 2014  5 14 16 23   2456809.18 2014  5 31 16 22
 2456778.72 2014  5  1  5 22   2456795.74 2014  5 18  5 50   2456812.76 2014  6  4  6 17
 2456782.26 2014  5  4 18 19   2456799.30 2014  5 21 19 16   2456816.34 2014  6  7 20 12
 2456785.80 2014  5  8  7 17   2456802.86 2014  5 25  8 42   2456819.92 2014  6 11 10  8
 2456789.34 2014  5 11 20 15   2456806.42 2014  5 28 22  9   2456823.50 2014  6 15  0  3
 2456792.88 2014  5 15  9 12   2456809.98 2014  6  1 11 35   2456827.08 2014  6 18 13 58
 2456796.42 2014  5 18 22 10   2456813.54 2014  6  5  1  2   2456830.66 2014  6 22  3 53
 2456799.96 2014  5 22 11  7   2456817.10 2014  6  8 14 28   2456834.24 2014  6 25 17 48
 2456803.50 2014  5 26  0  5   2456820.66 2014  6 12  3 54   2456837.82 2014  6 29  7 44
 2456807.04 2014  5 29 13  3   2456824.22 2014  6 15 17 21   2456841.40 2014  7  2 21 39
 2456810.58 2014  6  2  2  0   2456827.78 2014  6 19  6 47   2456844.98 2014  7  6 11 34
 2456814.12 2014  6  5 14 58   2456831.34 2014  6 22 20 14   2456848.56 2014  7 10  1 29
 2456817.66 2014  6  9  3 55   2456834.90 2014  6 26  9 40   2456852.14 2014  7 13 15 24
 2456821.20 2014  6 12 16 53   2456838.46 2014  6 29 23  6   2456855.72 2014  7 17  5 20
 2456824.74 2014  6 16  5 51   2456842.02 2014  7  3 12 33   2456859.30 2014  7 20 19 15
 2456828.28 2014  6 19 18 48   2456845.58 2014  7  7  1 59   2456862.88 2014  7 24  9 10
 2456831.82 2014  6 23  7 46   2456849.14 2014  7 10 15 26   2456866.46 2014  7 27 23  5
 2456835.36 2014  6 26 20 43   2456852.70 2014  7 14  4 52   2456870.04 2014  7 31 13  0
 2456838.90 2014  6 30  9 41   2456856.26 2014  7 17 18 18   2456873.62 2014  8  4  2 56
 2456842.44 2014  7  3 22 39   2456859.82 2014  7 21  7 45   2456877.20 2014  8  7 16 51
 2456845.98 2014  7  7 11 36   2456863.38 2014  7 24 21 11   2456880.78 2014  8 11  6 46
 2456849.52 2014  7 11  0 34   2456866.94 2014  7 28 10 38   2456884.36 2014  8 14 20 41
 2456853.06 2014  7 14 13 31   2456870.50 2014  8  1  0  4   2456887.94 2014  8 18 10 36
 2456856.60 2014  7 18  2 29   2456874.06 2014  8  4 13 30   2456891.52 2014  8 22  0 32
 2456860.14 2014  7 21 15 27   2456877.62 2014  8  8  2 57   2456895.10 2014  8 25 14 27
 2456863.68 2014  7 25  4 24   2456881.18 2014  8 11 16 23   2456898.68 2014  8 29  4 22
 2456867.22 2014  7 28 17 22   2456884.74 2014  8 15  5 50   2456902.26 2014  9  1 18 17
 2456870.76 2014  8  1  6 19   2456888.30 2014  8 18 19 16   2456905.84 2014  9  5  8 12
 2456874.30 2014  8  4 19 17   2456891.86 2014  8 22  8 42   2456909.42 2014  9  8 22  8
 2456877.84 2014  8  8  8 15   2456895.42 2014  8 25 22  9   2456913.00 2014  9 12 12  3
 2456881.38 2014  8 11 21 12   2456898.98 2014  8 29 11 35   2456916.58 2014  9 16  1 58
 2456884.92 2014  8 15 10 10   2456902.54 2014  9  2  1  2   2456920.16 2014  9 19 15 53
 2456888.46 2014  8 18 23  7   2456906.10 2014  9  5 14 28   2456923.74 2014  9 23  5 48
 2456892.00 2014  8 22 12  5   2456909.66 2014  9  9  3 54   2456927.32 2014  9 26 19 44
 2456895.54 2014  8 26  1  3   2456913.22 2014  9 12 17 21   2456930.90 2014  9 30  9 39
 2456899.08 2014  8 29 14  0   2456916.78 2014  9 16  6 47   2456934.48 2014 10  3 23 34
 2456902.62 2014  9  2  2 58   2456920.34 2014  9 19 20 14   2456938.06 2014 10  7 13 29
 2456906.16 2014  9  5 15 55   2456923.90 2014  9 23  9 40   2456941.64 2014 10 11  3 24
 2456909.70 2014  9  9  4 53   2456927.46 2014  9 26 23  6   2456945.22 2014 10 14 17 20
 2456913.24 2014  9 12 17 51   2456931.02 2014  9 30 12 33   2456948.80 2014 10 18  7 15
 2456916.78 2014  9 16  6 48   2456934.58 2014 10  4  1 59   2456952.38 2014 10 21 21 10
 2456920.32 2014  9 19 19 46   2456938.14 2014 10  7 15 26   2456955.96 2014 10 25 11  5
 2456923.86 2014  9 23  8 43   2456941.70 2014 10 11  4 52   2456959.54 2014 10 29  1  0
 2456927.40 2014  9 26 21 41   2456945.26 2014 10 14 18 18   2456963.12 2014 11  1 14 56
 2456930.94 2014  9 30 10 39   2456948.82 2014 10 18  7 45   2456966.70 2014 11  5  4 51
 2456934.48 2014 10  3 23 36   2456952.38 2014 10 21 21 11   2456970.28 2014 11  8 18 46
 2456938.02 2014 10  7 12 34   2456955.94 2014 10 25 10 38   2456973.86 2014 11 12  8 41
 2456941.56 2014 10 11  1 31   2456959.50 2014 10 29  0  4   2456977.44 2014 11 15 22 36
 2456945.10 2014 10 14 14 29   2456963.06 2014 11  1 13 30   2456981.02 2014 11 19 12 32
 2456948.64 2014 10 18  3 27   2456966.62 2014 11  5  2 57   2456984.60 2014 11 23  2 27
 2456952.18 2014 10 21 16 24   2456970.18 2014 11  8 16 23   2456988.18 2014 11 26 16 22
 2456955.72 2014 10 25  5 22   2456973.74 2014 11 12  5 50   2456991.76 2014 11 30  6 17
 2456959.26 2014 10 28 18 19   2456977.30 2014 11 15 19 16   2456995.34 2014 12  3 20 12
 2456962.80 2014 11  1  7 17   2456980.86 2014 11 19  8 42   2456998.92 2014 12  7 10  8
 2456966.34 2014 11  4 20 15   2456984.42 2014 11 22 22  9   2457002.50 2014 12 11  0  3
 2456969.88 2014 11  8  9 12   2456987.98 2014 11 26 11 35   2457006.08 2014 12 14 13 58
 2456973.42 2014 11 11 22 10   2456991.54 2014 11 30  1  2   2457009.66 2014 12 18  3 53
 2456976.96 2014 11 15 11  7   2456995.10 2014 12  3 14 28   2457013.24 2014 12 21 17 48
 2456980.50 2014 11 19  0  5   2456998.66 2014 12  7  3 54   2457016.82 2014 12 25  7 44
 2456984.04 2014 11 22 13  3   2457002.22 2014 12 10 17 21   2457020.40 2014 12 28 21 39
 2456987.58 2014 11 26  2  0   2457005.78 2014 12 14  6 47   2457023.98 2015  1  1 11 34
 2456991.12 2014 11 29 14 58   2457009.34 2014 12 17 20 14   2457027.56 2015  1  5  1 29
 2456994.66 2014 12  3  3 55   2457012.90 2014 12 21  9 40   2457031.14 2015  1  8 15 24
 2456998.20 2014 12  6 16 53   2457016.46 2014 12 24 23  6   2457034.72 2015  1 12  5 20
 2457001.74 2014 12 10  5 51   2457020.02 2014 12 28 12 33   2457038.30 2015  1 15 19 15
 2457005.28 2014 12 13 18 48   2457023.58 2015  1  1  1 59   2457041.88 2015  1 19  9 10
 2457008.82 2014 12 17  7 46   2457027.14 2015  1  4 15 26   2457045.46 2015  1 22 23  5
 2457012.36 2014 12 20 20 43   2457030.70 2015  1  8  4 52   2457049.04 2015  1 26 13  0
 2457015.90 2014 12 24  9 41   2457034.26 2015  1 11 18 18   2457052.62 2015  1 30  2 56
 2457019.44 2014 12 27 22 39   2457037.82 2015  1 15  7 45   2457056.20 2015  2  2 16 51
 2457022.98 2014 12 31 11 36   2457041.38 2015  1 18 21 11   2457059.78 2015  2  6  6 46
 2457026.52 2015  1  4  0 34   2457044.94 2015  1 22 10 38   2457063.36 2015  2  9 20 41
 2457030.06 2015  1  7 13 31   2457048.50 2015  1 26  0  4   2457066.94 2015  2 13 10 36
 2457033.60 2015  1 11  2 29   2457052.06 2015  1 29 13 30   2457070.52 2015  2 17  0 32
 2457037.14 2015  1 14 15 27   2457055.62 2015  2  2  2 57   2457074.10 2015  2 20 14 27
 2457040.68 2015  1 18  4 24   2457059.18 2015  2  5 16 23   2457077.68 2015  2 24  4 22
 2457044.22 2015  1 21 17 22   2457062.74 2015  2  9  5 50   2457081.26 2015  2 27 18 17
 2457047.76 2015  1 25  6 19   2457066.30 2015  2 12 19 16   2457084.84 2015  3  3  8 12
 2457051.30 2015  1 28 19 17   2457069.86 2015  2 16  8 42   2457088.42 2015  3  6 22  8
 2457054.84 2015  2  1  8 15   2457073.42 2015  2 19 22  9   2457092.00 2015  3 10 12  3
 2457058.38 2015  2  4 21 12   2457076.98 2015  2 23 11 35   2457095.58 2015  3 14  1 58
 2457061.92 2015  2  8 10 10   2457080.54 2015  2 27  1  2   2457099.16 2015  3 17 15 53
 2457065.46 2015  2 11 23  7   2457084.10 2015  3  2 14 28   2457102.74 2015  3 21  5 48
 2457069.00 2015  2 15 12  5   2457087.66 2015  3  6  3 54   2457106.32 2015  3 24 19 44
 2457072.54 2015  2 19  1  3   2457091.22 2015  3  9 17 21   2457109.90 2015  3 28  9 39
 2457076.08 2015  2 22 14  0   2457094.78 2015  3 13  6 47   2457113.48 2015  3 31 23 34
 2457079.62 2015  2 26  2 58   2457098.34 2015  3 16 20 14   2457117.06 2015  4  4 13 29
 2457083.16 2015  3  1 15 55   2457101.90 2015  3 20  9 40   2457120.64 2015  4  8  3 24
 2457086.70 2015  3  5  4 53   2457105.46 2015  3 23 23  6   2457124.22 2015  4 11 17 20
 2457090.24 2015  3  8 17 51   2457109.02 2015  3 27 12 33   2457127.80 2015  4 15  7 15
 2457093.78 2015  3 12  6 48   2457112.58 2015  3 31  1 59   2457131.38 2015  4 18 21 10
 2457097.32 2015  3 15 19 46   2457116.14 2015  4  3 15 26   2457134.96 2015  4 22 11  5
 2457100.86 2015  3 19  8 43   2457119.70 2015  4  7  4 52   2457138.54 2015  4 26  1  0
 2457104.40 2015  3 22 21 41   2457123.26 2015  4 10 18 18   2457142.12 2015  4 29 14 56
 2457107.94 2015  3 26 10 39   2457126.82 2015  4 14  7 45   2457145.70 2015  5  3  4 51
 2457111.48 2015  3 29 23 36   2457130.38 2015  4 17 21 11   2457149.28 2015  5  6 18 46
 2457115.02 2015  4  2 12 34   2457133.94 2015  4 21 10 38   2457152.86 2015  5 10  8 41
 2457118.56 2015  4  6  1 31   2457137.50 2015  4 25  0  4   2457156.44 2015  5 13 22 36
 2457122.10 2015  4  9 14 29   2457141.06 2015  4 28 13 30   2457160.02 2015  5 17 12 32
 2457125.64 2015  4 13  3 27   2457144.62 2015  5  2  2 57   2457163.60 2015  5 21  2 27
 2457129.18 2015  4 16 16 24   2457148.18 2015  5  5 16 23   2457167.18 2015  5 24 16 22
 2457132.72 2015  4 20  5 22   2457151.74 2015  5  9  5 50   2457170.76 2015  5 28  6 17
 2457136.26 2015  4 23 18 19   2457155.30 2015  5 12 19 16   2457174.34 2015  5 31 20 12
 2457139.80 2015  4 27  7 17   2457158.86 2015  5 16  8 42   2457177.92 2015  6  4 10  8
 2457143.34 2015  4 30 20 15   2457162.42 2015  5 19 22  9   2457181.50 2015  6  8  0  3
 2457146.88 2015  5  4  9 12   2457165.98 2015  5 23 11 35   2457185.08 2015  6 11 13 58
 2457150.42 2015  5  7 22 10   2457169.54 2015  5 27  1  2   2457188.66 2015  6 15  3 53
 2457153.96 2015  5 11 11  7   2457173.10 2015  5 30 14 28   2457192.24 2015  6 18 17 48
 2457157.50 2015  5 15  0  5   2457176.66 2015  6  3  3 54   2457195.82 2015  6 22  7 44
 2457161.04 2015  5 18 13  3   2457180.22 2015  6  6 17 21   2457199.40 2015  6 25 21 39
 2457164.58 2015  5 22  2  0   2457183.78 2015  6 10  6 47   2457202.98 2015  6 29 11 34
 2457168.12 2015  5 25 14 58   2457187.34 2015  6 13 20 14   2457206.56 2015  7  3  1 29
 2457171.66 2015  5 29  3 55   2457190.90 2015  6 17  9 40   2457210.14 2015  7  6 15 24
 2457175.20 2015  6  1 16 53   2457194.46 2015  6 20 23  6   2457213.72 2015  7 10  5 20
 2457178.74 2015  6  5  5 51   2457198.02 2015  6 24 12 33   2457217.30 2015  7 13 19 15
 2457182.28 2015  6  8 18 48   2457201.58 2015  6 28  1 59   2457220.88 2015  7 17  9 10
 2457185.82 2015  6 12  7 46   2457205.14 2015  7  1 15 26   2457224.46 2015  7 20 23  5
 2457189.36 2015  6 15 20 43   2457208.70 2015  7  5  4 52   2457228.04 2015  7 24 13  0
 2457192.90 2015  6 19  9 41   2457212.26 2015  7  8 18 18   2457231.62 2015  7 28  2 56
 2457196.44 2015  6 22 22 39   2457215.82 2015  7 12  7 45   2457235.20 2015  7 31 16 51
 2457199.98 2015  6 26 11 36   2457219.38 2015  7 15 21 11   2457238.78 2015  8  4  6 46
 2457203.52 2015  6 30  0 34   2457222.94 2015  7 19 10 38   2457242.36 2015  8  7 20 41
 2457207.06 2015  7  3 13 31   2457226.50 2015  7 23  0  4   2457245.94 2015  8 11 10 36
 2457210.60 2015  7  7  2 29   2457230.06 2015  7 26 13 30   2457249.52 2015  8 15  0 32
 2457214.14 2015  7 10 15 27   2457233.62 2015  7 30  2 57   2457253.10 2015  8 18 14 27
 2457217.68 2015  7 14  4 24   2457237.18 2015  8  2 16 23   2457256.68 2015  8 22  4 22
 2457221.22 2015  7 17 17 22   2457240.74 2015  8  6  5 50   2457260.26 2015  8 25 18 17
 2457224.76 2015  7 21  6 19   2457244.30 2015  8  9 19 16   2457263.84 2015  8 29  8 12
 2457228.30 2015  7 24 19 17   2457247.86 2015  8 13  8 42   2457267.42 2015  9  1 22  8
 2457231.84 2015  7 28  8 15   2457251.42 2015  8 16 22  9   2457271.00 2015  9  5 12  3
 2457235.38 2015  7 31 21 12   2457254.98 2015  8 20 11 35   2457274.58 2015  9  9  1 58
 2457238.92 2015  8  4 10 10   2457258.54 2015  8 24  1  2   2457278.16 2015  9 12 15 53
 2457242.46 2015  8  7 23  7   2457262.10 2015  8 27 14 28   2457281.74 2015  9 16  5 48
 2457246.00 2015  8 11 12  5   2457265.66 2015  8 31  3 54   2457285.32 2015  9 19 19 44
 2457249.54 2015  8 15  1  3   2457269.22 2015  9  3 17 21   2457288.90 2015  9 23  9 39
 2457253.08 2015  8 18 14  0   2457272.78 2015  9  7  6 47   2457292.48 2015  9 26 23 34
 2457256.62 2015  8 22  2 58   2457276.34 2015  9 10 20 14   2457296.06 2015  9 30 13 29
 2457260.16 2015  8 25 15 55   2457279.90 2015  9 14  9 40   2457299.64 2015 10  4  3 24
 2457263.70 2015  8 29  4 53   2457283.46 2015  9 17 23  6   2457303.22 2015 10  7 17 20
 2457267.24 2015  9  1 17 51   2457287.02 2015  9 21 12 33   2457306.80 2015 10 11  7 15
 2457270.78 2015  9  5  6 48   2457290.58 2015  9 25  1 59   2457310.38 2015 10 14 21 10
 2457274.32 2015  9  8 19 46   2457294.14 2015  9 28 15 26   2457313.96 2015 10 18 11  5
 2457277.86 2015  9 12  8 43   2457297.70 2015 10  2  4 52   2457317.54 2015 10 22  1  0
 2457281.40 2015  9 15 21 41   2457301.26 2015 10  5 18 18   2457321.12 2015 10 25 14 56
 2457284.94 2015  9 19 10 39   2457304.82 2015 10  9  7 45   2457324.70 2015 10 29  4 51
 2457288.48 2015  9 22 23 36   2457308.38 2015 10 12 21 11   2457328.28 2015 11  1 18 46
 2457292.02 2015  9 26 12 34   2457311.94 2015 10 16 10 38   2457331.86 2015 11  5  8 41
 2457295.56 2015  9 30  1 31   2457315.50 2015 10 20  0  4   2457335.44 2015 11  8 22 36
 2457299.10 2015 10  3 14 29   2457319.06 2015 10 23 13 30   2457339.02 2015 11 12 12 32
 2457302.64 2015 10  7  3 27   2457322.62 2015 10 27  2 57   2457342.60 2015 11 16  2 27
 2457306.18 2015 10 10 16 24   2457326.18 2015 10 30 16 23   2457346.18 2015 11 19 16 22
 2457309.72 2015 10 14  5 22   2457329.74 2015 11  3  5 50   2457349.76 2015 11 23  6 17
 2457313.26 2015 10 17 18 19   2457333.30 2015 11  6 19 16   2457353.34 2015 11 26 20 12
 2457316.80 2015 10 21  7 17   2457336.86 2015 11 10  8 42   2457356.92 2015 11 30 10  8
 2457320.34 2015 10 24 20 15   2457340.42 2015 11 13 22  9   2457360.50 2015 12  4  0  3
 2457323.88 2015 10 28  9 12   2457343.98 2015 11 17 11 35   2457364.08 2015 12  7 13 58
 2457327.42 2015 10 31 22 10   2457347.54 2015 11 21  1  2   2457367.66 2015 12 11  3 53
 2457330.96 2015 11  4 11  7   2457351.10 2015 11 24 14 28   2457371.24 2015 12 14 17 48
 2457334.50 2015 11  8  0  5   2457354.66 2015 11 28  3 54   2457374.82 2015 12 18  7 44
 2457338.04 2015 11 11 13  3   2457358.22 2015 12  1 17 21   2457378.40 2015 12 21 21 39
 2457341.58 2015 11 15  2  0   2457361.78 2015 12  5  6 47   2457381.98 2015 12 25 11 34
 2457345.12 2015 11 18 14 58   2457365.34 2015 12  8 20 14   2457385.56 2015 12 29  1 29
 2457348.66 2015 11 22  3 55   2457368.90 2015 12 12  9 40   2457389.14 2016  1  1 15 24
 2457352.20 2015 11 25 16 53   2457372.46 2015 12 15 23  6   2457392.72 2016  1  5  5 20
 2457355.74 2015 11 29  5 51   2457376.02 2015 12 19 12 33   2457396.30 2016  1  8 19 15
 2457359.28 2015 12  2 18 48   2457379.58 2015 12 23  1 59   2457399.88 2016  1 12  9 10
 2457362.82 2015 12  6  7 46   2457383.14 2015 12 26 15 26   2457403.46 2016  1 15 23  5
 2457366.36 2015 12  9 20 43   2457386.70 2015 12 30  4 52   2457407.04 2016  1 19 13  0
 2457369.90 2015 12 13  9 41   2457390.26 2016  1  2 18 18   2457410.62 2016  1 23  2 56
 2457373.44 2015 12 16 22 39   2457393.82 2016  1  6  7 45   2457414.20 2016  1 26 16 51
 2457376.98 2015 12 20 11 36   2457397.38 2016  1  9 21 11   2457417.78 2016  1 30  6 46
 2457380.52 2015 12 24  0 34   2457400.94 2016  1 13 10 38   2457421.36 2016  2  2 20 41
 2457384.06 2015 12 27 13 31   2457404.50 2016  1 17  0  4   2457424.94 2016  2  6 10 36
 2457387.60 2015 12 31  2 29   2457408.06 2016  1 20 13 30   2457428.52 2016  2 10  0 32
 2457391.14 2016  1  3 15 27   2457411.62 2016  1 24  2 57   2457432.10 2016  2 13 14 27
 2457394.68 2016  1  7  4 24   2457415.18 2016  1 27 16 23   2457435.68 2016  2 17  4 22
 2457398.22 2016  1 10 17 22   2457418.74 2016  1 31  5 50   2457439.26 2016  2 20 18 17
 2457401.76 2016  1 14  6 19   2457422.30 2016  2  3 19 16   2457442.84 2016  2 24  8 12
 2457405.30 2016  1 17 19 17   2457425.86 2016  2  7  8 42   2457446.42 2016  2 27 22  8
 2457408.84 2016  1 21  8 15   2457429.42 2016  2 10 22  9   2457450.00 2016  3  2 12  3
 2457412.38 2016  1 24 21 12   2457432.98 2016  2 14 11 35   2457453.58 2016  3  6  1 58
 2457415.92 2016  1 28 10 10   2457436.54 2016  2 18  1  2   2457457.16 2016  3  9 15 53
 2457419.46 2016  1 31 23  7   2457440.10 2016  2 21 14 28   2457460.74 2016  3 13  5 48
 2457423.00 2016  2  4 12  5   2457443.66 2016  2 25  3 54   2457464.32 2016  3 16 19 44
 2457426.54 2016  2  8  1  3   2457447.22 2016  2 28 17 21   2457467.90 2016  3 20  9 39
 2457430.08 2016  2 11 14  0   2457450.78 2016  3  3  6 47   2457471.48 2016  3 23 23 34
 2457433.62 2016  2 15  2 58   2457454.34 2016  3  6 20 14   2457475.06 2016  3 27 13 29
 2457437.16 2016  2 18 15 55   2457457.90 2016  3 10  9 40   2457478.64 2016  3 31  3 24
 2457440.70 2016  2 22  4 53   2457461.46 2016  3 13 23  6   2457482.22 2016  4  3 17 20
 2457444.24 2016  2 25 17 51   2457465.02 2016  3 17 12 33   2457485.80 2016  4  7  7 15
 2457447.78 2016  2 29  6 48   2457468.58 2016  3 21  1 59   2457489.38 2016  4 10 21 10
 2457451.32 2016  3  3 19 46   2457472.14 2016  3 24 15 26   2457492.96 2016  4 14 11  5
 2457454.86 2016  3  7  8 43   2457475.70 2016  3 28  4 52   2457496.54 2016  4 18  1  0
 2457458.40 2016  3 10 21 41   2457479.26 2016  3 31 18 18   2457500.12 2016  4 21 14 56
 2457461.94 2016  3 14 10 39   2457482.82 2016  4  4  7 45   2457503.70 2016  4 25  4 51
 2457465.48 2016  3 17 23 36   2457486.38 2016  4  7 21 11   2457507.28 2016  4 28 18 46
 2457469.02 2016  3 21 12 34   2457489.94 2016  4 11 10 38   2457510.86 2016  5  2  8 41
 2457472.56 2016  3 25  1 31   2457493.50 2016  4 15  0  4   2457514.44 2016  5  5 22 36
 2457476.10 2016  3 28 14 29   2457497.06 2016  4 18 13 30   2457518.02 2016  5  9 12 32
 2457479.64 2016  4  1  3 27   2457500.62 2016  4 22  2 57   2457521.60 2016  5 13  2 27
 2457483.18 2016  4  4 16 24   2457504.18 2016  4 25 16 23   2457525.18 2016  5 16 16 22
 2457486.72 2016  4  8  5 22   2457507.74 2016  4 29  5 50   2457528.76 2016  5 20  6 17
 2457490.26 2016  4 11 18 19   2457511.30 2016  5  2 19 16   2457532.34 2016  5 23 20 12
 2457493.80 2016  4 15  7 17   2457514.86 2016  5  6  8 42   2457535.92 2016  5 27 10  8
 2457497.34 2016  4 18 20 15   2457518.42 2016  5  9 22  9   2457539.50 2016  5 31  0  3
 2457500.88 2016  4 22  9 12   2457521.98 2016  5 13 11 35   2457543.08 2016  6  3 13 58
 2457504.42 2016  4 25 22 10   2457525.54 2016  5 17  1  2   2457546.66 2016  6  7  3 53
 2457507.96 2016  4 29 11  7   2457529.10 2016  5 20 14 28   2457550.24 2016  6 10 17 48
 2457511.50 2016  5  3  0  5   2457532.66 2016  5 24  3 54   2457553.82 2016  6 14  7 44
 2457515.04 2016  5  6 13  3   2457536.22 2016  5 27 17 21   2457557.40 2016  6 17 21 39
 2457518.58 2016  5 10  2  0   2457539.78 2016  5 31  6 47   2457560.98 2016  6 21 11 34
 2457522.12 2016  5 13 14 58   2457543.34 2016  6  3 20 14   2457564.56 2016  6 25  1 29
 2457525.66 2016  5 17  3 55   2457546.90 2016  6  7  9 40   2457568.14 2016  6 28 15 24
 2457529.20 2016  5 20 16 53   2457550.46 2016  6 10 23  6   2457571.72 2016  7  2  5 20
 2457532.74 2016  5 24  5 51   2457554.02 2016  6 14 12 33   2457575.30 2016  7  5 19 15
 2457536.28 2016  5 27 18 48   2457557.58 2016  6 18  1 59   2457578.88 2016  7  9  9 10
 2457539.82 2016  5 31  7 46   2457561.14 2016  6 21 15 26   2457582.46 2016  7 12 23  5
 2457543.36 2016  6  3 20 43   2457564.70 2016  6 25  4 52   2457586.04 2016  7 16 13  0
 2457546.90 2016  6  7  9 41   2457568.26 2016  6 28 18 18   2457589.62 2016  7 20  2 56
 2457550.44 2016  6 10 22 39   2457571.82 2016  7  2  7 45   2457593.20 2016  7 23 16 51
 2457553.98 2016  6 14 11 36   2457575.38 2016  7  5 21 11   2457596.78 2016  7 27  6 46
 2457557.52 2016  6 18  0 34   2457578.94 2016  7  9 10 38   2457600.36 2016  7 30 20 41
 2457561.06 2016  6 21 13 31   2457582.50 2016  7 13  0  4   2457603.94 2016  8  3 10 36
 2457564.60 2016  6 25  2 29   2457586.06 2016  7 16 13 30   2457607.52 2016  8  7  0 32
 2457568.14 2016  6 28 15 27   2457589.62 2016  7 20  2 57   2457611.10 2016  8 10 14 27
 2457571.68 2016  7  2  4 24   2457593.18 2016  7 23 16 23   2457614.68 2016  8 14  4 22
 2457575.22 2016  7  5 17 22   2457596.74 2016  7 27  5 50   2457618.26 2016  8 17 18 17
 2457578.76 2016  7  9  6 19   2457600.30 2016  7 30 19 16   2457621.84 2016  8 21  8 12
 2457582.30 2016  7 12 19 17   2457603.86 2016  8  3  8 42   2457625.42 2016  8 24 22  8
 2457585.84 2016  7 16  8 15   2457607.42 2016  8  6 22  9   2457629.00 2016  8 28 12  3
