 Predicted Transit Epochs: Ups_And__ c

 Predicted Duration of a Central Transit:    22.   Hours

 Begin Transit Window           PREDICTED CENTRAL TRANSIT     End Transit Window
                                     All Times UT

                               HJD        Year M  D  H  M
 2456815.32 2014  6  6 19 46   2456819.84 2014  6 11  8 14   2456824.36 2014  6 15 20 42
 2457062.51 2015  2  9  0 17   2457067.13 2015  2 13 15  9   2457071.75 2015  2 18  6  1
 2457309.70 2015 10 14  4 49   2457314.42 2015 10 18 22  5   2457319.14 2015 10 23 15 21
 2457556.89 2016  6 17  9 20   2457561.71 2016  6 22  5  0   2457566.53 2016  6 27  0 40
 2457804.08 2017  2 19 13 51   2457809.00 2017  2 24 11 56   2457813.92 2017  3  1 10  0
 2458051.27 2017 10 24 18 23   2458056.29 2017 10 29 18 51   2458061.31 2017 11  3 19 19
 2458298.45 2018  6 28 22 54   2458303.57 2018  7  4  1 47   2458308.69 2018  7  9  4 39
 2458545.64 2019  3  3  3 26   2458550.86 2019  3  8  8 42   2458556.08 2019  3 13 13 58
 2458792.83 2019 11  5  7 57   2458798.15 2019 11 10 15 38   2458803.47 2019 11 15 23 18
 2459040.02 2020  7  9 12 29   2459045.44 2020  7 14 22 33   2459050.86 2020  7 20  8 37
 2459287.21 2021  3 13 17  0   2459292.73 2021  3 19  5 28   2459298.25 2021  3 24 17 57
 2459534.40 2021 11 15 21 32   2459540.02 2021 11 21 12 24   2459545.64 2021 11 27  3 16
 2459781.59 2022  7 21  2  3   2459787.31 2022  7 26 19 19   2459793.03 2022  8  1 12 36
 2460028.77 2023  3 25  6 35   2460034.59 2023  3 31  2 15   2460040.41 2023  4  5 21 55
 2460275.96 2023 11 27 11  6   2460281.88 2023 12  3  9 10   2460287.80 2023 12  9  7 15
 2460523.15 2024  7 31 15 38   2460529.17 2024  8  6 16  6   2460535.19 2024  8 12 16 34
 2460770.34 2025  4  4 20  9   2460776.46 2025  4 10 23  1   2460782.58 2025  4 17  1 53
 2461017.53 2025 12  8  0 41   2461023.75 2025 12 14  5 57   2461029.97 2025 12 20 11 13
 2461264.72 2026  8 12  5 12   2461271.04 2026  8 18 12 52   2461277.36 2026  8 24 20 32
 2461511.91 2027  4 16  9 44   2461518.33 2027  4 22 19 48   2461524.74 2027  4 29  5 52
 2461759.09 2027 12 19 14 15   2461765.61 2027 12 26  2 43   2461772.13 2028  1  1 15 11
 2462006.28 2028  8 22 18 47   2462012.90 2028  8 29  9 39   2462019.52 2028  9  5  0 31
 2462253.47 2029  4 26 23 18   2462260.19 2029  5  3 16 34   2462266.91 2029  5 10  9 50
 2462500.66 2029 12 30  3 50   2462507.48 2030  1  5 23 30   2462514.30 2030  1 12 19 10
 2462747.85 2030  9  3  8 21   2462754.77 2030  9 10  6 25   2462761.69 2030  9 17  4 29
 2462995.04 2031  5  8 12 53   2463002.06 2031  5 15 13 21   2463009.08 2031  5 22 13 49
 2463242.23 2032  1 10 17 24   2463249.34 2032  1 17 20 16   2463256.46 2032  1 24 23  8
 2463489.41 2032  9 13 21 56   2463496.63 2032  9 21  3 12   2463503.85 2032  9 28  8 28
 2463736.60 2033  5 19  2 27   2463743.92 2033  5 26 10  7   2463751.24 2033  6  2 17 47
 2463983.79 2034  1 21  6 58   2463991.21 2034  1 28 17  3   2463998.63 2034  2  5  3  7
 2464230.98 2034  9 25 11 30   2464238.50 2034 10  2 23 58   2464246.02 2034 10 10 12 26
