 Predicted Transit Epochs: Ups_And__ b

 Predicted Duration of a Central Transit:   273. Minutes

 Begin Transit Window           PREDICTED CENTRAL TRANSIT     End Transit Window
                                     All Times UT

                               HJD        Year M  D  H  M
 2456754.87 2014  4  7  8 45   2456757.16 2014  4  9 15 56   2456759.46 2014  4 11 23  6
 2456759.48 2014  4 11 23 33   2456761.78 2014  4 14  6 44   2456764.08 2014  4 16 13 56
 2456764.10 2014  4 16 14 20   2456766.40 2014  4 18 21 33   2456768.70 2014  4 21  4 47
 2456768.71 2014  4 21  5  7   2456771.02 2014  4 23 12 22   2456773.32 2014  4 25 19 37
 2456773.33 2014  4 25 19 54   2456775.63 2014  4 28  3 10   2456777.94 2014  4 30 10 27
 2456777.95 2014  4 30 10 41   2456780.25 2014  5  2 17 59   2456782.55 2014  5  5  1 17
 2456782.56 2014  5  5  1 29   2456784.87 2014  5  7  8 48   2456787.17 2014  5  9 16  7
 2456787.18 2014  5  9 16 16   2456789.48 2014  5 11 23 37   2456791.79 2014  5 14  6 57
 2456791.79 2014  5 14  7  3   2456794.10 2014  5 16 14 25   2456796.41 2014  5 18 21 47
 2456796.41 2014  5 18 21 50   2456798.72 2014  5 21  5 14   2456801.03 2014  5 23 12 37
 2456801.03 2014  5 23 12 38   2456803.34 2014  5 25 20  3   2456805.64 2014  5 28  3 27
 2456805.64 2014  5 28  3 25   2456807.95 2014  5 30 10 51   2456810.26 2014  6  1 18 18
 2456810.26 2014  6  1 18 12   2456812.57 2014  6  4  1 40   2456814.88 2014  6  6  9  8
 2456814.87 2014  6  6  8 59   2456817.19 2014  6  8 16 29   2456819.50 2014  6 10 23 58
 2456819.49 2014  6 10 23 47   2456821.80 2014  6 13  7 17   2456824.12 2014  6 15 14 48
 2456824.11 2014  6 15 14 34   2456826.42 2014  6 17 22  6   2456828.74 2014  6 20  5 38
 2456828.72 2014  6 20  5 21   2456831.04 2014  6 22 12 55   2456833.35 2014  6 24 20 28
 2456833.34 2014  6 24 20  8   2456835.66 2014  6 27  3 43   2456837.97 2014  6 29 11 18
 2456837.96 2014  6 29 10 56   2456840.27 2014  7  1 18 32   2456842.59 2014  7  4  2  8
 2456842.57 2014  7  4  1 43   2456844.89 2014  7  6  9 21   2456847.21 2014  7  8 16 59
 2456847.19 2014  7  8 16 30   2456849.51 2014  7 11  0  9   2456851.83 2014  7 13  7 49
 2456851.80 2014  7 13  7 17   2456854.12 2014  7 15 14 58   2456856.44 2014  7 17 22 39
 2456856.42 2014  7 17 22  5   2456858.74 2014  7 20  5 47   2456861.06 2014  7 22 13 29
 2456861.04 2014  7 22 12 52   2456863.36 2014  7 24 20 35   2456865.68 2014  7 27  4 19
 2456865.65 2014  7 27  3 39   2456867.98 2014  7 29 11 24   2456870.30 2014  7 31 19  9
 2456870.27 2014  7 31 18 26   2456872.59 2014  8  3  2 13   2456874.92 2014  8  5  9 59
 2456874.88 2014  8  5  9 13   2456877.21 2014  8  7 17  1   2456879.53 2014  8 10  0 49
 2456879.50 2014  8 10  0  1   2456881.83 2014  8 12  7 50   2456884.15 2014  8 14 15 39
 2456884.12 2014  8 14 14 48   2456886.44 2014  8 16 22 39   2456888.77 2014  8 19  6 30
 2456888.73 2014  8 19  5 35   2456891.06 2014  8 21 13 27   2456893.39 2014  8 23 21 20
 2456893.35 2014  8 23 20 22   2456895.68 2014  8 26  4 16   2456898.01 2014  8 28 12 10
 2456897.97 2014  8 28 11 10   2456900.30 2014  8 30 19  5   2456902.63 2014  9  2  3  0
 2456902.58 2014  9  2  1 57   2456904.91 2014  9  4  9 53   2456907.24 2014  9  6 17 50
 2456907.20 2014  9  6 16 44   2456909.53 2014  9  9  0 42   2456911.86 2014  9 11  8 40
 2456911.81 2014  9 11  7 31   2456914.15 2014  9 13 15 31   2456916.48 2014  9 15 23 30
 2456916.43 2014  9 15 22 19   2456918.76 2014  9 18  6 20   2456921.10 2014  9 20 14 20
 2456921.05 2014  9 20 13  6   2456923.38 2014  9 22 21  8   2456925.72 2014  9 25  5 11
 2456925.66 2014  9 25  3 53   2456928.00 2014  9 27 11 57   2456930.33 2014  9 29 20  1
 2456930.28 2014  9 29 18 40   2456932.62 2014 10  2  2 46   2456934.95 2014 10  4 10 51
 2456934.89 2014 10  4  9 28   2456937.23 2014 10  6 17 34   2456939.57 2014 10  9  1 41
 2456939.51 2014 10  9  0 15   2456941.85 2014 10 11  8 23   2456944.19 2014 10 13 16 31
 2456944.13 2014 10 13 15  2   2456946.47 2014 10 15 23 12   2456948.81 2014 10 18  7 21
 2456948.74 2014 10 18  5 49   2456951.08 2014 10 20 14  0   2456953.42 2014 10 22 22 11
 2456953.36 2014 10 22 20 37   2456955.70 2014 10 25  4 49   2456958.04 2014 10 27 13  1
 2456957.98 2014 10 27 11 24   2456960.32 2014 10 29 19 38   2456962.66 2014 11  1  3 51
 2456962.59 2014 11  1  2 11   2456964.94 2014 11  3 10 26   2456967.28 2014 11  5 18 42
 2456967.21 2014 11  5 16 58   2456969.55 2014 11  8  1 15   2456971.90 2014 11 10  9 32
 2456971.82 2014 11 10  7 45   2456974.17 2014 11 12 16  4   2456976.52 2014 11 15  0 22
 2456976.44 2014 11 14 22 33   2456978.79 2014 11 17  6 52   2456981.13 2014 11 19 15 12
 2456981.06 2014 11 19 13 20   2456983.40 2014 11 21 21 41   2456985.75 2014 11 24  6  2
 2456985.67 2014 11 24  4  7   2456988.02 2014 11 26 12 30   2456990.37 2014 11 28 20 52
 2456990.29 2014 11 28 18 54   2456992.64 2014 12  1  3 18   2456994.99 2014 12  3 11 42
 2456994.90 2014 12  3  9 42   2456997.26 2014 12  5 18  7   2456999.61 2014 12  8  2 32
 2456999.52 2014 12  8  0 29   2457001.87 2014 12 10  8 56   2457004.22 2014 12 12 17 23
 2457004.14 2014 12 12 15 16   2457006.49 2014 12 14 23 44   2457008.84 2014 12 17  8 13
 2457008.75 2014 12 17  6  3   2457011.11 2014 12 19 14 33   2457013.46 2014 12 21 23  3
 2457013.37 2014 12 21 20 51   2457015.72 2014 12 24  5 22   2457018.08 2014 12 26 13 53
 2457017.98 2014 12 26 11 38   2457020.34 2014 12 28 20 10   2457022.70 2014 12 31  4 43
 2457022.60 2014 12 31  2 25   2457024.96 2015  1  2 10 59   2457027.32 2015  1  4 19 33
 2457027.22 2015  1  4 17 12   2457029.58 2015  1  7  1 48   2457031.93 2015  1  9 10 23
 2457031.83 2015  1  9  8  0   2457034.19 2015  1 11 16 36   2457036.55 2015  1 14  1 13
 2457036.45 2015  1 13 22 47   2457038.81 2015  1 16  7 25   2457041.17 2015  1 18 16  3
 2457041.07 2015  1 18 13 34   2457043.43 2015  1 20 22 14   2457045.79 2015  1 23  6 54
 2457045.68 2015  1 23  4 21   2457048.04 2015  1 25 13  2   2457050.41 2015  1 27 21 44
 2457050.30 2015  1 27 19  9   2457052.66 2015  1 30  3 51   2457055.02 2015  2  1 12 34
 2457054.91 2015  2  1  9 56   2457057.28 2015  2  3 18 40   2457059.64 2015  2  6  3 24
 2457059.53 2015  2  6  0 43   2457061.90 2015  2  8  9 29   2457064.26 2015  2 10 18 14
 2457064.15 2015  2 10 15 30   2457066.51 2015  2 13  0 17   2457068.88 2015  2 15  9  4
 2457068.76 2015  2 15  6 17   2457071.13 2015  2 17 15  6   2457073.50 2015  2 19 23 54
 2457073.38 2015  2 19 21  5   2457075.75 2015  2 22  5 55   2457078.11 2015  2 24 14 44
 2457077.99 2015  2 24 11 52   2457080.36 2015  2 26 20 43   2457082.73 2015  3  1  5 35
 2457082.61 2015  3  1  2 39   2457084.98 2015  3  3 11 32   2457087.35 2015  3  5 20 25
 2457087.23 2015  3  5 17 26   2457089.60 2015  3  8  2 21   2457091.97 2015  3 10 11 15
 2457091.84 2015  3 10  8 14   2457094.22 2015  3 12 17  9   2457096.59 2015  3 15  2  5
 2457096.46 2015  3 14 23  1   2457098.83 2015  3 17  7 58   2457101.21 2015  3 19 16 55
 2457101.08 2015  3 19 13 48   2457103.45 2015  3 21 22 47   2457105.82 2015  3 24  7 45
 2457105.69 2015  3 24  4 35   2457108.07 2015  3 26 13 35   2457110.44 2015  3 28 22 35
 2457110.31 2015  3 28 19 23   2457112.68 2015  3 31  4 24   2457115.06 2015  4  2 13 25
 2457114.92 2015  4  2 10 10   2457117.30 2015  4  4 19 13   2457119.68 2015  4  7  4 15
 2457119.54 2015  4  7  0 57   2457121.92 2015  4  9 10  1   2457124.30 2015  4 11 19  6
 2457124.16 2015  4 11 15 44   2457126.54 2015  4 14  0 50   2457128.91 2015  4 16  9 56
 2457128.77 2015  4 16  6 32   2457131.15 2015  4 18 15 39   2457133.53 2015  4 21  0 46
 2457133.39 2015  4 20 21 19   2457135.77 2015  4 23  6 27   2457138.15 2015  4 25 15 36
 2457138.00 2015  4 25 12  6   2457140.39 2015  4 27 21 16   2457142.77 2015  4 30  6 26
 2457142.62 2015  4 30  2 53   2457145.00 2015  5  2 12  5   2457147.39 2015  5  4 21 16
 2457147.24 2015  5  4 17 40   2457149.62 2015  5  7  2 53   2457152.00 2015  5  9 12  6
 2457151.85 2015  5  9  8 28   2457154.24 2015  5 11 17 42   2457156.62 2015  5 14  2 56
 2457156.47 2015  5 13 23 15   2457158.86 2015  5 16  8 31   2457161.24 2015  5 18 17 47
 2457161.09 2015  5 18 14  2   2457163.47 2015  5 20 23 19   2457165.86 2015  5 23  8 37
 2457165.70 2015  5 23  4 49   2457168.09 2015  5 25 14  8   2457170.48 2015  5 27 23 27
 2457170.32 2015  5 27 19 37   2457172.71 2015  5 30  4 57   2457175.10 2015  6  1 14 17
 2457174.93 2015  6  1 10 24   2457177.32 2015  6  3 19 45   2457179.71 2015  6  6  5  7
 2457179.55 2015  6  6  1 11   2457181.94 2015  6  8 10 34   2457184.33 2015  6 10 19 57
 2457184.17 2015  6 10 15 58   2457186.56 2015  6 13  1 23   2457188.95 2015  6 15 10 47
 2457188.78 2015  6 15  6 46   2457191.17 2015  6 17 16 11   2457193.57 2015  6 20  1 37
 2457193.40 2015  6 19 21 33   2457195.79 2015  6 22  7  0   2457198.19 2015  6 24 16 27
 2457198.01 2015  6 24 12 20   2457200.41 2015  6 26 21 49   2457202.80 2015  6 29  7 18
 2457202.63 2015  6 29  3  7   2457205.03 2015  7  1 12 38   2457207.42 2015  7  3 22  8
 2457207.25 2015  7  3 17 55   2457209.64 2015  7  6  3 26   2457212.04 2015  7  8 12 58
 2457211.86 2015  7  8  8 42   2457214.26 2015  7 10 18 15   2457216.66 2015  7 13  3 48
 2457216.48 2015  7 12 23 29   2457218.88 2015  7 15  9  4   2457221.28 2015  7 17 18 38
 2457221.10 2015  7 17 14 16   2457223.49 2015  7 19 23 52   2457225.89 2015  7 22  9 28
 2457225.71 2015  7 22  5  4   2457228.11 2015  7 24 14 41   2457230.51 2015  7 27  0 18
 2457230.33 2015  7 26 19 51   2457232.73 2015  7 29  5 30   2457235.13 2015  7 31 15  8
 2457234.94 2015  7 31 10 38   2457237.35 2015  8  2 20 18   2457239.75 2015  8  5  5 59
 2457239.56 2015  8  5  1 25   2457241.96 2015  8  7 11  7   2457244.37 2015  8  9 20 49
 2457244.18 2015  8  9 16 12   2457246.58 2015  8 12  1 56   2457248.99 2015  8 14 11 39
 2457248.79 2015  8 14  7  0   2457251.20 2015  8 16 16 44   2457253.60 2015  8 19  2 29
 2457253.41 2015  8 18 21 47   2457255.81 2015  8 21  7 33   2457258.22 2015  8 23 17 19
 2457258.02 2015  8 23 12 34   2457260.43 2015  8 25 22 22   2457262.84 2015  8 28  8  9
 2457262.64 2015  8 28  3 21   2457265.05 2015  8 30 13 10   2457267.46 2015  9  1 22 59
 2457267.26 2015  9  1 18  9   2457269.67 2015  9  4  3 59   2457272.08 2015  9  6 13 49
 2457271.87 2015  9  6  8 56   2457274.28 2015  9  8 18 48   2457276.69 2015  9 11  4 39
 2457276.49 2015  9 10 23 43   2457278.90 2015  9 13  9 36   2457281.31 2015  9 15 19 30
 2457281.10 2015  9 15 14 30   2457283.52 2015  9 18  0 25   2457285.93 2015  9 20 10 20
 2457285.72 2015  9 20  5 18   2457288.13 2015  9 22 15 14   2457290.55 2015  9 25  1 10
 2457290.34 2015  9 24 20  5   2457292.75 2015  9 27  6  2   2457295.17 2015  9 29 16  0
 2457294.95 2015  9 29 10 52   2457297.37 2015 10  1 20 51   2457299.79 2015 10  4  6 50
 2457299.57 2015 10  4  1 39   2457301.99 2015 10  6 11 40   2457304.40 2015 10  8 21 40
 2457304.19 2015 10  8 16 27   2457306.60 2015 10 11  2 28   2457309.02 2015 10 13 12 30
 2457308.80 2015 10 13  7 14   2457311.22 2015 10 15 17 17   2457313.64 2015 10 18  3 20
 2457313.42 2015 10 17 22  1   2457315.84 2015 10 20  8  6   2457318.26 2015 10 22 18 11
 2457318.03 2015 10 22 12 48   2457320.45 2015 10 24 22 54   2457322.88 2015 10 27  9  1
 2457322.65 2015 10 27  3 36   2457325.07 2015 10 29 13 43   2457327.49 2015 10 31 23 51
 2457327.27 2015 10 31 18 23   2457329.69 2015 11  3  4 32   2457332.11 2015 11  5 14 41
 2457331.88 2015 11  5  9 10   2457334.31 2015 11  7 19 21   2457336.73 2015 11 10  5 31
 2457336.50 2015 11  9 23 57   2457338.92 2015 11 12 10  9   2457341.35 2015 11 14 20 21
 2457341.11 2015 11 14 14 44   2457343.54 2015 11 17  0 58   2457345.97 2015 11 19 11 11
 2457345.73 2015 11 19  5 32   2457348.16 2015 11 21 15 47   2457350.58 2015 11 24  2  1
 2457350.35 2015 11 23 20 19   2457352.77 2015 11 26  6 35   2457355.20 2015 11 28 16 51
 2457354.96 2015 11 28 11  6   2457357.39 2015 11 30 21 24   2457359.82 2015 12  3  7 42
 2457359.58 2015 12  3  1 53   2457362.01 2015 12  5 12 13   2457364.44 2015 12  7 22 32
 2457364.20 2015 12  7 16 41   2457366.63 2015 12 10  3  1   2457369.06 2015 12 12 13 22
 2457368.81 2015 12 12  7 28   2457371.24 2015 12 14 17 50   2457373.68 2015 12 17  4 12
 2457373.43 2015 12 16 22 15   2457375.86 2015 12 19  8 39   2457378.29 2015 12 21 19  2
 2457378.04 2015 12 21 13  2   2457380.48 2015 12 23 23 27   2457382.91 2015 12 26  9 52
 2457382.66 2015 12 26  3 50   2457385.09 2015 12 28 14 16   2457387.53 2015 12 31  0 42
 2457387.28 2015 12 30 18 37   2457389.71 2016  1  2  5  5   2457392.15 2016  1  4 15 32
 2457391.89 2016  1  4  9 24   2457394.33 2016  1  6 19 53   2457396.77 2016  1  9  6 23
 2457396.51 2016  1  9  0 11   2457398.95 2016  1 11 10 42   2457401.38 2016  1 13 21 13
 2457401.12 2016  1 13 14 59   2457403.56 2016  1 16  1 31   2457406.00 2016  1 18 12  3
 2457405.74 2016  1 18  5 46   2457408.18 2016  1 20 16 19   2457410.62 2016  1 23  2 53
 2457410.36 2016  1 22 20 33   2457412.80 2016  1 25  7  8   2457415.24 2016  1 27 17 43
 2457414.97 2016  1 27 11 20   2457417.41 2016  1 29 21 57   2457419.86 2016  2  1  8 33
 2457419.59 2016  2  1  2  8   2457422.03 2016  2  3 12 45   2457424.47 2016  2  5 23 23
 2457424.21 2016  2  5 16 55   2457426.65 2016  2  8  3 34   2457429.09 2016  2 10 14 13
 2457428.82 2016  2 10  7 42   2457431.27 2016  2 12 18 23   2457433.71 2016  2 15  5  3
 2457433.44 2016  2 14 22 29   2457435.88 2016  2 17  9 11   2457438.33 2016  2 19 19 54
 2457438.05 2016  2 19 13 16   2457440.50 2016  2 22  0  0   2457442.95 2016  2 24 10 44
 2457442.67 2016  2 24  4  4   2457445.12 2016  2 26 14 49   2457447.57 2016  2 29  1 34
 2457447.29 2016  2 28 18 51   2457449.73 2016  3  2  5 37   2457452.18 2016  3  4 16 24
 2457451.90 2016  3  4  9 38   2457454.35 2016  3  6 20 26   2457456.80 2016  3  9  7 14
 2457456.52 2016  3  9  0 25   2457458.97 2016  3 11 11 15   2457461.42 2016  3 13 22  4
 2457461.13 2016  3 13 15 13   2457463.59 2016  3 16  2  3   2457466.04 2016  3 18 12 54
 2457465.75 2016  3 18  6  0   2457468.20 2016  3 20 16 52   2457470.66 2016  3 23  3 44
 2457470.37 2016  3 22 20 47   2457472.82 2016  3 25  7 41   2457475.27 2016  3 27 18 35
 2457474.98 2016  3 27 11 34   2457477.44 2016  3 29 22 30   2457479.89 2016  4  1  9 25
 2457479.60 2016  4  1  2 22   2457482.05 2016  4  3 13 18   2457484.51 2016  4  6  0 15
 2457484.21 2016  4  5 17  9   2457486.67 2016  4  8  4  7   2457489.13 2016  4 10 15  5
 2457488.83 2016  4 10  7 56   2457491.29 2016  4 12 18 56   2457493.75 2016  4 15  5 55
 2457493.45 2016  4 14 22 43   2457495.91 2016  4 17  9 44   2457498.37 2016  4 19 20 45
 2457498.06 2016  4 19 13 31   2457500.52 2016  4 22  0 33   2457502.98 2016  4 24 11 35
 2457502.68 2016  4 24  4 18   2457505.14 2016  4 26 15 22   2457507.60 2016  4 29  2 25
 2457507.30 2016  4 28 19  5   2457509.76 2016  5  1  6 10   2457512.22 2016  5  3 17 15
 2457511.91 2016  5  3  9 52   2457514.37 2016  5  5 20 59   2457516.84 2016  5  8  8  6
 2457516.53 2016  5  8  0 40   2457518.99 2016  5 10 11 48   2457521.46 2016  5 12 22 56
 2457521.14 2016  5 12 15 27   2457523.61 2016  5 15  2 36   2457526.07 2016  5 17 13 46
 2457525.76 2016  5 17  6 14   2457528.23 2016  5 19 17 25   2457530.69 2016  5 22  4 36
 2457530.38 2016  5 21 21  1   2457532.84 2016  5 24  8 14   2457535.31 2016  5 26 19 26
 2457534.99 2016  5 26 11 48   2457537.46 2016  5 28 23  2   2457539.93 2016  5 31 10 16
 2457539.61 2016  5 31  2 36   2457542.08 2016  6  2 13 51   2457544.55 2016  6  5  1  6
 2457544.22 2016  6  4 17 23   2457546.69 2016  6  7  4 40   2457549.16 2016  6  9 15 56
 2457548.84 2016  6  9  8 10   2457551.31 2016  6 11 19 28   2457553.78 2016  6 14  6 47
 2457553.46 2016  6 13 22 57   2457555.93 2016  6 16 10 17   2457558.40 2016  6 18 21 37
 2457558.07 2016  6 18 13 45   2457560.55 2016  6 21  1  6   2457563.02 2016  6 23 12 27
 2457562.69 2016  6 23  4 32   2457565.16 2016  6 25 15 54   2457567.64 2016  6 28  3 17
 2457567.31 2016  6 27 19 19   2457569.78 2016  6 30  6 43   2457572.26 2016  7  2 18  7
 2457571.92 2016  7  2 10  6   2457574.40 2016  7  4 21 32   2457576.87 2016  7  7  8 57
 2457576.54 2016  7  7  0 54   2457579.01 2016  7  9 12 20   2457581.49 2016  7 11 23 47
 2457581.15 2016  7 11 15 41   2457583.63 2016  7 14  3  9   2457586.11 2016  7 16 14 37
 2457585.77 2016  7 16  6 28   2457588.25 2016  7 18 17 58   2457590.73 2016  7 21  5 27
 2457590.39 2016  7 20 21 15   2457592.87 2016  7 23  8 46   2457595.35 2016  7 25 20 18
 2457595.00 2016  7 25 12  3   2457597.48 2016  7 27 23 35   2457599.96 2016  7 30 11  8
 2457599.62 2016  7 30  2 50   2457602.10 2016  8  1 14 24   2457604.58 2016  8  4  1 58
 2457604.23 2016  8  3 17 37   2457606.72 2016  8  6  5 13   2457609.20 2016  8  8 16 48
