 Predicted Transit Epochs: Ups_And__ d

 Predicted Duration of a Central Transit:    22.   Hours

 Begin Transit Window           PREDICTED CENTRAL TRANSIT     End Transit Window
                                     All Times UT

                               HJD        Year M  D  H  M
 2456833.61 2014  6 25  2 33   2457028.65 2015  1  6  3 33   2457223.69 2015  7 20  4 32
 2458054.21 2017 10 27 16 57   2458283.25 2018  6 13 17 57   2458512.29 2019  1 28 18 56
 2459274.81 2021  3  1  7 21   2459537.85 2021 11 19  8 21   2459800.89 2022  8  9  9 20
 2460495.41 2024  7  3 21 45   2460792.45 2025  4 26 22 45   2461089.49 2026  2 17 23 44
 2461716.01 2027 11  6 12  9   2462047.05 2028 10  2 13  9   2462378.09 2029  8 29 14  8
 2462936.61 2031  3 11  2 33   2463301.65 2032  3 10  3 33   2463666.69 2033  3 10  4 32
 2464157.21 2034  7 13 16 57   2464556.25 2035  8 16 17 57   2464955.29 2036  9 18 18 56
