 Predicted Transit Epochs: WASP-19__ b

Observed Transit Duration:   92.4 Minutes

 Begin Transit Window           PREDICTED CENTRAL TRANSIT     End Transit Window
                                     All Times UT

                               HJD        Year M  D  H  M
 2456657.79 2013 12 31  7  1   2456756.90 2014  4  9  9 40   2456856.01 2014  7 17 12 19
 2456658.54 2014  1  1  1  0   2456757.69 2014  4 10  4 36   2456856.84 2014  7 18  8 12
 2456659.29 2014  1  1 18 59   2456758.48 2014  4 10 23 32   2456857.67 2014  7 19  4  4
 2456660.04 2014  1  2 12 58   2456759.27 2014  4 11 18 28   2456858.50 2014  7 19 23 57
 2456660.79 2014  1  3  6 57   2456760.06 2014  4 12 13 24   2456859.33 2014  7 20 19 50
 2456661.54 2014  1  4  0 56   2456760.85 2014  4 13  8 20   2456860.15 2014  7 21 15 43
 2456662.29 2014  1  4 18 56   2456761.64 2014  4 14  3 15   2456860.98 2014  7 22 11 35
 2456663.04 2014  1  5 12 55   2456762.42 2014  4 14 22 11   2456861.81 2014  7 23  7 28
 2456663.79 2014  1  6  6 54   2456763.21 2014  4 15 17  7   2456862.64 2014  7 24  3 21
 2456664.54 2014  1  7  0 53   2456764.00 2014  4 16 12  3   2456863.47 2014  7 24 23 14
 2456665.29 2014  1  7 18 52   2456764.79 2014  4 17  6 59   2456864.30 2014  7 25 19  6
 2456666.04 2014  1  8 12 51   2456765.58 2014  4 18  1 55   2456865.12 2014  7 26 14 59
 2456666.79 2014  1  9  6 50   2456766.37 2014  4 18 20 51   2456865.95 2014  7 27 10 52
 2456667.53 2014  1 10  0 49   2456767.16 2014  4 19 15 47   2456866.78 2014  7 28  6 44
 2456668.28 2014  1 10 18 49   2456767.95 2014  4 20 10 43   2456867.61 2014  7 29  2 37
 2456669.03 2014  1 11 12 48   2456768.74 2014  4 21  5 39   2456868.44 2014  7 29 22 30
 2456669.78 2014  1 12  6 47   2456769.52 2014  4 22  0 35   2456869.27 2014  7 30 18 23
 2456670.53 2014  1 13  0 46   2456770.31 2014  4 22 19 31   2456870.09 2014  7 31 14 15
 2456671.28 2014  1 13 18 45   2456771.10 2014  4 23 14 27   2456870.92 2014  8  1 10  8
 2456672.03 2014  1 14 12 44   2456771.89 2014  4 24  9 23   2456871.75 2014  8  2  6  1
 2456672.78 2014  1 15  6 43   2456772.68 2014  4 25  4 18   2456872.58 2014  8  3  1 53
 2456673.53 2014  1 16  0 43   2456773.47 2014  4 25 23 14   2456873.41 2014  8  3 21 46
 2456674.28 2014  1 16 18 42   2456774.26 2014  4 26 18 10   2456874.24 2014  8  4 17 39
 2456675.03 2014  1 17 12 41   2456775.05 2014  4 27 13  6   2456875.06 2014  8  5 13 32
 2456675.78 2014  1 18  6 40   2456775.84 2014  4 28  8  2   2456875.89 2014  8  6  9 24
 2456676.53 2014  1 19  0 39   2456776.62 2014  4 29  2 58   2456876.72 2014  8  7  5 17
 2456677.28 2014  1 19 18 38   2456777.41 2014  4 29 21 54   2456877.55 2014  8  8  1 10
 2456678.03 2014  1 20 12 37   2456778.20 2014  4 30 16 50   2456878.38 2014  8  8 21  3
 2456678.78 2014  1 21  6 36   2456778.99 2014  5  1 11 46   2456879.21 2014  8  9 16 55
 2456679.53 2014  1 22  0 36   2456779.78 2014  5  2  6 42   2456880.03 2014  8 10 12 48
 2456680.27 2014  1 22 18 35   2456780.57 2014  5  3  1 38   2456880.86 2014  8 11  8 41
 2456681.02 2014  1 23 12 34   2456781.36 2014  5  3 20 34   2456881.69 2014  8 12  4 33
 2456681.77 2014  1 24  6 33   2456782.15 2014  5  4 15 30   2456882.52 2014  8 13  0 26
 2456682.52 2014  1 25  0 32   2456782.93 2014  5  5 10 26   2456883.35 2014  8 13 20 19
 2456683.27 2014  1 25 18 31   2456783.72 2014  5  6  5 21   2456884.18 2014  8 14 16 12
 2456684.02 2014  1 26 12 30   2456784.51 2014  5  7  0 17   2456885.00 2014  8 15 12  4
 2456684.77 2014  1 27  6 30   2456785.30 2014  5  7 19 13   2456885.83 2014  8 16  7 57
 2456685.52 2014  1 28  0 29   2456786.09 2014  5  8 14  9   2456886.66 2014  8 17  3 50
 2456686.27 2014  1 28 18 28   2456786.88 2014  5  9  9  5   2456887.49 2014  8 17 23 43
 2456687.02 2014  1 29 12 27   2456787.67 2014  5 10  4  1   2456888.32 2014  8 18 19 35
 2456687.77 2014  1 30  6 26   2456788.46 2014  5 10 22 57   2456889.14 2014  8 19 15 28
 2456688.52 2014  1 31  0 25   2456789.25 2014  5 11 17 53   2456889.97 2014  8 20 11 21
 2456689.27 2014  1 31 18 24   2456790.03 2014  5 12 12 49   2456890.80 2014  8 21  7 13
 2456690.02 2014  2  1 12 23   2456790.82 2014  5 13  7 45   2456891.63 2014  8 22  3  6
 2456690.77 2014  2  2  6 23   2456791.61 2014  5 14  2 41   2456892.46 2014  8 22 22 59
 2456691.52 2014  2  3  0 22   2456792.40 2014  5 14 21 37   2456893.29 2014  8 23 18 52
 2456692.26 2014  2  3 18 21   2456793.19 2014  5 15 16 33   2456894.11 2014  8 24 14 44
 2456693.01 2014  2  4 12 20   2456793.98 2014  5 16 11 29   2456894.94 2014  8 25 10 37
 2456693.76 2014  2  5  6 19   2456794.77 2014  5 17  6 24   2456895.77 2014  8 26  6 30
 2456694.51 2014  2  6  0 18   2456795.56 2014  5 18  1 20   2456896.60 2014  8 27  2 23
 2456695.26 2014  2  6 18 17   2456796.35 2014  5 18 20 16   2456897.43 2014  8 27 22 15
 2456696.01 2014  2  7 12 17   2456797.13 2014  5 19 15 12   2456898.26 2014  8 28 18  8
 2456696.76 2014  2  8  6 16   2456797.92 2014  5 20 10  8   2456899.08 2014  8 29 14  1
 2456697.51 2014  2  9  0 15   2456798.71 2014  5 21  5  4   2456899.91 2014  8 30  9 53
 2456698.26 2014  2  9 18 14   2456799.50 2014  5 22  0  0   2456900.74 2014  8 31  5 46
 2456699.01 2014  2 10 12 13   2456800.29 2014  5 22 18 56   2456901.57 2014  9  1  1 39
 2456699.76 2014  2 11  6 12   2456801.08 2014  5 23 13 52   2456902.40 2014  9  1 21 32
 2456700.51 2014  2 12  0 11   2456801.87 2014  5 24  8 48   2456903.23 2014  9  2 17 24
 2456701.26 2014  2 12 18 10   2456802.66 2014  5 25  3 44   2456904.05 2014  9  3 13 17
 2456702.01 2014  2 13 12 10   2456803.44 2014  5 25 22 40   2456904.88 2014  9  4  9 10
 2456702.76 2014  2 14  6  9   2456804.23 2014  5 26 17 36   2456905.71 2014  9  5  5  3
 2456703.51 2014  2 15  0  8   2456805.02 2014  5 27 12 32   2456906.54 2014  9  6  0 55
 2456704.26 2014  2 15 18  7   2456805.81 2014  5 28  7 27   2456907.37 2014  9  6 20 48
 2456705.00 2014  2 16 12  6   2456806.60 2014  5 29  2 23   2456908.20 2014  9  7 16 41
 2456705.75 2014  2 17  6  5   2456807.39 2014  5 29 21 19   2456909.02 2014  9  8 12 33
 2456706.50 2014  2 18  0  4   2456808.18 2014  5 30 16 15   2456909.85 2014  9  9  8 26
 2456707.25 2014  2 18 18  4   2456808.97 2014  5 31 11 11   2456910.68 2014  9 10  4 19
 2456708.00 2014  2 19 12  3   2456809.76 2014  6  1  6  7   2456911.51 2014  9 11  0 12
 2456708.75 2014  2 20  6  2   2456810.54 2014  6  2  1  3   2456912.34 2014  9 11 20  4
 2456709.50 2014  2 21  0  1   2456811.33 2014  6  2 19 59   2456913.16 2014  9 12 15 57
 2456710.25 2014  2 21 18  0   2456812.12 2014  6  3 14 55   2456913.99 2014  9 13 11 50
 2456711.00 2014  2 22 11 59   2456812.91 2014  6  4  9 51   2456914.82 2014  9 14  7 43
 2456711.75 2014  2 23  5 58   2456813.70 2014  6  5  4 47   2456915.65 2014  9 15  3 35
 2456712.50 2014  2 23 23 57   2456814.49 2014  6  5 23 43   2456916.48 2014  9 15 23 28
 2456713.25 2014  2 24 17 57   2456815.28 2014  6  6 18 39   2456917.31 2014  9 16 19 21
 2456714.00 2014  2 25 11 56   2456816.07 2014  6  7 13 35   2456918.13 2014  9 17 15 13
 2456714.75 2014  2 26  5 55   2456816.85 2014  6  8  8 31   2456918.96 2014  9 18 11  6
 2456715.50 2014  2 26 23 54   2456817.64 2014  6  9  3 26   2456919.79 2014  9 19  6 59
 2456716.25 2014  2 27 17 53   2456818.43 2014  6  9 22 22   2456920.62 2014  9 20  2 52
 2456716.99 2014  2 28 11 52   2456819.22 2014  6 10 17 18   2456921.45 2014  9 20 22 44
 2456717.74 2014  3  1  5 51   2456820.01 2014  6 11 12 14   2456922.28 2014  9 21 18 37
 2456718.49 2014  3  1 23 51   2456820.80 2014  6 12  7 10   2456923.10 2014  9 22 14 30
 2456719.24 2014  3  2 17 50   2456821.59 2014  6 13  2  6   2456923.93 2014  9 23 10 22
 2456719.99 2014  3  3 11 49   2456822.38 2014  6 13 21  2   2456924.76 2014  9 24  6 15
 2456720.74 2014  3  4  5 48   2456823.17 2014  6 14 15 58   2456925.59 2014  9 25  2  8
 2456721.49 2014  3  4 23 47   2456823.95 2014  6 15 10 54   2456926.42 2014  9 25 22  1
 2456722.24 2014  3  5 17 46   2456824.74 2014  6 16  5 50   2456927.25 2014  9 26 17 53
 2456722.99 2014  3  6 11 45   2456825.53 2014  6 17  0 46   2456928.07 2014  9 27 13 46
 2456723.74 2014  3  7  5 44   2456826.32 2014  6 17 19 42   2456928.90 2014  9 28  9 39
 2456724.49 2014  3  7 23 44   2456827.11 2014  6 18 14 38   2456929.73 2014  9 29  5 32
 2456725.24 2014  3  8 17 43   2456827.90 2014  6 19  9 34   2456930.56 2014  9 30  1 24
 2456725.99 2014  3  9 11 42   2456828.69 2014  6 20  4 29   2456931.39 2014  9 30 21 17
 2456726.74 2014  3 10  5 41   2456829.48 2014  6 20 23 25   2456932.22 2014 10  1 17 10
 2456727.49 2014  3 10 23 40   2456830.27 2014  6 21 18 21   2456933.04 2014 10  2 13  2
 2456728.24 2014  3 11 17 39   2456831.05 2014  6 22 13 17   2456933.87 2014 10  3  8 55
 2456728.99 2014  3 12 11 38   2456831.84 2014  6 23  8 13   2456934.70 2014 10  4  4 48
 2456729.73 2014  3 13  5 38   2456832.63 2014  6 24  3  9   2456935.53 2014 10  5  0 41
 2456730.48 2014  3 13 23 37   2456833.42 2014  6 24 22  5   2456936.36 2014 10  5 20 33
 2456731.23 2014  3 14 17 36   2456834.21 2014  6 25 17  1   2456937.19 2014 10  6 16 26
 2456731.98 2014  3 15 11 35   2456835.00 2014  6 26 11 57   2456938.01 2014 10  7 12 19
 2456732.73 2014  3 16  5 34   2456835.79 2014  6 27  6 53   2456938.84 2014 10  8  8 12
 2456733.48 2014  3 16 23 33   2456836.58 2014  6 28  1 49   2456939.67 2014 10  9  4  4
 2456734.23 2014  3 17 17 32   2456837.36 2014  6 28 20 45   2456940.50 2014 10  9 23 57
 2456734.98 2014  3 18 11 31   2456838.15 2014  6 29 15 41   2456941.33 2014 10 10 19 50
 2456735.73 2014  3 19  5 31   2456838.94 2014  6 30 10 37   2456942.15 2014 10 11 15 42
 2456736.48 2014  3 19 23 30   2456839.73 2014  7  1  5 32   2456942.98 2014 10 12 11 35
 2456737.23 2014  3 20 17 29   2456840.52 2014  7  2  0 28   2456943.81 2014 10 13  7 28
 2456737.98 2014  3 21 11 28   2456841.31 2014  7  2 19 24   2456944.64 2014 10 14  3 21
 2456738.73 2014  3 22  5 27   2456842.10 2014  7  3 14 20   2456945.47 2014 10 14 23 13
 2456739.48 2014  3 22 23 26   2456842.89 2014  7  4  9 16   2456946.30 2014 10 15 19  6
 2456740.23 2014  3 23 17 25   2456843.68 2014  7  5  4 12   2456947.12 2014 10 16 14 59
 2456740.98 2014  3 24 11 25   2456844.46 2014  7  5 23  8   2456947.95 2014 10 17 10 52
 2456741.73 2014  3 25  5 24   2456845.25 2014  7  6 18  4   2456948.78 2014 10 18  6 44
 2456742.47 2014  3 25 23 23   2456846.04 2014  7  7 13  0   2456949.61 2014 10 19  2 37
 2456743.22 2014  3 26 17 22   2456846.83 2014  7  8  7 56   2456950.44 2014 10 19 22 30
 2456743.97 2014  3 27 11 21   2456847.62 2014  7  9  2 52   2456951.27 2014 10 20 18 22
 2456744.72 2014  3 28  5 20   2456848.41 2014  7  9 21 48   2456952.09 2014 10 21 14 15
 2456745.47 2014  3 28 23 19   2456849.20 2014  7 10 16 44   2456952.92 2014 10 22 10  8
 2456746.22 2014  3 29 17 18   2456849.99 2014  7 11 11 40   2456953.75 2014 10 23  6  1
 2456746.97 2014  3 30 11 18   2456850.77 2014  7 12  6 35   2456954.58 2014 10 24  1 53
 2456747.72 2014  3 31  5 17   2456851.56 2014  7 13  1 31   2456955.41 2014 10 24 21 46
 2456748.47 2014  3 31 23 16   2456852.35 2014  7 13 20 27   2456956.24 2014 10 25 17 39
 2456749.22 2014  4  1 17 15   2456853.14 2014  7 14 15 23   2456957.06 2014 10 26 13 32
 2456749.97 2014  4  2 11 14   2456853.93 2014  7 15 10 19   2456957.89 2014 10 27  9 24
 2456750.72 2014  4  3  5 13   2456854.72 2014  7 16  5 15   2456958.72 2014 10 28  5 17
 2456751.47 2014  4  3 23 12   2456855.51 2014  7 17  0 11   2456959.55 2014 10 29  1 10
 2456752.22 2014  4  4 17 12   2456856.30 2014  7 17 19  7   2456960.38 2014 10 29 21  2
 2456752.97 2014  4  5 11 11   2456857.09 2014  7 18 14  3   2456961.21 2014 10 30 16 55
 2456753.72 2014  4  6  5 10   2456857.87 2014  7 19  8 59   2456962.03 2014 10 31 12 48
 2456754.46 2014  4  6 23  9   2456858.66 2014  7 20  3 55   2456962.86 2014 11  1  8 41
 2456755.21 2014  4  7 17  8   2456859.45 2014  7 20 22 51   2456963.69 2014 11  2  4 33
 2456755.96 2014  4  8 11  7   2456860.24 2014  7 21 17 47   2456964.52 2014 11  3  0 26
 2456756.71 2014  4  9  5  6   2456861.03 2014  7 22 12 43   2456965.35 2014 11  3 20 19
 2456757.46 2014  4  9 23  5   2456861.82 2014  7 23  7 38   2456966.18 2014 11  4 16 12
 2456758.21 2014  4 10 17  5   2456862.61 2014  7 24  2 34   2456967.00 2014 11  5 12  4
 2456758.96 2014  4 11 11  4   2456863.40 2014  7 24 21 30   2456967.83 2014 11  6  7 57
 2456759.71 2014  4 12  5  3   2456864.19 2014  7 25 16 26   2456968.66 2014 11  7  3 50
 2456760.46 2014  4 12 23  2   2456864.97 2014  7 26 11 22   2456969.49 2014 11  7 23 42
 2456761.21 2014  4 13 17  1   2456865.76 2014  7 27  6 18   2456970.32 2014 11  8 19 35
 2456761.96 2014  4 14 11  0   2456866.55 2014  7 28  1 14   2456971.14 2014 11  9 15 28
 2456762.71 2014  4 15  4 59   2456867.34 2014  7 28 20 10   2456971.97 2014 11 10 11 21
 2456763.46 2014  4 15 22 59   2456868.13 2014  7 29 15  6   2456972.80 2014 11 11  7 13
 2456764.21 2014  4 16 16 58   2456868.92 2014  7 30 10  2   2456973.63 2014 11 12  3  6
 2456764.96 2014  4 17 10 57   2456869.71 2014  7 31  4 58   2456974.46 2014 11 12 22 59
 2456765.71 2014  4 18  4 56   2456870.50 2014  7 31 23 54   2456975.29 2014 11 13 18 52
 2456766.46 2014  4 18 22 55   2456871.28 2014  8  1 18 50   2456976.11 2014 11 14 14 44
 2456767.20 2014  4 19 16 54   2456872.07 2014  8  2 13 46   2456976.94 2014 11 15 10 37
 2456767.95 2014  4 20 10 53   2456872.86 2014  8  3  8 41   2456977.77 2014 11 16  6 30
 2456768.70 2014  4 21  4 52   2456873.65 2014  8  4  3 37   2456978.60 2014 11 17  2 22
 2456769.45 2014  4 21 22 52   2456874.44 2014  8  4 22 33   2456979.43 2014 11 17 22 15
 2456770.20 2014  4 22 16 51   2456875.23 2014  8  5 17 29   2456980.26 2014 11 18 18  8
 2456770.95 2014  4 23 10 50   2456876.02 2014  8  6 12 25   2456981.08 2014 11 19 14  1
 2456771.70 2014  4 24  4 49   2456876.81 2014  8  7  7 21   2456981.91 2014 11 20  9 53
 2456772.45 2014  4 24 22 48   2456877.60 2014  8  8  2 17   2456982.74 2014 11 21  5 46
 2456773.20 2014  4 25 16 47   2456878.38 2014  8  8 21 13   2456983.57 2014 11 22  1 39
 2456773.95 2014  4 26 10 46   2456879.17 2014  8  9 16  9   2456984.40 2014 11 22 21 31
 2456774.70 2014  4 27  4 45   2456879.96 2014  8 10 11  5   2456985.23 2014 11 23 17 24
 2456775.45 2014  4 27 22 45   2456880.75 2014  8 11  6  1   2456986.05 2014 11 24 13 17
 2456776.20 2014  4 28 16 44   2456881.54 2014  8 12  0 57   2456986.88 2014 11 25  9 10
 2456776.95 2014  4 29 10 43   2456882.33 2014  8 12 19 53   2456987.71 2014 11 26  5  2
 2456777.70 2014  4 30  4 42   2456883.12 2014  8 13 14 49   2456988.54 2014 11 27  0 55
 2456778.45 2014  4 30 22 41   2456883.91 2014  8 14  9 45   2456989.37 2014 11 27 20 48
 2456779.19 2014  5  1 16 40   2456884.70 2014  8 15  4 40   2456990.20 2014 11 28 16 41
 2456779.94 2014  5  2 10 39   2456885.48 2014  8 15 23 36   2456991.02 2014 11 29 12 33
 2456780.69 2014  5  3  4 39   2456886.27 2014  8 16 18 32   2456991.85 2014 11 30  8 26
 2456781.44 2014  5  3 22 38   2456887.06 2014  8 17 13 28   2456992.68 2014 12  1  4 19
 2456782.19 2014  5  4 16 37   2456887.85 2014  8 18  8 24   2456993.51 2014 12  2  0 11
 2456782.94 2014  5  5 10 36   2456888.64 2014  8 19  3 20   2456994.34 2014 12  2 20  4
 2456783.69 2014  5  6  4 35   2456889.43 2014  8 19 22 16   2456995.16 2014 12  3 15 57
 2456784.44 2014  5  6 22 34   2456890.22 2014  8 20 17 12   2456995.99 2014 12  4 11 50
 2456785.19 2014  5  7 16 33   2456891.01 2014  8 21 12  8   2456996.82 2014 12  5  7 42
 2456785.94 2014  5  8 10 32   2456891.79 2014  8 22  7  4   2456997.65 2014 12  6  3 35
 2456786.69 2014  5  9  4 32   2456892.58 2014  8 23  2  0   2456998.48 2014 12  6 23 28
 2456787.44 2014  5  9 22 31   2456893.37 2014  8 23 20 56   2456999.31 2014 12  7 19 21
 2456788.19 2014  5 10 16 30   2456894.16 2014  8 24 15 52   2457000.13 2014 12  8 15 13
 2456788.94 2014  5 11 10 29   2456894.95 2014  8 25 10 48   2457000.96 2014 12  9 11  6
 2456789.69 2014  5 12  4 28   2456895.74 2014  8 26  5 43   2457001.79 2014 12 10  6 59
 2456790.44 2014  5 12 22 27   2456896.53 2014  8 27  0 39   2457002.62 2014 12 11  2 51
 2456791.19 2014  5 13 16 26   2456897.32 2014  8 27 19 35   2457003.45 2014 12 11 22 44
 2456791.93 2014  5 14 10 26   2456898.11 2014  8 28 14 31   2457004.28 2014 12 12 18 37
 2456792.68 2014  5 15  4 25   2456898.89 2014  8 29  9 27   2457005.10 2014 12 13 14 30
 2456793.43 2014  5 15 22 24   2456899.68 2014  8 30  4 23   2457005.93 2014 12 14 10 22
 2456794.18 2014  5 16 16 23   2456900.47 2014  8 30 23 19   2457006.76 2014 12 15  6 15
 2456794.93 2014  5 17 10 22   2456901.26 2014  8 31 18 15   2457007.59 2014 12 16  2  8
 2456795.68 2014  5 18  4 21   2456902.05 2014  9  1 13 11   2457008.42 2014 12 16 22  1
 2456796.43 2014  5 18 22 20   2456902.84 2014  9  2  8  7   2457009.25 2014 12 17 17 53
 2456797.18 2014  5 19 16 19   2456903.63 2014  9  3  3  3   2457010.07 2014 12 18 13 46
 2456797.93 2014  5 20 10 19   2456904.42 2014  9  3 21 59   2457010.90 2014 12 19  9 39
 2456798.68 2014  5 21  4 18   2456905.20 2014  9  4 16 55   2457011.73 2014 12 20  5 31
 2456799.43 2014  5 21 22 17   2456905.99 2014  9  5 11 51   2457012.56 2014 12 21  1 24
 2456800.18 2014  5 22 16 16   2456906.78 2014  9  6  6 46   2457013.39 2014 12 21 21 17
 2456800.93 2014  5 23 10 15   2456907.57 2014  9  7  1 42   2457014.22 2014 12 22 17 10
 2456801.68 2014  5 24  4 14   2456908.36 2014  9  7 20 38   2457015.04 2014 12 23 13  2
 2456802.43 2014  5 24 22 13   2456909.15 2014  9  8 15 34   2457015.87 2014 12 24  8 55
 2456803.18 2014  5 25 16 13   2456909.94 2014  9  9 10 30   2457016.70 2014 12 25  4 48
 2456803.93 2014  5 26 10 12   2456910.73 2014  9 10  5 26   2457017.53 2014 12 26  0 41
 2456804.67 2014  5 27  4 11   2456911.52 2014  9 11  0 22   2457018.36 2014 12 26 20 33
 2456805.42 2014  5 27 22 10   2456912.30 2014  9 11 19 18   2457019.19 2014 12 27 16 26
 2456806.17 2014  5 28 16  9   2456913.09 2014  9 12 14 14   2457020.01 2014 12 28 12 19
 2456806.92 2014  5 29 10  8   2456913.88 2014  9 13  9 10   2457020.84 2014 12 29  8 11
 2456807.67 2014  5 30  4  7   2456914.67 2014  9 14  4  6   2457021.67 2014 12 30  4  4
 2456808.42 2014  5 30 22  6   2456915.46 2014  9 14 23  2   2457022.50 2014 12 30 23 57
 2456809.17 2014  5 31 16  6   2456916.25 2014  9 15 17 58   2457023.33 2014 12 31 19 50
 2456809.92 2014  6  1 10  5   2456917.04 2014  9 16 12 54   2457024.15 2015  1  1 15 42
 2456810.67 2014  6  2  4  4   2456917.83 2014  9 17  7 49   2457024.98 2015  1  2 11 35
 2456811.42 2014  6  2 22  3   2456918.62 2014  9 18  2 45   2457025.81 2015  1  3  7 28
 2456812.17 2014  6  3 16  2   2456919.40 2014  9 18 21 41   2457026.64 2015  1  4  3 21
 2456812.92 2014  6  4 10  1   2456920.19 2014  9 19 16 37   2457027.47 2015  1  4 23 13
 2456813.67 2014  6  5  4  0   2456920.98 2014  9 20 11 33   2457028.30 2015  1  5 19  6
 2456814.42 2014  6  5 22  0   2456921.77 2014  9 21  6 29   2457029.12 2015  1  6 14 59
 2456815.17 2014  6  6 15 59   2456922.56 2014  9 22  1 25   2457029.95 2015  1  7 10 51
 2456815.92 2014  6  7  9 58   2456923.35 2014  9 22 20 21   2457030.78 2015  1  8  6 44
 2456816.66 2014  6  8  3 57   2456924.14 2014  9 23 15 17   2457031.61 2015  1  9  2 37
 2456817.41 2014  6  8 21 56   2456924.93 2014  9 24 10 13   2457032.44 2015  1  9 22 30
 2456818.16 2014  6  9 15 55   2456925.71 2014  9 25  5  9   2457033.27 2015  1 10 18 22
 2456818.91 2014  6 10  9 54   2456926.50 2014  9 26  0  5   2457034.09 2015  1 11 14 15
 2456819.66 2014  6 11  3 53   2456927.29 2014  9 26 19  1   2457034.92 2015  1 12 10  8
 2456820.41 2014  6 11 21 53   2456928.08 2014  9 27 13 57   2457035.75 2015  1 13  6  0
 2456821.16 2014  6 12 15 52   2456928.87 2014  9 28  8 52   2457036.58 2015  1 14  1 53
 2456821.91 2014  6 13  9 51   2456929.66 2014  9 29  3 48   2457037.41 2015  1 14 21 46
 2456822.66 2014  6 14  3 50   2456930.45 2014  9 29 22 44   2457038.24 2015  1 15 17 39
 2456823.41 2014  6 14 21 49   2456931.24 2014  9 30 17 40   2457039.06 2015  1 16 13 31
 2456824.16 2014  6 15 15 48   2456932.03 2014 10  1 12 36   2457039.89 2015  1 17  9 24
 2456824.91 2014  6 16  9 47   2456932.81 2014 10  2  7 32   2457040.72 2015  1 18  5 17
 2456825.66 2014  6 17  3 47   2456933.60 2014 10  3  2 28   2457041.55 2015  1 19  1 10
 2456826.41 2014  6 17 21 46   2456934.39 2014 10  3 21 24   2457042.38 2015  1 19 21  2
 2456827.16 2014  6 18 15 45   2456935.18 2014 10  4 16 20   2457043.21 2015  1 20 16 55
 2456827.91 2014  6 19  9 44   2456935.97 2014 10  5 11 16   2457044.03 2015  1 21 12 48
 2456828.66 2014  6 20  3 43   2456936.76 2014 10  6  6 12   2457044.86 2015  1 22  8 40
 2456829.40 2014  6 20 21 42   2456937.55 2014 10  7  1  8   2457045.69 2015  1 23  4 33
 2456830.15 2014  6 21 15 41   2456938.34 2014 10  7 20  4   2457046.52 2015  1 24  0 26
 2456830.90 2014  6 22  9 40   2456939.13 2014 10  8 15  0   2457047.35 2015  1 24 20 19
 2456831.65 2014  6 23  3 40   2456939.91 2014 10  9  9 55   2457048.17 2015  1 25 16 11
 2456832.40 2014  6 23 21 39   2456940.70 2014 10 10  4 51   2457049.00 2015  1 26 12  4
 2456833.15 2014  6 24 15 38   2456941.49 2014 10 10 23 47   2457049.83 2015  1 27  7 57
 2456833.90 2014  6 25  9 37   2456942.28 2014 10 11 18 43   2457050.66 2015  1 28  3 50
 2456834.65 2014  6 26  3 36   2456943.07 2014 10 12 13 39   2457051.49 2015  1 28 23 42
 2456835.40 2014  6 26 21 35   2456943.86 2014 10 13  8 35   2457052.32 2015  1 29 19 35
 2456836.15 2014  6 27 15 34   2456944.65 2014 10 14  3 31   2457053.14 2015  1 30 15 28
 2456836.90 2014  6 28  9 34   2456945.44 2014 10 14 22 27   2457053.97 2015  1 31 11 20
 2456837.65 2014  6 29  3 33   2456946.22 2014 10 15 17 23   2457054.80 2015  2  1  7 13
 2456838.40 2014  6 29 21 32   2456947.01 2014 10 16 12 19   2457055.63 2015  2  2  3  6
 2456839.15 2014  6 30 15 31   2456947.80 2014 10 17  7 15   2457056.46 2015  2  2 22 59
 2456839.90 2014  7  1  9 30   2456948.59 2014 10 18  2 11   2457057.29 2015  2  3 18 51
 2456840.65 2014  7  2  3 29   2456949.38 2014 10 18 21  7   2457058.11 2015  2  4 14 44
 2456841.40 2014  7  2 21 28   2456950.17 2014 10 19 16  3   2457058.94 2015  2  5 10 37
 2456842.14 2014  7  3 15 27   2456950.96 2014 10 20 10 59   2457059.77 2015  2  6  6 30
 2456842.89 2014  7  4  9 27   2456951.75 2014 10 21  5 54   2457060.60 2015  2  7  2 22
 2456843.64 2014  7  5  3 26   2456952.54 2014 10 22  0 50   2457061.43 2015  2  7 22 15
 2456844.39 2014  7  5 21 25   2456953.32 2014 10 22 19 46   2457062.26 2015  2  8 18  8
 2456845.14 2014  7  6 15 24   2456954.11 2014 10 23 14 42   2457063.08 2015  2  9 14  0
 2456845.89 2014  7  7  9 23   2456954.90 2014 10 24  9 38   2457063.91 2015  2 10  9 53
 2456846.64 2014  7  8  3 22   2456955.69 2014 10 25  4 34   2457064.74 2015  2 11  5 46
 2456847.39 2014  7  8 21 21   2456956.48 2014 10 25 23 30   2457065.57 2015  2 12  1 39
 2456848.14 2014  7  9 15 21   2456957.27 2014 10 26 18 26   2457066.40 2015  2 12 21 31
 2456848.89 2014  7 10  9 20   2456958.06 2014 10 27 13 22   2457067.23 2015  2 13 17 24
 2456849.64 2014  7 11  3 19   2456958.85 2014 10 28  8 18   2457068.05 2015  2 14 13 17
 2456850.39 2014  7 11 21 18   2456959.63 2014 10 29  3 14   2457068.88 2015  2 15  9 10
 2456851.14 2014  7 12 15 17   2456960.42 2014 10 29 22 10   2457069.71 2015  2 16  5  2
 2456851.89 2014  7 13  9 16   2456961.21 2014 10 30 17  6   2457070.54 2015  2 17  0 55
 2456852.64 2014  7 14  3 15   2456962.00 2014 10 31 12  2   2457071.37 2015  2 17 20 48
 2456853.39 2014  7 14 21 14   2456962.79 2014 11  1  6 57   2457072.20 2015  2 18 16 40
 2456854.13 2014  7 15 15 14   2456963.58 2014 11  2  1 53   2457073.02 2015  2 19 12 33
 2456854.88 2014  7 16  9 13   2456964.37 2014 11  2 20 49   2457073.85 2015  2 20  8 26
 2456855.63 2014  7 17  3 12   2456965.16 2014 11  3 15 45   2457074.68 2015  2 21  4 19
 2456856.38 2014  7 17 21 11   2456965.95 2014 11  4 10 41   2457075.51 2015  2 22  0 11
 2456857.13 2014  7 18 15 10   2456966.73 2014 11  5  5 37   2457076.34 2015  2 22 20  4
 2456857.88 2014  7 19  9  9   2456967.52 2014 11  6  0 33   2457077.16 2015  2 23 15 57
 2456858.63 2014  7 20  3  8   2456968.31 2014 11  6 19 29   2457077.99 2015  2 24 11 50
 2456859.38 2014  7 20 21  8   2456969.10 2014 11  7 14 25   2457078.82 2015  2 25  7 42
 2456860.13 2014  7 21 15  7   2456969.89 2014 11  8  9 21   2457079.65 2015  2 26  3 35
 2456860.88 2014  7 22  9  6   2456970.68 2014 11  9  4 17   2457080.48 2015  2 26 23 28
 2456861.63 2014  7 23  3  5   2456971.47 2014 11  9 23 13   2457081.31 2015  2 27 19 20
 2456862.38 2014  7 23 21  4   2456972.26 2014 11 10 18  9   2457082.13 2015  2 28 15 13
 2456863.13 2014  7 24 15  3   2456973.05 2014 11 11 13  5   2457082.96 2015  3  1 11  6
 2456863.88 2014  7 25  9  2   2456973.83 2014 11 12  8  0   2457083.79 2015  3  2  6 59
 2456864.63 2014  7 26  3  1   2456974.62 2014 11 13  2 56   2457084.62 2015  3  3  2 51
 2456865.38 2014  7 26 21  1   2456975.41 2014 11 13 21 52   2457085.45 2015  3  3 22 44
 2456866.13 2014  7 27 15  0   2456976.20 2014 11 14 16 48   2457086.28 2015  3  4 18 37
 2456866.87 2014  7 28  8 59   2456976.99 2014 11 15 11 44   2457087.10 2015  3  5 14 30
 2456867.62 2014  7 29  2 58   2456977.78 2014 11 16  6 40   2457087.93 2015  3  6 10 22
 2456868.37 2014  7 29 20 57   2456978.57 2014 11 17  1 36   2457088.76 2015  3  7  6 15
 2456869.12 2014  7 30 14 56   2456979.36 2014 11 17 20 32   2457089.59 2015  3  8  2  8
 2456869.87 2014  7 31  8 55   2456980.14 2014 11 18 15 28   2457090.42 2015  3  8 22  0
 2456870.62 2014  8  1  2 55   2456980.93 2014 11 19 10 24   2457091.25 2015  3  9 17 53
 2456871.37 2014  8  1 20 54   2456981.72 2014 11 20  5 20   2457092.07 2015  3 10 13 46
 2456872.12 2014  8  2 14 53   2456982.51 2014 11 21  0 16   2457092.90 2015  3 11  9 39
 2456872.87 2014  8  3  8 52   2456983.30 2014 11 21 19 12   2457093.73 2015  3 12  5 31
 2456873.62 2014  8  4  2 51   2456984.09 2014 11 22 14  8   2457094.56 2015  3 13  1 24
 2456874.37 2014  8  4 20 50   2456984.88 2014 11 23  9  3   2457095.39 2015  3 13 21 17
 2456875.12 2014  8  5 14 49   2456985.67 2014 11 24  3 59   2457096.22 2015  3 14 17  9
 2456875.87 2014  8  6  8 48   2456986.46 2014 11 24 22 55   2457097.04 2015  3 15 13  2
 2456876.62 2014  8  7  2 48   2456987.24 2014 11 25 17 51   2457097.87 2015  3 16  8 55
 2456877.37 2014  8  7 20 47   2456988.03 2014 11 26 12 47   2457098.70 2015  3 17  4 48
 2456878.12 2014  8  8 14 46   2456988.82 2014 11 27  7 43   2457099.53 2015  3 18  0 40
 2456878.86 2014  8  9  8 45   2456989.61 2014 11 28  2 39   2457100.36 2015  3 18 20 33
 2456879.61 2014  8 10  2 44   2456990.40 2014 11 28 21 35   2457101.18 2015  3 19 16 26
 2456880.36 2014  8 10 20 43   2456991.19 2014 11 29 16 31   2457102.01 2015  3 20 12 19
 2456881.11 2014  8 11 14 42   2456991.98 2014 11 30 11 27   2457102.84 2015  3 21  8 11
 2456881.86 2014  8 12  8 42   2456992.77 2014 12  1  6 23   2457103.67 2015  3 22  4  4
 2456882.61 2014  8 13  2 41   2456993.55 2014 12  2  1 19   2457104.50 2015  3 22 23 57
 2456883.36 2014  8 13 20 40   2456994.34 2014 12  2 20 15   2457105.33 2015  3 23 19 49
 2456884.11 2014  8 14 14 39   2456995.13 2014 12  3 15 11   2457106.15 2015  3 24 15 42
 2456884.86 2014  8 15  8 38   2456995.92 2014 12  4 10  6   2457106.98 2015  3 25 11 35
 2456885.61 2014  8 16  2 37   2456996.71 2014 12  5  5  2   2457107.81 2015  3 26  7 28
 2456886.36 2014  8 16 20 36   2456997.50 2014 12  5 23 58   2457108.64 2015  3 27  3 20
 2456887.11 2014  8 17 14 35   2456998.29 2014 12  6 18 54   2457109.47 2015  3 27 23 13
 2456887.86 2014  8 18  8 35   2456999.08 2014 12  7 13 50   2457110.30 2015  3 28 19  6
 2456888.61 2014  8 19  2 34   2456999.87 2014 12  8  8 46   2457111.12 2015  3 29 14 59
 2456889.36 2014  8 19 20 33   2457000.65 2014 12  9  3 42   2457111.95 2015  3 30 10 51
 2456890.11 2014  8 20 14 32   2457001.44 2014 12  9 22 38   2457112.78 2015  3 31  6 44
 2456890.86 2014  8 21  8 31   2457002.23 2014 12 10 17 34   2457113.61 2015  4  1  2 37
 2456891.60 2014  8 22  2 30   2457003.02 2014 12 11 12 30   2457114.44 2015  4  1 22 29
 2456892.35 2014  8 22 20 29   2457003.81 2014 12 12  7 26   2457115.27 2015  4  2 18 22
 2456893.10 2014  8 23 14 29   2457004.60 2014 12 13  2 22   2457116.09 2015  4  3 14 15
 2456893.85 2014  8 24  8 28   2457005.39 2014 12 13 21 18   2457116.92 2015  4  4 10  8
 2456894.60 2014  8 25  2 27   2457006.18 2014 12 14 16 14   2457117.75 2015  4  5  6  0
 2456895.35 2014  8 25 20 26   2457006.97 2014 12 15 11  9   2457118.58 2015  4  6  1 53
 2456896.10 2014  8 26 14 25   2457007.75 2014 12 16  6  5   2457119.41 2015  4  6 21 46
 2456896.85 2014  8 27  8 24   2457008.54 2014 12 17  1  1   2457120.24 2015  4  7 17 39
 2456897.60 2014  8 28  2 23   2457009.33 2014 12 17 19 57   2457121.06 2015  4  8 13 31
 2456898.35 2014  8 28 20 22   2457010.12 2014 12 18 14 53   2457121.89 2015  4  9  9 24
 2456899.10 2014  8 29 14 22   2457010.91 2014 12 19  9 49   2457122.72 2015  4 10  5 17
 2456899.85 2014  8 30  8 21   2457011.70 2014 12 20  4 45   2457123.55 2015  4 11  1  9
 2456900.60 2014  8 31  2 20   2457012.49 2014 12 20 23 41   2457124.38 2015  4 11 21  2
 2456901.35 2014  8 31 20 19   2457013.28 2014 12 21 18 37   2457125.21 2015  4 12 16 55
 2456902.10 2014  9  1 14 18   2457014.06 2014 12 22 13 33   2457126.03 2015  4 13 12 48
 2456902.85 2014  9  2  8 17   2457014.85 2014 12 23  8 29   2457126.86 2015  4 14  8 40
 2456903.60 2014  9  3  2 16   2457015.64 2014 12 24  3 25   2457127.69 2015  4 15  4 33
 2456904.34 2014  9  3 20 16   2457016.43 2014 12 24 22 21   2457128.52 2015  4 16  0 26
 2456905.09 2014  9  4 14 15   2457017.22 2014 12 25 17 17   2457129.35 2015  4 16 20 19
 2456905.84 2014  9  5  8 14   2457018.01 2014 12 26 12 13   2457130.17 2015  4 17 16 11
 2456906.59 2014  9  6  2 13   2457018.80 2014 12 27  7  8   2457131.00 2015  4 18 12  4
 2456907.34 2014  9  6 20 12   2457019.59 2014 12 28  2  4   2457131.83 2015  4 19  7 57
 2456908.09 2014  9  7 14 11   2457020.38 2014 12 28 21  0   2457132.66 2015  4 20  3 49
 2456908.84 2014  9  8  8 10   2457021.16 2014 12 29 15 56   2457133.49 2015  4 20 23 42
 2456909.59 2014  9  9  2  9   2457021.95 2014 12 30 10 52   2457134.32 2015  4 21 19 35
 2456910.34 2014  9  9 20  9   2457022.74 2014 12 31  5 48   2457135.14 2015  4 22 15 28
 2456911.09 2014  9 10 14  8   2457023.53 2015  1  1  0 44   2457135.97 2015  4 23 11 20
 2456911.84 2014  9 11  8  7   2457024.32 2015  1  1 19 40   2457136.80 2015  4 24  7 13
 2456912.59 2014  9 12  2  6   2457025.11 2015  1  2 14 36   2457137.63 2015  4 25  3  6
 2456913.34 2014  9 12 20  5   2457025.90 2015  1  3  9 32   2457138.46 2015  4 25 22 59
 2456914.09 2014  9 13 14  4   2457026.69 2015  1  4  4 28   2457139.29 2015  4 26 18 51
 2456914.84 2014  9 14  8  3   2457027.48 2015  1  4 23 24   2457140.11 2015  4 27 14 44
 2456915.59 2014  9 15  2  2   2457028.26 2015  1  5 18 20   2457140.94 2015  4 28 10 37
 2456916.33 2014  9 15 20  2   2457029.05 2015  1  6 13 16   2457141.77 2015  4 29  6 29
 2456917.08 2014  9 16 14  1   2457029.84 2015  1  7  8 11   2457142.60 2015  4 30  2 22
 2456917.83 2014  9 17  8  0   2457030.63 2015  1  8  3  7   2457143.43 2015  4 30 22 15
 2456918.58 2014  9 18  1 59   2457031.42 2015  1  8 22  3   2457144.26 2015  5  1 18  8
 2456919.33 2014  9 18 19 58   2457032.21 2015  1  9 16 59   2457145.08 2015  5  2 14  0
 2456920.08 2014  9 19 13 57   2457033.00 2015  1 10 11 55   2457145.91 2015  5  3  9 53
 2456920.83 2014  9 20  7 56   2457033.79 2015  1 11  6 51   2457146.74 2015  5  4  5 46
 2456921.58 2014  9 21  1 56   2457034.57 2015  1 12  1 47   2457147.57 2015  5  5  1 38
 2456922.33 2014  9 21 19 55   2457035.36 2015  1 12 20 43   2457148.40 2015  5  5 21 31
 2456923.08 2014  9 22 13 54   2457036.15 2015  1 13 15 39   2457149.23 2015  5  6 17 24
 2456923.83 2014  9 23  7 53   2457036.94 2015  1 14 10 35   2457150.05 2015  5  7 13 17
 2456924.58 2014  9 24  1 52   2457037.73 2015  1 15  5 31   2457150.88 2015  5  8  9  9
 2456925.33 2014  9 24 19 51   2457038.52 2015  1 16  0 27   2457151.71 2015  5  9  5  2
 2456926.08 2014  9 25 13 50   2457039.31 2015  1 16 19 23   2457152.54 2015  5 10  0 55
 2456926.83 2014  9 26  7 49   2457040.10 2015  1 17 14 19   2457153.37 2015  5 10 20 48
 2456927.58 2014  9 27  1 49   2457040.89 2015  1 18  9 14   2457154.20 2015  5 11 16 40
 2456928.33 2014  9 27 19 48   2457041.67 2015  1 19  4 10   2457155.02 2015  5 12 12 33
 2456929.07 2014  9 28 13 47   2457042.46 2015  1 19 23  6   2457155.85 2015  5 13  8 26
 2456929.82 2014  9 29  7 46   2457043.25 2015  1 20 18  2   2457156.68 2015  5 14  4 18
 2456930.57 2014  9 30  1 45   2457044.04 2015  1 21 12 58   2457157.51 2015  5 15  0 11
 2456931.32 2014  9 30 19 44   2457044.83 2015  1 22  7 54   2457158.34 2015  5 15 20  4
 2456932.07 2014 10  1 13 43   2457045.62 2015  1 23  2 50   2457159.16 2015  5 16 15 57
 2456932.82 2014 10  2  7 43   2457046.41 2015  1 23 21 46   2457159.99 2015  5 17 11 49
 2456933.57 2014 10  3  1 42   2457047.20 2015  1 24 16 42   2457160.82 2015  5 18  7 42
 2456934.32 2014 10  3 19 41   2457047.98 2015  1 25 11 38   2457161.65 2015  5 19  3 35
 2456935.07 2014 10  4 13 40   2457048.77 2015  1 26  6 34   2457162.48 2015  5 19 23 28
 2456935.82 2014 10  5  7 39   2457049.56 2015  1 27  1 30   2457163.31 2015  5 20 19 20
 2456936.57 2014 10  6  1 38   2457050.35 2015  1 27 20 26   2457164.13 2015  5 21 15 13
 2456937.32 2014 10  6 19 37   2457051.14 2015  1 28 15 22   2457164.96 2015  5 22 11  6
 2456938.07 2014 10  7 13 36   2457051.93 2015  1 29 10 17   2457165.79 2015  5 23  6 58
 2456938.82 2014 10  8  7 36   2457052.72 2015  1 30  5 13   2457166.62 2015  5 24  2 51
 2456939.57 2014 10  9  1 35   2457053.51 2015  1 31  0  9   2457167.45 2015  5 24 22 44
 2456940.32 2014 10  9 19 34   2457054.30 2015  1 31 19  5   2457168.28 2015  5 25 18 37
 2456941.06 2014 10 10 13 33   2457055.08 2015  2  1 14  1   2457169.10 2015  5 26 14 29
 2456941.81 2014 10 11  7 32   2457055.87 2015  2  2  8 57   2457169.93 2015  5 27 10 22
 2456942.56 2014 10 12  1 31   2457056.66 2015  2  3  3 53   2457170.76 2015  5 28  6 15
 2456943.31 2014 10 12 19 30   2457057.45 2015  2  3 22 49   2457171.59 2015  5 29  2  8
 2456944.06 2014 10 13 13 30   2457058.24 2015  2  4 17 45   2457172.42 2015  5 29 22  0
 2456944.81 2014 10 14  7 29   2457059.03 2015  2  5 12 41   2457173.25 2015  5 30 17 53
 2456945.56 2014 10 15  1 28   2457059.82 2015  2  6  7 37   2457174.07 2015  5 31 13 46
 2456946.31 2014 10 15 19 27   2457060.61 2015  2  7  2 33   2457174.90 2015  6  1  9 38
 2456947.06 2014 10 16 13 26   2457061.40 2015  2  7 21 29   2457175.73 2015  6  2  5 31
 2456947.81 2014 10 17  7 25   2457062.18 2015  2  8 16 25   2457176.56 2015  6  3  1 24
 2456948.56 2014 10 18  1 24   2457062.97 2015  2  9 11 20   2457177.39 2015  6  3 21 17
 2456949.31 2014 10 18 19 23   2457063.76 2015  2 10  6 16   2457178.22 2015  6  4 17  9
 2456950.06 2014 10 19 13 23   2457064.55 2015  2 11  1 12   2457179.04 2015  6  5 13  2
 2456950.81 2014 10 20  7 22   2457065.34 2015  2 11 20  8   2457179.87 2015  6  6  8 55
 2456951.56 2014 10 21  1 21   2457066.13 2015  2 12 15  4   2457180.70 2015  6  7  4 48
 2456952.31 2014 10 21 19 20   2457066.92 2015  2 13 10  0   2457181.53 2015  6  8  0 40
 2456953.06 2014 10 22 13 19   2457067.71 2015  2 14  4 56   2457182.36 2015  6  8 20 33
 2456953.80 2014 10 23  7 18   2457068.49 2015  2 14 23 52   2457183.18 2015  6  9 16 26
 2456954.55 2014 10 24  1 17   2457069.28 2015  2 15 18 48   2457184.01 2015  6 10 12 18
 2456955.30 2014 10 24 19 17   2457070.07 2015  2 16 13 44   2457184.84 2015  6 11  8 11
 2456956.05 2014 10 25 13 16   2457070.86 2015  2 17  8 40   2457185.67 2015  6 12  4  4
 2456956.80 2014 10 26  7 15   2457071.65 2015  2 18  3 36   2457186.50 2015  6 12 23 57
 2456957.55 2014 10 27  1 14   2457072.44 2015  2 18 22 32   2457187.33 2015  6 13 19 49
 2456958.30 2014 10 27 19 13   2457073.23 2015  2 19 17 28   2457188.15 2015  6 14 15 42
 2456959.05 2014 10 28 13 12   2457074.02 2015  2 20 12 24   2457188.98 2015  6 15 11 35
 2456959.80 2014 10 29  7 11   2457074.81 2015  2 21  7 19   2457189.81 2015  6 16  7 28
 2456960.55 2014 10 30  1 10   2457075.59 2015  2 22  2 15   2457190.64 2015  6 17  3 20
 2456961.30 2014 10 30 19 10   2457076.38 2015  2 22 21 11   2457191.47 2015  6 17 23 13
 2456962.05 2014 10 31 13  9   2457077.17 2015  2 23 16  7   2457192.30 2015  6 18 19  6
 2456962.80 2014 11  1  7  8   2457077.96 2015  2 24 11  3   2457193.12 2015  6 19 14 58
 2456963.55 2014 11  2  1  7   2457078.75 2015  2 25  5 59   2457193.95 2015  6 20 10 51
 2456964.30 2014 11  2 19  6   2457079.54 2015  2 26  0 55   2457194.78 2015  6 21  6 44
 2456965.05 2014 11  3 13  5   2457080.33 2015  2 26 19 51   2457195.61 2015  6 22  2 37
 2456965.80 2014 11  4  7  4   2457081.12 2015  2 27 14 47   2457196.44 2015  6 22 22 29
 2456966.54 2014 11  5  1  4   2457081.91 2015  2 28  9 43   2457197.27 2015  6 23 18 22
 2456967.29 2014 11  5 19  3   2457082.69 2015  3  1  4 39   2457198.09 2015  6 24 14 15
 2456968.04 2014 11  6 13  2   2457083.48 2015  3  1 23 35   2457198.92 2015  6 25 10  8
 2456968.79 2014 11  7  7  1   2457084.27 2015  3  2 18 31   2457199.75 2015  6 26  6  0
 2456969.54 2014 11  8  1  0   2457085.06 2015  3  3 13 27   2457200.58 2015  6 27  1 53
 2456970.29 2014 11  8 18 59   2457085.85 2015  3  4  8 22   2457201.41 2015  6 27 21 46
 2456971.04 2014 11  9 12 58   2457086.64 2015  3  5  3 18   2457202.24 2015  6 28 17 38
 2456971.79 2014 11 10  6 57   2457087.43 2015  3  5 22 14   2457203.06 2015  6 29 13 31
 2456972.54 2014 11 11  0 57   2457088.22 2015  3  6 17 10   2457203.89 2015  6 30  9 24
 2456973.29 2014 11 11 18 56   2457089.00 2015  3  7 12  6   2457204.72 2015  7  1  5 17
 2456974.04 2014 11 12 12 55   2457089.79 2015  3  8  7  2   2457205.55 2015  7  2  1  9
 2456974.79 2014 11 13  6 54   2457090.58 2015  3  9  1 58   2457206.38 2015  7  2 21  2
 2456975.54 2014 11 14  0 53   2457091.37 2015  3  9 20 54   2457207.21 2015  7  3 16 55
 2456976.29 2014 11 14 18 52   2457092.16 2015  3 10 15 50   2457208.03 2015  7  4 12 47
 2456977.04 2014 11 15 12 51   2457092.95 2015  3 11 10 46   2457208.86 2015  7  5  8 40
 2456977.79 2014 11 16  6 51   2457093.74 2015  3 12  5 42   2457209.69 2015  7  6  4 33
 2456978.53 2014 11 17  0 50   2457094.53 2015  3 13  0 38   2457210.52 2015  7  7  0 26
 2456979.28 2014 11 17 18 49   2457095.32 2015  3 13 19 34   2457211.35 2015  7  7 20 18
 2456980.03 2014 11 18 12 48   2457096.10 2015  3 14 14 30   2457212.17 2015  7  8 16 11
 2456980.78 2014 11 19  6 47   2457096.89 2015  3 15  9 25   2457213.00 2015  7  9 12  4
 2456981.53 2014 11 20  0 46   2457097.68 2015  3 16  4 21   2457213.83 2015  7 10  7 57
 2456982.28 2014 11 20 18 45   2457098.47 2015  3 16 23 17   2457214.66 2015  7 11  3 49
 2456983.03 2014 11 21 12 44   2457099.26 2015  3 17 18 13   2457215.49 2015  7 11 23 42
 2456983.78 2014 11 22  6 44   2457100.05 2015  3 18 13  9   2457216.32 2015  7 12 19 35
 2456984.53 2014 11 23  0 43   2457100.84 2015  3 19  8  5   2457217.14 2015  7 13 15 27
 2456985.28 2014 11 23 18 42   2457101.63 2015  3 20  3  1   2457217.97 2015  7 14 11 20
 2456986.03 2014 11 24 12 41   2457102.41 2015  3 20 21 57   2457218.80 2015  7 15  7 13
 2456986.78 2014 11 25  6 40   2457103.20 2015  3 21 16 53   2457219.63 2015  7 16  3  6
 2456987.53 2014 11 26  0 39   2457103.99 2015  3 22 11 49   2457220.46 2015  7 16 22 58
 2456988.28 2014 11 26 18 38   2457104.78 2015  3 23  6 45   2457221.29 2015  7 17 18 51
 2456989.03 2014 11 27 12 38   2457105.57 2015  3 24  1 41   2457222.11 2015  7 18 14 44
 2456989.78 2014 11 28  6 37   2457106.36 2015  3 24 20 37   2457222.94 2015  7 19 10 37
 2456990.53 2014 11 29  0 36   2457107.15 2015  3 25 15 33   2457223.77 2015  7 20  6 29
 2456991.27 2014 11 29 18 35   2457107.94 2015  3 26 10 28   2457224.60 2015  7 21  2 22
 2456992.02 2014 11 30 12 34   2457108.73 2015  3 27  5 24   2457225.43 2015  7 21 22 15
 2456992.77 2014 12  1  6 33   2457109.51 2015  3 28  0 20   2457226.26 2015  7 22 18  7
 2456993.52 2014 12  2  0 32   2457110.30 2015  3 28 19 16   2457227.08 2015  7 23 14  0
 2456994.27 2014 12  2 18 31   2457111.09 2015  3 29 14 12   2457227.91 2015  7 24  9 53
 2456995.02 2014 12  3 12 31   2457111.88 2015  3 30  9  8   2457228.74 2015  7 25  5 46
 2456995.77 2014 12  4  6 30   2457112.67 2015  3 31  4  4   2457229.57 2015  7 26  1 38
 2456996.52 2014 12  5  0 29   2457113.46 2015  3 31 23  0   2457230.40 2015  7 26 21 31
 2456997.27 2014 12  5 18 28   2457114.25 2015  4  1 17 56   2457231.23 2015  7 27 17 24
 2456998.02 2014 12  6 12 27   2457115.04 2015  4  2 12 52   2457232.05 2015  7 28 13 17
 2456998.77 2014 12  7  6 26   2457115.83 2015  4  3  7 48   2457232.88 2015  7 29  9  9
 2456999.52 2014 12  8  0 25   2457116.61 2015  4  4  2 44   2457233.71 2015  7 30  5  2
 2457000.27 2014 12  8 18 25   2457117.40 2015  4  4 21 40   2457234.54 2015  7 31  0 55
 2457001.02 2014 12  9 12 24   2457118.19 2015  4  5 16 36   2457235.37 2015  7 31 20 47
 2457001.77 2014 12 10  6 23   2457118.98 2015  4  6 11 31   2457236.19 2015  8  1 16 40
 2457002.52 2014 12 11  0 22   2457119.77 2015  4  7  6 27   2457237.02 2015  8  2 12 33
 2457003.26 2014 12 11 18 21   2457120.56 2015  4  8  1 23   2457237.85 2015  8  3  8 26
 2457004.01 2014 12 12 12 20   2457121.35 2015  4  8 20 19   2457238.68 2015  8  4  4 18
 2457004.76 2014 12 13  6 19   2457122.14 2015  4  9 15 15   2457239.51 2015  8  5  0 11
 2457005.51 2014 12 14  0 18   2457122.92 2015  4 10 10 11   2457240.34 2015  8  5 20  4
 2457006.26 2014 12 14 18 18   2457123.71 2015  4 11  5  7   2457241.16 2015  8  6 15 57
 2457007.01 2014 12 15 12 17   2457124.50 2015  4 12  0  3   2457241.99 2015  8  7 11 49
 2457007.76 2014 12 16  6 16   2457125.29 2015  4 12 18 59   2457242.82 2015  8  8  7 42
 2457008.51 2014 12 17  0 15   2457126.08 2015  4 13 13 55   2457243.65 2015  8  9  3 35
 2457009.26 2014 12 17 18 14   2457126.87 2015  4 14  8 51   2457244.48 2015  8  9 23 27
 2457010.01 2014 12 18 12 13   2457127.66 2015  4 15  3 47   2457245.31 2015  8 10 19 20
 2457010.76 2014 12 19  6 12   2457128.45 2015  4 15 22 43   2457246.13 2015  8 11 15 13
 2457011.51 2014 12 20  0 12   2457129.24 2015  4 16 17 39   2457246.96 2015  8 12 11  6
 2457012.26 2014 12 20 18 11   2457130.02 2015  4 17 12 34   2457247.79 2015  8 13  6 58
 2457013.01 2014 12 21 12 10   2457130.81 2015  4 18  7 30   2457248.62 2015  8 14  2 51
 2457013.76 2014 12 22  6  9   2457131.60 2015  4 19  2 26   2457249.45 2015  8 14 22 44
 2457014.51 2014 12 23  0  8   2457132.39 2015  4 19 21 22   2457250.28 2015  8 15 18 37
 2457015.26 2014 12 23 18  7   2457133.18 2015  4 20 16 18   2457251.10 2015  8 16 14 29
 2457016.00 2014 12 24 12  6   2457133.97 2015  4 21 11 14   2457251.93 2015  8 17 10 22
 2457016.75 2014 12 25  6  5   2457134.76 2015  4 22  6 10   2457252.76 2015  8 18  6 15
 2457017.50 2014 12 26  0  5   2457135.55 2015  4 23  1  6   2457253.59 2015  8 19  2  7
 2457018.25 2014 12 26 18  4   2457136.34 2015  4 23 20  2   2457254.42 2015  8 19 22  0
 2457019.00 2014 12 27 12  3   2457137.12 2015  4 24 14 58   2457255.25 2015  8 20 17 53
 2457019.75 2014 12 28  6  2   2457137.91 2015  4 25  9 54   2457256.07 2015  8 21 13 46
 2457020.50 2014 12 29  0  1   2457138.70 2015  4 26  4 50   2457256.90 2015  8 22  9 38
 2457021.25 2014 12 29 18  0   2457139.49 2015  4 26 23 46   2457257.73 2015  8 23  5 31
 2457022.00 2014 12 30 11 59   2457140.28 2015  4 27 18 42   2457258.56 2015  8 24  1 24
 2457022.75 2014 12 31  5 59   2457141.07 2015  4 28 13 38   2457259.39 2015  8 24 21 16
 2457023.50 2014 12 31 23 58   2457141.86 2015  4 29  8 33   2457260.22 2015  8 25 17  9
 2457024.25 2015  1  1 17 57   2457142.65 2015  4 30  3 29   2457261.04 2015  8 26 13  2
 2457025.00 2015  1  2 11 56   2457143.43 2015  4 30 22 25   2457261.87 2015  8 27  8 55
 2457025.75 2015  1  3  5 55   2457144.22 2015  5  1 17 21   2457262.70 2015  8 28  4 47
 2457026.50 2015  1  3 23 54   2457145.01 2015  5  2 12 17   2457263.53 2015  8 29  0 40
 2457027.25 2015  1  4 17 53   2457145.80 2015  5  3  7 13   2457264.36 2015  8 29 20 33
 2457028.00 2015  1  5 11 52   2457146.59 2015  5  4  2  9   2457265.18 2015  8 30 16 26
 2457028.74 2015  1  6  5 52   2457147.38 2015  5  4 21  5   2457266.01 2015  8 31 12 18
 2457029.49 2015  1  6 23 51   2457148.17 2015  5  5 16  1   2457266.84 2015  9  1  8 11
 2457030.24 2015  1  7 17 50   2457148.96 2015  5  6 10 57   2457267.67 2015  9  2  4  4
 2457030.99 2015  1  8 11 49   2457149.75 2015  5  7  5 53   2457268.50 2015  9  2 23 56
 2457031.74 2015  1  9  5 48   2457150.53 2015  5  8  0 49   2457269.33 2015  9  3 19 49
 2457032.49 2015  1  9 23 47   2457151.32 2015  5  8 19 45   2457270.15 2015  9  4 15 42
 2457033.24 2015  1 10 17 46   2457152.11 2015  5  9 14 41   2457270.98 2015  9  5 11 35
 2457033.99 2015  1 11 11 46   2457152.90 2015  5 10  9 36   2457271.81 2015  9  6  7 27
 2457034.74 2015  1 12  5 45   2457153.69 2015  5 11  4 32   2457272.64 2015  9  7  3 20
 2457035.49 2015  1 12 23 44   2457154.48 2015  5 11 23 28   2457273.47 2015  9  7 23 13
 2457036.24 2015  1 13 17 43   2457155.27 2015  5 12 18 24   2457274.30 2015  9  8 19  6
 2457036.99 2015  1 14 11 42   2457156.06 2015  5 13 13 20   2457275.12 2015  9  9 14 58
 2457037.74 2015  1 15  5 41   2457156.84 2015  5 14  8 16   2457275.95 2015  9 10 10 51
 2457038.49 2015  1 15 23 40   2457157.63 2015  5 15  3 12   2457276.78 2015  9 11  6 44
 2457039.24 2015  1 16 17 39   2457158.42 2015  5 15 22  8   2457277.61 2015  9 12  2 36
 2457039.99 2015  1 17 11 39   2457159.21 2015  5 16 17  4   2457278.44 2015  9 12 22 29
 2457040.73 2015  1 18  5 38   2457160.00 2015  5 17 12  0   2457279.27 2015  9 13 18 22
 2457041.48 2015  1 18 23 37   2457160.79 2015  5 18  6 56   2457280.09 2015  9 14 14 15
 2457042.23 2015  1 19 17 36   2457161.58 2015  5 19  1 52   2457280.92 2015  9 15 10  7
 2457042.98 2015  1 20 11 35   2457162.37 2015  5 19 20 48   2457281.75 2015  9 16  6  0
 2457043.73 2015  1 21  5 34   2457163.16 2015  5 20 15 44   2457282.58 2015  9 17  1 53
 2457044.48 2015  1 21 23 33   2457163.94 2015  5 21 10 39   2457283.41 2015  9 17 21 46
 2457045.23 2015  1 22 17 33   2457164.73 2015  5 22  5 35   2457284.24 2015  9 18 17 38
 2457045.98 2015  1 23 11 32   2457165.52 2015  5 23  0 31   2457285.06 2015  9 19 13 31
 2457046.73 2015  1 24  5 31   2457166.31 2015  5 23 19 27   2457285.89 2015  9 20  9 24
 2457047.48 2015  1 24 23 30   2457167.10 2015  5 24 14 23   2457286.72 2015  9 21  5 16
 2457048.23 2015  1 25 17 29   2457167.89 2015  5 25  9 19   2457287.55 2015  9 22  1  9
 2457048.98 2015  1 26 11 28   2457168.68 2015  5 26  4 15   2457288.38 2015  9 22 21  2
 2457049.73 2015  1 27  5 27   2457169.47 2015  5 26 23 11   2457289.20 2015  9 23 16 55
 2457050.48 2015  1 27 23 26   2457170.26 2015  5 27 18  7   2457290.03 2015  9 24 12 47
 2457051.23 2015  1 28 17 26   2457171.04 2015  5 28 13  3   2457290.86 2015  9 25  8 40
 2457051.98 2015  1 29 11 25   2457171.83 2015  5 29  7 59   2457291.69 2015  9 26  4 33
 2457052.73 2015  1 30  5 24   2457172.62 2015  5 30  2 55   2457292.52 2015  9 27  0 26
 2457053.47 2015  1 30 23 23   2457173.41 2015  5 30 21 51   2457293.35 2015  9 27 20 18
 2457054.22 2015  1 31 17 22   2457174.20 2015  5 31 16 47   2457294.17 2015  9 28 16 11
 2457054.97 2015  2  1 11 21   2457174.99 2015  6  1 11 42   2457295.00 2015  9 29 12  4
 2457055.72 2015  2  2  5 20   2457175.78 2015  6  2  6 38   2457295.83 2015  9 30  7 56
 2457056.47 2015  2  2 23 19   2457176.57 2015  6  3  1 34   2457296.66 2015 10  1  3 49
 2457057.22 2015  2  3 17 19   2457177.35 2015  6  3 20 30   2457297.49 2015 10  1 23 42
 2457057.97 2015  2  4 11 18   2457178.14 2015  6  4 15 26   2457298.32 2015 10  2 19 35
 2457058.72 2015  2  5  5 17   2457178.93 2015  6  5 10 22   2457299.14 2015 10  3 15 27
 2457059.47 2015  2  5 23 16   2457179.72 2015  6  6  5 18   2457299.97 2015 10  4 11 20
 2457060.22 2015  2  6 17 15   2457180.51 2015  6  7  0 14   2457300.80 2015 10  5  7 13
 2457060.97 2015  2  7 11 14   2457181.30 2015  6  7 19 10   2457301.63 2015 10  6  3  6
 2457061.72 2015  2  8  5 13   2457182.09 2015  6  8 14  6   2457302.46 2015 10  6 22 58
 2457062.47 2015  2  8 23 13   2457182.88 2015  6  9  9  2   2457303.29 2015 10  7 18 51
 2457063.22 2015  2  9 17 12   2457183.67 2015  6 10  3 58   2457304.11 2015 10  8 14 44
 2457063.97 2015  2 10 11 11   2457184.45 2015  6 10 22 54   2457304.94 2015 10  9 10 36
 2457064.72 2015  2 11  5 10   2457185.24 2015  6 11 17 50   2457305.77 2015 10 10  6 29
 2457065.46 2015  2 11 23  9   2457186.03 2015  6 12 12 45   2457306.60 2015 10 11  2 22
 2457066.21 2015  2 12 17  8   2457186.82 2015  6 13  7 41   2457307.43 2015 10 11 22 15
 2457066.96 2015  2 13 11  7   2457187.61 2015  6 14  2 37   2457308.26 2015 10 12 18  7
 2457067.71 2015  2 14  5  6   2457188.40 2015  6 14 21 33   2457309.08 2015 10 13 14  0
 2457068.46 2015  2 14 23  6   2457189.19 2015  6 15 16 29   2457309.91 2015 10 14  9 53
 2457069.21 2015  2 15 17  5   2457189.98 2015  6 16 11 25   2457310.74 2015 10 15  5 46
 2457069.96 2015  2 16 11  4   2457190.76 2015  6 17  6 21   2457311.57 2015 10 16  1 38
 2457070.71 2015  2 17  5  3   2457191.55 2015  6 18  1 17   2457312.40 2015 10 16 21 31
 2457071.46 2015  2 17 23  2   2457192.34 2015  6 18 20 13   2457313.23 2015 10 17 17 24
 2457072.21 2015  2 18 17  1   2457193.13 2015  6 19 15  9   2457314.05 2015 10 18 13 16
 2457072.96 2015  2 19 11  0   2457193.92 2015  6 20 10  5   2457314.88 2015 10 19  9  9
 2457073.71 2015  2 20  5  0   2457194.71 2015  6 21  5  1   2457315.71 2015 10 20  5  2
 2457074.46 2015  2 20 22 59   2457195.50 2015  6 21 23 57   2457316.54 2015 10 21  0 55
 2457075.21 2015  2 21 16 58   2457196.29 2015  6 22 18 53   2457317.37 2015 10 21 20 47
 2457075.96 2015  2 22 10 57   2457197.08 2015  6 23 13 48   2457318.19 2015 10 22 16 40
 2457076.71 2015  2 23  4 56   2457197.86 2015  6 24  8 44   2457319.02 2015 10 23 12 33
 2457077.46 2015  2 23 22 55   2457198.65 2015  6 25  3 40   2457319.85 2015 10 24  8 25
 2457078.20 2015  2 24 16 54   2457199.44 2015  6 25 22 36   2457320.68 2015 10 25  4 18
 2457078.95 2015  2 25 10 53   2457200.23 2015  6 26 17 32   2457321.51 2015 10 26  0 11
 2457079.70 2015  2 26  4 53   2457201.02 2015  6 27 12 28   2457322.34 2015 10 26 20  4
 2457080.45 2015  2 26 22 52   2457201.81 2015  6 28  7 24   2457323.16 2015 10 27 15 56
 2457081.20 2015  2 27 16 51   2457202.60 2015  6 29  2 20   2457323.99 2015 10 28 11 49
 2457081.95 2015  2 28 10 50   2457203.39 2015  6 29 21 16   2457324.82 2015 10 29  7 42
 2457082.70 2015  3  1  4 49   2457204.18 2015  6 30 16 12   2457325.65 2015 10 30  3 35
 2457083.45 2015  3  1 22 48   2457204.96 2015  7  1 11  8   2457326.48 2015 10 30 23 27
 2457084.20 2015  3  2 16 47   2457205.75 2015  7  2  6  4   2457327.31 2015 10 31 19 20
 2457084.95 2015  3  3 10 47   2457206.54 2015  7  3  1  0   2457328.13 2015 11  1 15 13
 2457085.70 2015  3  4  4 46   2457207.33 2015  7  3 19 56   2457328.96 2015 11  2 11  5
 2457086.45 2015  3  4 22 45   2457208.12 2015  7  4 14 52   2457329.79 2015 11  3  6 58
 2457087.20 2015  3  5 16 44   2457208.91 2015  7  5  9 47   2457330.62 2015 11  4  2 51
 2457087.95 2015  3  6 10 43   2457209.70 2015  7  6  4 43   2457331.45 2015 11  4 22 44
 2457088.70 2015  3  7  4 42   2457210.49 2015  7  6 23 39   2457332.28 2015 11  5 18 36
 2457089.45 2015  3  7 22 41   2457211.27 2015  7  7 18 35   2457333.10 2015 11  6 14 29
 2457090.20 2015  3  8 16 40   2457212.06 2015  7  8 13 31   2457333.93 2015 11  7 10 22
 2457090.94 2015  3  9 10 40   2457212.85 2015  7  9  8 27   2457334.76 2015 11  8  6 15
 2457091.69 2015  3 10  4 39   2457213.64 2015  7 10  3 23   2457335.59 2015 11  9  2  7
 2457092.44 2015  3 10 22 38   2457214.43 2015  7 10 22 19   2457336.42 2015 11  9 22  0
 2457093.19 2015  3 11 16 37   2457215.22 2015  7 11 17 15   2457337.25 2015 11 10 17 53
 2457093.94 2015  3 12 10 36   2457216.01 2015  7 12 12 11   2457338.07 2015 11 11 13 45
 2457094.69 2015  3 13  4 35   2457216.80 2015  7 13  7  7   2457338.90 2015 11 12  9 38
 2457095.44 2015  3 13 22 34   2457217.59 2015  7 14  2  3   2457339.73 2015 11 13  5 31
 2457096.19 2015  3 14 16 34   2457218.37 2015  7 14 20 59   2457340.56 2015 11 14  1 24
 2457096.94 2015  3 15 10 33   2457219.16 2015  7 15 15 55   2457341.39 2015 11 14 21 16
 2457097.69 2015  3 16  4 32   2457219.95 2015  7 16 10 50   2457342.21 2015 11 15 17  9
 2457098.44 2015  3 16 22 31   2457220.74 2015  7 17  5 46   2457343.04 2015 11 16 13  2
 2457099.19 2015  3 17 16 30   2457221.53 2015  7 18  0 42   2457343.87 2015 11 17  8 55
 2457099.94 2015  3 18 10 29   2457222.32 2015  7 18 19 38   2457344.70 2015 11 18  4 47
 2457100.69 2015  3 19  4 28   2457223.11 2015  7 19 14 34   2457345.53 2015 11 19  0 40
 2457101.44 2015  3 19 22 27   2457223.90 2015  7 20  9 30   2457346.36 2015 11 19 20 33
 2457102.19 2015  3 20 16 27   2457224.69 2015  7 21  4 26   2457347.18 2015 11 20 16 25
 2457102.93 2015  3 21 10 26   2457225.47 2015  7 21 23 22   2457348.01 2015 11 21 12 18
 2457103.68 2015  3 22  4 25   2457226.26 2015  7 22 18 18   2457348.84 2015 11 22  8 11
 2457104.43 2015  3 22 22 24   2457227.05 2015  7 23 13 14   2457349.67 2015 11 23  4  4
 2457105.18 2015  3 23 16 23   2457227.84 2015  7 24  8 10   2457350.50 2015 11 23 23 56
 2457105.93 2015  3 24 10 22   2457228.63 2015  7 25  3  6   2457351.33 2015 11 24 19 49
 2457106.68 2015  3 25  4 21   2457229.42 2015  7 25 22  2   2457352.15 2015 11 25 15 42
 2457107.43 2015  3 25 22 21   2457230.21 2015  7 26 16 58   2457352.98 2015 11 26 11 35
 2457108.18 2015  3 26 16 20   2457231.00 2015  7 27 11 53   2457353.81 2015 11 27  7 27
 2457108.93 2015  3 27 10 19   2457231.78 2015  7 28  6 49   2457354.64 2015 11 28  3 20
 2457109.68 2015  3 28  4 18   2457232.57 2015  7 29  1 45   2457355.47 2015 11 28 23 13
 2457110.43 2015  3 28 22 17   2457233.36 2015  7 29 20 41   2457356.30 2015 11 29 19  5
 2457111.18 2015  3 29 16 16   2457234.15 2015  7 30 15 37   2457357.12 2015 11 30 14 58
 2457111.93 2015  3 30 10 15   2457234.94 2015  7 31 10 33   2457357.95 2015 12  1 10 51
 2457112.68 2015  3 31  4 14   2457235.73 2015  8  1  5 29   2457358.78 2015 12  2  6 44
 2457113.43 2015  3 31 22 14   2457236.52 2015  8  2  0 25   2457359.61 2015 12  3  2 36
 2457114.18 2015  4  1 16 13   2457237.31 2015  8  2 19 21   2457360.44 2015 12  3 22 29
 2457114.93 2015  4  2 10 12   2457238.10 2015  8  3 14 17   2457361.27 2015 12  4 18 22
 2457115.67 2015  4  3  4 11   2457238.88 2015  8  4  9 13   2457362.09 2015 12  5 14 15
 2457116.42 2015  4  3 22 10   2457239.67 2015  8  5  4  9   2457362.92 2015 12  6 10  7
 2457117.17 2015  4  4 16  9   2457240.46 2015  8  5 23  5   2457363.75 2015 12  7  6  0
 2457117.92 2015  4  5 10  8   2457241.25 2015  8  6 18  1   2457364.58 2015 12  8  1 53
 2457118.67 2015  4  6  4  8   2457242.04 2015  8  7 12 56   2457365.41 2015 12  8 21 45
 2457119.42 2015  4  6 22  7   2457242.83 2015  8  8  7 52   2457366.24 2015 12  9 17 38
 2457120.17 2015  4  7 16  6   2457243.62 2015  8  9  2 48   2457367.06 2015 12 10 13 31
 2457120.92 2015  4  8 10  5   2457244.41 2015  8  9 21 44   2457367.89 2015 12 11  9 24
 2457121.67 2015  4  9  4  4   2457245.19 2015  8 10 16 40   2457368.72 2015 12 12  5 16
 2457122.42 2015  4  9 22  3   2457245.98 2015  8 11 11 36   2457369.55 2015 12 13  1  9
 2457123.17 2015  4 10 16  2   2457246.77 2015  8 12  6 32   2457370.38 2015 12 13 21  2
 2457123.92 2015  4 11 10  1   2457247.56 2015  8 13  1 28   2457371.20 2015 12 14 16 54
 2457124.67 2015  4 12  4  1   2457248.35 2015  8 13 20 24   2457372.03 2015 12 15 12 47
 2457125.42 2015  4 12 22  0   2457249.14 2015  8 14 15 20   2457372.86 2015 12 16  8 40
 2457126.17 2015  4 13 15 59   2457249.93 2015  8 15 10 16   2457373.69 2015 12 17  4 33
 2457126.92 2015  4 14  9 58   2457250.72 2015  8 16  5 12   2457374.52 2015 12 18  0 25
 2457127.67 2015  4 15  3 57   2457251.51 2015  8 17  0  8   2457375.35 2015 12 18 20 18
 2457128.41 2015  4 15 21 56   2457252.29 2015  8 17 19  4   2457376.17 2015 12 19 16 11
 2457129.16 2015  4 16 15 55   2457253.08 2015  8 18 13 59   2457377.00 2015 12 20 12  4
 2457129.91 2015  4 17  9 55   2457253.87 2015  8 19  8 55   2457377.83 2015 12 21  7 56
 2457130.66 2015  4 18  3 54   2457254.66 2015  8 20  3 51   2457378.66 2015 12 22  3 49
 2457131.41 2015  4 18 21 53   2457255.45 2015  8 20 22 47   2457379.49 2015 12 22 23 42
 2457132.16 2015  4 19 15 52   2457256.24 2015  8 21 17 43   2457380.32 2015 12 23 19 34
 2457132.91 2015  4 20  9 51   2457257.03 2015  8 22 12 39   2457381.14 2015 12 24 15 27
 2457133.66 2015  4 21  3 50   2457257.82 2015  8 23  7 35   2457381.97 2015 12 25 11 20
 2457134.41 2015  4 21 21 49   2457258.61 2015  8 24  2 31   2457382.80 2015 12 26  7 13
 2457135.16 2015  4 22 15 48   2457259.39 2015  8 24 21 27   2457383.63 2015 12 27  3  5
 2457135.91 2015  4 23  9 48   2457260.18 2015  8 25 16 23   2457384.46 2015 12 27 22 58
 2457136.66 2015  4 24  3 47   2457260.97 2015  8 26 11 19   2457385.29 2015 12 28 18 51
 2457137.41 2015  4 24 21 46   2457261.76 2015  8 27  6 15   2457386.11 2015 12 29 14 44
 2457138.16 2015  4 25 15 45   2457262.55 2015  8 28  1 11   2457386.94 2015 12 30 10 36
 2457138.91 2015  4 26  9 44   2457263.34 2015  8 28 20  7   2457387.77 2015 12 31  6 29
 2457139.66 2015  4 27  3 43   2457264.13 2015  8 29 15  3   2457388.60 2016  1  1  2 22
 2457140.40 2015  4 27 21 42   2457264.92 2015  8 30  9 58   2457389.43 2016  1  1 22 14
 2457141.15 2015  4 28 15 42   2457265.70 2015  8 31  4 54   2457390.26 2016  1  2 18  7
 2457141.90 2015  4 29  9 41   2457266.49 2015  8 31 23 50   2457391.08 2016  1  3 14  0
 2457142.65 2015  4 30  3 40   2457267.28 2015  9  1 18 46   2457391.91 2016  1  4  9 53
 2457143.40 2015  4 30 21 39   2457268.07 2015  9  2 13 42   2457392.74 2016  1  5  5 45
 2457144.15 2015  5  1 15 38   2457268.86 2015  9  3  8 38   2457393.57 2016  1  6  1 38
 2457144.90 2015  5  2  9 37   2457269.65 2015  9  4  3 34   2457394.40 2016  1  6 21 31
 2457145.65 2015  5  3  3 36   2457270.44 2015  9  4 22 30   2457395.23 2016  1  7 17 24
 2457146.40 2015  5  3 21 35   2457271.23 2015  9  5 17 26   2457396.05 2016  1  8 13 16
 2457147.15 2015  5  4 15 35   2457272.02 2015  9  6 12 22   2457396.88 2016  1  9  9  9
 2457147.90 2015  5  5  9 34   2457272.80 2015  9  7  7 18   2457397.71 2016  1 10  5  2
 2457148.65 2015  5  6  3 33   2457273.59 2015  9  8  2 14   2457398.54 2016  1 11  0 54
 2457149.40 2015  5  6 21 32   2457274.38 2015  9  8 21 10   2457399.37 2016  1 11 20 47
 2457150.15 2015  5  7 15 31   2457275.17 2015  9  9 16  6   2457400.19 2016  1 12 16 40
 2457150.90 2015  5  8  9 30   2457275.96 2015  9 10 11  1   2457401.02 2016  1 13 12 33
 2457151.65 2015  5  9  3 29   2457276.75 2015  9 11  5 57   2457401.85 2016  1 14  8 25
 2457152.40 2015  5  9 21 29   2457277.54 2015  9 12  0 53   2457402.68 2016  1 15  4 18
 2457153.14 2015  5 10 15 28   2457278.33 2015  9 12 19 49   2457403.51 2016  1 16  0 11
 2457153.89 2015  5 11  9 27   2457279.12 2015  9 13 14 45   2457404.34 2016  1 16 20  4
 2457154.64 2015  5 12  3 26   2457279.90 2015  9 14  9 41   2457405.16 2016  1 17 15 56
 2457155.39 2015  5 12 21 25   2457280.69 2015  9 15  4 37   2457405.99 2016  1 18 11 49
 2457156.14 2015  5 13 15 24   2457281.48 2015  9 15 23 33   2457406.82 2016  1 19  7 42
 2457156.89 2015  5 14  9 23   2457282.27 2015  9 16 18 29   2457407.65 2016  1 20  3 34
 2457157.64 2015  5 15  3 22   2457283.06 2015  9 17 13 25   2457408.48 2016  1 20 23 27
 2457158.39 2015  5 15 21 22   2457283.85 2015  9 18  8 21   2457409.31 2016  1 21 19 20
 2457159.14 2015  5 16 15 21   2457284.64 2015  9 19  3 17   2457410.13 2016  1 22 15 13
 2457159.89 2015  5 17  9 20   2457285.43 2015  9 19 22 13   2457410.96 2016  1 23 11  5
 2457160.64 2015  5 18  3 19   2457286.21 2015  9 20 17  9   2457411.79 2016  1 24  6 58
 2457161.39 2015  5 18 21 18   2457287.00 2015  9 21 12  4   2457412.62 2016  1 25  2 51
 2457162.14 2015  5 19 15 17   2457287.79 2015  9 22  7  0   2457413.45 2016  1 25 22 44
 2457162.89 2015  5 20  9 16   2457288.58 2015  9 23  1 56   2457414.28 2016  1 26 18 36
 2457163.64 2015  5 21  3 16   2457289.37 2015  9 23 20 52   2457415.10 2016  1 27 14 29
 2457164.39 2015  5 21 21 15   2457290.16 2015  9 24 15 48   2457415.93 2016  1 28 10 22
 2457165.13 2015  5 22 15 14   2457290.95 2015  9 25 10 44   2457416.76 2016  1 29  6 14
 2457165.88 2015  5 23  9 13   2457291.74 2015  9 26  5 40   2457417.59 2016  1 30  2  7
 2457166.63 2015  5 24  3 12   2457292.53 2015  9 27  0 36   2457418.42 2016  1 30 22  0
 2457167.38 2015  5 24 21 11   2457293.31 2015  9 27 19 32   2457419.25 2016  1 31 17 53
 2457168.13 2015  5 25 15 10   2457294.10 2015  9 28 14 28   2457420.07 2016  2  1 13 45
 2457168.88 2015  5 26  9  9   2457294.89 2015  9 29  9 24   2457420.90 2016  2  2  9 38
 2457169.63 2015  5 27  3  9   2457295.68 2015  9 30  4 20   2457421.73 2016  2  3  5 31
 2457170.38 2015  5 27 21  8   2457296.47 2015  9 30 23 16   2457422.56 2016  2  4  1 24
 2457171.13 2015  5 28 15  7   2457297.26 2015 10  1 18 12   2457423.39 2016  2  4 21 16
 2457171.88 2015  5 29  9  6   2457298.05 2015 10  2 13  7   2457424.21 2016  2  5 17  9
 2457172.63 2015  5 30  3  5   2457298.84 2015 10  3  8  3   2457425.04 2016  2  6 13  2
 2457173.38 2015  5 30 21  4   2457299.62 2015 10  4  2 59   2457425.87 2016  2  7  8 54
 2457174.13 2015  5 31 15  3   2457300.41 2015 10  4 21 55   2457426.70 2016  2  8  4 47
 2457174.88 2015  6  1  9  3   2457301.20 2015 10  5 16 51   2457427.53 2016  2  9  0 40
 2457175.63 2015  6  2  3  2   2457301.99 2015 10  6 11 47   2457428.36 2016  2  9 20 33
 2457176.38 2015  6  2 21  1   2457302.78 2015 10  7  6 43   2457429.18 2016  2 10 16 25
 2457177.13 2015  6  3 15  0   2457303.57 2015 10  8  1 39   2457430.01 2016  2 11 12 18
 2457177.87 2015  6  4  8 59   2457304.36 2015 10  8 20 35   2457430.84 2016  2 12  8 11
 2457178.62 2015  6  5  2 58   2457305.15 2015 10  9 15 31   2457431.67 2016  2 13  4  3
 2457179.37 2015  6  5 20 57   2457305.94 2015 10 10 10 27   2457432.50 2016  2 13 23 56
 2457180.12 2015  6  6 14 56   2457306.72 2015 10 11  5 23   2457433.33 2016  2 14 19 49
 2457180.87 2015  6  7  8 56   2457307.51 2015 10 12  0 19   2457434.15 2016  2 15 15 42
 2457181.62 2015  6  8  2 55   2457308.30 2015 10 12 19 15   2457434.98 2016  2 16 11 34
 2457182.37 2015  6  8 20 54   2457309.09 2015 10 13 14 10   2457435.81 2016  2 17  7 27
 2457183.12 2015  6  9 14 53   2457309.88 2015 10 14  9  6   2457436.64 2016  2 18  3 20
 2457183.87 2015  6 10  8 52   2457310.67 2015 10 15  4  2   2457437.47 2016  2 18 23 13
 2457184.62 2015  6 11  2 51   2457311.46 2015 10 15 22 58   2457438.30 2016  2 19 19  5
 2457185.37 2015  6 11 20 50   2457312.25 2015 10 16 17 54   2457439.12 2016  2 20 14 58
 2457186.12 2015  6 12 14 50   2457313.04 2015 10 17 12 50   2457439.95 2016  2 21 10 51
 2457186.87 2015  6 13  8 49   2457313.82 2015 10 18  7 46   2457440.78 2016  2 22  6 43
 2457187.62 2015  6 14  2 48   2457314.61 2015 10 19  2 42   2457441.61 2016  2 23  2 36
 2457188.37 2015  6 14 20 47   2457315.40 2015 10 19 21 38   2457442.44 2016  2 23 22 29
 2457189.12 2015  6 15 14 46   2457316.19 2015 10 20 16 34   2457443.27 2016  2 24 18 22
 2457189.87 2015  6 16  8 45   2457316.98 2015 10 21 11 30   2457444.09 2016  2 25 14 14
 2457190.61 2015  6 17  2 44   2457317.77 2015 10 22  6 26   2457444.92 2016  2 26 10  7
 2457191.36 2015  6 17 20 43   2457318.56 2015 10 23  1 22   2457445.75 2016  2 27  6  0
 2457192.11 2015  6 18 14 43   2457319.35 2015 10 23 20 18   2457446.58 2016  2 28  1 53
 2457192.86 2015  6 19  8 42   2457320.13 2015 10 24 15 13   2457447.41 2016  2 28 21 45
 2457193.61 2015  6 20  2 41   2457320.92 2015 10 25 10  9   2457448.24 2016  2 29 17 38
 2457194.36 2015  6 20 20 40   2457321.71 2015 10 26  5  5   2457449.06 2016  3  1 13 31
 2457195.11 2015  6 21 14 39   2457322.50 2015 10 27  0  1   2457449.89 2016  3  2  9 23
 2457195.86 2015  6 22  8 38   2457323.29 2015 10 27 18 57   2457450.72 2016  3  3  5 16
 2457196.61 2015  6 23  2 37   2457324.08 2015 10 28 13 53   2457451.55 2016  3  4  1  9
 2457197.36 2015  6 23 20 36   2457324.87 2015 10 29  8 49   2457452.38 2016  3  4 21  2
 2457198.11 2015  6 24 14 36   2457325.66 2015 10 30  3 45   2457453.20 2016  3  5 16 54
 2457198.86 2015  6 25  8 35   2457326.45 2015 10 30 22 41   2457454.03 2016  3  6 12 47
 2457199.61 2015  6 26  2 34   2457327.23 2015 10 31 17 37   2457454.86 2016  3  7  8 40
 2457200.36 2015  6 26 20 33   2457328.02 2015 11  1 12 33   2457455.69 2016  3  8  4 33
 2457201.11 2015  6 27 14 32   2457328.81 2015 11  2  7 29   2457456.52 2016  3  9  0 25
 2457201.86 2015  6 28  8 31   2457329.60 2015 11  3  2 25   2457457.35 2016  3  9 20 18
 2457202.60 2015  6 29  2 30   2457330.39 2015 11  3 21 21   2457458.17 2016  3 10 16 11
 2457203.35 2015  6 29 20 30   2457331.18 2015 11  4 16 17   2457459.00 2016  3 11 12  3
 2457204.10 2015  6 30 14 29   2457331.97 2015 11  5 11 12   2457459.83 2016  3 12  7 56
 2457204.85 2015  7  1  8 28   2457332.76 2015 11  6  6  8   2457460.66 2016  3 13  3 49
 2457205.60 2015  7  2  2 27   2457333.54 2015 11  7  1  4   2457461.49 2016  3 13 23 42
 2457206.35 2015  7  2 20 26   2457334.33 2015 11  7 20  0   2457462.32 2016  3 14 19 34
 2457207.10 2015  7  3 14 25   2457335.12 2015 11  8 14 56   2457463.14 2016  3 15 15 27
 2457207.85 2015  7  4  8 24   2457335.91 2015 11  9  9 52   2457463.97 2016  3 16 11 20
 2457208.60 2015  7  5  2 23   2457336.70 2015 11 10  4 48   2457464.80 2016  3 17  7 13
 2457209.35 2015  7  5 20 23   2457337.49 2015 11 10 23 44   2457465.63 2016  3 18  3  5
 2457210.10 2015  7  6 14 22   2457338.28 2015 11 11 18 40   2457466.46 2016  3 18 22 58
 2457210.85 2015  7  7  8 21   2457339.07 2015 11 12 13 36   2457467.29 2016  3 19 18 51
 2457211.60 2015  7  8  2 20   2457339.86 2015 11 13  8 32   2457468.11 2016  3 20 14 43
 2457212.35 2015  7  8 20 19   2457340.64 2015 11 14  3 28   2457468.94 2016  3 21 10 36
 2457213.10 2015  7  9 14 18   2457341.43 2015 11 14 22 24   2457469.77 2016  3 22  6 29
 2457213.85 2015  7 10  8 17   2457342.22 2015 11 15 17 20   2457470.60 2016  3 23  2 22
 2457214.60 2015  7 11  2 17   2457343.01 2015 11 16 12 15   2457471.43 2016  3 23 22 14
 2457215.34 2015  7 11 20 16   2457343.80 2015 11 17  7 11   2457472.26 2016  3 24 18  7
 2457216.09 2015  7 12 14 15   2457344.59 2015 11 18  2  7   2457473.08 2016  3 25 14  0
 2457216.84 2015  7 13  8 14   2457345.38 2015 11 18 21  3   2457473.91 2016  3 26  9 53
 2457217.59 2015  7 14  2 13   2457346.17 2015 11 19 15 59   2457474.74 2016  3 27  5 45
 2457218.34 2015  7 14 20 12   2457346.96 2015 11 20 10 55   2457475.57 2016  3 28  1 38
 2457219.09 2015  7 15 14 11   2457347.74 2015 11 21  5 51   2457476.40 2016  3 28 21 31
 2457219.84 2015  7 16  8 10   2457348.53 2015 11 22  0 47   2457477.22 2016  3 29 17 23
 2457220.59 2015  7 17  2 10   2457349.32 2015 11 22 19 43   2457478.05 2016  3 30 13 16
 2457221.34 2015  7 17 20  9   2457350.11 2015 11 23 14 39   2457478.88 2016  3 31  9  9
 2457222.09 2015  7 18 14  8   2457350.90 2015 11 24  9 35   2457479.71 2016  4  1  5  2
 2457222.84 2015  7 19  8  7   2457351.69 2015 11 25  4 31   2457480.54 2016  4  2  0 54
 2457223.59 2015  7 20  2  6   2457352.48 2015 11 25 23 27   2457481.37 2016  4  2 20 47
 2457224.34 2015  7 20 20  5   2457353.27 2015 11 26 18 23   2457482.19 2016  4  3 16 40
 2457225.09 2015  7 21 14  4   2457354.05 2015 11 27 13 18   2457483.02 2016  4  4 12 33
 2457225.84 2015  7 22  8  4   2457354.84 2015 11 28  8 14   2457483.85 2016  4  5  8 25
 2457226.59 2015  7 23  2  3   2457355.63 2015 11 29  3 10   2457484.68 2016  4  6  4 18
 2457227.33 2015  7 23 20  2   2457356.42 2015 11 29 22  6   2457485.51 2016  4  7  0 11
 2457228.08 2015  7 24 14  1   2457357.21 2015 11 30 17  2   2457486.34 2016  4  7 20  3
 2457228.83 2015  7 25  8  0   2457358.00 2015 12  1 11 58   2457487.16 2016  4  8 15 56
 2457229.58 2015  7 26  1 59   2457358.79 2015 12  2  6 54   2457487.99 2016  4  9 11 49
 2457230.33 2015  7 26 19 58   2457359.58 2015 12  3  1 50   2457488.82 2016  4 10  7 42
 2457231.08 2015  7 27 13 57   2457360.37 2015 12  3 20 46   2457489.65 2016  4 11  3 34
 2457231.83 2015  7 28  7 57   2457361.15 2015 12  4 15 42   2457490.48 2016  4 11 23 27
 2457232.58 2015  7 29  1 56   2457361.94 2015 12  5 10 38   2457491.31 2016  4 12 19 20
 2457233.33 2015  7 29 19 55   2457362.73 2015 12  6  5 34   2457492.13 2016  4 13 15 12
 2457234.08 2015  7 30 13 54   2457363.52 2015 12  7  0 30   2457492.96 2016  4 14 11  5
 2457234.83 2015  7 31  7 53   2457364.31 2015 12  7 19 26   2457493.79 2016  4 15  6 58
 2457235.58 2015  8  1  1 52   2457365.10 2015 12  8 14 21   2457494.62 2016  4 16  2 51
 2457236.33 2015  8  1 19 51   2457365.89 2015 12  9  9 17   2457495.45 2016  4 16 22 43
 2457237.08 2015  8  2 13 51   2457366.68 2015 12 10  4 13   2457496.28 2016  4 17 18 36
 2457237.83 2015  8  3  7 50   2457367.47 2015 12 10 23  9   2457497.10 2016  4 18 14 29
 2457238.58 2015  8  4  1 49   2457368.25 2015 12 11 18  5   2457497.93 2016  4 19 10 22
 2457239.33 2015  8  4 19 48   2457369.04 2015 12 12 13  1   2457498.76 2016  4 20  6 14
 2457240.07 2015  8  5 13 47   2457369.83 2015 12 13  7 57   2457499.59 2016  4 21  2  7
 2457240.82 2015  8  6  7 46   2457370.62 2015 12 14  2 53   2457500.42 2016  4 21 22  0
 2457241.57 2015  8  7  1 45   2457371.41 2015 12 14 21 49   2457501.25 2016  4 22 17 52
 2457242.32 2015  8  7 19 44   2457372.20 2015 12 15 16 45   2457502.07 2016  4 23 13 45
 2457243.07 2015  8  8 13 44   2457372.99 2015 12 16 11 41   2457502.90 2016  4 24  9 38
 2457243.82 2015  8  9  7 43   2457373.78 2015 12 17  6 37   2457503.73 2016  4 25  5 31
 2457244.57 2015  8 10  1 42   2457374.56 2015 12 18  1 33   2457504.56 2016  4 26  1 23
 2457245.32 2015  8 10 19 41   2457375.35 2015 12 18 20 29   2457505.39 2016  4 26 21 16
 2457246.07 2015  8 11 13 40   2457376.14 2015 12 19 15 24   2457506.21 2016  4 27 17  9
 2457246.82 2015  8 12  7 39   2457376.93 2015 12 20 10 20   2457507.04 2016  4 28 13  2
 2457247.57 2015  8 13  1 38   2457377.72 2015 12 21  5 16   2457507.87 2016  4 29  8 54
 2457248.32 2015  8 13 19 38   2457378.51 2015 12 22  0 12   2457508.70 2016  4 30  4 47
 2457249.07 2015  8 14 13 37   2457379.30 2015 12 22 19  8   2457509.53 2016  5  1  0 40
 2457249.82 2015  8 15  7 36   2457380.09 2015 12 23 14  4   2457510.36 2016  5  1 20 32
 2457250.57 2015  8 16  1 35   2457380.88 2015 12 24  9  0   2457511.18 2016  5  2 16 25
 2457251.32 2015  8 16 19 34   2457381.66 2015 12 25  3 56   2457512.01 2016  5  3 12 18
 2457252.07 2015  8 17 13 33   2457382.45 2015 12 25 22 52   2457512.84 2016  5  4  8 11
 2457252.81 2015  8 18  7 32   2457383.24 2015 12 26 17 48   2457513.67 2016  5  5  4  3
 2457253.56 2015  8 19  1 31   2457384.03 2015 12 27 12 44   2457514.50 2016  5  5 23 56
 2457254.31 2015  8 19 19 31   2457384.82 2015 12 28  7 40   2457515.33 2016  5  6 19 49
 2457255.06 2015  8 20 13 30   2457385.61 2015 12 29  2 36   2457516.15 2016  5  7 15 42
 2457255.81 2015  8 21  7 29   2457386.40 2015 12 29 21 32   2457516.98 2016  5  8 11 34
 2457256.56 2015  8 22  1 28   2457387.19 2015 12 30 16 27   2457517.81 2016  5  9  7 27
 2457257.31 2015  8 22 19 27   2457387.97 2015 12 31 11 23   2457518.64 2016  5 10  3 20
 2457258.06 2015  8 23 13 26   2457388.76 2016  1  1  6 19   2457519.47 2016  5 10 23 12
 2457258.81 2015  8 24  7 25   2457389.55 2016  1  2  1 15   2457520.30 2016  5 11 19  5
 2457259.56 2015  8 25  1 25   2457390.34 2016  1  2 20 11   2457521.12 2016  5 12 14 58
 2457260.31 2015  8 25 19 24   2457391.13 2016  1  3 15  7   2457521.95 2016  5 13 10 51
 2457261.06 2015  8 26 13 23   2457391.92 2016  1  4 10  3   2457522.78 2016  5 14  6 43
 2457261.81 2015  8 27  7 22   2457392.71 2016  1  5  4 59   2457523.61 2016  5 15  2 36
 2457262.56 2015  8 28  1 21   2457393.50 2016  1  5 23 55   2457524.44 2016  5 15 22 29
 2457263.31 2015  8 28 19 20   2457394.29 2016  1  6 18 51   2457525.27 2016  5 16 18 22
 2457264.06 2015  8 29 13 19   2457395.07 2016  1  7 13 47   2457526.09 2016  5 17 14 14
 2457264.80 2015  8 30  7 18   2457395.86 2016  1  8  8 43   2457526.92 2016  5 18 10  7
 2457265.55 2015  8 31  1 18   2457396.65 2016  1  9  3 39   2457527.75 2016  5 19  6  0
 2457266.30 2015  8 31 19 17   2457397.44 2016  1  9 22 35   2457528.58 2016  5 20  1 52
 2457267.05 2015  9  1 13 16   2457398.23 2016  1 10 17 31   2457529.41 2016  5 20 21 45
 2457267.80 2015  9  2  7 15   2457399.02 2016  1 11 12 26   2457530.23 2016  5 21 17 38
 2457268.55 2015  9  3  1 14   2457399.81 2016  1 12  7 22   2457531.06 2016  5 22 13 31
 2457269.30 2015  9  3 19 13   2457400.60 2016  1 13  2 18   2457531.89 2016  5 23  9 23
 2457270.05 2015  9  4 13 12   2457401.39 2016  1 13 21 14   2457532.72 2016  5 24  5 16
 2457270.80 2015  9  5  7 12   2457402.17 2016  1 14 16 10   2457533.55 2016  5 25  1  9
 2457271.55 2015  9  6  1 11   2457402.96 2016  1 15 11  6   2457534.38 2016  5 25 21  2
 2457272.30 2015  9  6 19 10   2457403.75 2016  1 16  6  2   2457535.20 2016  5 26 16 54
 2457273.05 2015  9  7 13  9   2457404.54 2016  1 17  0 58   2457536.03 2016  5 27 12 47
 2457273.80 2015  9  8  7  8   2457405.33 2016  1 17 19 54   2457536.86 2016  5 28  8 40
 2457274.55 2015  9  9  1  7   2457406.12 2016  1 18 14 50   2457537.69 2016  5 29  4 32
 2457275.30 2015  9  9 19  6   2457406.91 2016  1 19  9 46   2457538.52 2016  5 30  0 25
 2457276.05 2015  9 10 13  5   2457407.70 2016  1 20  4 42   2457539.35 2016  5 30 20 18
 2457276.80 2015  9 11  7  5   2457408.48 2016  1 20 23 38   2457540.17 2016  5 31 16 11
 2457277.54 2015  9 12  1  4   2457409.27 2016  1 21 18 34   2457541.00 2016  6  1 12  3
 2457278.29 2015  9 12 19  3   2457410.06 2016  1 22 13 29   2457541.83 2016  6  2  7 56
 2457279.04 2015  9 13 13  2   2457410.85 2016  1 23  8 25   2457542.66 2016  6  3  3 49
 2457279.79 2015  9 14  7  1   2457411.64 2016  1 24  3 21   2457543.49 2016  6  3 23 41
 2457280.54 2015  9 15  1  0   2457412.43 2016  1 24 22 17   2457544.32 2016  6  4 19 34
 2457281.29 2015  9 15 18 59   2457413.22 2016  1 25 17 13   2457545.14 2016  6  5 15 27
 2457282.04 2015  9 16 12 59   2457414.01 2016  1 26 12  9   2457545.97 2016  6  6 11 20
 2457282.79 2015  9 17  6 58   2457414.80 2016  1 27  7  5   2457546.80 2016  6  7  7 12
 2457283.54 2015  9 18  0 57   2457415.58 2016  1 28  2  1   2457547.63 2016  6  8  3  5
 2457284.29 2015  9 18 18 56   2457416.37 2016  1 28 20 57   2457548.46 2016  6  8 22 58
 2457285.04 2015  9 19 12 55   2457417.16 2016  1 29 15 53   2457549.29 2016  6  9 18 51
 2457285.79 2015  9 20  6 54   2457417.95 2016  1 30 10 49   2457550.11 2016  6 10 14 43
 2457286.54 2015  9 21  0 53   2457418.74 2016  1 31  5 45   2457550.94 2016  6 11 10 36
 2457287.29 2015  9 21 18 52   2457419.53 2016  2  1  0 41   2457551.77 2016  6 12  6 29
 2457288.04 2015  9 22 12 52   2457420.32 2016  2  1 19 37   2457552.60 2016  6 13  2 21
 2457288.79 2015  9 23  6 51   2457421.11 2016  2  2 14 32   2457553.43 2016  6 13 22 14
 2457289.53 2015  9 24  0 50   2457421.90 2016  2  3  9 28   2457554.26 2016  6 14 18  7
 2457290.28 2015  9 24 18 49   2457422.68 2016  2  4  4 24   2457555.08 2016  6 15 14  0
 2457291.03 2015  9 25 12 48   2457423.47 2016  2  4 23 20   2457555.91 2016  6 16  9 52
 2457291.78 2015  9 26  6 47   2457424.26 2016  2  5 18 16   2457556.74 2016  6 17  5 45
 2457292.53 2015  9 27  0 46   2457425.05 2016  2  6 13 12   2457557.57 2016  6 18  1 38
 2457293.28 2015  9 27 18 46   2457425.84 2016  2  7  8  8   2457558.40 2016  6 18 21 31
 2457294.03 2015  9 28 12 45   2457426.63 2016  2  8  3  4   2457559.22 2016  6 19 17 23
 2457294.78 2015  9 29  6 44   2457427.42 2016  2  8 22  0   2457560.05 2016  6 20 13 16
 2457295.53 2015  9 30  0 43   2457428.21 2016  2  9 16 56   2457560.88 2016  6 21  9  9
 2457296.28 2015  9 30 18 42   2457428.99 2016  2 10 11 52   2457561.71 2016  6 22  5  1
 2457297.03 2015 10  1 12 41   2457429.78 2016  2 11  6 48   2457562.54 2016  6 23  0 54
 2457297.78 2015 10  2  6 40   2457430.57 2016  2 12  1 44   2457563.37 2016  6 23 20 47
 2457298.53 2015 10  3  0 39   2457431.36 2016  2 12 20 40   2457564.19 2016  6 24 16 40
 2457299.28 2015 10  3 18 39   2457432.15 2016  2 13 15 35   2457565.02 2016  6 25 12 32
 2457300.03 2015 10  4 12 38   2457432.94 2016  2 14 10 31   2457565.85 2016  6 26  8 25
 2457300.78 2015 10  5  6 37   2457433.73 2016  2 15  5 27   2457566.68 2016  6 27  4 18
 2457301.53 2015 10  6  0 36   2457434.52 2016  2 16  0 23   2457567.51 2016  6 28  0 11
 2457302.27 2015 10  6 18 35   2457435.31 2016  2 16 19 19   2457568.34 2016  6 28 20  3
 2457303.02 2015 10  7 12 34   2457436.09 2016  2 17 14 15   2457569.16 2016  6 29 15 56
 2457303.77 2015 10  8  6 33   2457436.88 2016  2 18  9 11   2457569.99 2016  6 30 11 49
 2457304.52 2015 10  9  0 33   2457437.67 2016  2 19  4  7   2457570.82 2016  7  1  7 41
 2457305.27 2015 10  9 18 32   2457438.46 2016  2 19 23  3   2457571.65 2016  7  2  3 34
 2457306.02 2015 10 10 12 31   2457439.25 2016  2 20 17 59   2457572.48 2016  7  2 23 27
 2457306.77 2015 10 11  6 30   2457440.04 2016  2 21 12 55   2457573.31 2016  7  3 19 20
 2457307.52 2015 10 12  0 29   2457440.83 2016  2 22  7 51   2457574.13 2016  7  4 15 12
 2457308.27 2015 10 12 18 28   2457441.62 2016  2 23  2 47   2457574.96 2016  7  5 11  5
 2457309.02 2015 10 13 12 27   2457442.40 2016  2 23 21 43   2457575.79 2016  7  6  6 58
 2457309.77 2015 10 14  6 26   2457443.19 2016  2 24 16 38   2457576.62 2016  7  7  2 51
 2457310.52 2015 10 15  0 26   2457443.98 2016  2 25 11 34   2457577.45 2016  7  7 22 43
 2457311.27 2015 10 15 18 25   2457444.77 2016  2 26  6 30   2457578.28 2016  7  8 18 36
 2457312.02 2015 10 16 12 24   2457445.56 2016  2 27  1 26   2457579.10 2016  7  9 14 29
 2457312.77 2015 10 17  6 23   2457446.35 2016  2 27 20 22   2457579.93 2016  7 10 10 21
 2457313.52 2015 10 18  0 22   2457447.14 2016  2 28 15 18   2457580.76 2016  7 11  6 14
 2457314.27 2015 10 18 18 21   2457447.93 2016  2 29 10 14   2457581.59 2016  7 12  2  7
 2457315.01 2015 10 19 12 20   2457448.72 2016  3  1  5 10   2457582.42 2016  7 12 22  0
 2457315.76 2015 10 20  6 20   2457449.50 2016  3  2  0  6   2457583.25 2016  7 13 17 52
 2457316.51 2015 10 21  0 19   2457450.29 2016  3  2 19  2   2457584.07 2016  7 14 13 45
 2457317.26 2015 10 21 18 18   2457451.08 2016  3  3 13 58   2457584.90 2016  7 15  9 38
 2457318.01 2015 10 22 12 17   2457451.87 2016  3  4  8 54   2457585.73 2016  7 16  5 31
 2457318.76 2015 10 23  6 16   2457452.66 2016  3  5  3 50   2457586.56 2016  7 17  1 23
 2457319.51 2015 10 24  0 15   2457453.45 2016  3  5 22 46   2457587.39 2016  7 17 21 16
 2457320.26 2015 10 24 18 14   2457454.24 2016  3  6 17 42   2457588.21 2016  7 18 17  9
 2457321.01 2015 10 25 12 13   2457455.03 2016  3  7 12 37   2457589.04 2016  7 19 13  1
 2457321.76 2015 10 26  6 13   2457455.82 2016  3  8  7 33   2457589.87 2016  7 20  8 54
 2457322.51 2015 10 27  0 12   2457456.60 2016  3  9  2 29   2457590.70 2016  7 21  4 47
 2457323.26 2015 10 27 18 11   2457457.39 2016  3  9 21 25   2457591.53 2016  7 22  0 40
 2457324.01 2015 10 28 12 10   2457458.18 2016  3 10 16 21   2457592.36 2016  7 22 20 32
 2457324.76 2015 10 29  6  9   2457458.97 2016  3 11 11 17   2457593.18 2016  7 23 16 25
 2457325.51 2015 10 30  0  8   2457459.76 2016  3 12  6 13   2457594.01 2016  7 24 12 18
 2457326.26 2015 10 30 18  7   2457460.55 2016  3 13  1  9   2457594.84 2016  7 25  8 11
 2457327.00 2015 10 31 12  7   2457461.34 2016  3 13 20  5   2457595.67 2016  7 26  4  3
 2457327.75 2015 11  1  6  6   2457462.13 2016  3 14 15  1   2457596.50 2016  7 26 23 56
 2457328.50 2015 11  2  0  5   2457462.91 2016  3 15  9 57   2457597.33 2016  7 27 19 49
 2457329.25 2015 11  2 18  4   2457463.70 2016  3 16  4 53   2457598.15 2016  7 28 15 41
 2457330.00 2015 11  3 12  3   2457464.49 2016  3 16 23 49   2457598.98 2016  7 29 11 34
 2457330.75 2015 11  4  6  2   2457465.28 2016  3 17 18 45   2457599.81 2016  7 30  7 27
 2457331.50 2015 11  5  0  1   2457466.07 2016  3 18 13 40   2457600.64 2016  7 31  3 20
 2457332.25 2015 11  5 18  0   2457466.86 2016  3 19  8 36   2457601.47 2016  7 31 23 12
 2457333.00 2015 11  6 12  0   2457467.65 2016  3 20  3 32   2457602.30 2016  8  1 19  5
 2457333.75 2015 11  7  5 59   2457468.44 2016  3 20 22 28   2457603.12 2016  8  2 14 58
 2457334.50 2015 11  7 23 58   2457469.23 2016  3 21 17 24   2457603.95 2016  8  3 10 50
 2457335.25 2015 11  8 17 57   2457470.01 2016  3 22 12 20   2457604.78 2016  8  4  6 43
 2457336.00 2015 11  9 11 56   2457470.80 2016  3 23  7 16   2457605.61 2016  8  5  2 36
 2457336.75 2015 11 10  5 55   2457471.59 2016  3 24  2 12   2457606.44 2016  8  5 22 29
 2457337.50 2015 11 10 23 54   2457472.38 2016  3 24 21  8   2457607.27 2016  8  6 18 21
 2457338.25 2015 11 11 17 53   2457473.17 2016  3 25 16  4   2457608.09 2016  8  7 14 14
 2457339.00 2015 11 12 11 53   2457473.96 2016  3 26 11  0   2457608.92 2016  8  8 10  7
 2457339.74 2015 11 13  5 52   2457474.75 2016  3 27  5 56   2457609.75 2016  8  9  6  0
 2457340.49 2015 11 13 23 51   2457475.54 2016  3 28  0 52   2457610.58 2016  8 10  1 52
 2457341.24 2015 11 14 17 50   2457476.33 2016  3 28 19 48   2457611.41 2016  8 10 21 45
 2457341.99 2015 11 15 11 49   2457477.11 2016  3 29 14 43   2457612.23 2016  8 11 17 38
 2457342.74 2015 11 16  5 48   2457477.90 2016  3 30  9 39   2457613.06 2016  8 12 13 30
 2457343.49 2015 11 16 23 47   2457478.69 2016  3 31  4 35   2457613.89 2016  8 13  9 23
 2457344.24 2015 11 17 17 47   2457479.48 2016  3 31 23 31   2457614.72 2016  8 14  5 16
 2457344.99 2015 11 18 11 46   2457480.27 2016  4  1 18 27   2457615.55 2016  8 15  1  9
 2457345.74 2015 11 19  5 45   2457481.06 2016  4  2 13 23   2457616.38 2016  8 15 21  1
 2457346.49 2015 11 19 23 44   2457481.85 2016  4  3  8 19   2457617.20 2016  8 16 16 54
 2457347.24 2015 11 20 17 43   2457482.64 2016  4  4  3 15   2457618.03 2016  8 17 12 47
 2457347.99 2015 11 21 11 42   2457483.42 2016  4  4 22 11   2457618.86 2016  8 18  8 40
 2457348.74 2015 11 22  5 41   2457484.21 2016  4  5 17  7   2457619.69 2016  8 19  4 32
 2457349.49 2015 11 22 23 40   2457485.00 2016  4  6 12  3   2457620.52 2016  8 20  0 25
 2457350.24 2015 11 23 17 40   2457485.79 2016  4  7  6 59   2457621.35 2016  8 20 20 18
 2457350.99 2015 11 24 11 39   2457486.58 2016  4  8  1 55   2457622.17 2016  8 21 16 10
 2457351.73 2015 11 25  5 38   2457487.37 2016  4  8 20 51   2457623.00 2016  8 22 12  3
 2457352.48 2015 11 25 23 37   2457488.16 2016  4  9 15 46   2457623.83 2016  8 23  7 56
 2457353.23 2015 11 26 17 36   2457488.95 2016  4 10 10 42   2457624.66 2016  8 24  3 49
 2457353.98 2015 11 27 11 35   2457489.74 2016  4 11  5 38   2457625.49 2016  8 24 23 41
 2457354.73 2015 11 28  5 34   2457490.52 2016  4 12  0 34   2457626.32 2016  8 25 19 34
 2457355.48 2015 11 28 23 34   2457491.31 2016  4 12 19 30   2457627.14 2016  8 26 15 27
 2457356.23 2015 11 29 17 33   2457492.10 2016  4 13 14 26   2457627.97 2016  8 27 11 20
 2457356.98 2015 11 30 11 32   2457492.89 2016  4 14  9 22   2457628.80 2016  8 28  7 12
 2457357.73 2015 12  1  5 31   2457493.68 2016  4 15  4 18   2457629.63 2016  8 29  3  5
 2457358.48 2015 12  1 23 30   2457494.47 2016  4 15 23 14   2457630.46 2016  8 29 22 58
 2457359.23 2015 12  2 17 29   2457495.26 2016  4 16 18 10   2457631.29 2016  8 30 18 50
 2457359.98 2015 12  3 11 28   2457496.05 2016  4 17 13  6   2457632.11 2016  8 31 14 43
 2457360.73 2015 12  4  5 27   2457496.83 2016  4 18  8  2   2457632.94 2016  9  1 10 36
 2457361.48 2015 12  4 23 27   2457497.62 2016  4 19  2 58   2457633.77 2016  9  2  6 29
 2457362.23 2015 12  5 17 26   2457498.41 2016  4 19 21 54   2457634.60 2016  9  3  2 21
 2457362.98 2015 12  6 11 25   2457499.20 2016  4 20 16 49   2457635.43 2016  9  3 22 14
 2457363.73 2015 12  7  5 24   2457499.99 2016  4 21 11 45   2457636.26 2016  9  4 18  7
 2457364.47 2015 12  7 23 23   2457500.78 2016  4 22  6 41   2457637.08 2016  9  5 14  0
 2457365.22 2015 12  8 17 22   2457501.57 2016  4 23  1 37   2457637.91 2016  9  6  9 52
 2457365.97 2015 12  9 11 21   2457502.36 2016  4 23 20 33   2457638.74 2016  9  7  5 45
 2457366.72 2015 12 10  5 21   2457503.15 2016  4 24 15 29   2457639.57 2016  9  8  1 38
 2457367.47 2015 12 10 23 20   2457503.93 2016  4 25 10 25   2457640.40 2016  9  8 21 30
 2457368.22 2015 12 11 17 19   2457504.72 2016  4 26  5 21   2457641.22 2016  9  9 17 23
 2457368.97 2015 12 12 11 18   2457505.51 2016  4 27  0 17   2457642.05 2016  9 10 13 16
 2457369.72 2015 12 13  5 17   2457506.30 2016  4 27 19 13   2457642.88 2016  9 11  9  9
 2457370.47 2015 12 13 23 16   2457507.09 2016  4 28 14  9   2457643.71 2016  9 12  5  1
 2457371.22 2015 12 14 17 15   2457507.88 2016  4 29  9  5   2457644.54 2016  9 13  0 54
 2457371.97 2015 12 15 11 14   2457508.67 2016  4 30  4  1   2457645.37 2016  9 13 20 47
 2457372.72 2015 12 16  5 14   2457509.46 2016  4 30 22 57   2457646.19 2016  9 14 16 40
 2457373.47 2015 12 16 23 13   2457510.25 2016  5  1 17 52   2457647.02 2016  9 15 12 32
 2457374.22 2015 12 17 17 12   2457511.03 2016  5  2 12 48   2457647.85 2016  9 16  8 25
 2457374.97 2015 12 18 11 11   2457511.82 2016  5  3  7 44   2457648.68 2016  9 17  4 18
 2457375.72 2015 12 19  5 10   2457512.61 2016  5  4  2 40   2457649.51 2016  9 18  0 10
 2457376.47 2015 12 19 23  9   2457513.40 2016  5  4 21 36   2457650.34 2016  9 18 20  3
 2457377.21 2015 12 20 17  8   2457514.19 2016  5  5 16 32   2457651.16 2016  9 19 15 56
 2457377.96 2015 12 21 11  8   2457514.98 2016  5  6 11 28   2457651.99 2016  9 20 11 49
 2457378.71 2015 12 22  5  7   2457515.77 2016  5  7  6 24   2457652.82 2016  9 21  7 41
 2457379.46 2015 12 22 23  6   2457516.56 2016  5  8  1 20   2457653.65 2016  9 22  3 34
 2457380.21 2015 12 23 17  5   2457517.34 2016  5  8 20 16   2457654.48 2016  9 22 23 27
 2457380.96 2015 12 24 11  4   2457518.13 2016  5  9 15 12   2457655.31 2016  9 23 19 19
 2457381.71 2015 12 25  5  3   2457518.92 2016  5 10 10  8   2457656.13 2016  9 24 15 12
 2457382.46 2015 12 25 23  2   2457519.71 2016  5 11  5  4   2457656.96 2016  9 25 11  5
 2457383.21 2015 12 26 17  1   2457520.50 2016  5 12  0  0   2457657.79 2016  9 26  6 58
 2457383.96 2015 12 27 11  1   2457521.29 2016  5 12 18 56   2457658.62 2016  9 27  2 50
 2457384.71 2015 12 28  5  0   2457522.08 2016  5 13 13 51   2457659.45 2016  9 27 22 43
 2457385.46 2015 12 28 22 59   2457522.87 2016  5 14  8 47   2457660.28 2016  9 28 18 36
 2457386.21 2015 12 29 16 58   2457523.66 2016  5 15  3 43   2457661.10 2016  9 29 14 29
 2457386.96 2015 12 30 10 57   2457524.44 2016  5 15 22 39   2457661.93 2016  9 30 10 21
 2457387.71 2015 12 31  4 56   2457525.23 2016  5 16 17 35   2457662.76 2016 10  1  6 14
 2457388.46 2015 12 31 22 55   2457526.02 2016  5 17 12 31   2457663.59 2016 10  2  2  7
 2457389.20 2016  1  1 16 55   2457526.81 2016  5 18  7 27   2457664.42 2016 10  2 21 59
 2457389.95 2016  1  2 10 54   2457527.60 2016  5 19  2 23   2457665.24 2016 10  3 17 52
 2457390.70 2016  1  3  4 53   2457528.39 2016  5 19 21 19   2457666.07 2016 10  4 13 45
 2457391.45 2016  1  3 22 52   2457529.18 2016  5 20 16 15   2457666.90 2016 10  5  9 38
 2457392.20 2016  1  4 16 51   2457529.97 2016  5 21 11 11   2457667.73 2016 10  6  5 30
 2457392.95 2016  1  5 10 50   2457530.75 2016  5 22  6  7   2457668.56 2016 10  7  1 23
 2457393.70 2016  1  6  4 49   2457531.54 2016  5 23  1  3   2457669.39 2016 10  7 21 16
 2457394.45 2016  1  6 22 48   2457532.33 2016  5 23 19 59   2457670.21 2016 10  8 17  9
 2457395.20 2016  1  7 16 48   2457533.12 2016  5 24 14 54   2457671.04 2016 10  9 13  1
 2457395.95 2016  1  8 10 47   2457533.91 2016  5 25  9 50   2457671.87 2016 10 10  8 54
 2457396.70 2016  1  9  4 46   2457534.70 2016  5 26  4 46   2457672.70 2016 10 11  4 47
 2457397.45 2016  1  9 22 45   2457535.49 2016  5 26 23 42   2457673.53 2016 10 12  0 39
 2457398.20 2016  1 10 16 44   2457536.28 2016  5 27 18 38   2457674.36 2016 10 12 20 32
 2457398.95 2016  1 11 10 43   2457537.07 2016  5 28 13 34   2457675.18 2016 10 13 16 25
 2457399.70 2016  1 12  4 42   2457537.85 2016  5 29  8 30   2457676.01 2016 10 14 12 18
 2457400.45 2016  1 12 22 42   2457538.64 2016  5 30  3 26   2457676.84 2016 10 15  8 10
 2457401.20 2016  1 13 16 41   2457539.43 2016  5 30 22 22   2457677.67 2016 10 16  4  3
 2457401.94 2016  1 14 10 40   2457540.22 2016  5 31 17 18   2457678.50 2016 10 16 23 56
 2457402.69 2016  1 15  4 39   2457541.01 2016  6  1 12 14   2457679.33 2016 10 17 19 49
 2457403.44 2016  1 15 22 38   2457541.80 2016  6  2  7 10   2457680.15 2016 10 18 15 41
 2457404.19 2016  1 16 16 37   2457542.59 2016  6  3  2  6   2457680.98 2016 10 19 11 34
 2457404.94 2016  1 17 10 36   2457543.38 2016  6  3 21  2   2457681.81 2016 10 20  7 27
 2457405.69 2016  1 18  4 35   2457544.17 2016  6  4 15 57   2457682.64 2016 10 21  3 19
 2457406.44 2016  1 18 22 35   2457544.95 2016  6  5 10 53   2457683.47 2016 10 21 23 12
 2457407.19 2016  1 19 16 34   2457545.74 2016  6  6  5 49   2457684.30 2016 10 22 19  5
 2457407.94 2016  1 20 10 33   2457546.53 2016  6  7  0 45   2457685.12 2016 10 23 14 58
 2457408.69 2016  1 21  4 32   2457547.32 2016  6  7 19 41   2457685.95 2016 10 24 10 50
 2457409.44 2016  1 21 22 31   2457548.11 2016  6  8 14 37   2457686.78 2016 10 25  6 43
 2457410.19 2016  1 22 16 30   2457548.90 2016  6  9  9 33   2457687.61 2016 10 26  2 36
 2457410.94 2016  1 23 10 29   2457549.69 2016  6 10  4 29   2457688.44 2016 10 26 22 29
 2457411.69 2016  1 24  4 29   2457550.48 2016  6 10 23 25   2457689.27 2016 10 27 18 21
 2457412.44 2016  1 24 22 28   2457551.26 2016  6 11 18 21   2457690.09 2016 10 28 14 14
 2457413.19 2016  1 25 16 27   2457552.05 2016  6 12 13 17   2457690.92 2016 10 29 10  7
 2457413.94 2016  1 26 10 26   2457552.84 2016  6 13  8 13   2457691.75 2016 10 30  5 59
 2457414.68 2016  1 27  4 25   2457553.63 2016  6 14  3  9   2457692.58 2016 10 31  1 52
 2457415.43 2016  1 27 22 24   2457554.42 2016  6 14 22  5   2457693.41 2016 10 31 21 45
 2457416.18 2016  1 28 16 23   2457555.21 2016  6 15 17  0   2457694.23 2016 11  1 17 38
 2457416.93 2016  1 29 10 22   2457556.00 2016  6 16 11 56   2457695.06 2016 11  2 13 30
 2457417.68 2016  1 30  4 22   2457556.79 2016  6 17  6 52   2457695.89 2016 11  3  9 23
 2457418.43 2016  1 30 22 21   2457557.58 2016  6 18  1 48   2457696.72 2016 11  4  5 16
 2457419.18 2016  1 31 16 20   2457558.36 2016  6 18 20 44   2457697.55 2016 11  5  1  9
 2457419.93 2016  2  1 10 19   2457559.15 2016  6 19 15 40   2457698.38 2016 11  5 21  1
 2457420.68 2016  2  2  4 18   2457559.94 2016  6 20 10 36   2457699.20 2016 11  6 16 54
 2457421.43 2016  2  2 22 17   2457560.73 2016  6 21  5 32   2457700.03 2016 11  7 12 47
 2457422.18 2016  2  3 16 16   2457561.52 2016  6 22  0 28   2457700.86 2016 11  8  8 39
 2457422.93 2016  2  4 10 16   2457562.31 2016  6 22 19 24   2457701.69 2016 11  9  4 32
 2457423.68 2016  2  5  4 15   2457563.10 2016  6 23 14 20   2457702.52 2016 11 10  0 25
 2457424.43 2016  2  5 22 14   2457563.89 2016  6 24  9 16   2457703.35 2016 11 10 20 18
 2457425.18 2016  2  6 16 13   2457564.68 2016  6 25  4 12   2457704.17 2016 11 11 16 10
 2457425.93 2016  2  7 10 12   2457565.46 2016  6 25 23  8   2457705.00 2016 11 12 12  3
 2457426.67 2016  2  8  4 11   2457566.25 2016  6 26 18  3   2457705.83 2016 11 13  7 56
 2457427.42 2016  2  8 22 10   2457567.04 2016  6 27 12 59   2457706.66 2016 11 14  3 49
 2457428.17 2016  2  9 16  9   2457567.83 2016  6 28  7 55   2457707.49 2016 11 14 23 41
 2457428.92 2016  2 10 10  9   2457568.62 2016  6 29  2 51   2457708.32 2016 11 15 19 34
 2457429.67 2016  2 11  4  8   2457569.41 2016  6 29 21 47   2457709.14 2016 11 16 15 27
 2457430.42 2016  2 11 22  7   2457570.20 2016  6 30 16 43   2457709.97 2016 11 17 11 19
 2457431.17 2016  2 12 16  6   2457570.99 2016  7  1 11 39   2457710.80 2016 11 18  7 12
 2457431.92 2016  2 13 10  5   2457571.77 2016  7  2  6 35   2457711.63 2016 11 19  3  5
 2457432.67 2016  2 14  4  4   2457572.56 2016  7  3  1 31   2457712.46 2016 11 19 22 58
 2457433.42 2016  2 14 22  3   2457573.35 2016  7  3 20 27   2457713.29 2016 11 20 18 50
 2457434.17 2016  2 15 16  3   2457574.14 2016  7  4 15 23   2457714.11 2016 11 21 14 43
 2457434.92 2016  2 16 10  2   2457574.93 2016  7  5 10 19   2457714.94 2016 11 22 10 36
 2457435.67 2016  2 17  4  1   2457575.72 2016  7  6  5 15   2457715.77 2016 11 23  6 28
 2457436.42 2016  2 17 22  0   2457576.51 2016  7  7  0 11   2457716.60 2016 11 24  2 21
 2457437.17 2016  2 18 15 59   2457577.30 2016  7  7 19  6   2457717.43 2016 11 24 22 14
 2457437.92 2016  2 19  9 58   2457578.09 2016  7  8 14  2   2457718.25 2016 11 25 18  7
 2457438.67 2016  2 20  3 57   2457578.87 2016  7  9  8 58   2457719.08 2016 11 26 13 59
 2457439.41 2016  2 20 21 56   2457579.66 2016  7 10  3 54   2457719.91 2016 11 27  9 52
 2457440.16 2016  2 21 15 56   2457580.45 2016  7 10 22 50   2457720.74 2016 11 28  5 45
 2457440.91 2016  2 22  9 55   2457581.24 2016  7 11 17 46   2457721.57 2016 11 29  1 38
 2457441.66 2016  2 23  3 54   2457582.03 2016  7 12 12 42   2457722.40 2016 11 29 21 30
 2457442.41 2016  2 23 21 53   2457582.82 2016  7 13  7 38   2457723.22 2016 11 30 17 23
 2457443.16 2016  2 24 15 52   2457583.61 2016  7 14  2 34   2457724.05 2016 12  1 13 16
 2457443.91 2016  2 25  9 51   2457584.40 2016  7 14 21 30   2457724.88 2016 12  2  9  8
 2457444.66 2016  2 26  3 50   2457585.18 2016  7 15 16 26   2457725.71 2016 12  3  5  1
 2457445.41 2016  2 26 21 50   2457585.97 2016  7 16 11 22   2457726.54 2016 12  4  0 54
 2457446.16 2016  2 27 15 49   2457586.76 2016  7 17  6 18   2457727.37 2016 12  4 20 47
 2457446.91 2016  2 28  9 48   2457587.55 2016  7 18  1 14   2457728.19 2016 12  5 16 39
 2457447.66 2016  2 29  3 47   2457588.34 2016  7 18 20 10   2457729.02 2016 12  6 12 32
 2457448.41 2016  2 29 21 46   2457589.13 2016  7 19 15  5   2457729.85 2016 12  7  8 25
 2457449.16 2016  3  1 15 45   2457589.92 2016  7 20 10  1   2457730.68 2016 12  8  4 18
 2457449.91 2016  3  2  9 44   2457590.71 2016  7 21  4 57   2457731.51 2016 12  9  0 10
 2457450.66 2016  3  3  3 43   2457591.50 2016  7 21 23 53   2457732.34 2016 12  9 20  3
 2457451.40 2016  3  3 21 43   2457592.28 2016  7 22 18 49   2457733.16 2016 12 10 15 56
 2457452.15 2016  3  4 15 42   2457593.07 2016  7 23 13 45   2457733.99 2016 12 11 11 48
 2457452.90 2016  3  5  9 41   2457593.86 2016  7 24  8 41   2457734.82 2016 12 12  7 41
 2457453.65 2016  3  6  3 40   2457594.65 2016  7 25  3 37   2457735.65 2016 12 13  3 34
 2457454.40 2016  3  6 21 39   2457595.44 2016  7 25 22 33   2457736.48 2016 12 13 23 27
 2457455.15 2016  3  7 15 38   2457596.23 2016  7 26 17 29   2457737.31 2016 12 14 19 19
 2457455.90 2016  3  8  9 37   2457597.02 2016  7 27 12 25   2457738.13 2016 12 15 15 12
 2457456.65 2016  3  9  3 37   2457597.81 2016  7 28  7 21   2457738.96 2016 12 16 11  5
 2457457.40 2016  3  9 21 36   2457598.60 2016  7 29  2 17   2457739.79 2016 12 17  6 58
 2457458.15 2016  3 10 15 35   2457599.38 2016  7 29 21 13   2457740.62 2016 12 18  2 50
 2457458.90 2016  3 11  9 34   2457600.17 2016  7 30 16  8   2457741.45 2016 12 18 22 43
 2457459.65 2016  3 12  3 33   2457600.96 2016  7 31 11  4   2457742.28 2016 12 19 18 36
 2457460.40 2016  3 12 21 32   2457601.75 2016  8  1  6  0   2457743.10 2016 12 20 14 28
 2457461.15 2016  3 13 15 31   2457602.54 2016  8  2  0 56   2457743.93 2016 12 21 10 21
 2457461.90 2016  3 14  9 30   2457603.33 2016  8  2 19 52   2457744.76 2016 12 22  6 14
 2457462.65 2016  3 15  3 30   2457604.12 2016  8  3 14 48   2457745.59 2016 12 23  2  7
 2457463.40 2016  3 15 21 29   2457604.91 2016  8  4  9 44   2457746.42 2016 12 23 21 59
 2457464.14 2016  3 16 15 28   2457605.69 2016  8  5  4 40   2457747.24 2016 12 24 17 52
 2457464.89 2016  3 17  9 27   2457606.48 2016  8  5 23 36   2457748.07 2016 12 25 13 45
