 Predicted Transit Epochs: WASP-5___ b

Observed Transit Duration:  141.0 Minutes

 Begin Transit Window           PREDICTED CENTRAL TRANSIT     End Transit Window
                                     All Times UT

                               HJD        Year M  D  H  M
 2454463.51 2007 12 29  0 14   2454463.56 2007 12 29  1 26   2454463.61 2007 12 29  2 37
 2454465.14 2007 12 30 15 19   2454465.19 2007 12 30 16 31   2454465.24 2007 12 30 17 42
 2454466.77 2008  1  1  6 24   2454466.82 2008  1  1  7 36   2454466.87 2008  1  1  8 47
 2454468.40 2008  1  2 21 29   2454468.45 2008  1  2 22 41   2454468.49 2008  1  2 23 52
 2454470.02 2008  1  4 12 34   2454470.07 2008  1  4 13 45   2454470.12 2008  1  4 14 57
 2454471.65 2008  1  6  3 39   2454471.70 2008  1  6  4 50   2454471.75 2008  1  6  6  2
 2454473.28 2008  1  7 18 44   2454473.33 2008  1  7 19 55   2454473.38 2008  1  7 21  7
 2454474.91 2008  1  9  9 49   2454474.96 2008  1  9 11  0   2454475.01 2008  1  9 12 12
 2454476.54 2008  1 11  0 54   2454476.59 2008  1 11  2  5   2454476.64 2008  1 11  3 16
 2454478.17 2008  1 12 15 59   2454478.22 2008  1 12 17 10   2454478.27 2008  1 12 18 21
 2454479.79 2008  1 14  7  4   2454479.84 2008  1 14  8 15   2454479.89 2008  1 14  9 26
 2454481.42 2008  1 15 22  9   2454481.47 2008  1 15 23 20   2454481.52 2008  1 16  0 31
 2454483.05 2008  1 17 13 14   2454483.10 2008  1 17 14 25   2454483.15 2008  1 17 15 36
 2454484.68 2008  1 19  4 19   2454484.73 2008  1 19  5 30   2454484.78 2008  1 19  6 41
 2454486.31 2008  1 20 19 24   2454486.36 2008  1 20 20 35   2454486.41 2008  1 20 21 46
 2454487.94 2008  1 22 10 28   2454487.99 2008  1 22 11 40   2454488.04 2008  1 22 12 51
 2454489.57 2008  1 24  1 33   2454489.61 2008  1 24  2 45   2454489.66 2008  1 24  3 56
 2454491.19 2008  1 25 16 38   2454491.24 2008  1 25 17 50   2454491.29 2008  1 25 19  1
 2454492.82 2008  1 27  7 43   2454492.87 2008  1 27  8 55   2454492.92 2008  1 27 10  6
 2454494.45 2008  1 28 22 48   2454494.50 2008  1 29  0  0   2454494.55 2008  1 29  1 11
 2454496.08 2008  1 30 13 53   2454496.13 2008  1 30 15  4   2454496.18 2008  1 30 16 16
 2454497.71 2008  2  1  4 58   2454497.76 2008  2  1  6  9   2454497.81 2008  2  1  7 21
 2454499.34 2008  2  2 20  3   2454499.39 2008  2  2 21 14   2454499.43 2008  2  2 22 26
 2454500.96 2008  2  4 11  8   2454501.01 2008  2  4 12 19   2454501.06 2008  2  4 13 31
 2454502.59 2008  2  6  2 13   2454502.64 2008  2  6  3 24   2454502.69 2008  2  6  4 36
 2454504.22 2008  2  7 17 18   2454504.27 2008  2  7 18 29   2454504.32 2008  2  7 19 41
 2454505.85 2008  2  9  8 23   2454505.90 2008  2  9  9 34   2454505.95 2008  2  9 10 46
 2454507.48 2008  2 10 23 28   2454507.53 2008  2 11  0 39   2454507.58 2008  2 11  1 50
 2454509.11 2008  2 12 14 33   2454509.16 2008  2 12 15 44   2454509.21 2008  2 12 16 55
 2454510.73 2008  2 14  5 37   2454510.78 2008  2 14  6 49   2454510.83 2008  2 14  8  0
 2454512.36 2008  2 15 20 42   2454512.41 2008  2 15 21 54   2454512.46 2008  2 15 23  5
 2454513.99 2008  2 17 11 47   2454514.04 2008  2 17 12 59   2454514.09 2008  2 17 14 10
 2454515.62 2008  2 19  2 52   2454515.67 2008  2 19  4  4   2454515.72 2008  2 19  5 15
 2454517.25 2008  2 20 17 57   2454517.30 2008  2 20 19  9   2454517.35 2008  2 20 20 20
 2454518.88 2008  2 22  9  2   2454518.93 2008  2 22 10 14   2454518.98 2008  2 22 11 25
 2454520.51 2008  2 24  0  7   2454520.55 2008  2 24  1 19   2454520.60 2008  2 24  2 30
 2454522.13 2008  2 25 15 12   2454522.18 2008  2 25 16 23   2454522.23 2008  2 25 17 35
 2454523.76 2008  2 27  6 17   2454523.81 2008  2 27  7 28   2454523.86 2008  2 27  8 40
 2454525.39 2008  2 28 21 22   2454525.44 2008  2 28 22 33   2454525.49 2008  2 28 23 45
 2454527.02 2008  3  1 12 27   2454527.07 2008  3  1 13 38   2454527.12 2008  3  1 14 50
 2454528.65 2008  3  3  3 32   2454528.70 2008  3  3  4 43   2454528.75 2008  3  3  5 55
 2454530.28 2008  3  4 18 37   2454530.33 2008  3  4 19 48   2454530.38 2008  3  4 21  0
 2454531.90 2008  3  6  9 42   2454531.95 2008  3  6 10 53   2454532.00 2008  3  6 12  5
 2454533.53 2008  3  8  0 47   2454533.58 2008  3  8  1 58   2454533.63 2008  3  8  3 10
 2454535.16 2008  3  9 15 51   2454535.21 2008  3  9 17  3   2454535.26 2008  3  9 18 15
 2454536.79 2008  3 11  6 56   2454536.84 2008  3 11  8  8   2454536.89 2008  3 11  9 19
 2454538.42 2008  3 12 22  1   2454538.47 2008  3 12 23 13   2454538.52 2008  3 13  0 24
 2454540.05 2008  3 14 13  6   2454540.10 2008  3 14 14 18   2454540.15 2008  3 14 15 29
 2454541.67 2008  3 16  4 11   2454541.72 2008  3 16  5 23   2454541.77 2008  3 16  6 34
 2454543.30 2008  3 17 19 16   2454543.35 2008  3 17 20 28   2454543.40 2008  3 17 21 39
 2454544.93 2008  3 19 10 21   2454544.98 2008  3 19 11 33   2454545.03 2008  3 19 12 44
 2454546.56 2008  3 21  1 26   2454546.61 2008  3 21  2 38   2454546.66 2008  3 21  3 49
 2454548.19 2008  3 22 16 31   2454548.24 2008  3 22 17 43   2454548.29 2008  3 22 18 54
 2454549.82 2008  3 24  7 36   2454549.87 2008  3 24  8 47   2454549.92 2008  3 24  9 59
 2454551.45 2008  3 25 22 41   2454551.50 2008  3 25 23 52   2454551.54 2008  3 26  1  4
 2454553.07 2008  3 27 13 46   2454553.12 2008  3 27 14 57   2454553.17 2008  3 27 16  9
 2454554.70 2008  3 29  4 51   2454554.75 2008  3 29  6  2   2454554.80 2008  3 29  7 14
 2454556.33 2008  3 30 19 56   2454556.38 2008  3 30 21  7   2454556.43 2008  3 30 22 19
 2454557.96 2008  4  1 11  0   2454558.01 2008  4  1 12 12   2454558.06 2008  4  1 13 24
 2454559.59 2008  4  3  2  5   2454559.64 2008  4  3  3 17   2454559.69 2008  4  3  4 29
 2454561.22 2008  4  4 17 10   2454561.27 2008  4  4 18 22   2454561.32 2008  4  4 19 34
 2454562.84 2008  4  6  8 15   2454562.89 2008  4  6  9 27   2454562.94 2008  4  6 10 39
 2454564.47 2008  4  7 23 20   2454564.52 2008  4  8  0 32   2454564.57 2008  4  8  1 44
 2454566.10 2008  4  9 14 25   2454566.15 2008  4  9 15 37   2454566.20 2008  4  9 16 49
 2454567.73 2008  4 11  5 30   2454567.78 2008  4 11  6 42   2454567.83 2008  4 11  7 53
 2454569.36 2008  4 12 20 35   2454569.41 2008  4 12 21 47   2454569.46 2008  4 12 22 58
 2454570.99 2008  4 14 11 40   2454571.04 2008  4 14 12 52   2454571.09 2008  4 14 14  3
 2454572.61 2008  4 16  2 45   2454572.66 2008  4 16  3 57   2454572.71 2008  4 16  5  8
 2454574.24 2008  4 17 17 50   2454574.29 2008  4 17 19  2   2454574.34 2008  4 17 20 13
 2454575.87 2008  4 19  8 55   2454575.92 2008  4 19 10  6   2454575.97 2008  4 19 11 18
 2454577.50 2008  4 21  0  0   2454577.55 2008  4 21  1 11   2454577.60 2008  4 21  2 23
 2454579.13 2008  4 22 15  5   2454579.18 2008  4 22 16 16   2454579.23 2008  4 22 17 28
 2454580.76 2008  4 24  6 10   2454580.81 2008  4 24  7 21   2454580.86 2008  4 24  8 33
 2454582.39 2008  4 25 21 14   2454582.44 2008  4 25 22 26   2454582.49 2008  4 25 23 38
 2454584.01 2008  4 27 12 19   2454584.06 2008  4 27 13 31   2454584.11 2008  4 27 14 43
 2454585.64 2008  4 29  3 24   2454585.69 2008  4 29  4 36   2454585.74 2008  4 29  5 48
 2454587.27 2008  4 30 18 29   2454587.32 2008  4 30 19 41   2454587.37 2008  4 30 20 53
 2454588.90 2008  5  2  9 34   2454588.95 2008  5  2 10 46   2454589.00 2008  5  2 11 58
 2454590.53 2008  5  4  0 39   2454590.58 2008  5  4  1 51   2454590.63 2008  5  4  3  3
 2454592.16 2008  5  5 15 44   2454592.21 2008  5  5 16 56   2454592.26 2008  5  5 18  8
 2454593.78 2008  5  7  6 49   2454593.83 2008  5  7  8  1   2454593.88 2008  5  7  9 13
 2454595.41 2008  5  8 21 54   2454595.46 2008  5  8 23  6   2454595.51 2008  5  9  0 18
 2454597.04 2008  5 10 12 59   2454597.09 2008  5 10 14 11   2454597.14 2008  5 10 15 22
 2454598.67 2008  5 12  4  4   2454598.72 2008  5 12  5 16   2454598.77 2008  5 12  6 27
 2454600.30 2008  5 13 19  9   2454600.35 2008  5 13 20 21   2454600.40 2008  5 13 21 32
 2454601.93 2008  5 15 10 14   2454601.98 2008  5 15 11 25   2454602.03 2008  5 15 12 37
 2454603.55 2008  5 17  1 19   2454603.60 2008  5 17  2 30   2454603.65 2008  5 17  3 42
 2454605.18 2008  5 18 16 24   2454605.23 2008  5 18 17 35   2454605.28 2008  5 18 18 47
 2454606.81 2008  5 20  7 28   2454606.86 2008  5 20  8 40   2454606.91 2008  5 20  9 52
 2454608.44 2008  5 21 22 33   2454608.49 2008  5 21 23 45   2454608.54 2008  5 22  0 57
 2454610.07 2008  5 23 13 38   2454610.12 2008  5 23 14 50   2454610.17 2008  5 23 16  2
 2454611.70 2008  5 25  4 43   2454611.75 2008  5 25  5 55   2454611.80 2008  5 25  7  7
 2454613.33 2008  5 26 19 48   2454613.38 2008  5 26 21  0   2454613.43 2008  5 26 22 12
 2454614.95 2008  5 28 10 53   2454615.00 2008  5 28 12  5   2454615.05 2008  5 28 13 17
 2454616.58 2008  5 30  1 58   2454616.63 2008  5 30  3 10   2454616.68 2008  5 30  4 22
 2454618.21 2008  5 31 17  3   2454618.26 2008  5 31 18 15   2454618.31 2008  5 31 19 27
 2454619.84 2008  6  2  8  8   2454619.89 2008  6  2  9 20   2454619.94 2008  6  2 10 32
 2454621.47 2008  6  3 23 13   2454621.52 2008  6  4  0 25   2454621.57 2008  6  4  1 37
 2454623.10 2008  6  5 14 18   2454623.15 2008  6  5 15 30   2454623.20 2008  6  5 16 42
 2454624.72 2008  6  7  5 23   2454624.77 2008  6  7  6 35   2454624.82 2008  6  7  7 47
 2454626.35 2008  6  8 20 28   2454626.40 2008  6  8 21 40   2454626.45 2008  6  8 22 51
 2454627.98 2008  6 10 11 33   2454628.03 2008  6 10 12 44   2454628.08 2008  6 10 13 56
 2454629.61 2008  6 12  2 37   2454629.66 2008  6 12  3 49   2454629.71 2008  6 12  5  1
 2454631.24 2008  6 13 17 42   2454631.29 2008  6 13 18 54   2454631.34 2008  6 13 20  6
 2454632.87 2008  6 15  8 47   2454632.92 2008  6 15  9 59   2454632.97 2008  6 15 11 11
 2454634.49 2008  6 16 23 52   2454634.54 2008  6 17  1  4   2454634.59 2008  6 17  2 16
 2454636.12 2008  6 18 14 57   2454636.17 2008  6 18 16  9   2454636.22 2008  6 18 17 21
 2454637.75 2008  6 20  6  2   2454637.80 2008  6 20  7 14   2454637.85 2008  6 20  8 26
 2454639.38 2008  6 21 21  7   2454639.43 2008  6 21 22 19   2454639.48 2008  6 21 23 31
 2454641.01 2008  6 23 12 12   2454641.06 2008  6 23 13 24   2454641.11 2008  6 23 14 36
 2454642.64 2008  6 25  3 17   2454642.69 2008  6 25  4 29   2454642.74 2008  6 25  5 41
 2454644.27 2008  6 26 18 22   2454644.32 2008  6 26 19 34   2454644.37 2008  6 26 20 46
 2454645.89 2008  6 28  9 27   2454645.94 2008  6 28 10 39   2454645.99 2008  6 28 11 51
 2454647.52 2008  6 30  0 32   2454647.57 2008  6 30  1 44   2454647.62 2008  6 30  2 56
 2454649.15 2008  7  1 15 37   2454649.20 2008  7  1 16 49   2454649.25 2008  7  1 18  1
 2454650.78 2008  7  3  6 42   2454650.83 2008  7  3  7 54   2454650.88 2008  7  3  9  6
 2454652.41 2008  7  4 21 47   2454652.46 2008  7  4 22 59   2454652.51 2008  7  5  0 11
 2454654.04 2008  7  6 12 51   2454654.09 2008  7  6 14  4   2454654.14 2008  7  6 15 16
 2454655.66 2008  7  8  3 56   2454655.71 2008  7  8  5  8   2454655.76 2008  7  8  6 21
 2454657.29 2008  7  9 19  1   2454657.34 2008  7  9 20 13   2454657.39 2008  7  9 21 25
 2454658.92 2008  7 11 10  6   2454658.97 2008  7 11 11 18   2454659.02 2008  7 11 12 30
 2454660.55 2008  7 13  1 11   2454660.60 2008  7 13  2 23   2454660.65 2008  7 13  3 35
 2454662.18 2008  7 14 16 16   2454662.23 2008  7 14 17 28   2454662.28 2008  7 14 18 40
 2454663.81 2008  7 16  7 21   2454663.86 2008  7 16  8 33   2454663.91 2008  7 16  9 45
 2454665.44 2008  7 17 22 26   2454665.49 2008  7 17 23 38   2454665.54 2008  7 18  0 50
 2454667.06 2008  7 19 13 31   2454667.11 2008  7 19 14 43   2454667.16 2008  7 19 15 55
 2454668.69 2008  7 21  4 36   2454668.74 2008  7 21  5 48   2454668.79 2008  7 21  7  0
 2454670.32 2008  7 22 19 41   2454670.37 2008  7 22 20 53   2454670.42 2008  7 22 22  5
 2454671.95 2008  7 24 10 46   2454672.00 2008  7 24 11 58   2454672.05 2008  7 24 13 10
 2454673.58 2008  7 26  1 51   2454673.63 2008  7 26  3  3   2454673.68 2008  7 26  4 15
 2454675.21 2008  7 27 16 56   2454675.26 2008  7 27 18  8   2454675.31 2008  7 27 19 20
 2454676.83 2008  7 29  8  1   2454676.88 2008  7 29  9 13   2454676.93 2008  7 29 10 25
 2454678.46 2008  7 30 23  5   2454678.51 2008  7 31  0 18   2454678.56 2008  7 31  1 30
 2454680.09 2008  8  1 14 10   2454680.14 2008  8  1 15 23   2454680.19 2008  8  1 16 35
 2454681.72 2008  8  3  5 15   2454681.77 2008  8  3  6 27   2454681.82 2008  8  3  7 40
 2454683.35 2008  8  4 20 20   2454683.40 2008  8  4 21 32   2454683.45 2008  8  4 22 45
 2454684.98 2008  8  6 11 25   2454685.03 2008  8  6 12 37   2454685.08 2008  8  6 13 50
 2454686.60 2008  8  8  2 30   2454686.65 2008  8  8  3 42   2454686.70 2008  8  8  4 54
 2454688.23 2008  8  9 17 35   2454688.28 2008  8  9 18 47   2454688.33 2008  8  9 19 59
 2454689.86 2008  8 11  8 40   2454689.91 2008  8 11  9 52   2454689.96 2008  8 11 11  4
 2454691.49 2008  8 12 23 45   2454691.54 2008  8 13  0 57   2454691.59 2008  8 13  2  9
 2454693.12 2008  8 14 14 50   2454693.17 2008  8 14 16  2   2454693.22 2008  8 14 17 14
 2454694.75 2008  8 16  5 55   2454694.80 2008  8 16  7  7   2454694.85 2008  8 16  8 19
 2454696.38 2008  8 17 21  0   2454696.43 2008  8 17 22 12   2454696.48 2008  8 17 23 24
 2454698.00 2008  8 19 12  5   2454698.05 2008  8 19 13 17   2454698.10 2008  8 19 14 29
 2454699.63 2008  8 21  3 10   2454699.68 2008  8 21  4 22   2454699.73 2008  8 21  5 34
 2454701.26 2008  8 22 18 14   2454701.31 2008  8 22 19 27   2454701.36 2008  8 22 20 39
 2454702.89 2008  8 24  9 19   2454702.94 2008  8 24 10 32   2454702.99 2008  8 24 11 44
 2454704.52 2008  8 26  0 24   2454704.57 2008  8 26  1 37   2454704.62 2008  8 26  2 49
 2454706.15 2008  8 27 15 29   2454706.20 2008  8 27 16 42   2454706.25 2008  8 27 17 54
 2454707.77 2008  8 29  6 34   2454707.82 2008  8 29  7 46   2454707.87 2008  8 29  8 59
 2454709.40 2008  8 30 21 39   2454709.45 2008  8 30 22 51   2454709.50 2008  8 31  0  4
 2454711.03 2008  9  1 12 44   2454711.08 2008  9  1 13 56   2454711.13 2008  9  1 15  9
 2454712.66 2008  9  3  3 49   2454712.71 2008  9  3  5  1   2454712.76 2008  9  3  6 14
 2454714.29 2008  9  4 18 54   2454714.34 2008  9  4 20  6   2454714.39 2008  9  4 21 19
 2454715.92 2008  9  6  9 59   2454715.97 2008  9  6 11 11   2454716.02 2008  9  6 12 23
 2454717.54 2008  9  8  1  4   2454717.59 2008  9  8  2 16   2454717.65 2008  9  8  3 28
 2454719.17 2008  9  9 16  9   2454719.22 2008  9  9 17 21   2454719.27 2008  9  9 18 33
 2454720.80 2008  9 11  7 14   2454720.85 2008  9 11  8 26   2454720.90 2008  9 11  9 38
 2454722.43 2008  9 12 22 19   2454722.48 2008  9 12 23 31   2454722.53 2008  9 13  0 43
 2454724.06 2008  9 14 13 24   2454724.11 2008  9 14 14 36   2454724.16 2008  9 14 15 48
 2454725.69 2008  9 16  4 28   2454725.74 2008  9 16  5 41   2454725.79 2008  9 16  6 53
 2454727.32 2008  9 17 19 33   2454727.37 2008  9 17 20 46   2454727.42 2008  9 17 21 58
 2454728.94 2008  9 19 10 38   2454728.99 2008  9 19 11 51   2454729.04 2008  9 19 13  3
 2454730.57 2008  9 21  1 43   2454730.62 2008  9 21  2 56   2454730.67 2008  9 21  4  8
 2454732.20 2008  9 22 16 48   2454732.25 2008  9 22 18  1   2454732.30 2008  9 22 19 13
 2454733.83 2008  9 24  7 53   2454733.88 2008  9 24  9  6   2454733.93 2008  9 24 10 18
 2454735.46 2008  9 25 22 58   2454735.51 2008  9 26  0 10   2454735.56 2008  9 26  1 23
 2454737.09 2008  9 27 14  3   2454737.14 2008  9 27 15 15   2454737.19 2008  9 27 16 28
 2454738.71 2008  9 29  5  8   2454738.76 2008  9 29  6 20   2454738.81 2008  9 29  7 33
 2454740.34 2008  9 30 20 13   2454740.39 2008  9 30 21 25   2454740.44 2008  9 30 22 38
 2454741.97 2008 10  2 11 18   2454742.02 2008 10  2 12 30   2454742.07 2008 10  2 13 43
 2454743.60 2008 10  4  2 23   2454743.65 2008 10  4  3 35   2454743.70 2008 10  4  4 48
 2454745.23 2008 10  5 17 28   2454745.28 2008 10  5 18 40   2454745.33 2008 10  5 19 53
 2454746.86 2008 10  7  8 33   2454746.91 2008 10  7  9 45   2454746.96 2008 10  7 10 57
 2454748.48 2008 10  8 23 38   2454748.54 2008 10  9  0 50   2454748.59 2008 10  9  2  2
 2454750.11 2008 10 10 14 42   2454750.16 2008 10 10 15 55   2454750.21 2008 10 10 17  7
 2454751.74 2008 10 12  5 47   2454751.79 2008 10 12  7  0   2454751.84 2008 10 12  8 12
 2454753.37 2008 10 13 20 52   2454753.42 2008 10 13 22  5   2454753.47 2008 10 13 23 17
 2454755.00 2008 10 15 11 57   2454755.05 2008 10 15 13 10   2454755.10 2008 10 15 14 22
 2454756.63 2008 10 17  3  2   2454756.68 2008 10 17  4 15   2454756.73 2008 10 17  5 27
 2454758.26 2008 10 18 18  7   2454758.31 2008 10 18 19 20   2454758.36 2008 10 18 20 32
 2454759.88 2008 10 20  9 12   2454759.93 2008 10 20 10 25   2454759.98 2008 10 20 11 37
 2454761.51 2008 10 22  0 17   2454761.56 2008 10 22  1 29   2454761.61 2008 10 22  2 42
 2454763.14 2008 10 23 15 22   2454763.19 2008 10 23 16 34   2454763.24 2008 10 23 17 47
 2454764.77 2008 10 25  6 27   2454764.82 2008 10 25  7 39   2454764.87 2008 10 25  8 52
 2454766.40 2008 10 26 21 32   2454766.45 2008 10 26 22 44   2454766.50 2008 10 26 23 57
 2454768.03 2008 10 28 12 37   2454768.08 2008 10 28 13 49   2454768.13 2008 10 28 15  2
 2454769.65 2008 10 30  3 42   2454769.70 2008 10 30  4 54   2454769.75 2008 10 30  6  7
 2454771.28 2008 10 31 18 47   2454771.33 2008 10 31 19 59   2454771.38 2008 10 31 21 12
 2454772.91 2008 11  2  9 51   2454772.96 2008 11  2 11  4   2454773.01 2008 11  2 12 17
 2454774.54 2008 11  4  0 56   2454774.59 2008 11  4  2  9   2454774.64 2008 11  4  3 22
 2454776.17 2008 11  5 16  1   2454776.22 2008 11  5 17 14   2454776.27 2008 11  5 18 26
 2454777.80 2008 11  7  7  6   2454777.85 2008 11  7  8 19   2454777.90 2008 11  7  9 31
 2454779.42 2008 11  8 22 11   2454779.48 2008 11  8 23 24   2454779.53 2008 11  9  0 36
 2454781.05 2008 11 10 13 16   2454781.10 2008 11 10 14 29   2454781.15 2008 11 10 15 41
 2454782.68 2008 11 12  4 21   2454782.73 2008 11 12  5 34   2454782.78 2008 11 12  6 46
 2454784.31 2008 11 13 19 26   2454784.36 2008 11 13 20 39   2454784.41 2008 11 13 21 51
 2454785.94 2008 11 15 10 31   2454785.99 2008 11 15 11 44   2454786.04 2008 11 15 12 56
 2454787.57 2008 11 17  1 36   2454787.62 2008 11 17  2 48   2454787.67 2008 11 17  4  1
 2454789.20 2008 11 18 16 41   2454789.25 2008 11 18 17 53   2454789.30 2008 11 18 19  6
 2454790.82 2008 11 20  7 46   2454790.87 2008 11 20  8 58   2454790.92 2008 11 20 10 11
 2454792.45 2008 11 21 22 51   2454792.50 2008 11 22  0  3   2454792.55 2008 11 22  1 16
 2454794.08 2008 11 23 13 56   2454794.13 2008 11 23 15  8   2454794.18 2008 11 23 16 21
 2454795.71 2008 11 25  5  1   2454795.76 2008 11 25  6 13   2454795.81 2008 11 25  7 26
 2454797.34 2008 11 26 20  5   2454797.39 2008 11 26 21 18   2454797.44 2008 11 26 22 31
 2454798.97 2008 11 28 11 10   2454799.02 2008 11 28 12 23   2454799.07 2008 11 28 13 36
 2454800.59 2008 11 30  2 15   2454800.64 2008 11 30  3 28   2454800.70 2008 11 30  4 41
 2454802.22 2008 12  1 17 20   2454802.27 2008 12  1 18 33   2454802.32 2008 12  1 19 46
 2454803.85 2008 12  3  8 25   2454803.90 2008 12  3  9 38   2454803.95 2008 12  3 10 51
 2454805.48 2008 12  4 23 30   2454805.53 2008 12  5  0 43   2454805.58 2008 12  5  1 55
 2454807.11 2008 12  6 14 35   2454807.16 2008 12  6 15 48   2454807.21 2008 12  6 17  0
 2454808.74 2008 12  8  5 40   2454808.79 2008 12  8  6 53   2454808.84 2008 12  8  8  5
 2454810.36 2008 12  9 20 45   2454810.42 2008 12  9 21 58   2454810.47 2008 12  9 23 10
 2454811.99 2008 12 11 11 50   2454812.04 2008 12 11 13  3   2454812.09 2008 12 11 14 15
 2454813.62 2008 12 13  2 55   2454813.67 2008 12 13  4  8   2454813.72 2008 12 13  5 20
 2454815.25 2008 12 14 18  0   2454815.30 2008 12 14 19 12   2454815.35 2008 12 14 20 25
 2454816.88 2008 12 16  9  5   2454816.93 2008 12 16 10 17   2454816.98 2008 12 16 11 30
 2454818.51 2008 12 18  0 10   2454818.56 2008 12 18  1 22   2454818.61 2008 12 18  2 35
 2454820.14 2008 12 19 15 15   2454820.19 2008 12 19 16 27   2454820.24 2008 12 19 17 40
 2454821.76 2008 12 21  6 19   2454821.81 2008 12 21  7 32   2454821.86 2008 12 21  8 45
 2454823.39 2008 12 22 21 24   2454823.44 2008 12 22 22 37   2454823.49 2008 12 22 23 50
 2454825.02 2008 12 24 12 29   2454825.07 2008 12 24 13 42   2454825.12 2008 12 24 14 55
 2454826.65 2008 12 26  3 34   2454826.70 2008 12 26  4 47   2454826.75 2008 12 26  6  0
 2454828.28 2008 12 27 18 39   2454828.33 2008 12 27 19 52   2454828.38 2008 12 27 21  5
 2454829.91 2008 12 29  9 44   2454829.96 2008 12 29 10 57   2454830.01 2008 12 29 12 10
 2454831.53 2008 12 31  0 49   2454831.58 2008 12 31  2  2   2454831.64 2008 12 31  3 15
 2454833.16 2009  1  1 15 54   2454833.21 2009  1  1 17  7   2454833.26 2009  1  1 18 20
 2454834.79 2009  1  3  6 59   2454834.84 2009  1  3  8 12   2454834.89 2009  1  3  9 25
 2454836.42 2009  1  4 22  4   2454836.47 2009  1  4 23 17   2454836.52 2009  1  5  0 29
 2454838.05 2009  1  6 13  9   2454838.10 2009  1  6 14 22   2454838.15 2009  1  6 15 34
 2454839.68 2009  1  8  4 14   2454839.73 2009  1  8  5 27   2454839.78 2009  1  8  6 39
 2454841.30 2009  1  9 19 19   2454841.36 2009  1  9 20 31   2454841.41 2009  1  9 21 44
 2454842.93 2009  1 11 10 24   2454842.98 2009  1 11 11 36   2454843.03 2009  1 11 12 49
 2454844.56 2009  1 13  1 28   2454844.61 2009  1 13  2 41   2454844.66 2009  1 13  3 54
 2454846.19 2009  1 14 16 33   2454846.24 2009  1 14 17 46   2454846.29 2009  1 14 18 59
 2454847.82 2009  1 16  7 38   2454847.87 2009  1 16  8 51   2454847.92 2009  1 16 10  4
 2454849.45 2009  1 17 22 43   2454849.50 2009  1 17 23 56   2454849.55 2009  1 18  1  9
 2454851.08 2009  1 19 13 48   2454851.13 2009  1 19 15  1   2454851.18 2009  1 19 16 14
 2454852.70 2009  1 21  4 53   2454852.75 2009  1 21  6  6   2454852.81 2009  1 21  7 19
 2454854.33 2009  1 22 19 58   2454854.38 2009  1 22 21 11   2454854.43 2009  1 22 22 24
 2454855.96 2009  1 24 11  3   2454856.01 2009  1 24 12 16   2454856.06 2009  1 24 13 29
 2454857.59 2009  1 26  2  8   2454857.64 2009  1 26  3 21   2454857.69 2009  1 26  4 34
 2454859.22 2009  1 27 17 13   2454859.27 2009  1 27 18 26   2454859.32 2009  1 27 19 39
 2454860.85 2009  1 29  8 18   2454860.90 2009  1 29  9 31   2454860.95 2009  1 29 10 44
 2454862.47 2009  1 30 23 23   2454862.53 2009  1 31  0 36   2454862.58 2009  1 31  1 49
 2454864.10 2009  2  1 14 28   2454864.15 2009  2  1 15 41   2454864.20 2009  2  1 16 54
 2454865.73 2009  2  3  5 33   2454865.78 2009  2  3  6 46   2454865.83 2009  2  3  7 58
 2454867.36 2009  2  4 20 38   2454867.41 2009  2  4 21 50   2454867.46 2009  2  4 23  3
 2454868.99 2009  2  6 11 42   2454869.04 2009  2  6 12 55   2454869.09 2009  2  6 14  8
 2454870.62 2009  2  8  2 47   2454870.67 2009  2  8  4  0   2454870.72 2009  2  8  5 13
 2454872.25 2009  2  9 17 52   2454872.30 2009  2  9 19  5   2454872.35 2009  2  9 20 18
 2454873.87 2009  2 11  8 57   2454873.92 2009  2 11 10 10   2454873.97 2009  2 11 11 23
 2454875.50 2009  2 13  0  2   2454875.55 2009  2 13  1 15   2454875.60 2009  2 13  2 28
 2454877.13 2009  2 14 15  7   2454877.18 2009  2 14 16 20   2454877.23 2009  2 14 17 33
 2454878.76 2009  2 16  6 12   2454878.81 2009  2 16  7 25   2454878.86 2009  2 16  8 38
 2454880.39 2009  2 17 21 17   2454880.44 2009  2 17 22 30   2454880.49 2009  2 17 23 43
 2454882.02 2009  2 19 12 22   2454882.07 2009  2 19 13 35   2454882.12 2009  2 19 14 48
 2454883.64 2009  2 21  3 27   2454883.69 2009  2 21  4 40   2454883.75 2009  2 21  5 53
 2454885.27 2009  2 22 18 32   2454885.32 2009  2 22 19 45   2454885.37 2009  2 22 20 58
 2454886.90 2009  2 24  9 37   2454886.95 2009  2 24 10 50   2454887.00 2009  2 24 12  3
 2454888.53 2009  2 26  0 42   2454888.58 2009  2 26  1 55   2454888.63 2009  2 26  3  8
 2454890.16 2009  2 27 15 47   2454890.21 2009  2 27 17  0   2454890.26 2009  2 27 18 13
 2454891.79 2009  3  1  6 52   2454891.84 2009  3  1  8  5   2454891.89 2009  3  1  9 18
 2454893.41 2009  3  2 21 56   2454893.47 2009  3  2 23  9   2454893.52 2009  3  3  0 23
 2454895.04 2009  3  4 13  1   2454895.09 2009  3  4 14 14   2454895.14 2009  3  4 15 27
 2454896.67 2009  3  6  4  6   2454896.72 2009  3  6  5 19   2454896.77 2009  3  6  6 32
 2454898.30 2009  3  7 19 11   2454898.35 2009  3  7 20 24   2454898.40 2009  3  7 21 37
 2454899.93 2009  3  9 10 16   2454899.98 2009  3  9 11 29   2454900.03 2009  3  9 12 42
 2454901.56 2009  3 11  1 21   2454901.61 2009  3 11  2 34   2454901.66 2009  3 11  3 47
 2454903.19 2009  3 12 16 26   2454903.24 2009  3 12 17 39   2454903.29 2009  3 12 18 52
 2454904.81 2009  3 14  7 31   2454904.86 2009  3 14  8 44   2454904.92 2009  3 14  9 57
 2454906.44 2009  3 15 22 36   2454906.49 2009  3 15 23 49   2454906.54 2009  3 16  1  2
 2454908.07 2009  3 17 13 41   2454908.12 2009  3 17 14 54   2454908.17 2009  3 17 16  7
 2454909.70 2009  3 19  4 46   2454909.75 2009  3 19  5 59   2454909.80 2009  3 19  7 12
 2454911.33 2009  3 20 19 51   2454911.38 2009  3 20 21  4   2454911.43 2009  3 20 22 17
 2454912.96 2009  3 22 10 56   2454913.01 2009  3 22 12  9   2454913.06 2009  3 22 13 22
 2454914.58 2009  3 24  2  1   2454914.63 2009  3 24  3 14   2454914.69 2009  3 24  4 27
 2454916.21 2009  3 25 17  5   2454916.26 2009  3 25 18 19   2454916.31 2009  3 25 19 32
 2454917.84 2009  3 27  8 10   2454917.89 2009  3 27  9 24   2454917.94 2009  3 27 10 37
 2454919.47 2009  3 28 23 15   2454919.52 2009  3 29  0 29   2454919.57 2009  3 29  1 42
 2454921.10 2009  3 30 14 20   2454921.15 2009  3 30 15 33   2454921.20 2009  3 30 16 47
 2454922.73 2009  4  1  5 25   2454922.78 2009  4  1  6 38   2454922.83 2009  4  1  7 52
 2454924.35 2009  4  2 20 30   2454924.41 2009  4  2 21 43   2454924.46 2009  4  2 22 57
 2454925.98 2009  4  4 11 35   2454926.03 2009  4  4 12 48   2454926.08 2009  4  4 14  1
 2454927.61 2009  4  6  2 40   2454927.66 2009  4  6  3 53   2454927.71 2009  4  6  5  6
 2454929.24 2009  4  7 17 45   2454929.29 2009  4  7 18 58   2454929.34 2009  4  7 20 11
 2454930.87 2009  4  9  8 50   2454930.92 2009  4  9 10  3   2454930.97 2009  4  9 11 16
 2454932.50 2009  4 10 23 55   2454932.55 2009  4 11  1  8   2454932.60 2009  4 11  2 21
 2454934.13 2009  4 12 15  0   2454934.18 2009  4 12 16 13   2454934.23 2009  4 12 17 26
 2454935.75 2009  4 14  6  5   2454935.80 2009  4 14  7 18   2454935.86 2009  4 14  8 31
 2454937.38 2009  4 15 21 10   2454937.43 2009  4 15 22 23   2454937.48 2009  4 15 23 36
 2454939.01 2009  4 17 12 15   2454939.06 2009  4 17 13 28   2454939.11 2009  4 17 14 41
 2454940.64 2009  4 19  3 19   2454940.69 2009  4 19  4 33   2454940.74 2009  4 19  5 46
 2454942.27 2009  4 20 18 24   2454942.32 2009  4 20 19 38   2454942.37 2009  4 20 20 51
 2454943.90 2009  4 22  9 29   2454943.95 2009  4 22 10 43   2454944.00 2009  4 22 11 56
 2454945.52 2009  4 24  0 34   2454945.58 2009  4 24  1 48   2454945.63 2009  4 24  3  1
 2454947.15 2009  4 25 15 39   2454947.20 2009  4 25 16 52   2454947.25 2009  4 25 18  6
 2454948.78 2009  4 27  6 44   2454948.83 2009  4 27  7 57   2454948.88 2009  4 27  9 11
 2454950.41 2009  4 28 21 49   2454950.46 2009  4 28 23  2   2454950.51 2009  4 29  0 16
 2454952.04 2009  4 30 12 54   2454952.09 2009  4 30 14  7   2454952.14 2009  4 30 15 21
 2454953.67 2009  5  2  3 59   2454953.72 2009  5  2  5 12   2454953.77 2009  5  2  6 26
 2454955.29 2009  5  3 19  4   2454955.35 2009  5  3 20 17   2454955.40 2009  5  3 21 30
 2454956.92 2009  5  5 10  9   2454956.97 2009  5  5 11 22   2454957.02 2009  5  5 12 35
 2454958.55 2009  5  7  1 14   2454958.60 2009  5  7  2 27   2454958.65 2009  5  7  3 40
 2454960.18 2009  5  8 16 19   2454960.23 2009  5  8 17 32   2454960.28 2009  5  8 18 45
 2454961.81 2009  5 10  7 24   2454961.86 2009  5 10  8 37   2454961.91 2009  5 10  9 50
 2454963.44 2009  5 11 22 28   2454963.49 2009  5 11 23 42   2454963.54 2009  5 12  0 55
 2454965.07 2009  5 13 13 33   2454965.12 2009  5 13 14 47   2454965.17 2009  5 13 16  0
 2454966.69 2009  5 15  4 38   2454966.74 2009  5 15  5 52   2454966.80 2009  5 15  7  5
 2454968.32 2009  5 16 19 43   2454968.37 2009  5 16 20 57   2454968.42 2009  5 16 22 10
 2454969.95 2009  5 18 10 48   2454970.00 2009  5 18 12  2   2454970.05 2009  5 18 13 15
 2454971.58 2009  5 20  1 53   2454971.63 2009  5 20  3  7   2454971.68 2009  5 20  4 20
 2454973.21 2009  5 21 16 58   2454973.26 2009  5 21 18 11   2454973.31 2009  5 21 19 25
 2454974.84 2009  5 23  8  3   2454974.89 2009  5 23  9 16   2454974.94 2009  5 23 10 30
 2454976.46 2009  5 24 23  8   2454976.52 2009  5 25  0 21   2454976.57 2009  5 25  1 35
 2454978.09 2009  5 26 14 13   2454978.14 2009  5 26 15 26   2454978.19 2009  5 26 16 40
 2454979.72 2009  5 28  5 18   2454979.77 2009  5 28  6 31   2454979.82 2009  5 28  7 45
 2454981.35 2009  5 29 20 23   2454981.40 2009  5 29 21 36   2454981.45 2009  5 29 22 50
 2454982.98 2009  5 31 11 28   2454983.03 2009  5 31 12 41   2454983.08 2009  5 31 13 55
 2454984.61 2009  6  2  2 33   2454984.66 2009  6  2  3 46   2454984.71 2009  6  2  5  0
 2454986.23 2009  6  3 17 38   2454986.29 2009  6  3 18 51   2454986.34 2009  6  3 20  4
 2454987.86 2009  6  5  8 42   2454987.91 2009  6  5  9 56   2454987.97 2009  6  5 11  9
 2454989.49 2009  6  6 23 47   2454989.54 2009  6  7  1  1   2454989.59 2009  6  7  2 14
 2454991.12 2009  6  8 14 52   2454991.17 2009  6  8 16  6   2454991.22 2009  6  8 17 19
 2454992.75 2009  6 10  5 57   2454992.80 2009  6 10  7 11   2454992.85 2009  6 10  8 24
 2454994.38 2009  6 11 21  2   2454994.43 2009  6 11 22 16   2454994.48 2009  6 11 23 29
 2454996.01 2009  6 13 12  7   2454996.06 2009  6 13 13 21   2454996.11 2009  6 13 14 34
 2454997.63 2009  6 15  3 12   2454997.68 2009  6 15  4 26   2454997.74 2009  6 15  5 39
 2454999.26 2009  6 16 18 17   2454999.31 2009  6 16 19 31   2454999.36 2009  6 16 20 44
 2455000.89 2009  6 18  9 22   2455000.94 2009  6 18 10 35   2455000.99 2009  6 18 11 49
 2455002.52 2009  6 20  0 27   2455002.57 2009  6 20  1 40   2455002.62 2009  6 20  2 54
 2455004.15 2009  6 21 15 32   2455004.20 2009  6 21 16 45   2455004.25 2009  6 21 17 59
 2455005.78 2009  6 23  6 37   2455005.83 2009  6 23  7 50   2455005.88 2009  6 23  9  4
 2455007.40 2009  6 24 21 42   2455007.46 2009  6 24 22 55   2455007.51 2009  6 25  0  9
 2455009.03 2009  6 26 12 47   2455009.08 2009  6 26 14  0   2455009.13 2009  6 26 15 14
 2455010.66 2009  6 28  3 52   2455010.71 2009  6 28  5  5   2455010.76 2009  6 28  6 19
 2455012.29 2009  6 29 18 56   2455012.34 2009  6 29 20 10   2455012.39 2009  6 29 21 24
 2455013.92 2009  7  1 10  1   2455013.97 2009  7  1 11 15   2455014.02 2009  7  1 12 29
 2455015.55 2009  7  3  1  6   2455015.60 2009  7  3  2 20   2455015.65 2009  7  3  3 33
 2455017.17 2009  7  4 16 11   2455017.23 2009  7  4 17 25   2455017.28 2009  7  4 18 38
 2455018.80 2009  7  6  7 16   2455018.85 2009  7  6  8 30   2455018.91 2009  7  6  9 43
 2455020.43 2009  7  7 22 21   2455020.48 2009  7  7 23 35   2455020.53 2009  7  8  0 48
 2455022.06 2009  7  9 13 26   2455022.11 2009  7  9 14 40   2455022.16 2009  7  9 15 53
 2455023.69 2009  7 11  4 31   2455023.74 2009  7 11  5 45   2455023.79 2009  7 11  6 58
 2455025.32 2009  7 12 19 36   2455025.37 2009  7 12 20 50   2455025.42 2009  7 12 22  3
 2455026.95 2009  7 14 10 41   2455027.00 2009  7 14 11 54   2455027.05 2009  7 14 13  8
 2455028.57 2009  7 16  1 46   2455028.62 2009  7 16  2 59   2455028.68 2009  7 16  4 13
 2455030.20 2009  7 17 16 51   2455030.25 2009  7 17 18  4   2455030.30 2009  7 17 19 18
 2455031.83 2009  7 19  7 56   2455031.88 2009  7 19  9  9   2455031.93 2009  7 19 10 23
 2455033.46 2009  7 20 23  1   2455033.51 2009  7 21  0 14   2455033.56 2009  7 21  1 28
 2455035.09 2009  7 22 14  5   2455035.14 2009  7 22 15 19   2455035.19 2009  7 22 16 33
 2455036.72 2009  7 24  5 10   2455036.77 2009  7 24  6 24   2455036.82 2009  7 24  7 38
 2455038.34 2009  7 25 20 15   2455038.40 2009  7 25 21 29   2455038.45 2009  7 25 22 43
 2455039.97 2009  7 27 11 20   2455040.02 2009  7 27 12 34   2455040.08 2009  7 27 13 48
 2455041.60 2009  7 29  2 25   2455041.65 2009  7 29  3 39   2455041.70 2009  7 29  4 53
 2455043.23 2009  7 30 17 30   2455043.28 2009  7 30 18 44   2455043.33 2009  7 30 19 58
 2455044.86 2009  8  1  8 35   2455044.91 2009  8  1  9 49   2455044.96 2009  8  1 11  2
 2455046.49 2009  8  2 23 40   2455046.54 2009  8  3  0 54   2455046.59 2009  8  3  2  7
 2455048.11 2009  8  4 14 45   2455048.17 2009  8  4 15 59   2455048.22 2009  8  4 17 12
 2455049.74 2009  8  6  5 50   2455049.79 2009  8  6  7  4   2455049.85 2009  8  6  8 17
 2455051.37 2009  8  7 20 55   2455051.42 2009  8  7 22  9   2455051.47 2009  8  7 23 22
 2455053.00 2009  8  9 12  0   2455053.05 2009  8  9 13 13   2455053.10 2009  8  9 14 27
 2455054.63 2009  8 11  3  5   2455054.68 2009  8 11  4 18   2455054.73 2009  8 11  5 32
 2455056.26 2009  8 12 18 10   2455056.31 2009  8 12 19 23   2455056.36 2009  8 12 20 37
 2455057.89 2009  8 14  9 15   2455057.94 2009  8 14 10 28   2455057.99 2009  8 14 11 42
 2455059.51 2009  8 16  0 19   2455059.57 2009  8 16  1 33   2455059.62 2009  8 16  2 47
 2455061.14 2009  8 17 15 24   2455061.19 2009  8 17 16 38   2455061.24 2009  8 17 17 52
 2455062.77 2009  8 19  6 29   2455062.82 2009  8 19  7 43   2455062.87 2009  8 19  8 57
 2455064.40 2009  8 20 21 34   2455064.45 2009  8 20 22 48   2455064.50 2009  8 21  0  2
 2455066.03 2009  8 22 12 39   2455066.08 2009  8 22 13 53   2455066.13 2009  8 22 15  7
 2455067.66 2009  8 24  3 44   2455067.71 2009  8 24  4 58   2455067.76 2009  8 24  6 12
 2455069.28 2009  8 25 18 49   2455069.34 2009  8 25 20  3   2455069.39 2009  8 25 21 17
 2455070.91 2009  8 27  9 54   2455070.96 2009  8 27 11  8   2455071.02 2009  8 27 12 22
 2455072.54 2009  8 29  0 59   2455072.59 2009  8 29  2 13   2455072.64 2009  8 29  3 27
 2455074.17 2009  8 30 16  4   2455074.22 2009  8 30 17 18   2455074.27 2009  8 30 18 32
 2455075.80 2009  9  1  7  9   2455075.85 2009  9  1  8 23   2455075.90 2009  9  1  9 36
 2455077.43 2009  9  2 22 14   2455077.48 2009  9  2 23 28   2455077.53 2009  9  3  0 41
 2455079.05 2009  9  4 13 19   2455079.11 2009  9  4 14 32   2455079.16 2009  9  4 15 46
 2455080.68 2009  9  6  4 24   2455080.73 2009  9  6  5 37   2455080.79 2009  9  6  6 51
 2455082.31 2009  9  7 19 29   2455082.36 2009  9  7 20 42   2455082.41 2009  9  7 21 56
 2455083.94 2009  9  9 10 33   2455083.99 2009  9  9 11 47   2455084.04 2009  9  9 13  1
 2455085.57 2009  9 11  1 38   2455085.62 2009  9 11  2 52   2455085.67 2009  9 11  4  6
 2455087.20 2009  9 12 16 43   2455087.25 2009  9 12 17 57   2455087.30 2009  9 12 19 11
 2455088.83 2009  9 14  7 48   2455088.88 2009  9 14  9  2   2455088.93 2009  9 14 10 16
 2455090.45 2009  9 15 22 53   2455090.51 2009  9 16  0  7   2455090.56 2009  9 16  1 21
 2455092.08 2009  9 17 13 58   2455092.13 2009  9 17 15 12   2455092.19 2009  9 17 16 26
 2455093.71 2009  9 19  5  3   2455093.76 2009  9 19  6 17   2455093.81 2009  9 19  7 31
 2455095.34 2009  9 20 20  8   2455095.39 2009  9 20 21 22   2455095.44 2009  9 20 22 36
 2455096.97 2009  9 22 11 13   2455097.02 2009  9 22 12 27   2455097.07 2009  9 22 13 41
 2455098.60 2009  9 24  2 18   2455098.65 2009  9 24  3 32   2455098.70 2009  9 24  4 46
 2455100.22 2009  9 25 17 23   2455100.28 2009  9 25 18 37   2455100.33 2009  9 25 19 51
 2455101.85 2009  9 27  8 28   2455101.90 2009  9 27  9 42   2455101.96 2009  9 27 10 56
 2455103.48 2009  9 28 23 33   2455103.53 2009  9 29  0 47   2455103.58 2009  9 29  2  1
 2455105.11 2009  9 30 14 38   2455105.16 2009  9 30 15 52   2455105.21 2009  9 30 17  5
 2455106.74 2009 10  2  5 42   2455106.79 2009 10  2  6 56   2455106.84 2009 10  2  8 10
 2455108.37 2009 10  3 20 47   2455108.42 2009 10  3 22  1   2455108.47 2009 10  3 23 15
 2455110.00 2009 10  5 11 52   2455110.05 2009 10  5 13  6   2455110.10 2009 10  5 14 20
 2455111.62 2009 10  7  2 57   2455111.67 2009 10  7  4 11   2455111.73 2009 10  7  5 25
 2455113.25 2009 10  8 18  2   2455113.30 2009 10  8 19 16   2455113.35 2009 10  8 20 30
 2455114.88 2009 10 10  9  7   2455114.93 2009 10 10 10 21   2455114.98 2009 10 10 11 35
 2455116.51 2009 10 12  0 12   2455116.56 2009 10 12  1 26   2455116.61 2009 10 12  2 40
 2455118.14 2009 10 13 15 17   2455118.19 2009 10 13 16 31   2455118.24 2009 10 13 17 45
 2455119.77 2009 10 15  6 22   2455119.82 2009 10 15  7 36   2455119.87 2009 10 15  8 50
 2455121.39 2009 10 16 21 27   2455121.45 2009 10 16 22 41   2455121.50 2009 10 16 23 55
 2455123.02 2009 10 18 12 32   2455123.07 2009 10 18 13 46   2455123.13 2009 10 18 15  0
 2455124.65 2009 10 20  3 37   2455124.70 2009 10 20  4 51   2455124.75 2009 10 20  6  5
 2455126.28 2009 10 21 18 42   2455126.33 2009 10 21 19 56   2455126.38 2009 10 21 21 10
 2455127.91 2009 10 23  9 47   2455127.96 2009 10 23 11  1   2455128.01 2009 10 23 12 15
 2455129.54 2009 10 25  0 52   2455129.59 2009 10 25  2  6   2455129.64 2009 10 25  3 20
 2455131.16 2009 10 26 15 56   2455131.22 2009 10 26 17 11   2455131.27 2009 10 26 18 25
 2455132.79 2009 10 28  7  1   2455132.84 2009 10 28  8 15   2455132.90 2009 10 28  9 30
 2455134.42 2009 10 29 22  6   2455134.47 2009 10 29 23 20   2455134.52 2009 10 30  0 34
 2455136.05 2009 10 31 13 11   2455136.10 2009 10 31 14 25   2455136.15 2009 10 31 15 39
 2455137.68 2009 11  2  4 16   2455137.73 2009 11  2  5 30   2455137.78 2009 11  2  6 44
 2455139.31 2009 11  3 19 21   2455139.36 2009 11  3 20 35   2455139.41 2009 11  3 21 49
 2455140.94 2009 11  5 10 26   2455140.99 2009 11  5 11 40   2455141.04 2009 11  5 12 54
 2455142.56 2009 11  7  1 31   2455142.62 2009 11  7  2 45   2455142.67 2009 11  7  3 59
 2455144.19 2009 11  8 16 36   2455144.24 2009 11  8 17 50   2455144.29 2009 11  8 19  4
 2455145.82 2009 11 10  7 41   2455145.87 2009 11 10  8 55   2455145.92 2009 11 10 10  9
 2455147.45 2009 11 11 22 46   2455147.50 2009 11 12  0  0   2455147.55 2009 11 12  1 14
 2455149.08 2009 11 13 13 51   2455149.13 2009 11 13 15  5   2455149.18 2009 11 13 16 19
 2455150.71 2009 11 15  4 56   2455150.76 2009 11 15  6 10   2455150.81 2009 11 15  7 24
 2455152.33 2009 11 16 20  1   2455152.39 2009 11 16 21 15   2455152.44 2009 11 16 22 29
 2455153.96 2009 11 18 11  6   2455154.01 2009 11 18 12 20   2455154.07 2009 11 18 13 34
 2455155.59 2009 11 20  2 10   2455155.64 2009 11 20  3 25   2455155.69 2009 11 20  4 39
 2455157.22 2009 11 21 17 15   2455157.27 2009 11 21 18 30   2455157.32 2009 11 21 19 44
 2455158.85 2009 11 23  8 20   2455158.90 2009 11 23  9 34   2455158.95 2009 11 23 10 49
 2455160.48 2009 11 24 23 25   2455160.53 2009 11 25  0 39   2455160.58 2009 11 25  1 54
 2455162.10 2009 11 26 14 30   2455162.16 2009 11 26 15 44   2455162.21 2009 11 26 16 59
 2455163.73 2009 11 28  5 35   2455163.78 2009 11 28  6 49   2455163.84 2009 11 28  8  4
 2455165.36 2009 11 29 20 40   2455165.41 2009 11 29 21 54   2455165.46 2009 11 29 23  8
 2455166.99 2009 12  1 11 45   2455167.04 2009 12  1 12 59   2455167.09 2009 12  1 14 13
 2455168.62 2009 12  3  2 50   2455168.67 2009 12  3  4  4   2455168.72 2009 12  3  5 18
 2455170.25 2009 12  4 17 55   2455170.30 2009 12  4 19  9   2455170.35 2009 12  4 20 23
 2455171.88 2009 12  6  9  0   2455171.93 2009 12  6 10 14   2455171.98 2009 12  6 11 28
 2455173.50 2009 12  8  0  5   2455173.56 2009 12  8  1 19   2455173.61 2009 12  8  2 33
 2455175.13 2009 12  9 15 10   2455175.18 2009 12  9 16 24   2455175.24 2009 12  9 17 38
 2455176.76 2009 12 11  6 15   2455176.81 2009 12 11  7 29   2455176.86 2009 12 11  8 43
 2455178.39 2009 12 12 21 19   2455178.44 2009 12 12 22 34   2455178.49 2009 12 12 23 48
 2455180.02 2009 12 14 12 24   2455180.07 2009 12 14 13 39   2455180.12 2009 12 14 14 53
 2455181.65 2009 12 16  3 29   2455181.70 2009 12 16  4 44   2455181.75 2009 12 16  5 58
 2455183.27 2009 12 17 18 34   2455183.33 2009 12 17 19 49   2455183.38 2009 12 17 21  3
 2455184.90 2009 12 19  9 39   2455184.95 2009 12 19 10 54   2455185.01 2009 12 19 12  8
 2455186.53 2009 12 21  0 44   2455186.58 2009 12 21  1 58   2455186.63 2009 12 21  3 13
 2455188.16 2009 12 22 15 49   2455188.21 2009 12 22 17  3   2455188.26 2009 12 22 18 18
 2455189.79 2009 12 24  6 54   2455189.84 2009 12 24  8  8   2455189.89 2009 12 24  9 23
 2455191.42 2009 12 25 21 59   2455191.47 2009 12 25 23 13   2455191.52 2009 12 26  0 28
 2455193.04 2009 12 27 13  4   2455193.10 2009 12 27 14 18   2455193.15 2009 12 27 15 33
 2455194.67 2009 12 29  4  9   2455194.72 2009 12 29  5 23   2455194.78 2009 12 29  6 37
 2455196.30 2009 12 30 19 14   2455196.35 2009 12 30 20 28   2455196.40 2009 12 30 21 42
 2455197.93 2010  1  1 10 19   2455197.98 2010  1  1 11 33   2455198.03 2010  1  1 12 47
 2455199.56 2010  1  3  1 24   2455199.61 2010  1  3  2 38   2455199.66 2010  1  3  3 52
 2455201.19 2010  1  4 16 29   2455201.24 2010  1  4 17 43   2455201.29 2010  1  4 18 57
 2455202.82 2010  1  6  7 33   2455202.87 2010  1  6  8 48   2455202.92 2010  1  6 10  2
 2455204.44 2010  1  7 22 38   2455204.50 2010  1  7 23 53   2455204.55 2010  1  8  1  7
 2455206.07 2010  1  9 13 43   2455206.12 2010  1  9 14 58   2455206.18 2010  1  9 16 12
 2455207.70 2010  1 11  4 48   2455207.75 2010  1 11  6  3   2455207.80 2010  1 11  7 17
 2455209.33 2010  1 12 19 53   2455209.38 2010  1 12 21  8   2455209.43 2010  1 12 22 22
 2455210.96 2010  1 14 10 58   2455211.01 2010  1 14 12 13   2455211.06 2010  1 14 13 27
 2455212.59 2010  1 16  2  3   2455212.64 2010  1 16  3 17   2455212.69 2010  1 16  4 32
 2455214.21 2010  1 17 17  8   2455214.27 2010  1 17 18 22   2455214.32 2010  1 17 19 37
 2455215.84 2010  1 19  8 13   2455215.89 2010  1 19  9 27   2455215.95 2010  1 19 10 42
 2455217.47 2010  1 20 23 18   2455217.52 2010  1 21  0 32   2455217.57 2010  1 21  1 47
 2455219.10 2010  1 22 14 23   2455219.15 2010  1 22 15 37   2455219.20 2010  1 22 16 52
 2455220.73 2010  1 24  5 28   2455220.78 2010  1 24  6 42   2455220.83 2010  1 24  7 57
 2455222.36 2010  1 25 20 33   2455222.41 2010  1 25 21 47   2455222.46 2010  1 25 23  2
 2455223.98 2010  1 27 11 38   2455224.04 2010  1 27 12 52   2455224.09 2010  1 27 14  6
 2455225.61 2010  1 29  2 43   2455225.66 2010  1 29  3 57   2455225.72 2010  1 29  5 11
 2455227.24 2010  1 30 17 47   2455227.29 2010  1 30 19  2   2455227.35 2010  1 30 20 16
 2455228.87 2010  2  1  8 52   2455228.92 2010  2  1 10  7   2455228.97 2010  2  1 11 21
 2455230.50 2010  2  2 23 57   2455230.55 2010  2  3  1 12   2455230.60 2010  2  3  2 26
 2455232.13 2010  2  4 15  2   2455232.18 2010  2  4 16 17   2455232.23 2010  2  4 17 31
 2455233.76 2010  2  6  6  7   2455233.81 2010  2  6  7 22   2455233.86 2010  2  6  8 36
 2455235.38 2010  2  7 21 12   2455235.44 2010  2  7 22 27   2455235.49 2010  2  7 23 41
 2455237.01 2010  2  9 12 17   2455237.06 2010  2  9 13 32   2455237.12 2010  2  9 14 46
 2455238.64 2010  2 11  3 22   2455238.69 2010  2 11  4 36   2455238.74 2010  2 11  5 51
 2455240.27 2010  2 12 18 27   2455240.32 2010  2 12 19 41   2455240.37 2010  2 12 20 56
 2455241.90 2010  2 14  9 32   2455241.95 2010  2 14 10 46   2455242.00 2010  2 14 12  1
 2455243.53 2010  2 16  0 37   2455243.58 2010  2 16  1 51   2455243.63 2010  2 16  3  6
 2455245.15 2010  2 17 15 42   2455245.21 2010  2 17 16 56   2455245.26 2010  2 17 18 11
 2455246.78 2010  2 19  6 47   2455246.83 2010  2 19  8  1   2455246.89 2010  2 19  9 16
 2455248.41 2010  2 20 21 52   2455248.46 2010  2 20 23  6   2455248.51 2010  2 21  0 21
 2455250.04 2010  2 22 12 56   2455250.09 2010  2 22 14 11   2455250.14 2010  2 22 15 26
 2455251.67 2010  2 24  4  1   2455251.72 2010  2 24  5 16   2455251.77 2010  2 24  6 31
 2455253.30 2010  2 25 19  6   2455253.35 2010  2 25 20 21   2455253.40 2010  2 25 21 36
 2455254.92 2010  2 27 10 11   2455254.98 2010  2 27 11 26   2455255.03 2010  2 27 12 40
 2455256.55 2010  3  1  1 16   2455256.61 2010  3  1  2 31   2455256.66 2010  3  1  3 45
 2455258.18 2010  3  2 16 21   2455258.23 2010  3  2 17 36   2455258.29 2010  3  2 18 50
 2455259.81 2010  3  4  7 26   2455259.86 2010  3  4  8 41   2455259.91 2010  3  4  9 55
 2455261.44 2010  3  5 22 31   2455261.49 2010  3  5 23 46   2455261.54 2010  3  6  1  0
 2455263.07 2010  3  7 13 36   2455263.12 2010  3  7 14 51   2455263.17 2010  3  7 16  5
 2455264.70 2010  3  9  4 41   2455264.75 2010  3  9  5 55   2455264.80 2010  3  9  7 10
 2455266.32 2010  3 10 19 46   2455266.38 2010  3 10 21  0   2455266.43 2010  3 10 22 15
 2455267.95 2010  3 12 10 51   2455268.00 2010  3 12 12  5   2455268.06 2010  3 12 13 20
 2455269.58 2010  3 14  1 56   2455269.63 2010  3 14  3 10   2455269.68 2010  3 14  4 25
 2455271.21 2010  3 15 17  1   2455271.26 2010  3 15 18 15   2455271.31 2010  3 15 19 30
 2455272.84 2010  3 17  8  6   2455272.89 2010  3 17  9 20   2455272.94 2010  3 17 10 35
 2455274.47 2010  3 18 23 10   2455274.52 2010  3 19  0 25   2455274.57 2010  3 19  1 40
 2455276.09 2010  3 20 14 15   2455276.15 2010  3 20 15 30   2455276.20 2010  3 20 16 45
 2455277.72 2010  3 22  5 20   2455277.77 2010  3 22  6 35   2455277.83 2010  3 22  7 50
 2455279.35 2010  3 23 20 25   2455279.40 2010  3 23 21 40   2455279.45 2010  3 23 22 55
 2455280.98 2010  3 25 11 30   2455281.03 2010  3 25 12 45   2455281.08 2010  3 25 14  0
 2455282.61 2010  3 27  2 35   2455282.66 2010  3 27  3 50   2455282.71 2010  3 27  5  5
 2455284.24 2010  3 28 17 40   2455284.29 2010  3 28 18 55   2455284.34 2010  3 28 20  9
 2455285.86 2010  3 30  8 45   2455285.92 2010  3 30 10  0   2455285.97 2010  3 30 11 14
 2455287.49 2010  3 31 23 50   2455287.55 2010  4  1  1  5   2455287.60 2010  4  1  2 19
 2455289.12 2010  4  2 14 55   2455289.17 2010  4  2 16 10   2455289.23 2010  4  2 17 24
 2455290.75 2010  4  4  6  0   2455290.80 2010  4  4  7 15   2455290.85 2010  4  4  8 29
 2455292.38 2010  4  5 21  5   2455292.43 2010  4  5 22 19   2455292.48 2010  4  5 23 34
 2455294.01 2010  4  7 12 10   2455294.06 2010  4  7 13 24   2455294.11 2010  4  7 14 39
 2455295.64 2010  4  9  3 15   2455295.69 2010  4  9  4 29   2455295.74 2010  4  9  5 44
 2455297.26 2010  4 10 18 19   2455297.32 2010  4 10 19 34   2455297.37 2010  4 10 20 49
 2455298.89 2010  4 12  9 24   2455298.94 2010  4 12 10 39   2455299.00 2010  4 12 11 54
 2455300.52 2010  4 14  0 29   2455300.57 2010  4 14  1 44   2455300.62 2010  4 14  2 59
 2455302.15 2010  4 15 15 34   2455302.20 2010  4 15 16 49   2455302.25 2010  4 15 18  4
 2455303.78 2010  4 17  6 39   2455303.83 2010  4 17  7 54   2455303.88 2010  4 17  9  9
 2455305.41 2010  4 18 21 44   2455305.46 2010  4 18 22 59   2455305.51 2010  4 19  0 14
 2455307.03 2010  4 20 12 49   2455307.09 2010  4 20 14  4   2455307.14 2010  4 20 15 19
 2455308.66 2010  4 22  3 54   2455308.71 2010  4 22  5  9   2455308.77 2010  4 22  6 24
 2455310.29 2010  4 23 18 59   2455310.34 2010  4 23 20 14   2455310.40 2010  4 23 21 29
 2455311.92 2010  4 25 10  4   2455311.97 2010  4 25 11 19   2455312.02 2010  4 25 12 34
 2455313.55 2010  4 27  1  9   2455313.60 2010  4 27  2 24   2455313.65 2010  4 27  3 39
