 Predicted Transit Epochs: WASP-4___ b

Observed Transit Duration:  134.4 Minutes

 Begin Transit Window           PREDICTED CENTRAL TRANSIT     End Transit Window
                                     All Times UT

                               HJD        Year M  D  H  M
 2454463.56 2007 12 29  1 23   2454463.61 2007 12 29  2 31   2454463.65 2007 12 29  3 39
 2454464.90 2007 12 30  9 30   2454464.94 2007 12 30 10 38   2454464.99 2007 12 30 11 46
 2454466.23 2007 12 31 17 37   2454466.28 2007 12 31 18 45   2454466.33 2007 12 31 19 53
 2454467.57 2008  1  2  1 45   2454467.62 2008  1  2  2 52   2454467.67 2008  1  2  4  0
 2454468.91 2008  1  3  9 52   2454468.96 2008  1  3 10 59   2454469.01 2008  1  3 12  7
 2454470.25 2008  1  4 17 59   2454470.30 2008  1  4 19  6   2454470.34 2008  1  4 20 14
 2454471.59 2008  1  6  2  6   2454471.63 2008  1  6  3 14   2454471.68 2008  1  6  4 21
 2454472.93 2008  1  7 10 13   2454472.97 2008  1  7 11 21   2454473.02 2008  1  7 12 28
 2454474.26 2008  1  8 18 20   2454474.31 2008  1  8 19 28   2454474.36 2008  1  8 20 36
 2454475.60 2008  1 10  2 27   2454475.65 2008  1 10  3 35   2454475.70 2008  1 10  4 43
 2454476.94 2008  1 11 10 34   2454476.99 2008  1 11 11 42   2454477.03 2008  1 11 12 50
 2454478.28 2008  1 12 18 41   2454478.33 2008  1 12 19 49   2454478.37 2008  1 12 20 57
 2454479.62 2008  1 14  2 48   2454479.66 2008  1 14  3 56   2454479.71 2008  1 14  5  4
 2454480.96 2008  1 15 10 55   2454481.00 2008  1 15 12  3   2454481.05 2008  1 15 13 11
 2454482.29 2008  1 16 19  2   2454482.34 2008  1 16 20 10   2454482.39 2008  1 16 21 18
 2454483.63 2008  1 18  3  9   2454483.68 2008  1 18  4 17   2454483.73 2008  1 18  5 25
 2454484.97 2008  1 19 11 16   2454485.02 2008  1 19 12 24   2454485.06 2008  1 19 13 32
 2454486.31 2008  1 20 19 23   2454486.36 2008  1 20 20 31   2454486.40 2008  1 20 21 39
 2454487.65 2008  1 22  3 30   2454487.69 2008  1 22  4 38   2454487.74 2008  1 22  5 46
 2454488.98 2008  1 23 11 37   2454489.03 2008  1 23 12 45   2454489.08 2008  1 23 13 53
 2454490.32 2008  1 24 19 44   2454490.37 2008  1 24 20 52   2454490.42 2008  1 24 22  0
 2454491.66 2008  1 26  3 51   2454491.71 2008  1 26  4 59   2454491.76 2008  1 26  6  7
 2454493.00 2008  1 27 11 58   2454493.05 2008  1 27 13  6   2454493.09 2008  1 27 14 14
 2454494.34 2008  1 28 20  5   2454494.38 2008  1 28 21 13   2454494.43 2008  1 28 22 21
 2454495.68 2008  1 30  4 12   2454495.72 2008  1 30  5 20   2454495.77 2008  1 30  6 28
 2454497.01 2008  1 31 12 19   2454497.06 2008  1 31 13 27   2454497.11 2008  1 31 14 35
 2454498.35 2008  2  1 20 27   2454498.40 2008  2  1 21 34   2454498.45 2008  2  1 22 42
 2454499.69 2008  2  3  4 34   2454499.74 2008  2  3  5 42   2454499.78 2008  2  3  6 49
 2454501.03 2008  2  4 12 41   2454501.08 2008  2  4 13 49   2454501.12 2008  2  4 14 57
 2454502.37 2008  2  5 20 48   2454502.41 2008  2  5 21 56   2454502.46 2008  2  5 23  4
 2454503.70 2008  2  7  4 55   2454503.75 2008  2  7  6  3   2454503.80 2008  2  7  7 11
 2454505.04 2008  2  8 13  2   2454505.09 2008  2  8 14 10   2454505.14 2008  2  8 15 18
 2454506.38 2008  2  9 21  9   2454506.43 2008  2  9 22 17   2454506.48 2008  2  9 23 25
 2454507.72 2008  2 11  5 16   2454507.77 2008  2 11  6 24   2454507.81 2008  2 11  7 32
 2454509.06 2008  2 12 13 23   2454509.11 2008  2 12 14 31   2454509.15 2008  2 12 15 39
 2454510.40 2008  2 13 21 30   2454510.44 2008  2 13 22 38   2454510.49 2008  2 13 23 46
 2454511.73 2008  2 15  5 37   2454511.78 2008  2 15  6 45   2454511.83 2008  2 15  7 53
 2454513.07 2008  2 16 13 44   2454513.12 2008  2 16 14 52   2454513.17 2008  2 16 16  0
 2454514.41 2008  2 17 21 51   2454514.46 2008  2 17 22 59   2454514.51 2008  2 18  0  7
 2454515.75 2008  2 19  5 58   2454515.80 2008  2 19  7  6   2454515.84 2008  2 19  8 14
 2454517.09 2008  2 20 14  5   2454517.13 2008  2 20 15 13   2454517.18 2008  2 20 16 21
 2454518.43 2008  2 21 22 12   2454518.47 2008  2 21 23 20   2454518.52 2008  2 22  0 28
 2454519.76 2008  2 23  6 19   2454519.81 2008  2 23  7 27   2454519.86 2008  2 23  8 35
 2454521.10 2008  2 24 14 26   2454521.15 2008  2 24 15 34   2454521.20 2008  2 24 16 42
 2454522.44 2008  2 25 22 33   2454522.49 2008  2 25 23 41   2454522.53 2008  2 26  0 49
 2454523.78 2008  2 27  6 40   2454523.83 2008  2 27  7 48   2454523.87 2008  2 27  8 56
 2454525.12 2008  2 28 14 47   2454525.16 2008  2 28 15 55   2454525.21 2008  2 28 17  3
 2454526.45 2008  2 29 22 54   2454526.50 2008  3  1  0  2   2454526.55 2008  3  1  1 11
 2454527.79 2008  3  2  7  1   2454527.84 2008  3  2  8 10   2454527.89 2008  3  2  9 18
 2454529.13 2008  3  3 15  9   2454529.18 2008  3  3 16 17   2454529.23 2008  3  3 17 25
 2454530.47 2008  3  4 23 16   2454530.52 2008  3  5  0 24   2454530.56 2008  3  5  1 32
 2454531.81 2008  3  6  7 23   2454531.85 2008  3  6  8 31   2454531.90 2008  3  6  9 39
 2454533.15 2008  3  7 15 30   2454533.19 2008  3  7 16 38   2454533.24 2008  3  7 17 46
 2454534.48 2008  3  8 23 37   2454534.53 2008  3  9  0 45   2454534.58 2008  3  9  1 53
 2454535.82 2008  3 10  7 44   2454535.87 2008  3 10  8 52   2454535.92 2008  3 10 10  0
 2454537.16 2008  3 11 15 51   2454537.21 2008  3 11 16 59   2454537.26 2008  3 11 18  7
 2454538.50 2008  3 12 23 58   2454538.55 2008  3 13  1  6   2454538.59 2008  3 13  2 14
 2454539.84 2008  3 14  8  5   2454539.88 2008  3 14  9 13   2454539.93 2008  3 14 10 21
 2454541.18 2008  3 15 16 12   2454541.22 2008  3 15 17 20   2454541.27 2008  3 15 18 28
 2454542.51 2008  3 17  0 19   2454542.56 2008  3 17  1 27   2454542.61 2008  3 17  2 35
 2454543.85 2008  3 18  8 26   2454543.90 2008  3 18  9 34   2454543.95 2008  3 18 10 42
 2454545.19 2008  3 19 16 33   2454545.24 2008  3 19 17 41   2454545.28 2008  3 19 18 49
 2454546.53 2008  3 21  0 40   2454546.58 2008  3 21  1 48   2454546.62 2008  3 21  2 56
 2454547.87 2008  3 22  8 47   2454547.91 2008  3 22  9 55   2454547.96 2008  3 22 11  3
 2454549.20 2008  3 23 16 54   2454549.25 2008  3 23 18  2   2454549.30 2008  3 23 19 10
 2454550.54 2008  3 25  1  1   2454550.59 2008  3 25  2  9   2454550.64 2008  3 25  3 17
 2454551.88 2008  3 26  9  8   2454551.93 2008  3 26 10 16   2454551.98 2008  3 26 11 25
 2454553.22 2008  3 27 17 15   2454553.27 2008  3 27 18 23   2454553.31 2008  3 27 19 32
 2454554.56 2008  3 29  1 22   2454554.60 2008  3 29  2 30   2454554.65 2008  3 29  3 39
 2454555.90 2008  3 30  9 29   2454555.94 2008  3 30 10 38   2454555.99 2008  3 30 11 46
 2454557.23 2008  3 31 17 36   2454557.28 2008  3 31 18 45   2454557.33 2008  3 31 19 53
 2454558.57 2008  4  2  1 43   2454558.62 2008  4  2  2 52   2454558.67 2008  4  2  4  0
 2454559.91 2008  4  3  9 51   2454559.96 2008  4  3 10 59   2454560.01 2008  4  3 12  7
 2454561.25 2008  4  4 17 58   2454561.30 2008  4  4 19  6   2454561.34 2008  4  4 20 14
 2454562.59 2008  4  6  2  5   2454562.63 2008  4  6  3 13   2454562.68 2008  4  6  4 21
 2454563.93 2008  4  7 10 12   2454563.97 2008  4  7 11 20   2454564.02 2008  4  7 12 28
 2454565.26 2008  4  8 18 19   2454565.31 2008  4  8 19 27   2454565.36 2008  4  8 20 35
 2454566.60 2008  4 10  2 26   2454566.65 2008  4 10  3 34   2454566.70 2008  4 10  4 42
 2454567.94 2008  4 11 10 33   2454567.99 2008  4 11 11 41   2454568.03 2008  4 11 12 49
 2454569.28 2008  4 12 18 40   2454569.33 2008  4 12 19 48   2454569.37 2008  4 12 20 56
 2454570.62 2008  4 14  2 47   2454570.66 2008  4 14  3 55   2454570.71 2008  4 14  5  3
 2454571.95 2008  4 15 10 54   2454572.00 2008  4 15 12  2   2454572.05 2008  4 15 13 10
 2454573.29 2008  4 16 19  1   2454573.34 2008  4 16 20  9   2454573.39 2008  4 16 21 17
 2454574.63 2008  4 18  3  8   2454574.68 2008  4 18  4 16   2454574.73 2008  4 18  5 24
 2454575.97 2008  4 19 11 15   2454576.02 2008  4 19 12 23   2454576.06 2008  4 19 13 31
 2454577.31 2008  4 20 19 22   2454577.35 2008  4 20 20 30   2454577.40 2008  4 20 21 39
 2454578.65 2008  4 22  3 29   2454578.69 2008  4 22  4 37   2454578.74 2008  4 22  5 46
 2454579.98 2008  4 23 11 36   2454580.03 2008  4 23 12 44   2454580.08 2008  4 23 13 53
 2454581.32 2008  4 24 19 43   2454581.37 2008  4 24 20 51   2454581.42 2008  4 24 22  0
 2454582.66 2008  4 26  3 50   2454582.71 2008  4 26  4 58   2454582.76 2008  4 26  6  7
 2454584.00 2008  4 27 11 57   2454584.05 2008  4 27 13  6   2454584.09 2008  4 27 14 14
 2454585.34 2008  4 28 20  4   2454585.38 2008  4 28 21 13   2454585.43 2008  4 28 22 21
 2454586.67 2008  4 30  4 11   2454586.72 2008  4 30  5 20   2454586.77 2008  4 30  6 28
 2454588.01 2008  5  1 12 18   2454588.06 2008  5  1 13 27   2454588.11 2008  5  1 14 35
 2454589.35 2008  5  2 20 25   2454589.40 2008  5  2 21 34   2454589.45 2008  5  2 22 42
 2454590.69 2008  5  4  4 33   2454590.74 2008  5  4  5 41   2454590.78 2008  5  4  6 49
 2454592.03 2008  5  5 12 40   2454592.08 2008  5  5 13 48   2454592.12 2008  5  5 14 56
 2454593.37 2008  5  6 20 47   2454593.41 2008  5  6 21 55   2454593.46 2008  5  6 23  3
 2454594.70 2008  5  8  4 54   2454594.75 2008  5  8  6  2   2454594.80 2008  5  8  7 10
 2454596.04 2008  5  9 13  1   2454596.09 2008  5  9 14  9   2454596.14 2008  5  9 15 17
 2454597.38 2008  5 10 21  8   2454597.43 2008  5 10 22 16   2454597.48 2008  5 10 23 24
 2454598.72 2008  5 12  5 15   2454598.77 2008  5 12  6 23   2454598.81 2008  5 12  7 31
 2454600.06 2008  5 13 13 22   2454600.10 2008  5 13 14 30   2454600.15 2008  5 13 15 38
 2454601.40 2008  5 14 21 29   2454601.44 2008  5 14 22 37   2454601.49 2008  5 14 23 45
 2454602.73 2008  5 16  5 36   2454602.78 2008  5 16  6 44   2454602.83 2008  5 16  7 53
 2454604.07 2008  5 17 13 43   2454604.12 2008  5 17 14 51   2454604.17 2008  5 17 16  0
 2454605.41 2008  5 18 21 50   2454605.46 2008  5 18 22 58   2454605.50 2008  5 19  0  7
 2454606.75 2008  5 20  5 57   2454606.80 2008  5 20  7  5   2454606.84 2008  5 20  8 14
 2454608.09 2008  5 21 14  4   2454608.13 2008  5 21 15 12   2454608.18 2008  5 21 16 21
 2454609.42 2008  5 22 22 11   2454609.47 2008  5 22 23 19   2454609.52 2008  5 23  0 28
 2454610.76 2008  5 24  6 18   2454610.81 2008  5 24  7 27   2454610.86 2008  5 24  8 35
 2454612.10 2008  5 25 14 25   2454612.15 2008  5 25 15 34   2454612.20 2008  5 25 16 42
 2454613.44 2008  5 26 22 32   2454613.49 2008  5 26 23 41   2454613.53 2008  5 27  0 49
 2454614.78 2008  5 28  6 39   2454614.83 2008  5 28  7 48   2454614.87 2008  5 28  8 56
 2454616.12 2008  5 29 14 46   2454616.16 2008  5 29 15 55   2454616.21 2008  5 29 17  3
 2454617.45 2008  5 30 22 53   2454617.50 2008  5 31  0  2   2454617.55 2008  5 31  1 10
 2454618.79 2008  6  1  7  0   2454618.84 2008  6  1  8  9   2454618.89 2008  6  1  9 17
 2454620.13 2008  6  2 15  7   2454620.18 2008  6  2 16 16   2454620.23 2008  6  2 17 24
 2454621.47 2008  6  3 23 15   2454621.52 2008  6  4  0 23   2454621.56 2008  6  4  1 31
 2454622.81 2008  6  5  7 22   2454622.85 2008  6  5  8 30   2454622.90 2008  6  5  9 38
 2454624.15 2008  6  6 15 29   2454624.19 2008  6  6 16 37   2454624.24 2008  6  6 17 45
 2454625.48 2008  6  7 23 36   2454625.53 2008  6  8  0 44   2454625.58 2008  6  8  1 52
 2454626.82 2008  6  9  7 43   2454626.87 2008  6  9  8 51   2454626.92 2008  6  9  9 59
 2454628.16 2008  6 10 15 50   2454628.21 2008  6 10 16 58   2454628.25 2008  6 10 18  7
 2454629.50 2008  6 11 23 57   2454629.55 2008  6 12  1  5   2454629.59 2008  6 12  2 14
 2454630.84 2008  6 13  8  4   2454630.88 2008  6 13  9 12   2454630.93 2008  6 13 10 21
 2454632.17 2008  6 14 16 11   2454632.22 2008  6 14 17 19   2454632.27 2008  6 14 18 28
 2454633.51 2008  6 16  0 18   2454633.56 2008  6 16  1 26   2454633.61 2008  6 16  2 35
 2454634.85 2008  6 17  8 25   2454634.90 2008  6 17  9 33   2454634.95 2008  6 17 10 42
 2454636.19 2008  6 18 16 32   2454636.24 2008  6 18 17 40   2454636.28 2008  6 18 18 49
 2454637.53 2008  6 20  0 39   2454637.57 2008  6 20  1 47   2454637.62 2008  6 20  2 56
 2454638.87 2008  6 21  8 46   2454638.91 2008  6 21  9 55   2454638.96 2008  6 21 11  3
 2454640.20 2008  6 22 16 53   2454640.25 2008  6 22 18  2   2454640.30 2008  6 22 19 10
 2454641.54 2008  6 24  1  0   2454641.59 2008  6 24  2  9   2454641.64 2008  6 24  3 17
 2454642.88 2008  6 25  9  7   2454642.93 2008  6 25 10 16   2454642.98 2008  6 25 11 24
 2454644.22 2008  6 26 17 14   2454644.27 2008  6 26 18 23   2454644.31 2008  6 26 19 31
 2454645.56 2008  6 28  1 21   2454645.60 2008  6 28  2 30   2454645.65 2008  6 28  3 38
 2454646.90 2008  6 29  9 28   2454646.94 2008  6 29 10 37   2454646.99 2008  6 29 11 45
 2454648.23 2008  6 30 17 35   2454648.28 2008  6 30 18 44   2454648.33 2008  6 30 19 52
 2454649.57 2008  7  2  1 42   2454649.62 2008  7  2  2 51   2454649.67 2008  7  2  3 59
 2454650.91 2008  7  3  9 49   2454650.96 2008  7  3 10 58   2454651.00 2008  7  3 12  6
 2454652.25 2008  7  4 17 57   2454652.30 2008  7  4 19  5   2454652.34 2008  7  4 20 13
 2454653.59 2008  7  6  2  4   2454653.63 2008  7  6  3 12   2454653.68 2008  7  6  4 21
 2454654.92 2008  7  7 10 11   2454654.97 2008  7  7 11 19   2454655.02 2008  7  7 12 28
 2454656.26 2008  7  8 18 18   2454656.31 2008  7  8 19 26   2454656.36 2008  7  8 20 35
 2454657.60 2008  7 10  2 25   2454657.65 2008  7 10  3 33   2454657.70 2008  7 10  4 42
 2454658.94 2008  7 11 10 32   2454658.99 2008  7 11 11 40   2454659.03 2008  7 11 12 49
 2454660.28 2008  7 12 18 39   2454660.32 2008  7 12 19 47   2454660.37 2008  7 12 20 56
 2454661.62 2008  7 14  2 46   2454661.66 2008  7 14  3 54   2454661.71 2008  7 14  5  3
 2454662.95 2008  7 15 10 53   2454663.00 2008  7 15 12  1   2454663.05 2008  7 15 13 10
 2454664.29 2008  7 16 19  0   2454664.34 2008  7 16 20  8   2454664.39 2008  7 16 21 17
 2454665.63 2008  7 18  3  7   2454665.68 2008  7 18  4 15   2454665.73 2008  7 18  5 24
 2454666.97 2008  7 19 11 14   2454667.02 2008  7 19 12 23   2454667.06 2008  7 19 13 31
 2454668.31 2008  7 20 19 21   2454668.35 2008  7 20 20 30   2454668.40 2008  7 20 21 38
 2454669.64 2008  7 22  3 28   2454669.69 2008  7 22  4 37   2454669.74 2008  7 22  5 45
 2454670.98 2008  7 23 11 35   2454671.03 2008  7 23 12 44   2454671.08 2008  7 23 13 52
 2454672.32 2008  7 24 19 42   2454672.37 2008  7 24 20 51   2454672.42 2008  7 24 21 59
 2454673.66 2008  7 26  3 49   2454673.71 2008  7 26  4 58   2454673.75 2008  7 26  6  6
 2454675.00 2008  7 27 11 56   2454675.05 2008  7 27 13  5   2454675.09 2008  7 27 14 13
 2454676.34 2008  7 28 20  3   2454676.38 2008  7 28 21 12   2454676.43 2008  7 28 22 20
 2454677.67 2008  7 30  4 10   2454677.72 2008  7 30  5 19   2454677.77 2008  7 30  6 27
 2454679.01 2008  7 31 12 17   2454679.06 2008  7 31 13 26   2454679.11 2008  7 31 14 34
 2454680.35 2008  8  1 20 24   2454680.40 2008  8  1 21 33   2454680.45 2008  8  1 22 42
 2454681.69 2008  8  3  4 31   2454681.74 2008  8  3  5 40   2454681.78 2008  8  3  6 49
 2454683.03 2008  8  4 12 39   2454683.07 2008  8  4 13 47   2454683.12 2008  8  4 14 56
 2454684.37 2008  8  5 20 46   2454684.41 2008  8  5 21 54   2454684.46 2008  8  5 23  3
 2454685.70 2008  8  7  4 53   2454685.75 2008  8  7  6  1   2454685.80 2008  8  7  7 10
 2454687.04 2008  8  8 13  0   2454687.09 2008  8  8 14  8   2454687.14 2008  8  8 15 17
 2454688.38 2008  8  9 21  7   2454688.43 2008  8  9 22 15   2454688.48 2008  8  9 23 24
 2454689.72 2008  8 11  5 14   2454689.77 2008  8 11  6 22   2454689.81 2008  8 11  7 31
 2454691.06 2008  8 12 13 21   2454691.10 2008  8 12 14 29   2454691.15 2008  8 12 15 38
 2454692.39 2008  8 13 21 28   2454692.44 2008  8 13 22 36   2454692.49 2008  8 13 23 45
 2454693.73 2008  8 15  5 35   2454693.78 2008  8 15  6 43   2454693.83 2008  8 15  7 52
 2454695.07 2008  8 16 13 42   2454695.12 2008  8 16 14 51   2454695.17 2008  8 16 15 59
 2454696.41 2008  8 17 21 49   2454696.46 2008  8 17 22 58   2454696.50 2008  8 18  0  6
 2454697.75 2008  8 19  5 56   2454697.80 2008  8 19  7  5   2454697.84 2008  8 19  8 13
 2454699.09 2008  8 20 14  3   2454699.13 2008  8 20 15 12   2454699.18 2008  8 20 16 20
 2454700.42 2008  8 21 22 10   2454700.47 2008  8 21 23 19   2454700.52 2008  8 22  0 27
 2454701.76 2008  8 23  6 17   2454701.81 2008  8 23  7 26   2454701.86 2008  8 23  8 34
 2454703.10 2008  8 24 14 24   2454703.15 2008  8 24 15 33   2454703.20 2008  8 24 16 41
 2454704.44 2008  8 25 22 31   2454704.49 2008  8 25 23 40   2454704.53 2008  8 26  0 48
 2454705.78 2008  8 27  6 38   2454705.82 2008  8 27  7 47   2454705.87 2008  8 27  8 56
 2454707.12 2008  8 28 14 45   2454707.16 2008  8 28 15 54   2454707.21 2008  8 28 17  3
 2454708.45 2008  8 29 22 52   2454708.50 2008  8 30  0  1   2454708.55 2008  8 30  1 10
 2454709.79 2008  8 31  6 59   2454709.84 2008  8 31  8  8   2454709.89 2008  8 31  9 17
 2454711.13 2008  9  1 15  6   2454711.18 2008  9  1 16 15   2454711.23 2008  9  1 17 24
 2454712.47 2008  9  2 23 13   2454712.52 2008  9  3  0 22   2454712.56 2008  9  3  1 31
 2454713.81 2008  9  4  7 21   2454713.85 2008  9  4  8 29   2454713.90 2008  9  4  9 38
 2454715.14 2008  9  5 15 28   2454715.19 2008  9  5 16 36   2454715.24 2008  9  5 17 45
 2454716.48 2008  9  6 23 35   2454716.53 2008  9  7  0 43   2454716.58 2008  9  7  1 52
 2454717.82 2008  9  8  7 42   2454717.87 2008  9  8  8 50   2454717.92 2008  9  8  9 59
 2454719.16 2008  9  9 15 49   2454719.21 2008  9  9 16 57   2454719.25 2008  9  9 18  6
 2454720.50 2008  9 10 23 56   2454720.55 2008  9 11  1  4   2454720.59 2008  9 11  2 13
 2454721.84 2008  9 12  8  3   2454721.88 2008  9 12  9 11   2454721.93 2008  9 12 10 20
 2454723.17 2008  9 13 16 10   2454723.22 2008  9 13 17 19   2454723.27 2008  9 13 18 27
 2454724.51 2008  9 15  0 17   2454724.56 2008  9 15  1 26   2454724.61 2008  9 15  2 34
 2454725.85 2008  9 16  8 24   2454725.90 2008  9 16  9 33   2454725.95 2008  9 16 10 41
 2454727.19 2008  9 17 16 31   2454727.24 2008  9 17 17 40   2454727.28 2008  9 17 18 48
 2454728.53 2008  9 19  0 38   2454728.57 2008  9 19  1 47   2454728.62 2008  9 19  2 55
 2454729.86 2008  9 20  8 45   2454729.91 2008  9 20  9 54   2454729.96 2008  9 20 11  2
 2454731.20 2008  9 21 16 52   2454731.25 2008  9 21 18  1   2454731.30 2008  9 21 19 10
 2454732.54 2008  9 23  0 59   2454732.59 2008  9 23  2  8   2454732.64 2008  9 23  3 17
 2454733.88 2008  9 24  9  6   2454733.93 2008  9 24 10 15   2454733.98 2008  9 24 11 24
 2454735.22 2008  9 25 17 13   2454735.27 2008  9 25 18 22   2454735.31 2008  9 25 19 31
 2454736.56 2008  9 27  1 20   2454736.60 2008  9 27  2 29   2454736.65 2008  9 27  3 38
 2454737.89 2008  9 28  9 27   2454737.94 2008  9 28 10 36   2454737.99 2008  9 28 11 45
 2454739.23 2008  9 29 17 34   2454739.28 2008  9 29 18 43   2454739.33 2008  9 29 19 52
 2454740.57 2008 10  1  1 41   2454740.62 2008 10  1  2 50   2454740.67 2008 10  1  3 59
 2454741.91 2008 10  2  9 48   2454741.96 2008 10  2 10 57   2454742.00 2008 10  2 12  6
 2454743.25 2008 10  3 17 55   2454743.29 2008 10  3 19  4   2454743.34 2008 10  3 20 13
 2454744.59 2008 10  5  2  3   2454744.63 2008 10  5  3 11   2454744.68 2008 10  5  4 20
 2454745.92 2008 10  6 10 10   2454745.97 2008 10  6 11 18   2454746.02 2008 10  6 12 27
 2454747.26 2008 10  7 18 17   2454747.31 2008 10  7 19 25   2454747.36 2008 10  7 20 34
 2454748.60 2008 10  9  2 24   2454748.65 2008 10  9  3 32   2454748.70 2008 10  9  4 41
 2454749.94 2008 10 10 10 31   2454749.99 2008 10 10 11 39   2454750.03 2008 10 10 12 48
 2454751.28 2008 10 11 18 38   2454751.32 2008 10 11 19 47   2454751.37 2008 10 11 20 55
 2454752.61 2008 10 13  2 45   2454752.66 2008 10 13  3 54   2454752.71 2008 10 13  5  2
 2454753.95 2008 10 14 10 52   2454754.00 2008 10 14 12  1   2454754.05 2008 10 14 13  9
 2454755.29 2008 10 15 18 59   2454755.34 2008 10 15 20  8   2454755.39 2008 10 15 21 16
 2454756.63 2008 10 17  3  6   2454756.68 2008 10 17  4 15   2454756.73 2008 10 17  5 24
 2454757.97 2008 10 18 11 13   2454758.02 2008 10 18 12 22   2454758.06 2008 10 18 13 31
 2454759.31 2008 10 19 19 20   2454759.35 2008 10 19 20 29   2454759.40 2008 10 19 21 38
 2454760.64 2008 10 21  3 27   2454760.69 2008 10 21  4 36   2454760.74 2008 10 21  5 45
 2454761.98 2008 10 22 11 34   2454762.03 2008 10 22 12 43   2454762.08 2008 10 22 13 52
 2454763.32 2008 10 23 19 41   2454763.37 2008 10 23 20 50   2454763.42 2008 10 23 21 59
 2454764.66 2008 10 25  3 48   2454764.71 2008 10 25  4 57   2454764.75 2008 10 25  6  6
 2454766.00 2008 10 26 11 55   2454766.04 2008 10 26 13  4   2454766.09 2008 10 26 14 13
 2454767.34 2008 10 27 20  2   2454767.38 2008 10 27 21 11   2454767.43 2008 10 27 22 20
 2454768.67 2008 10 29  4  9   2454768.72 2008 10 29  5 18   2454768.77 2008 10 29  6 27
 2454770.01 2008 10 30 12 16   2454770.06 2008 10 30 13 25   2454770.11 2008 10 30 14 34
 2454771.35 2008 10 31 20 23   2454771.40 2008 10 31 21 32   2454771.45 2008 10 31 22 41
 2454772.69 2008 11  2  4 30   2454772.74 2008 11  2  5 39   2454772.78 2008 11  2  6 48
 2454774.03 2008 11  3 12 37   2454774.07 2008 11  3 13 46   2454774.12 2008 11  3 14 55
 2454775.36 2008 11  4 20 45   2454775.41 2008 11  4 21 53   2454775.46 2008 11  4 23  2
 2454776.70 2008 11  6  4 52   2454776.75 2008 11  6  6  0   2454776.80 2008 11  6  7  9
 2454778.04 2008 11  7 12 59   2454778.09 2008 11  7 14  7   2454778.14 2008 11  7 15 16
 2454779.38 2008 11  8 21  6   2454779.43 2008 11  8 22 15   2454779.47 2008 11  8 23 23
 2454780.72 2008 11 10  5 13   2454780.77 2008 11 10  6 22   2454780.81 2008 11 10  7 30
 2454782.06 2008 11 11 13 20   2454782.10 2008 11 11 14 29   2454782.15 2008 11 11 15 38
 2454783.39 2008 11 12 21 27   2454783.44 2008 11 12 22 36   2454783.49 2008 11 12 23 45
 2454784.73 2008 11 14  5 34   2454784.78 2008 11 14  6 43   2454784.83 2008 11 14  7 52
 2454786.07 2008 11 15 13 41   2454786.12 2008 11 15 14 50   2454786.17 2008 11 15 15 59
 2454787.41 2008 11 16 21 48   2454787.46 2008 11 16 22 57   2454787.50 2008 11 17  0  6
 2454788.75 2008 11 18  5 55   2454788.79 2008 11 18  7  4   2454788.84 2008 11 18  8 13
 2454790.09 2008 11 19 14  2   2454790.13 2008 11 19 15 11   2454790.18 2008 11 19 16 20
 2454791.42 2008 11 20 22  9   2454791.47 2008 11 20 23 18   2454791.52 2008 11 21  0 27
 2454792.76 2008 11 22  6 16   2454792.81 2008 11 22  7 25   2454792.86 2008 11 22  8 34
 2454794.10 2008 11 23 14 23   2454794.15 2008 11 23 15 32   2454794.20 2008 11 23 16 41
 2454795.44 2008 11 24 22 30   2454795.49 2008 11 24 23 39   2454795.53 2008 11 25  0 48
 2454796.78 2008 11 26  6 37   2454796.82 2008 11 26  7 46   2454796.87 2008 11 26  8 55
 2454798.11 2008 11 27 14 44   2454798.16 2008 11 27 15 53   2454798.21 2008 11 27 17  2
 2454799.45 2008 11 28 22 51   2454799.50 2008 11 29  0  0   2454799.55 2008 11 29  1  9
 2454800.79 2008 11 30  6 58   2454800.84 2008 11 30  8  7   2454800.89 2008 11 30  9 16
 2454802.13 2008 12  1 15  5   2454802.18 2008 12  1 16 14   2454802.22 2008 12  1 17 23
 2454803.47 2008 12  2 23 12   2454803.52 2008 12  3  0 21   2454803.56 2008 12  3  1 30
 2454804.81 2008 12  4  7 19   2454804.85 2008 12  4  8 28   2454804.90 2008 12  4  9 37
 2454806.14 2008 12  5 15 27   2454806.19 2008 12  5 16 35   2454806.24 2008 12  5 17 44
 2454807.48 2008 12  6 23 34   2454807.53 2008 12  7  0 43   2454807.58 2008 12  7  1 52
 2454808.82 2008 12  8  7 41   2454808.87 2008 12  8  8 50   2454808.92 2008 12  8  9 59
 2454810.16 2008 12  9 15 48   2454810.21 2008 12  9 16 57   2454810.25 2008 12  9 18  6
 2454811.50 2008 12 10 23 55   2454811.54 2008 12 11  1  4   2454811.59 2008 12 11  2 13
 2454812.83 2008 12 12  8  2   2454812.88 2008 12 12  9 11   2454812.93 2008 12 12 10 20
 2454814.17 2008 12 13 16  9   2454814.22 2008 12 13 17 18   2454814.27 2008 12 13 18 27
 2454815.51 2008 12 15  0 16   2454815.56 2008 12 15  1 25   2454815.61 2008 12 15  2 34
 2454816.85 2008 12 16  8 23   2454816.90 2008 12 16  9 32   2454816.95 2008 12 16 10 41
 2454818.19 2008 12 17 16 30   2454818.24 2008 12 17 17 39   2454818.28 2008 12 17 18 48
 2454819.53 2008 12 19  0 37   2454819.57 2008 12 19  1 46   2454819.62 2008 12 19  2 55
 2454820.86 2008 12 20  8 44   2454820.91 2008 12 20  9 53   2454820.96 2008 12 20 11  2
 2454822.20 2008 12 21 16 51   2454822.25 2008 12 21 18  0   2454822.30 2008 12 21 19  9
 2454823.54 2008 12 23  0 58   2454823.59 2008 12 23  2  7   2454823.64 2008 12 23  3 16
 2454824.88 2008 12 24  9  5   2454824.93 2008 12 24 10 14   2454824.97 2008 12 24 11 23
 2454826.22 2008 12 25 17 12   2454826.27 2008 12 25 18 21   2454826.31 2008 12 25 19 30
 2454827.56 2008 12 27  1 19   2454827.60 2008 12 27  2 28   2454827.65 2008 12 27  3 37
 2454828.89 2008 12 28  9 26   2454828.94 2008 12 28 10 35   2454828.99 2008 12 28 11 44
 2454830.23 2008 12 29 17 33   2454830.28 2008 12 29 18 42   2454830.33 2008 12 29 19 51
 2454831.57 2008 12 31  1 40   2454831.62 2008 12 31  2 49   2454831.67 2008 12 31  3 58
 2454832.91 2009  1  1  9 47   2454832.96 2009  1  1 10 56   2454833.00 2009  1  1 12  5
 2454834.25 2009  1  2 17 54   2454834.29 2009  1  2 19  4   2454834.34 2009  1  2 20 13
 2454835.58 2009  1  4  2  1   2454835.63 2009  1  4  3 11   2454835.68 2009  1  4  4 20
 2454836.92 2009  1  5 10  9   2454836.97 2009  1  5 11 18   2454837.02 2009  1  5 12 27
 2454838.26 2009  1  6 18 16   2454838.31 2009  1  6 19 25   2454838.36 2009  1  6 20 34
 2454839.60 2009  1  8  2 23   2454839.65 2009  1  8  3 32   2454839.70 2009  1  8  4 41
 2454840.94 2009  1  9 10 30   2454840.99 2009  1  9 11 39   2454841.03 2009  1  9 12 48
 2454842.28 2009  1 10 18 37   2454842.32 2009  1 10 19 46   2454842.37 2009  1 10 20 55
 2454843.61 2009  1 12  2 44   2454843.66 2009  1 12  3 53   2454843.71 2009  1 12  5  2
 2454844.95 2009  1 13 10 51   2454845.00 2009  1 13 12  0   2454845.05 2009  1 13 13  9
 2454846.29 2009  1 14 18 58   2454846.34 2009  1 14 20  7   2454846.39 2009  1 14 21 16
 2454847.63 2009  1 16  3  5   2454847.68 2009  1 16  4 14   2454847.72 2009  1 16  5 23
 2454848.97 2009  1 17 11 12   2454849.01 2009  1 17 12 21   2454849.06 2009  1 17 13 30
 2454850.31 2009  1 18 19 19   2454850.35 2009  1 18 20 28   2454850.40 2009  1 18 21 37
 2454851.64 2009  1 20  3 26   2454851.69 2009  1 20  4 35   2454851.74 2009  1 20  5 44
 2454852.98 2009  1 21 11 33   2454853.03 2009  1 21 12 42   2454853.08 2009  1 21 13 51
 2454854.32 2009  1 22 19 40   2454854.37 2009  1 22 20 49   2454854.42 2009  1 22 21 58
 2454855.66 2009  1 24  3 47   2454855.71 2009  1 24  4 56   2454855.75 2009  1 24  6  5
 2454857.00 2009  1 25 11 54   2454857.04 2009  1 25 13  3   2454857.09 2009  1 25 14 12
 2454858.33 2009  1 26 20  1   2454858.38 2009  1 26 21 10   2454858.43 2009  1 26 22 19
 2454859.67 2009  1 28  4  8   2454859.72 2009  1 28  5 17   2454859.77 2009  1 28  6 27
 2454861.01 2009  1 29 12 15   2454861.06 2009  1 29 13 24   2454861.11 2009  1 29 14 34
 2454862.35 2009  1 30 20 22   2454862.40 2009  1 30 21 32   2454862.45 2009  1 30 22 41
 2454863.69 2009  2  1  4 29   2454863.74 2009  2  1  5 39   2454863.78 2009  2  1  6 48
 2454865.03 2009  2  2 12 36   2454865.07 2009  2  2 13 46   2454865.12 2009  2  2 14 55
 2454866.36 2009  2  3 20 43   2454866.41 2009  2  3 21 53   2454866.46 2009  2  3 23  2
 2454867.70 2009  2  5  4 51   2454867.75 2009  2  5  6  0   2454867.80 2009  2  5  7  9
 2454869.04 2009  2  6 12 58   2454869.09 2009  2  6 14  7   2454869.14 2009  2  6 15 16
 2454870.38 2009  2  7 21  5   2454870.43 2009  2  7 22 14   2454870.47 2009  2  7 23 23
 2454871.72 2009  2  9  5 12   2454871.76 2009  2  9  6 21   2454871.81 2009  2  9  7 30
 2454873.06 2009  2 10 13 19   2454873.10 2009  2 10 14 28   2454873.15 2009  2 10 15 37
 2454874.39 2009  2 11 21 26   2454874.44 2009  2 11 22 35   2454874.49 2009  2 11 23 44
 2454875.73 2009  2 13  5 33   2454875.78 2009  2 13  6 42   2454875.83 2009  2 13  7 51
 2454877.07 2009  2 14 13 40   2454877.12 2009  2 14 14 49   2454877.17 2009  2 14 15 58
 2454878.41 2009  2 15 21 47   2454878.46 2009  2 15 22 56   2454878.50 2009  2 16  0  5
 2454879.75 2009  2 17  5 54   2454879.79 2009  2 17  7  3   2454879.84 2009  2 17  8 12
 2454881.08 2009  2 18 14  1   2454881.13 2009  2 18 15 10   2454881.18 2009  2 18 16 19
 2454882.42 2009  2 19 22  8   2454882.47 2009  2 19 23 17   2454882.52 2009  2 20  0 26
 2454883.76 2009  2 21  6 15   2454883.81 2009  2 21  7 24   2454883.86 2009  2 21  8 33
 2454885.10 2009  2 22 14 22   2454885.15 2009  2 22 15 31   2454885.20 2009  2 22 16 41
 2454886.44 2009  2 23 22 29   2454886.49 2009  2 23 23 38   2454886.53 2009  2 24  0 48
 2454887.78 2009  2 25  6 36   2454887.82 2009  2 25  7 45   2454887.87 2009  2 25  8 55
 2454889.11 2009  2 26 14 43   2454889.16 2009  2 26 15 52   2454889.21 2009  2 26 17  2
 2454890.45 2009  2 27 22 50   2454890.50 2009  2 28  0  0   2454890.55 2009  2 28  1  9
 2454891.79 2009  3  1  6 57   2454891.84 2009  3  1  8  7   2454891.89 2009  3  1  9 16
 2454893.13 2009  3  2 15  4   2454893.18 2009  3  2 16 14   2454893.22 2009  3  2 17 23
 2454894.47 2009  3  3 23 11   2454894.51 2009  3  4  0 21   2454894.56 2009  3  4  1 30
 2454895.80 2009  3  5  7 18   2454895.85 2009  3  5  8 28   2454895.90 2009  3  5  9 37
 2454897.14 2009  3  6 15 26   2454897.19 2009  3  6 16 35   2454897.24 2009  3  6 17 44
 2454898.48 2009  3  7 23 33   2454898.53 2009  3  8  0 42   2454898.58 2009  3  8  1 51
 2454899.82 2009  3  9  7 40   2454899.87 2009  3  9  8 49   2454899.92 2009  3  9  9 58
 2454901.16 2009  3 10 15 47   2454901.21 2009  3 10 16 56   2454901.25 2009  3 10 18  5
 2454902.50 2009  3 11 23 54   2454902.54 2009  3 12  1  3   2454902.59 2009  3 12  2 12
 2454903.83 2009  3 13  8  1   2454903.88 2009  3 13  9 10   2454903.93 2009  3 13 10 19
 2454905.17 2009  3 14 16  8   2454905.22 2009  3 14 17 17   2454905.27 2009  3 14 18 26
 2454906.51 2009  3 16  0 15   2454906.56 2009  3 16  1 24   2454906.61 2009  3 16  2 33
 2454907.85 2009  3 17  8 22   2454907.90 2009  3 17  9 31   2454907.95 2009  3 17 10 40
 2454909.19 2009  3 18 16 29   2454909.24 2009  3 18 17 38   2454909.28 2009  3 18 18 47
 2454910.53 2009  3 20  0 36   2454910.57 2009  3 20  1 45   2454910.62 2009  3 20  2 55
 2454911.86 2009  3 21  8 43   2454911.91 2009  3 21  9 52   2454911.96 2009  3 21 11  2
 2454913.20 2009  3 22 16 50   2454913.25 2009  3 22 17 59   2454913.30 2009  3 22 19  9
 2454914.54 2009  3 24  0 57   2454914.59 2009  3 24  2  6   2454914.64 2009  3 24  3 16
 2454915.88 2009  3 25  9  4   2454915.93 2009  3 25 10 13   2454915.97 2009  3 25 11 23
 2454917.22 2009  3 26 17 11   2454917.26 2009  3 26 18 20   2454917.31 2009  3 26 19 30
 2454918.55 2009  3 28  1 18   2454918.60 2009  3 28  2 28   2454918.65 2009  3 28  3 37
 2454919.89 2009  3 29  9 25   2454919.94 2009  3 29 10 35   2454919.99 2009  3 29 11 44
 2454921.23 2009  3 30 17 32   2454921.28 2009  3 30 18 42   2454921.33 2009  3 30 19 51
 2454922.57 2009  4  1  1 39   2454922.62 2009  4  1  2 49   2454922.67 2009  4  1  3 58
 2454923.91 2009  4  2  9 46   2454923.96 2009  4  2 10 56   2454924.00 2009  4  2 12  5
 2454925.25 2009  4  3 17 53   2454925.29 2009  4  3 19  3   2454925.34 2009  4  3 20 12
 2454926.58 2009  4  5  2  0   2454926.63 2009  4  5  3 10   2454926.68 2009  4  5  4 19
 2454927.92 2009  4  6 10  8   2454927.97 2009  4  6 11 17   2454928.02 2009  4  6 12 26
 2454929.26 2009  4  7 18 15   2454929.31 2009  4  7 19 24   2454929.36 2009  4  7 20 33
 2454930.60 2009  4  9  2 22   2454930.65 2009  4  9  3 31   2454930.70 2009  4  9  4 40
 2454931.94 2009  4 10 10 29   2454931.99 2009  4 10 11 38   2454932.03 2009  4 10 12 47
 2454933.28 2009  4 11 18 36   2454933.32 2009  4 11 19 45   2454933.37 2009  4 11 20 54
 2454934.61 2009  4 13  2 43   2454934.66 2009  4 13  3 52   2454934.71 2009  4 13  5  1
 2454935.95 2009  4 14 10 50   2454936.00 2009  4 14 11 59   2454936.05 2009  4 14 13  9
 2454937.29 2009  4 15 18 57   2454937.34 2009  4 15 20  6   2454937.39 2009  4 15 21 16
 2454938.63 2009  4 17  3  4   2454938.68 2009  4 17  4 13   2454938.72 2009  4 17  5 23
 2454939.97 2009  4 18 11 11   2454940.01 2009  4 18 12 20   2454940.06 2009  4 18 13 30
 2454941.30 2009  4 19 19 18   2454941.35 2009  4 19 20 27   2454941.40 2009  4 19 21 37
 2454942.64 2009  4 21  3 25   2454942.69 2009  4 21  4 34   2454942.74 2009  4 21  5 44
 2454943.98 2009  4 22 11 32   2454944.03 2009  4 22 12 41   2454944.08 2009  4 22 13 51
 2454945.32 2009  4 23 19 39   2454945.37 2009  4 23 20 48   2454945.42 2009  4 23 21 58
 2454946.66 2009  4 25  3 46   2454946.71 2009  4 25  4 56   2454946.75 2009  4 25  6  5
 2454948.00 2009  4 26 11 53   2454948.04 2009  4 26 13  3   2454948.09 2009  4 26 14 12
 2454949.33 2009  4 27 20  0   2454949.38 2009  4 27 21 10   2454949.43 2009  4 27 22 19
 2454950.67 2009  4 29  4  7   2454950.72 2009  4 29  5 17   2454950.77 2009  4 29  6 26
 2454952.01 2009  4 30 12 14   2454952.06 2009  4 30 13 24   2454952.11 2009  4 30 14 33
 2454953.35 2009  5  1 20 21   2454953.40 2009  5  1 21 31   2454953.44 2009  5  1 22 40
 2454954.69 2009  5  3  4 28   2454954.73 2009  5  3  5 38   2454954.78 2009  5  3  6 47
 2454956.02 2009  5  4 12 35   2454956.07 2009  5  4 13 45   2454956.12 2009  5  4 14 54
 2454957.36 2009  5  5 20 42   2454957.41 2009  5  5 21 52   2454957.46 2009  5  5 23  1
 2454958.70 2009  5  7  4 50   2454958.75 2009  5  7  5 59   2454958.80 2009  5  7  7  8
 2454960.04 2009  5  8 12 57   2454960.09 2009  5  8 14  6   2454960.14 2009  5  8 15 15
 2454961.38 2009  5  9 21  4   2454961.43 2009  5  9 22 13   2454961.47 2009  5  9 23 23
 2454962.72 2009  5 11  5 11   2454962.76 2009  5 11  6 20   2454962.81 2009  5 11  7 30
 2454964.05 2009  5 12 13 18   2454964.10 2009  5 12 14 27   2454964.15 2009  5 12 15 37
 2454965.39 2009  5 13 21 25   2454965.44 2009  5 13 22 34   2454965.49 2009  5 13 23 44
 2454966.73 2009  5 15  5 32   2454966.78 2009  5 15  6 41   2454966.83 2009  5 15  7 51
 2454968.07 2009  5 16 13 39   2454968.12 2009  5 16 14 48   2454968.17 2009  5 16 15 58
 2454969.41 2009  5 17 21 46   2454969.46 2009  5 17 22 55   2454969.50 2009  5 18  0  5
 2454970.75 2009  5 19  5 53   2454970.79 2009  5 19  7  2   2454970.84 2009  5 19  8 12
 2454972.08 2009  5 20 14  0   2454972.13 2009  5 20 15  9   2454972.18 2009  5 20 16 19
 2454973.42 2009  5 21 22  7   2454973.47 2009  5 21 23 16   2454973.52 2009  5 22  0 26
 2454974.76 2009  5 23  6 14   2454974.81 2009  5 23  7 24   2454974.86 2009  5 23  8 33
 2454976.10 2009  5 24 14 21   2454976.15 2009  5 24 15 31   2454976.19 2009  5 24 16 40
 2454977.44 2009  5 25 22 28   2454977.48 2009  5 25 23 38   2454977.53 2009  5 26  0 47
 2454978.77 2009  5 27  6 35   2454978.82 2009  5 27  7 45   2454978.87 2009  5 27  8 54
 2454980.11 2009  5 28 14 42   2454980.16 2009  5 28 15 52   2454980.21 2009  5 28 17  1
 2454981.45 2009  5 29 22 49   2454981.50 2009  5 29 23 59   2454981.55 2009  5 30  1  8
 2454982.79 2009  5 31  6 56   2454982.84 2009  5 31  8  6   2454982.89 2009  5 31  9 15
 2454984.13 2009  6  1 15  3   2454984.18 2009  6  1 16 13   2454984.22 2009  6  1 17 22
 2454985.47 2009  6  2 23 10   2454985.51 2009  6  3  0 20   2454985.56 2009  6  3  1 29
 2454986.80 2009  6  4  7 17   2454986.85 2009  6  4  8 27   2454986.90 2009  6  4  9 37
 2454988.14 2009  6  5 15 24   2454988.19 2009  6  5 16 34   2454988.24 2009  6  5 17 44
 2454989.48 2009  6  6 23 32   2454989.53 2009  6  7  0 41   2454989.58 2009  6  7  1 51
 2454990.82 2009  6  8  7 39   2454990.87 2009  6  8  8 48   2454990.92 2009  6  8  9 58
 2454992.16 2009  6  9 15 46   2454992.21 2009  6  9 16 55   2454992.25 2009  6  9 18  5
 2454993.50 2009  6 10 23 53   2454993.54 2009  6 11  1  2   2454993.59 2009  6 11  2 12
 2454994.83 2009  6 12  8  0   2454994.88 2009  6 12  9  9   2454994.93 2009  6 12 10 19
 2454996.17 2009  6 13 16  7   2454996.22 2009  6 13 17 16   2454996.27 2009  6 13 18 26
 2454997.51 2009  6 15  0 14   2454997.56 2009  6 15  1 23   2454997.61 2009  6 15  2 33
 2454998.85 2009  6 16  8 21   2454998.90 2009  6 16  9 30   2454998.94 2009  6 16 10 40
 2455000.19 2009  6 17 16 28   2455000.23 2009  6 17 17 37   2455000.28 2009  6 17 18 47
 2455001.52 2009  6 19  0 35   2455001.57 2009  6 19  1 44   2455001.62 2009  6 19  2 54
 2455002.86 2009  6 20  8 42   2455002.91 2009  6 20  9 52   2455002.96 2009  6 20 11  1
 2455004.20 2009  6 21 16 49   2455004.25 2009  6 21 17 59   2455004.30 2009  6 21 19  8
 2455005.54 2009  6 23  0 56   2455005.59 2009  6 23  2  6   2455005.64 2009  6 23  3 15
 2455006.88 2009  6 24  9  3   2455006.93 2009  6 24 10 13   2455006.97 2009  6 24 11 22
 2455008.22 2009  6 25 17 10   2455008.26 2009  6 25 18 20   2455008.31 2009  6 25 19 29
 2455009.55 2009  6 27  1 17   2455009.60 2009  6 27  2 27   2455009.65 2009  6 27  3 36
 2455010.89 2009  6 28  9 24   2455010.94 2009  6 28 10 34   2455010.99 2009  6 28 11 43
 2455012.23 2009  6 29 17 31   2455012.28 2009  6 29 18 41   2455012.33 2009  6 29 19 50
 2455013.57 2009  7  1  1 38   2455013.62 2009  7  1  2 48   2455013.67 2009  7  1  3 58
 2455014.91 2009  7  2  9 45   2455014.96 2009  7  2 10 55   2455015.00 2009  7  2 12  5
 2455016.25 2009  7  3 17 52   2455016.29 2009  7  3 19  2   2455016.34 2009  7  3 20 12
 2455017.58 2009  7  5  1 59   2455017.63 2009  7  5  3  9   2455017.68 2009  7  5  4 19
 2455018.92 2009  7  6 10  6   2455018.97 2009  7  6 11 16   2455019.02 2009  7  6 12 26
 2455020.26 2009  7  7 18 14   2455020.31 2009  7  7 19 23   2455020.36 2009  7  7 20 33
 2455021.60 2009  7  9  2 21   2455021.65 2009  7  9  3 30   2455021.69 2009  7  9  4 40
 2455022.94 2009  7 10 10 28   2455022.98 2009  7 10 11 37   2455023.03 2009  7 10 12 47
 2455024.27 2009  7 11 18 35   2455024.32 2009  7 11 19 44   2455024.37 2009  7 11 20 54
 2455025.61 2009  7 13  2 42   2455025.66 2009  7 13  3 51   2455025.71 2009  7 13  5  1
 2455026.95 2009  7 14 10 49   2455027.00 2009  7 14 11 58   2455027.05 2009  7 14 13  8
 2455028.29 2009  7 15 18 56   2455028.34 2009  7 15 20  5   2455028.39 2009  7 15 21 15
 2455029.63 2009  7 17  3  3   2455029.68 2009  7 17  4 12   2455029.72 2009  7 17  5 22
 2455030.97 2009  7 18 11 10   2455031.01 2009  7 18 12 20   2455031.06 2009  7 18 13 29
 2455032.30 2009  7 19 19 17   2455032.35 2009  7 19 20 27   2455032.40 2009  7 19 21 36
 2455033.64 2009  7 21  3 24   2455033.69 2009  7 21  4 34   2455033.74 2009  7 21  5 43
 2455034.98 2009  7 22 11 31   2455035.03 2009  7 22 12 41   2455035.08 2009  7 22 13 50
 2455036.32 2009  7 23 19 38   2455036.37 2009  7 23 20 48   2455036.42 2009  7 23 21 57
 2455037.66 2009  7 25  3 45   2455037.71 2009  7 25  4 55   2455037.75 2009  7 25  6  4
 2455038.99 2009  7 26 11 52   2455039.04 2009  7 26 13  2   2455039.09 2009  7 26 14 12
 2455040.33 2009  7 27 19 59   2455040.38 2009  7 27 21  9   2455040.43 2009  7 27 22 19
 2455041.67 2009  7 29  4  6   2455041.72 2009  7 29  5 16   2455041.77 2009  7 29  6 26
 2455043.01 2009  7 30 12 13   2455043.06 2009  7 30 13 23   2455043.11 2009  7 30 14 33
 2455044.35 2009  7 31 20 20   2455044.40 2009  7 31 21 30   2455044.44 2009  7 31 22 40
 2455045.69 2009  8  2  4 27   2455045.73 2009  8  2  5 37   2455045.78 2009  8  2  6 47
 2455047.02 2009  8  3 12 34   2455047.07 2009  8  3 13 44   2455047.12 2009  8  3 14 54
 2455048.36 2009  8  4 20 41   2455048.41 2009  8  4 21 51   2455048.46 2009  8  4 23  1
 2455049.70 2009  8  6  4 48   2455049.75 2009  8  6  5 58   2455049.80 2009  8  6  7  8
 2455051.04 2009  8  7 12 56   2455051.09 2009  8  7 14  5   2455051.14 2009  8  7 15 15
 2455052.38 2009  8  8 21  3   2455052.43 2009  8  8 22 12   2455052.47 2009  8  8 23 22
 2455053.72 2009  8 10  5 10   2455053.76 2009  8 10  6 19   2455053.81 2009  8 10  7 29
 2455055.05 2009  8 11 13 17   2455055.10 2009  8 11 14 26   2455055.15 2009  8 11 15 36
 2455056.39 2009  8 12 21 24   2455056.44 2009  8 12 22 33   2455056.49 2009  8 12 23 43
 2455057.73 2009  8 14  5 31   2455057.78 2009  8 14  6 40   2455057.83 2009  8 14  7 50
 2455059.07 2009  8 15 13 38   2455059.12 2009  8 15 14 48   2455059.17 2009  8 15 15 57
 2455060.41 2009  8 16 21 45   2455060.45 2009  8 16 22 55   2455060.50 2009  8 17  0  4
 2455061.74 2009  8 18  5 52   2455061.79 2009  8 18  7  2   2455061.84 2009  8 18  8 11
 2455063.08 2009  8 19 13 59   2455063.13 2009  8 19 15  9   2455063.18 2009  8 19 16 18
 2455064.42 2009  8 20 22  6   2455064.47 2009  8 20 23 16   2455064.52 2009  8 21  0 26
 2455065.76 2009  8 22  6 13   2455065.81 2009  8 22  7 23   2455065.86 2009  8 22  8 33
 2455067.10 2009  8 23 14 20   2455067.15 2009  8 23 15 30   2455067.19 2009  8 23 16 40
 2455068.44 2009  8 24 22 27   2455068.48 2009  8 24 23 37   2455068.53 2009  8 25  0 47
 2455069.77 2009  8 26  6 34   2455069.82 2009  8 26  7 44   2455069.87 2009  8 26  8 54
 2455071.11 2009  8 27 14 41   2455071.16 2009  8 27 15 51   2455071.21 2009  8 27 17  1
 2455072.45 2009  8 28 22 48   2455072.50 2009  8 28 23 58   2455072.55 2009  8 29  1  8
 2455073.79 2009  8 30  6 55   2455073.84 2009  8 30  8  5   2455073.89 2009  8 30  9 15
 2455075.13 2009  8 31 15  2   2455075.18 2009  8 31 16 12   2455075.22 2009  8 31 17 22
 2455076.47 2009  9  1 23  9   2455076.51 2009  9  2  0 19   2455076.56 2009  9  2  1 29
 2455077.80 2009  9  3  7 16   2455077.85 2009  9  3  8 26   2455077.90 2009  9  3  9 36
 2455079.14 2009  9  4 15 23   2455079.19 2009  9  4 16 33   2455079.24 2009  9  4 17 43
 2455080.48 2009  9  5 23 30   2455080.53 2009  9  6  0 40   2455080.58 2009  9  6  1 50
 2455081.82 2009  9  7  7 38   2455081.87 2009  9  7  8 47   2455081.92 2009  9  7  9 57
 2455083.16 2009  9  8 15 45   2455083.20 2009  9  8 16 54   2455083.25 2009  9  8 18  4
 2455084.49 2009  9  9 23 52   2455084.54 2009  9 10  1  1   2455084.59 2009  9 10  2 11
 2455085.83 2009  9 11  7 59   2455085.88 2009  9 11  9  9   2455085.93 2009  9 11 10 18
 2455087.17 2009  9 12 16  6   2455087.22 2009  9 12 17 16   2455087.27 2009  9 12 18 25
 2455088.51 2009  9 14  0 13   2455088.56 2009  9 14  1 23   2455088.61 2009  9 14  2 32
 2455089.85 2009  9 15  8 20   2455089.90 2009  9 15  9 30   2455089.94 2009  9 15 10 40
 2455091.19 2009  9 16 16 27   2455091.23 2009  9 16 17 37   2455091.28 2009  9 16 18 47
 2455092.52 2009  9 18  0 34   2455092.57 2009  9 18  1 44   2455092.62 2009  9 18  2 54
 2455093.86 2009  9 19  8 41   2455093.91 2009  9 19  9 51   2455093.96 2009  9 19 11  1
 2455095.20 2009  9 20 16 48   2455095.25 2009  9 20 17 58   2455095.30 2009  9 20 19  8
 2455096.54 2009  9 22  0 55   2455096.59 2009  9 22  2  5   2455096.64 2009  9 22  3 15
 2455097.88 2009  9 23  9  2   2455097.93 2009  9 23 10 12   2455097.97 2009  9 23 11 22
 2455099.21 2009  9 24 17  9   2455099.26 2009  9 24 18 19   2455099.31 2009  9 24 19 29
 2455100.55 2009  9 26  1 16   2455100.60 2009  9 26  2 26   2455100.65 2009  9 26  3 36
 2455101.89 2009  9 27  9 23   2455101.94 2009  9 27 10 33   2455101.99 2009  9 27 11 43
 2455103.23 2009  9 28 17 30   2455103.28 2009  9 28 18 40   2455103.33 2009  9 28 19 50
 2455104.57 2009  9 30  1 37   2455104.62 2009  9 30  2 47   2455104.66 2009  9 30  3 57
 2455105.91 2009 10  1  9 44   2455105.95 2009 10  1 10 54   2455106.00 2009 10  1 12  4
 2455107.24 2009 10  2 17 51   2455107.29 2009 10  2 19  1   2455107.34 2009 10  2 20 11
 2455108.58 2009 10  4  1 58   2455108.63 2009 10  4  3  8   2455108.68 2009 10  4  4 18
 2455109.92 2009 10  5 10  5   2455109.97 2009 10  5 11 15   2455110.02 2009 10  5 12 25
 2455111.26 2009 10  6 18 12   2455111.31 2009 10  6 19 22   2455111.36 2009 10  6 20 32
 2455112.60 2009 10  8  2 20   2455112.65 2009 10  8  3 29   2455112.69 2009 10  8  4 39
 2455113.94 2009 10  9 10 27   2455113.98 2009 10  9 11 37   2455114.03 2009 10  9 12 46
 2455115.27 2009 10 10 18 34   2455115.32 2009 10 10 19 44   2455115.37 2009 10 10 20 54
 2455116.61 2009 10 12  2 41   2455116.66 2009 10 12  3 51   2455116.71 2009 10 12  5  1
 2455117.95 2009 10 13 10 48   2455118.00 2009 10 13 11 58   2455118.05 2009 10 13 13  8
 2455119.29 2009 10 14 18 55   2455119.34 2009 10 14 20  5   2455119.39 2009 10 14 21 15
 2455120.63 2009 10 16  3  2   2455120.68 2009 10 16  4 12   2455120.72 2009 10 16  5 22
 2455121.96 2009 10 17 11  9   2455122.01 2009 10 17 12 19   2455122.06 2009 10 17 13 29
 2455123.30 2009 10 18 19 16   2455123.35 2009 10 18 20 26   2455123.40 2009 10 18 21 36
 2455124.64 2009 10 20  3 23   2455124.69 2009 10 20  4 33   2455124.74 2009 10 20  5 43
 2455125.98 2009 10 21 11 30   2455126.03 2009 10 21 12 40   2455126.08 2009 10 21 13 50
 2455127.32 2009 10 22 19 37   2455127.37 2009 10 22 20 47   2455127.41 2009 10 22 21 57
 2455128.66 2009 10 24  3 44   2455128.70 2009 10 24  4 54   2455128.75 2009 10 24  6  4
 2455129.99 2009 10 25 11 51   2455130.04 2009 10 25 13  1   2455130.09 2009 10 25 14 11
 2455131.33 2009 10 26 19 58   2455131.38 2009 10 26 21  8   2455131.43 2009 10 26 22 18
 2455132.67 2009 10 28  4  5   2455132.72 2009 10 28  5 15   2455132.77 2009 10 28  6 25
 2455134.01 2009 10 29 12 12   2455134.06 2009 10 29 13 22   2455134.11 2009 10 29 14 32
 2455135.35 2009 10 30 20 19   2455135.40 2009 10 30 21 29   2455135.44 2009 10 30 22 39
 2455136.69 2009 11  1  4 26   2455136.73 2009 11  1  5 36   2455136.78 2009 11  1  6 46
 2455138.02 2009 11  2 12 33   2455138.07 2009 11  2 13 43   2455138.12 2009 11  2 14 53
 2455139.36 2009 11  3 20 40   2455139.41 2009 11  3 21 50   2455139.46 2009 11  3 23  0
 2455140.70 2009 11  5  4 47   2455140.75 2009 11  5  5 57   2455140.80 2009 11  5  7  8
 2455142.04 2009 11  6 12 54   2455142.09 2009 11  6 14  5   2455142.14 2009 11  6 15 15
 2455143.38 2009 11  7 21  2   2455143.43 2009 11  7 22 12   2455143.47 2009 11  7 23 22
 2455144.71 2009 11  9  5  9   2455144.76 2009 11  9  6 19   2455144.81 2009 11  9  7 29
 2455146.05 2009 11 10 13 16   2455146.10 2009 11 10 14 26   2455146.15 2009 11 10 15 36
 2455147.39 2009 11 11 21 23   2455147.44 2009 11 11 22 33   2455147.49 2009 11 11 23 43
 2455148.73 2009 11 13  5 30   2455148.78 2009 11 13  6 40   2455148.83 2009 11 13  7 50
 2455150.07 2009 11 14 13 37   2455150.12 2009 11 14 14 47   2455150.16 2009 11 14 15 57
 2455151.41 2009 11 15 21 44   2455151.45 2009 11 15 22 54   2455151.50 2009 11 16  0  4
 2455152.74 2009 11 17  5 51   2455152.79 2009 11 17  7  1   2455152.84 2009 11 17  8 11
 2455154.08 2009 11 18 13 58   2455154.13 2009 11 18 15  8   2455154.18 2009 11 18 16 18
 2455155.42 2009 11 19 22  5   2455155.47 2009 11 19 23 15   2455155.52 2009 11 20  0 25
 2455156.76 2009 11 21  6 12   2455156.81 2009 11 21  7 22   2455156.86 2009 11 21  8 32
 2455158.10 2009 11 22 14 19   2455158.15 2009 11 22 15 29   2455158.19 2009 11 22 16 39
 2455159.44 2009 11 23 22 26   2455159.48 2009 11 23 23 36   2455159.53 2009 11 24  0 46
 2455160.77 2009 11 25  6 33   2455160.82 2009 11 25  7 43   2455160.87 2009 11 25  8 53
 2455162.11 2009 11 26 14 40   2455162.16 2009 11 26 15 50   2455162.21 2009 11 26 17  0
 2455163.45 2009 11 27 22 47   2455163.50 2009 11 27 23 57   2455163.55 2009 11 28  1  7
 2455164.79 2009 11 29  6 54   2455164.84 2009 11 29  8  4   2455164.89 2009 11 29  9 14
 2455166.13 2009 11 30 15  1   2455166.17 2009 11 30 16 11   2455166.22 2009 11 30 17 21
 2455167.46 2009 12  1 23  8   2455167.51 2009 12  2  0 18   2455167.56 2009 12  2  1 29
 2455168.80 2009 12  3  7 15   2455168.85 2009 12  3  8 25   2455168.90 2009 12  3  9 36
 2455170.14 2009 12  4 15 22   2455170.19 2009 12  4 16 33   2455170.24 2009 12  4 17 43
 2455171.48 2009 12  5 23 29   2455171.53 2009 12  6  0 40   2455171.58 2009 12  6  1 50
 2455172.82 2009 12  7  7 36   2455172.87 2009 12  7  8 47   2455172.91 2009 12  7  9 57
 2455174.16 2009 12  8 15 44   2455174.20 2009 12  8 16 54   2455174.25 2009 12  8 18  4
 2455175.49 2009 12  9 23 51   2455175.54 2009 12 10  1  1   2455175.59 2009 12 10  2 11
 2455176.83 2009 12 11  7 58   2455176.88 2009 12 11  9  8   2455176.93 2009 12 11 10 18
 2455178.17 2009 12 12 16  5   2455178.22 2009 12 12 17 15   2455178.27 2009 12 12 18 25
 2455179.51 2009 12 14  0 12   2455179.56 2009 12 14  1 22   2455179.61 2009 12 14  2 32
 2455180.85 2009 12 15  8 19   2455180.90 2009 12 15  9 29   2455180.94 2009 12 15 10 39
 2455182.18 2009 12 16 16 26   2455182.23 2009 12 16 17 36   2455182.28 2009 12 16 18 46
 2455183.52 2009 12 18  0 33   2455183.57 2009 12 18  1 43   2455183.62 2009 12 18  2 53
 2455184.86 2009 12 19  8 40   2455184.91 2009 12 19  9 50   2455184.96 2009 12 19 11  0
 2455186.20 2009 12 20 16 47   2455186.25 2009 12 20 17 57   2455186.30 2009 12 20 19  7
 2455187.54 2009 12 22  0 54   2455187.59 2009 12 22  2  4   2455187.64 2009 12 22  3 14
 2455188.88 2009 12 23  9  1   2455188.92 2009 12 23 10 11   2455188.97 2009 12 23 11 21
 2455190.21 2009 12 24 17  8   2455190.26 2009 12 24 18 18   2455190.31 2009 12 24 19 28
 2455191.55 2009 12 26  1 15   2455191.60 2009 12 26  2 25   2455191.65 2009 12 26  3 35
 2455192.89 2009 12 27  9 22   2455192.94 2009 12 27 10 32   2455192.99 2009 12 27 11 43
 2455194.23 2009 12 28 17 29   2455194.28 2009 12 28 18 39   2455194.33 2009 12 28 19 50
 2455195.57 2009 12 30  1 36   2455195.62 2009 12 30  2 46   2455195.66 2009 12 30  3 57
 2455196.91 2009 12 31  9 43   2455196.95 2009 12 31 10 53   2455197.00 2009 12 31 12  4
 2455198.24 2010  1  1 17 50   2455198.29 2010  1  1 19  1   2455198.34 2010  1  1 20 11
 2455199.58 2010  1  3  1 57   2455199.63 2010  1  3  3  8   2455199.68 2010  1  3  4 18
 2455200.92 2010  1  4 10  4   2455200.97 2010  1  4 11 15   2455201.02 2010  1  4 12 25
 2455202.26 2010  1  5 18 11   2455202.31 2010  1  5 19 22   2455202.36 2010  1  5 20 32
 2455203.60 2010  1  7  2 18   2455203.65 2010  1  7  3 29   2455203.69 2010  1  7  4 39
 2455204.93 2010  1  8 10 26   2455204.98 2010  1  8 11 36   2455205.03 2010  1  8 12 46
 2455206.27 2010  1  9 18 33   2455206.32 2010  1  9 19 43   2455206.37 2010  1  9 20 53
 2455207.61 2010  1 11  2 40   2455207.66 2010  1 11  3 50   2455207.71 2010  1 11  5  0
 2455208.95 2010  1 12 10 47   2455209.00 2010  1 12 11 57   2455209.05 2010  1 12 13  7
 2455210.29 2010  1 13 18 54   2455210.34 2010  1 13 20  4   2455210.39 2010  1 13 21 14
 2455211.63 2010  1 15  3  1   2455211.67 2010  1 15  4 11   2455211.72 2010  1 15  5 21
 2455212.96 2010  1 16 11  8   2455213.01 2010  1 16 12 18   2455213.06 2010  1 16 13 28
 2455214.30 2010  1 17 19 15   2455214.35 2010  1 17 20 25   2455214.40 2010  1 17 21 35
 2455215.64 2010  1 19  3 22   2455215.69 2010  1 19  4 32   2455215.74 2010  1 19  5 42
 2455216.98 2010  1 20 11 29   2455217.03 2010  1 20 12 39   2455217.08 2010  1 20 13 49
 2455218.32 2010  1 21 19 36   2455218.37 2010  1 21 20 46   2455218.41 2010  1 21 21 57
 2455219.66 2010  1 23  3 43   2455219.70 2010  1 23  4 53   2455219.75 2010  1 23  6  4
 2455220.99 2010  1 24 11 50   2455221.04 2010  1 24 13  0   2455221.09 2010  1 24 14 11
 2455222.33 2010  1 25 19 57   2455222.38 2010  1 25 21  7   2455222.43 2010  1 25 22 18
 2455223.67 2010  1 27  4  4   2455223.72 2010  1 27  5 14   2455223.77 2010  1 27  6 25
 2455225.01 2010  1 28 12 11   2455225.06 2010  1 28 13 21   2455225.11 2010  1 28 14 32
 2455226.35 2010  1 29 20 18   2455226.40 2010  1 29 21 29   2455226.44 2010  1 29 22 39
 2455227.68 2010  1 31  4 25   2455227.73 2010  1 31  5 36   2455227.78 2010  1 31  6 46
 2455229.02 2010  2  1 12 32   2455229.07 2010  2  1 13 43   2455229.12 2010  2  1 14 53
 2455230.36 2010  2  2 20 39   2455230.41 2010  2  2 21 50   2455230.46 2010  2  2 23  0
 2455231.70 2010  2  4  4 46   2455231.75 2010  2  4  5 57   2455231.80 2010  2  4  7  7
 2455233.04 2010  2  5 12 53   2455233.09 2010  2  5 14  4   2455233.14 2010  2  5 15 14
 2455234.38 2010  2  6 21  0   2455234.42 2010  2  6 22 11   2455234.47 2010  2  6 23 21
 2455235.71 2010  2  8  5  8   2455235.76 2010  2  8  6 18   2455235.81 2010  2  8  7 28
 2455237.05 2010  2  9 13 15   2455237.10 2010  2  9 14 25   2455237.15 2010  2  9 15 35
 2455238.39 2010  2 10 21 22   2455238.44 2010  2 10 22 32   2455238.49 2010  2 10 23 42
 2455239.73 2010  2 12  5 29   2455239.78 2010  2 12  6 39   2455239.83 2010  2 12  7 49
 2455241.07 2010  2 13 13 36   2455241.12 2010  2 13 14 46   2455241.16 2010  2 13 15 56
 2455242.41 2010  2 14 21 43   2455242.45 2010  2 14 22 53   2455242.50 2010  2 15  0  3
 2455243.74 2010  2 16  5 50   2455243.79 2010  2 16  7  0   2455243.84 2010  2 16  8 11
 2455245.08 2010  2 17 13 57   2455245.13 2010  2 17 15  7   2455245.18 2010  2 17 16 18
 2455246.42 2010  2 18 22  4   2455246.47 2010  2 18 23 14   2455246.52 2010  2 19  0 25
 2455247.76 2010  2 20  6 11   2455247.81 2010  2 20  7 21   2455247.86 2010  2 20  8 32
 2455249.10 2010  2 21 14 18   2455249.15 2010  2 21 15 28   2455249.19 2010  2 21 16 39
 2455250.43 2010  2 22 22 25   2455250.48 2010  2 22 23 35   2455250.53 2010  2 23  0 46
 2455251.77 2010  2 24  6 32   2455251.82 2010  2 24  7 42   2455251.87 2010  2 24  8 53
 2455253.11 2010  2 25 14 39   2455253.16 2010  2 25 15 49   2455253.21 2010  2 25 17  0
 2455254.45 2010  2 26 22 46   2455254.50 2010  2 26 23 57   2455254.55 2010  2 27  1  7
 2455255.79 2010  2 28  6 53   2455255.84 2010  2 28  8  4   2455255.89 2010  2 28  9 14
 2455257.13 2010  3  1 15  0   2455257.17 2010  3  1 16 11   2455257.22 2010  3  1 17 21
 2455258.46 2010  3  2 23  7   2455258.51 2010  3  3  0 18   2455258.56 2010  3  3  1 28
 2455259.80 2010  3  4  7 14   2455259.85 2010  3  4  8 25   2455259.90 2010  3  4  9 35
 2455261.14 2010  3  5 15 21   2455261.19 2010  3  5 16 32   2455261.24 2010  3  5 17 42
 2455262.48 2010  3  6 23 28   2455262.53 2010  3  7  0 39   2455262.58 2010  3  7  1 49
 2455263.82 2010  3  8  7 35   2455263.87 2010  3  8  8 46   2455263.91 2010  3  8  9 56
 2455265.15 2010  3  9 15 42   2455265.20 2010  3  9 16 53   2455265.25 2010  3  9 18  3
 2455266.49 2010  3 10 23 50   2455266.54 2010  3 11  1  0   2455266.59 2010  3 11  2 10
 2455267.83 2010  3 12  7 57   2455267.88 2010  3 12  9  7   2455267.93 2010  3 12 10 17
 2455269.17 2010  3 13 16  4   2455269.22 2010  3 13 17 14   2455269.27 2010  3 13 18 25
 2455270.51 2010  3 15  0 11   2455270.56 2010  3 15  1 21   2455270.61 2010  3 15  2 32
 2455271.85 2010  3 16  8 18   2455271.89 2010  3 16  9 28   2455271.94 2010  3 16 10 39
 2455273.18 2010  3 17 16 25   2455273.23 2010  3 17 17 35   2455273.28 2010  3 17 18 46
 2455274.52 2010  3 19  0 32   2455274.57 2010  3 19  1 42   2455274.62 2010  3 19  2 53
 2455275.86 2010  3 20  8 39   2455275.91 2010  3 20  9 49   2455275.96 2010  3 20 11  0
 2455277.20 2010  3 21 16 46   2455277.25 2010  3 21 17 56   2455277.30 2010  3 21 19  7
 2455278.54 2010  3 23  0 53   2455278.59 2010  3 23  2  3   2455278.63 2010  3 23  3 14
 2455279.88 2010  3 24  9  0   2455279.92 2010  3 24 10 10   2455279.97 2010  3 24 11 21
 2455281.21 2010  3 25 17  7   2455281.26 2010  3 25 18 17   2455281.31 2010  3 25 19 28
 2455282.55 2010  3 27  1 14   2455282.60 2010  3 27  2 25   2455282.65 2010  3 27  3 35
 2455283.89 2010  3 28  9 21   2455283.94 2010  3 28 10 32   2455283.99 2010  3 28 11 42
 2455285.23 2010  3 29 17 28   2455285.28 2010  3 29 18 39   2455285.33 2010  3 29 19 49
 2455286.57 2010  3 31  1 35   2455286.62 2010  3 31  2 46   2455286.66 2010  3 31  3 56
 2455287.90 2010  4  1  9 42   2455287.95 2010  4  1 10 53   2455288.00 2010  4  1 12  3
 2455289.24 2010  4  2 17 49   2455289.29 2010  4  2 19  0   2455289.34 2010  4  2 20 10
 2455290.58 2010  4  4  1 56   2455290.63 2010  4  4  3  7   2455290.68 2010  4  4  4 17
 2455291.92 2010  4  5 10  3   2455291.97 2010  4  5 11 14   2455292.02 2010  4  5 12 24
 2455293.26 2010  4  6 18 10   2455293.31 2010  4  6 19 21   2455293.36 2010  4  6 20 31
 2455294.60 2010  4  8  2 17   2455294.64 2010  4  8  3 28   2455294.69 2010  4  8  4 39
 2455295.93 2010  4  9 10 24   2455295.98 2010  4  9 11 35   2455296.03 2010  4  9 12 46
 2455297.27 2010  4 10 18 32   2455297.32 2010  4 10 19 42   2455297.37 2010  4 10 20 53
 2455298.61 2010  4 12  2 39   2455298.66 2010  4 12  3 49   2455298.71 2010  4 12  5  0
 2455299.95 2010  4 13 10 46   2455300.00 2010  4 13 11 56   2455300.05 2010  4 13 13  7
 2455301.29 2010  4 14 18 53   2455301.34 2010  4 14 20  3   2455301.38 2010  4 14 21 14
 2455302.63 2010  4 16  3  0   2455302.67 2010  4 16  4 10   2455302.72 2010  4 16  5 21
 2455303.96 2010  4 17 11  7   2455304.01 2010  4 17 12 17   2455304.06 2010  4 17 13 28
 2455305.30 2010  4 18 19 14   2455305.35 2010  4 18 20 24   2455305.40 2010  4 18 21 35
 2455306.64 2010  4 20  3 21   2455306.69 2010  4 20  4 31   2455306.74 2010  4 20  5 42
 2455307.98 2010  4 21 11 28   2455308.03 2010  4 21 12 38   2455308.08 2010  4 21 13 49
 2455309.32 2010  4 22 19 35   2455309.37 2010  4 22 20 46   2455309.41 2010  4 22 21 56
 2455310.65 2010  4 24  3 42   2455310.70 2010  4 24  4 53   2455310.75 2010  4 24  6  3
 2455311.99 2010  4 25 11 49   2455312.04 2010  4 25 13  0   2455312.09 2010  4 25 14 10
 2455313.33 2010  4 26 19 56   2455313.38 2010  4 26 21  7   2455313.43 2010  4 26 22 17
