 Predicted Transit Epochs: WASP-12__ b

Observed Transit Duration:  175.7 Minutes

 Begin Transit Window           PREDICTED CENTRAL TRANSIT     End Transit Window
                                     All Times UT

                               HJD        Year M  D  H  M
 2456757.24 2014  4  9 17 45   2456757.31 2014  4  9 19 22   2456757.37 2014  4  9 20 59
 2456758.33 2014  4 10 19 57   2456758.40 2014  4 10 21 34   2456758.47 2014  4 10 23 11
 2456759.42 2014  4 11 22  9   2456759.49 2014  4 11 23 46   2456759.56 2014  4 12  1 23
 2456760.51 2014  4 13  0 20   2456760.58 2014  4 13  1 57   2456760.65 2014  4 13  3 34
 2456761.61 2014  4 14  2 32   2456761.67 2014  4 14  4  9   2456761.74 2014  4 14  5 46
 2456762.70 2014  4 15  4 43   2456762.76 2014  4 15  6 21   2456762.83 2014  4 15  7 58
 2456763.79 2014  4 16  6 55   2456763.86 2014  4 16  8 32   2456763.92 2014  4 16 10  9
 2456764.88 2014  4 17  9  7   2456764.95 2014  4 17 10 44   2456765.01 2014  4 17 12 21
 2456765.97 2014  4 18 11 18   2456766.04 2014  4 18 12 55   2456766.11 2014  4 18 14 33
 2456767.06 2014  4 19 13 30   2456767.13 2014  4 19 15  7   2456767.20 2014  4 19 16 44
 2456768.15 2014  4 20 15 42   2456768.22 2014  4 20 17 19   2456768.29 2014  4 20 18 56
 2456769.25 2014  4 21 17 53   2456769.31 2014  4 21 19 30   2456769.38 2014  4 21 21  7
 2456770.34 2014  4 22 20  5   2456770.40 2014  4 22 21 42   2456770.47 2014  4 22 23 19
 2456771.43 2014  4 23 22 17   2456771.50 2014  4 23 23 54   2456771.56 2014  4 24  1 31
 2456772.52 2014  4 25  0 28   2456772.59 2014  4 25  2  5   2456772.65 2014  4 25  3 42
 2456773.61 2014  4 26  2 40   2456773.68 2014  4 26  4 17   2456773.75 2014  4 26  5 54
 2456774.70 2014  4 27  4 52   2456774.77 2014  4 27  6 29   2456774.84 2014  4 27  8  6
 2456775.79 2014  4 28  7  3   2456775.86 2014  4 28  8 40   2456775.93 2014  4 28 10 17
 2456776.89 2014  4 29  9 15   2456776.95 2014  4 29 10 52   2456777.02 2014  4 29 12 29
 2456777.98 2014  4 30 11 26   2456778.04 2014  4 30 13  4   2456778.11 2014  4 30 14 41
 2456779.07 2014  5  1 13 38   2456779.14 2014  5  1 15 15   2456779.20 2014  5  1 16 52
 2456780.16 2014  5  2 15 50   2456780.23 2014  5  2 17 27   2456780.29 2014  5  2 19  4
 2456781.25 2014  5  3 18  1   2456781.32 2014  5  3 19 39   2456781.39 2014  5  3 21 16
 2456782.34 2014  5  4 20 13   2456782.41 2014  5  4 21 50   2456782.48 2014  5  4 23 27
 2456783.43 2014  5  5 22 25   2456783.50 2014  5  6  0  2   2456783.57 2014  5  6  1 39
 2456784.53 2014  5  7  0 36   2456784.59 2014  5  7  2 13   2456784.66 2014  5  7  3 51
 2456785.62 2014  5  8  2 48   2456785.68 2014  5  8  4 25   2456785.75 2014  5  8  6  2
 2456786.71 2014  5  9  5  0   2456786.78 2014  5  9  6 37   2456786.84 2014  5  9  8 14
 2456787.80 2014  5 10  7 11   2456787.87 2014  5 10  8 48   2456787.93 2014  5 10 10 26
 2456788.89 2014  5 11  9 23   2456788.96 2014  5 11 11  0   2456789.03 2014  5 11 12 37
 2456789.98 2014  5 12 11 35   2456790.05 2014  5 12 13 12   2456790.12 2014  5 12 14 49
 2456791.07 2014  5 13 13 46   2456791.14 2014  5 13 15 23   2456791.21 2014  5 13 17  1
 2456792.17 2014  5 14 15 58   2456792.23 2014  5 14 17 35   2456792.30 2014  5 14 19 12
 2456793.26 2014  5 15 18 10   2456793.32 2014  5 15 19 47   2456793.39 2014  5 15 21 24
 2456794.35 2014  5 16 20 21   2456794.42 2014  5 16 21 58   2456794.48 2014  5 16 23 36
 2456795.44 2014  5 17 22 33   2456795.51 2014  5 18  0 10   2456795.57 2014  5 18  1 47
 2456796.53 2014  5 19  0 44   2456796.60 2014  5 19  2 22   2456796.67 2014  5 19  3 59
 2456797.62 2014  5 20  2 56   2456797.69 2014  5 20  4 33   2456797.76 2014  5 20  6 10
 2456798.71 2014  5 21  5  8   2456798.78 2014  5 21  6 45   2456798.85 2014  5 21  8 22
 2456799.81 2014  5 22  7 19   2456799.87 2014  5 22  8 57   2456799.94 2014  5 22 10 34
 2456800.90 2014  5 23  9 31   2456800.96 2014  5 23 11  8   2456801.03 2014  5 23 12 45
 2456801.99 2014  5 24 11 43   2456802.06 2014  5 24 13 20   2456802.12 2014  5 24 14 57
 2456803.08 2014  5 25 13 54   2456803.15 2014  5 25 15 32   2456803.21 2014  5 25 17  9
 2456804.17 2014  5 26 16  6   2456804.24 2014  5 26 17 43   2456804.31 2014  5 26 19 20
 2456805.26 2014  5 27 18 18   2456805.33 2014  5 27 19 55   2456805.40 2014  5 27 21 32
 2456806.35 2014  5 28 20 29   2456806.42 2014  5 28 22  6   2456806.49 2014  5 28 23 44
 2456807.45 2014  5 29 22 41   2456807.51 2014  5 30  0 18   2456807.58 2014  5 30  1 55
 2456808.54 2014  5 31  0 53   2456808.60 2014  5 31  2 30   2456808.67 2014  5 31  4  7
 2456809.63 2014  6  1  3  4   2456809.70 2014  6  1  4 41   2456809.76 2014  6  1  6 19
 2456810.72 2014  6  2  5 16   2456810.79 2014  6  2  6 53   2456810.85 2014  6  2  8 30
 2456811.81 2014  6  3  7 27   2456811.88 2014  6  3  9  5   2456811.95 2014  6  3 10 42
 2456812.90 2014  6  4  9 39   2456812.97 2014  6  4 11 16   2456813.04 2014  6  4 12 54
 2456813.99 2014  6  5 11 51   2456814.06 2014  6  5 13 28   2456814.13 2014  6  5 15  5
 2456815.09 2014  6  6 14  2   2456815.15 2014  6  6 15 40   2456815.22 2014  6  6 17 17
 2456816.18 2014  6  7 16 14   2456816.24 2014  6  7 17 51   2456816.31 2014  6  7 19 29
 2456817.27 2014  6  8 18 26   2456817.34 2014  6  8 20  3   2456817.40 2014  6  8 21 40
 2456818.36 2014  6  9 20 37   2456818.43 2014  6  9 22 15   2456818.49 2014  6  9 23 52
 2456819.45 2014  6 10 22 49   2456819.52 2014  6 11  0 26   2456819.59 2014  6 11  2  4
 2456820.54 2014  6 12  1  1   2456820.61 2014  6 12  2 38   2456820.68 2014  6 12  4 15
 2456821.63 2014  6 13  3 12   2456821.70 2014  6 13  4 50   2456821.77 2014  6 13  6 27
 2456822.73 2014  6 14  5 24   2456822.79 2014  6 14  7  1   2456822.86 2014  6 14  8 39
 2456823.82 2014  6 15  7 36   2456823.88 2014  6 15  9 13   2456823.95 2014  6 15 10 50
 2456824.91 2014  6 16  9 47   2456824.98 2014  6 16 11 25   2456825.04 2014  6 16 13  2
 2456826.00 2014  6 17 11 59   2456826.07 2014  6 17 13 36   2456826.13 2014  6 17 15 13
 2456827.09 2014  6 18 14 11   2456827.16 2014  6 18 15 48   2456827.23 2014  6 18 17 25
 2456828.18 2014  6 19 16 22   2456828.25 2014  6 19 17 59   2456828.32 2014  6 19 19 37
 2456829.27 2014  6 20 18 34   2456829.34 2014  6 20 20 11   2456829.41 2014  6 20 21 48
 2456830.37 2014  6 21 20 45   2456830.43 2014  6 21 22 23   2456830.50 2014  6 22  0  0
 2456831.46 2014  6 22 22 57   2456831.52 2014  6 23  0 34   2456831.59 2014  6 23  2 12
 2456832.55 2014  6 24  1  9   2456832.62 2014  6 24  2 46   2456832.68 2014  6 24  4 23
 2456833.64 2014  6 25  3 20   2456833.71 2014  6 25  4 58   2456833.77 2014  6 25  6 35
 2456834.73 2014  6 26  5 32   2456834.80 2014  6 26  7  9   2456834.87 2014  6 26  8 47
 2456835.82 2014  6 27  7 44   2456835.89 2014  6 27  9 21   2456835.96 2014  6 27 10 58
 2456836.91 2014  6 28  9 55   2456836.98 2014  6 28 11 33   2456837.05 2014  6 28 13 10
 2456838.01 2014  6 29 12  7   2456838.07 2014  6 29 13 44   2456838.14 2014  6 29 15 22
 2456839.10 2014  6 30 14 19   2456839.16 2014  6 30 15 56   2456839.23 2014  6 30 17 33
 2456840.19 2014  7  1 16 30   2456840.26 2014  7  1 18  8   2456840.32 2014  7  1 19 45
 2456841.28 2014  7  2 18 42   2456841.35 2014  7  2 20 19   2456841.41 2014  7  2 21 57
 2456842.37 2014  7  3 20 54   2456842.44 2014  7  3 22 31   2456842.51 2014  7  4  0  8
 2456843.46 2014  7  4 23  5   2456843.53 2014  7  5  0 43   2456843.60 2014  7  5  2 20
 2456844.55 2014  7  6  1 17   2456844.62 2014  7  6  2 54   2456844.69 2014  7  6  4 32
 2456845.65 2014  7  7  3 28   2456845.71 2014  7  7  5  6   2456845.78 2014  7  7  6 43
 2456846.74 2014  7  8  5 40   2456846.80 2014  7  8  7 17   2456846.87 2014  7  8  8 55
 2456847.83 2014  7  9  7 52   2456847.90 2014  7  9  9 29   2456847.96 2014  7  9 11  7
 2456848.92 2014  7 10 10  3   2456848.99 2014  7 10 11 41   2456849.05 2014  7 10 13 18
 2456850.01 2014  7 11 12 15   2456850.08 2014  7 11 13 52   2456850.15 2014  7 11 15 30
 2456851.10 2014  7 12 14 27   2456851.17 2014  7 12 16  4   2456851.24 2014  7 12 17 41
 2456852.19 2014  7 13 16 38   2456852.26 2014  7 13 18 16   2456852.33 2014  7 13 19 53
 2456853.29 2014  7 14 18 50   2456853.35 2014  7 14 20 27   2456853.42 2014  7 14 22  5
 2456854.38 2014  7 15 21  2   2456854.44 2014  7 15 22 39   2456854.51 2014  7 16  0 16
 2456855.47 2014  7 16 23 13   2456855.54 2014  7 17  0 51   2456855.60 2014  7 17  2 28
 2456856.56 2014  7 18  1 25   2456856.63 2014  7 18  3  2   2456856.69 2014  7 18  4 40
 2456857.65 2014  7 19  3 37   2456857.72 2014  7 19  5 14   2456857.79 2014  7 19  6 51
 2456858.74 2014  7 20  5 48   2456858.81 2014  7 20  7 26   2456858.88 2014  7 20  9  3
 2456859.83 2014  7 21  8  0   2456859.90 2014  7 21  9 37   2456859.97 2014  7 21 11 15
 2456860.92 2014  7 22 10 11   2456860.99 2014  7 22 11 49   2456861.06 2014  7 22 13 26
 2456862.02 2014  7 23 12 23   2456862.08 2014  7 23 14  1   2456862.15 2014  7 23 15 38
 2456863.11 2014  7 24 14 35   2456863.18 2014  7 24 16 12   2456863.24 2014  7 24 17 50
 2456864.20 2014  7 25 16 46   2456864.27 2014  7 25 18 24   2456864.33 2014  7 25 20  1
 2456865.29 2014  7 26 18 58   2456865.36 2014  7 26 20 36   2456865.43 2014  7 26 22 13
 2456866.38 2014  7 27 21 10   2456866.45 2014  7 27 22 47   2456866.52 2014  7 28  0 25
 2456867.47 2014  7 28 23 21   2456867.54 2014  7 29  0 59   2456867.61 2014  7 29  2 36
 2456868.56 2014  7 30  1 33   2456868.63 2014  7 30  3 10   2456868.70 2014  7 30  4 48
 2456869.66 2014  7 31  3 45   2456869.72 2014  7 31  5 22   2456869.79 2014  7 31  7  0
 2456870.75 2014  8  1  5 56   2456870.82 2014  8  1  7 34   2456870.88 2014  8  1  9 11
 2456871.84 2014  8  2  8  8   2456871.91 2014  8  2  9 45   2456871.97 2014  8  2 11 23
 2456872.93 2014  8  3 10 20   2456873.00 2014  8  3 11 57   2456873.07 2014  8  3 13 35
 2456874.02 2014  8  4 12 31   2456874.09 2014  8  4 14  9   2456874.16 2014  8  4 15 46
 2456875.11 2014  8  5 14 43   2456875.18 2014  8  5 16 20   2456875.25 2014  8  5 17 58
 2456876.20 2014  8  6 16 55   2456876.27 2014  8  6 18 32   2456876.34 2014  8  6 20 10
 2456877.30 2014  8  7 19  6   2456877.36 2014  8  7 20 44   2456877.43 2014  8  7 22 21
 2456878.39 2014  8  8 21 18   2456878.46 2014  8  8 22 55   2456878.52 2014  8  9  0 33
 2456879.48 2014  8  9 23 29   2456879.55 2014  8 10  1  7   2456879.61 2014  8 10  2 44
 2456880.57 2014  8 11  1 41   2456880.64 2014  8 11  3 19   2456880.71 2014  8 11  4 56
 2456881.66 2014  8 12  3 53   2456881.73 2014  8 12  5 30   2456881.80 2014  8 12  7  8
 2456882.75 2014  8 13  6  4   2456882.82 2014  8 13  7 42   2456882.89 2014  8 13  9 19
 2456883.84 2014  8 14  8 16   2456883.91 2014  8 14  9 54   2456883.98 2014  8 14 11 31
 2456884.94 2014  8 15 10 28   2456885.00 2014  8 15 12  5   2456885.07 2014  8 15 13 43
 2456886.03 2014  8 16 12 39   2456886.10 2014  8 16 14 17   2456886.16 2014  8 16 15 54
 2456887.12 2014  8 17 14 51   2456887.19 2014  8 17 16 29   2456887.25 2014  8 17 18  6
 2456888.21 2014  8 18 17  3   2456888.28 2014  8 18 18 40   2456888.35 2014  8 18 20 18
 2456889.30 2014  8 19 19 14   2456889.37 2014  8 19 20 52   2456889.44 2014  8 19 22 29
 2456890.39 2014  8 20 21 26   2456890.46 2014  8 20 23  3   2456890.53 2014  8 21  0 41
 2456891.48 2014  8 21 23 38   2456891.55 2014  8 22  1 15   2456891.62 2014  8 22  2 53
 2456892.58 2014  8 23  1 49   2456892.64 2014  8 23  3 27   2456892.71 2014  8 23  5  4
 2456893.67 2014  8 24  4  1   2456893.74 2014  8 24  5 38   2456893.80 2014  8 24  7 16
 2456894.76 2014  8 25  6 12   2456894.83 2014  8 25  7 50   2456894.89 2014  8 25  9 28
 2456895.85 2014  8 26  8 24   2456895.92 2014  8 26 10  2   2456895.99 2014  8 26 11 39
 2456896.94 2014  8 27 10 36   2456897.01 2014  8 27 12 13   2456897.08 2014  8 27 13 51
 2456898.03 2014  8 28 12 47   2456898.10 2014  8 28 14 25   2456898.17 2014  8 28 16  3
 2456899.12 2014  8 29 14 59   2456899.19 2014  8 29 16 37   2456899.26 2014  8 29 18 14
 2456900.22 2014  8 30 17 11   2456900.28 2014  8 30 18 48   2456900.35 2014  8 30 20 26
 2456901.31 2014  8 31 19 22   2456901.38 2014  8 31 21  0   2456901.44 2014  8 31 22 38
 2456902.40 2014  9  1 21 34   2456902.47 2014  9  1 23 12   2456902.53 2014  9  2  0 49
 2456903.49 2014  9  2 23 46   2456903.56 2014  9  3  1 23   2456903.63 2014  9  3  3  1
 2456904.58 2014  9  4  1 57   2456904.65 2014  9  4  3 35   2456904.72 2014  9  4  5 13
 2456905.67 2014  9  5  4  9   2456905.74 2014  9  5  5 47   2456905.81 2014  9  5  7 24
 2456906.76 2014  9  6  6 21   2456906.83 2014  9  6  7 58   2456906.90 2014  9  6  9 36
 2456907.86 2014  9  7  8 32   2456907.92 2014  9  7 10 10   2456907.99 2014  9  7 11 47
 2456908.95 2014  9  8 10 44   2456909.02 2014  9  8 12 21   2456909.08 2014  9  8 13 59
 2456910.04 2014  9  9 12 56   2456910.11 2014  9  9 14 33   2456910.17 2014  9  9 16 11
 2456911.13 2014  9 10 15  7   2456911.20 2014  9 10 16 45   2456911.27 2014  9 10 18 22
 2456912.22 2014  9 11 17 19   2456912.29 2014  9 11 18 56   2456912.36 2014  9 11 20 34
 2456913.31 2014  9 12 19 30   2456913.38 2014  9 12 21  8   2456913.45 2014  9 12 22 46
 2456914.40 2014  9 13 21 42   2456914.47 2014  9 13 23 20   2456914.54 2014  9 14  0 57
 2456915.50 2014  9 14 23 54   2456915.56 2014  9 15  1 31   2456915.63 2014  9 15  3  9
 2456916.59 2014  9 16  2  5   2456916.66 2014  9 16  3 43   2456916.72 2014  9 16  5 21
 2456917.68 2014  9 17  4 17   2456917.75 2014  9 17  5 55   2456917.81 2014  9 17  7 32
 2456918.77 2014  9 18  6 29   2456918.84 2014  9 18  8  6   2456918.91 2014  9 18  9 44
 2456919.86 2014  9 19  8 40   2456919.93 2014  9 19 10 18   2456920.00 2014  9 19 11 56
 2456920.95 2014  9 20 10 52   2456921.02 2014  9 20 12 30   2456921.09 2014  9 20 14  7
 2456922.04 2014  9 21 13  4   2456922.11 2014  9 21 14 41   2456922.18 2014  9 21 16 19
 2456923.14 2014  9 22 15 15   2456923.20 2014  9 22 16 53   2456923.27 2014  9 22 18 31
 2456924.23 2014  9 23 17 27   2456924.30 2014  9 23 19  5   2456924.36 2014  9 23 20 42
 2456925.32 2014  9 24 19 39   2456925.39 2014  9 24 21 16   2456925.45 2014  9 24 22 54
 2456926.41 2014  9 25 21 50   2456926.48 2014  9 25 23 28   2456926.55 2014  9 26  1  6
 2456927.50 2014  9 27  0  2   2456927.57 2014  9 27  1 40   2456927.64 2014  9 27  3 17
 2456928.59 2014  9 28  2 13   2456928.66 2014  9 28  3 51   2456928.73 2014  9 28  5 29
 2456929.68 2014  9 29  4 25   2456929.75 2014  9 29  6  3   2456929.82 2014  9 29  7 41
 2456930.78 2014  9 30  6 37   2456930.84 2014  9 30  8 14   2456930.91 2014  9 30  9 52
 2456931.87 2014 10  1  8 48   2456931.94 2014 10  1 10 26   2456932.00 2014 10  1 12  4
 2456932.96 2014 10  2 11  0   2456933.03 2014 10  2 12 38   2456933.09 2014 10  2 14 16
 2456934.05 2014 10  3 13 12   2456934.12 2014 10  3 14 49   2456934.19 2014 10  3 16 27
 2456935.14 2014 10  4 15 23   2456935.21 2014 10  4 17  1   2456935.28 2014 10  4 18 39
 2456936.23 2014 10  5 17 35   2456936.30 2014 10  5 19 13   2456936.37 2014 10  5 20 50
 2456937.32 2014 10  6 19 47   2456937.39 2014 10  6 21 24   2456937.46 2014 10  6 23  2
 2456938.42 2014 10  7 21 58   2456938.48 2014 10  7 23 36   2456938.55 2014 10  8  1 14
 2456939.51 2014 10  9  0 10   2456939.58 2014 10  9  1 48   2456939.64 2014 10  9  3 25
 2456940.60 2014 10 10  2 22   2456940.67 2014 10 10  3 59   2456940.73 2014 10 10  5 37
 2456941.69 2014 10 11  4 33   2456941.76 2014 10 11  6 11   2456941.83 2014 10 11  7 49
 2456942.78 2014 10 12  6 45   2456942.85 2014 10 12  8 23   2456942.92 2014 10 12 10  0
 2456943.87 2014 10 13  8 57   2456943.94 2014 10 13 10 34   2456944.01 2014 10 13 12 12
 2456944.96 2014 10 14 11  8   2456945.03 2014 10 14 12 46   2456945.10 2014 10 14 14 24
 2456946.06 2014 10 15 13 20   2456946.12 2014 10 15 14 58   2456946.19 2014 10 15 16 35
 2456947.15 2014 10 16 15 31   2456947.22 2014 10 16 17  9   2456947.28 2014 10 16 18 47
 2456948.24 2014 10 17 17 43   2456948.31 2014 10 17 19 21   2456948.37 2014 10 17 20 59
 2456949.33 2014 10 18 19 55   2456949.40 2014 10 18 21 33   2456949.47 2014 10 18 23 10
 2456950.42 2014 10 19 22  6   2456950.49 2014 10 19 23 44   2456950.56 2014 10 20  1 22
 2456951.51 2014 10 21  0 18   2456951.58 2014 10 21  1 56   2456951.65 2014 10 21  3 34
 2456952.60 2014 10 22  2 30   2456952.67 2014 10 22  4  7   2456952.74 2014 10 22  5 45
 2456953.70 2014 10 23  4 41   2456953.76 2014 10 23  6 19   2456953.83 2014 10 23  7 57
 2456954.79 2014 10 24  6 53   2456954.86 2014 10 24  8 31   2456954.92 2014 10 24 10  9
 2456955.88 2014 10 25  9  5   2456955.95 2014 10 25 10 42   2456956.01 2014 10 25 12 20
 2456956.97 2014 10 26 11 16   2456957.04 2014 10 26 12 54   2456957.11 2014 10 26 14 32
 2456958.06 2014 10 27 13 28   2456958.13 2014 10 27 15  6   2456958.20 2014 10 27 16 44
 2456959.15 2014 10 28 15 40   2456959.22 2014 10 28 17 17   2456959.29 2014 10 28 18 55
 2456960.24 2014 10 29 17 51   2456960.31 2014 10 29 19 29   2456960.38 2014 10 29 21  7
 2456961.34 2014 10 30 20  3   2456961.40 2014 10 30 21 41   2456961.47 2014 10 30 23 18
 2456962.43 2014 10 31 22 14   2456962.50 2014 10 31 23 52   2456962.56 2014 11  1  1 30
 2456963.52 2014 11  2  0 26   2456963.59 2014 11  2  2  4   2456963.65 2014 11  2  3 42
 2456964.61 2014 11  3  2 38   2456964.68 2014 11  3  4 16   2456964.75 2014 11  3  5 53
 2456965.70 2014 11  4  4 49   2456965.77 2014 11  4  6 27   2456965.84 2014 11  4  8  5
 2456966.79 2014 11  5  7  1   2456966.86 2014 11  5  8 39   2456966.93 2014 11  5 10 17
 2456967.88 2014 11  6  9 13   2456967.95 2014 11  6 10 51   2456968.02 2014 11  6 12 28
 2456968.98 2014 11  7 11 24   2456969.04 2014 11  7 13  2   2456969.11 2014 11  7 14 40
 2456970.07 2014 11  8 13 36   2456970.13 2014 11  8 15 14   2456970.20 2014 11  8 16 52
 2456971.16 2014 11  9 15 48   2456971.23 2014 11  9 17 25   2456971.29 2014 11  9 19  3
 2456972.25 2014 11 10 17 59   2456972.32 2014 11 10 19 37   2456972.39 2014 11 10 21 15
 2456973.34 2014 11 11 20 11   2456973.41 2014 11 11 21 49   2456973.48 2014 11 11 23 27
 2456974.43 2014 11 12 22 23   2456974.50 2014 11 13  0  0   2456974.57 2014 11 13  1 38
 2456975.52 2014 11 14  0 34   2456975.59 2014 11 14  2 12   2456975.66 2014 11 14  3 50
 2456976.62 2014 11 15  2 46   2456976.68 2014 11 15  4 24   2456976.75 2014 11 15  6  2
 2456977.71 2014 11 16  4 57   2456977.77 2014 11 16  6 35   2456977.84 2014 11 16  8 13
 2456978.80 2014 11 17  7  9   2456978.87 2014 11 17  8 47   2456978.93 2014 11 17 10 25
 2456979.89 2014 11 18  9 21   2456979.96 2014 11 18 10 59   2456980.03 2014 11 18 12 37
 2456980.98 2014 11 19 11 32   2456981.05 2014 11 19 13 10   2456981.12 2014 11 19 14 48
 2456982.07 2014 11 20 13 44   2456982.14 2014 11 20 15 22   2456982.21 2014 11 20 17  0
 2456983.16 2014 11 21 15 56   2456983.23 2014 11 21 17 34   2456983.30 2014 11 21 19 12
 2456984.26 2014 11 22 18  7   2456984.32 2014 11 22 19 45   2456984.39 2014 11 22 21 23
 2456985.35 2014 11 23 20 19   2456985.41 2014 11 23 21 57   2456985.48 2014 11 23 23 35
 2456986.44 2014 11 24 22 31   2456986.51 2014 11 25  0  9   2456986.57 2014 11 25  1 47
 2456987.53 2014 11 26  0 42   2456987.60 2014 11 26  2 20   2456987.67 2014 11 26  3 58
 2456988.62 2014 11 27  2 54   2456988.69 2014 11 27  4 32   2456988.76 2014 11 27  6 10
 2456989.71 2014 11 28  5  6   2456989.78 2014 11 28  6 44   2456989.85 2014 11 28  8 21
 2456990.80 2014 11 29  7 17   2456990.87 2014 11 29  8 55   2456990.94 2014 11 29 10 33
 2456991.90 2014 11 30  9 29   2456991.96 2014 11 30 11  7   2456992.03 2014 11 30 12 45
 2456992.99 2014 12  1 11 41   2456993.05 2014 12  1 13 18   2456993.12 2014 12  1 14 56
 2456994.08 2014 12  2 13 52   2456994.15 2014 12  2 15 30   2456994.21 2014 12  2 17  8
 2456995.17 2014 12  3 16  4   2456995.24 2014 12  3 17 42   2456995.31 2014 12  3 19 20
 2456996.26 2014 12  4 18 15   2456996.33 2014 12  4 19 53   2456996.40 2014 12  4 21 31
 2456997.35 2014 12  5 20 27   2456997.42 2014 12  5 22  5   2456997.49 2014 12  5 23 43
 2456998.44 2014 12  6 22 39   2456998.51 2014 12  7  0 17   2456998.58 2014 12  7  1 55
 2456999.54 2014 12  8  0 50   2456999.60 2014 12  8  2 28   2456999.67 2014 12  8  4  6
 2457000.63 2014 12  9  3  2   2457000.69 2014 12  9  4 40   2457000.76 2014 12  9  6 18
 2457001.72 2014 12 10  5 14   2457001.79 2014 12 10  6 52   2457001.85 2014 12 10  8 30
 2457002.81 2014 12 11  7 25   2457002.88 2014 12 11  9  3   2457002.95 2014 12 11 10 41
 2457003.90 2014 12 12  9 37   2457003.97 2014 12 12 11 15   2457004.04 2014 12 12 12 53
 2457004.99 2014 12 13 11 49   2457005.06 2014 12 13 13 27   2457005.13 2014 12 13 15  5
 2457006.08 2014 12 14 14  0   2457006.15 2014 12 14 15 38   2457006.22 2014 12 14 17 16
 2457007.18 2014 12 15 16 12   2457007.24 2014 12 15 17 50   2457007.31 2014 12 15 19 28
 2457008.27 2014 12 16 18 24   2457008.33 2014 12 16 20  2   2457008.40 2014 12 16 21 40
 2457009.36 2014 12 17 20 35   2457009.43 2014 12 17 22 13   2457009.49 2014 12 17 23 51
 2457010.45 2014 12 18 22 47   2457010.52 2014 12 19  0 25   2457010.59 2014 12 19  2  3
 2457011.54 2014 12 20  0 58   2457011.61 2014 12 20  2 37   2457011.68 2014 12 20  4 15
 2457012.63 2014 12 21  3 10   2457012.70 2014 12 21  4 48   2457012.77 2014 12 21  6 26
 2457013.72 2014 12 22  5 22   2457013.79 2014 12 22  7  0   2457013.86 2014 12 22  8 38
 2457014.82 2014 12 23  7 33   2457014.88 2014 12 23  9 11   2457014.95 2014 12 23 10 50
 2457015.91 2014 12 24  9 45   2457015.97 2014 12 24 11 23   2457016.04 2014 12 24 13  1
 2457017.00 2014 12 25 11 57   2457017.07 2014 12 25 13 35   2457017.13 2014 12 25 15 13
 2457018.09 2014 12 26 14  8   2457018.16 2014 12 26 15 46   2457018.23 2014 12 26 17 24
 2457019.18 2014 12 27 16 20   2457019.25 2014 12 27 17 58   2457019.32 2014 12 27 19 36
 2457020.27 2014 12 28 18 32   2457020.34 2014 12 28 20 10   2457020.41 2014 12 28 21 48
 2457021.36 2014 12 29 20 43   2457021.43 2014 12 29 22 21   2457021.50 2014 12 29 23 59
 2457022.46 2014 12 30 22 55   2457022.52 2014 12 31  0 33   2457022.59 2014 12 31  2 11
 2457023.55 2015  1  1  1  7   2457023.61 2015  1  1  2 45   2457023.68 2015  1  1  4 23
 2457024.64 2015  1  2  3 18   2457024.71 2015  1  2  4 56   2457024.77 2015  1  2  6 34
 2457025.73 2015  1  3  5 30   2457025.80 2015  1  3  7  8   2457025.87 2015  1  3  8 46
 2457026.82 2015  1  4  7 42   2457026.89 2015  1  4  9 20   2457026.96 2015  1  4 10 58
 2457027.91 2015  1  5  9 53   2457027.98 2015  1  5 11 31   2457028.05 2015  1  5 13  9
 2457029.00 2015  1  6 12  5   2457029.07 2015  1  6 13 43   2457029.14 2015  1  6 15 21
 2457030.10 2015  1  7 14 16   2457030.16 2015  1  7 15 55   2457030.23 2015  1  7 17 33
 2457031.19 2015  1  8 16 28   2457031.25 2015  1  8 18  6   2457031.32 2015  1  8 19 44
 2457032.28 2015  1  9 18 40   2457032.35 2015  1  9 20 18   2457032.41 2015  1  9 21 56
 2457033.37 2015  1 10 20 51   2457033.44 2015  1 10 22 29   2457033.51 2015  1 11  0  8
 2457034.46 2015  1 11 23  3   2457034.53 2015  1 12  0 41   2457034.60 2015  1 12  2 19
 2457035.55 2015  1 13  1 15   2457035.62 2015  1 13  2 53   2457035.69 2015  1 13  4 31
 2457036.64 2015  1 14  3 26   2457036.71 2015  1 14  5  4   2457036.78 2015  1 14  6 43
 2457037.74 2015  1 15  5 38   2457037.80 2015  1 15  7 16   2457037.87 2015  1 15  8 54
 2457038.83 2015  1 16  7 50   2457038.89 2015  1 16  9 28   2457038.96 2015  1 16 11  6
 2457039.92 2015  1 17 10  1   2457039.99 2015  1 17 11 39   2457040.05 2015  1 17 13 18
 2457041.01 2015  1 18 12 13   2457041.08 2015  1 18 13 51   2457041.15 2015  1 18 15 29
 2457042.10 2015  1 19 14 25   2457042.17 2015  1 19 16  3   2457042.24 2015  1 19 17 41
 2457043.19 2015  1 20 16 36   2457043.26 2015  1 20 18 14   2457043.33 2015  1 20 19 52
 2457044.28 2015  1 21 18 48   2457044.35 2015  1 21 20 26   2457044.42 2015  1 21 22  4
 2457045.37 2015  1 22 20 59   2457045.44 2015  1 22 22 38   2457045.51 2015  1 23  0 16
 2457046.47 2015  1 23 23 11   2457046.53 2015  1 24  0 49   2457046.60 2015  1 24  2 27
 2457047.56 2015  1 25  1 23   2457047.63 2015  1 25  3  1   2457047.69 2015  1 25  4 39
 2457048.65 2015  1 26  3 34   2457048.72 2015  1 26  5 13   2457048.79 2015  1 26  6 51
 2457049.74 2015  1 27  5 46   2457049.81 2015  1 27  7 24   2457049.88 2015  1 27  9  2
 2457050.83 2015  1 28  7 58   2457050.90 2015  1 28  9 36   2457050.97 2015  1 28 11 14
 2457051.92 2015  1 29 10  9   2457051.99 2015  1 29 11 48   2457052.06 2015  1 29 13 26
 2457053.01 2015  1 30 12 21   2457053.08 2015  1 30 13 59   2457053.15 2015  1 30 15 37
 2457054.11 2015  1 31 14 33   2457054.17 2015  1 31 16 11   2457054.24 2015  1 31 17 49
 2457055.20 2015  2  1 16 44   2457055.27 2015  2  1 18 22   2457055.33 2015  2  1 20  1
 2457056.29 2015  2  2 18 56   2457056.36 2015  2  2 20 34   2457056.43 2015  2  2 22 12
 2457057.38 2015  2  3 21  8   2457057.45 2015  2  3 22 46   2457057.52 2015  2  4  0 24
 2457058.47 2015  2  4 23 19   2457058.54 2015  2  5  0 57   2457058.61 2015  2  5  2 36
 2457059.56 2015  2  6  1 31   2457059.63 2015  2  6  3  9   2457059.70 2015  2  6  4 47
 2457060.65 2015  2  7  3 42   2457060.72 2015  2  7  5 21   2457060.79 2015  2  7  6 59
 2457061.75 2015  2  8  5 54   2457061.81 2015  2  8  7 32   2457061.88 2015  2  8  9 11
 2457062.84 2015  2  9  8  6   2457062.91 2015  2  9  9 44   2457062.97 2015  2  9 11 22
 2457063.93 2015  2 10 10 17   2457064.00 2015  2 10 11 56   2457064.07 2015  2 10 13 34
 2457065.02 2015  2 11 12 29   2457065.09 2015  2 11 14  7   2457065.16 2015  2 11 15 46
 2457066.11 2015  2 12 14 41   2457066.18 2015  2 12 16 19   2457066.25 2015  2 12 17 57
 2457067.20 2015  2 13 16 52   2457067.27 2015  2 13 18 31   2457067.34 2015  2 13 20  9
 2457068.29 2015  2 14 19  4   2457068.36 2015  2 14 20 42   2457068.43 2015  2 14 22 21
 2457069.39 2015  2 15 21 16   2457069.45 2015  2 15 22 54   2457069.52 2015  2 16  0 32
 2457070.48 2015  2 16 23 27   2457070.55 2015  2 17  1  6   2457070.61 2015  2 17  2 44
 2457071.57 2015  2 18  1 39   2457071.64 2015  2 18  3 17   2457071.71 2015  2 18  4 55
 2457072.66 2015  2 19  3 51   2457072.73 2015  2 19  5 29   2457072.80 2015  2 19  7  7
 2457073.75 2015  2 20  6  2   2457073.82 2015  2 20  7 41   2457073.89 2015  2 20  9 19
 2457074.84 2015  2 21  8 14   2457074.91 2015  2 21  9 52   2457074.98 2015  2 21 11 30
 2457075.93 2015  2 22 10 26   2457076.00 2015  2 22 12  4   2457076.07 2015  2 22 13 42
 2457077.03 2015  2 23 12 37   2457077.09 2015  2 23 14 15   2457077.16 2015  2 23 15 54
 2457078.12 2015  2 24 14 49   2457078.19 2015  2 24 16 27   2457078.25 2015  2 24 18  5
 2457079.21 2015  2 25 17  0   2457079.28 2015  2 25 18 39   2457079.35 2015  2 25 20 17
 2457080.30 2015  2 26 19 12   2457080.37 2015  2 26 20 50   2457080.44 2015  2 26 22 29
 2457081.39 2015  2 27 21 24   2457081.46 2015  2 27 23  2   2457081.53 2015  2 28  0 40
 2457082.48 2015  2 28 23 35   2457082.55 2015  3  1  1 14   2457082.62 2015  3  1  2 52
 2457083.57 2015  3  2  1 47   2457083.64 2015  3  2  3 25   2457083.71 2015  3  2  5  4
 2457084.67 2015  3  3  3 59   2457084.73 2015  3  3  5 37   2457084.80 2015  3  3  7 15
 2457085.76 2015  3  4  6 10   2457085.83 2015  3  4  7 49   2457085.89 2015  3  4  9 27
 2457086.85 2015  3  5  8 22   2457086.92 2015  3  5 10  0   2457086.99 2015  3  5 11 39
 2457087.94 2015  3  6 10 34   2457088.01 2015  3  6 12 12   2457088.08 2015  3  6 13 50
 2457089.03 2015  3  7 12 45   2457089.10 2015  3  7 14 24   2457089.17 2015  3  7 16  2
 2457090.12 2015  3  8 14 57   2457090.19 2015  3  8 16 35   2457090.26 2015  3  8 18 14
 2457091.21 2015  3  9 17  9   2457091.28 2015  3  9 18 47   2457091.35 2015  3  9 20 25
 2457092.31 2015  3 10 19 20   2457092.37 2015  3 10 20 59   2457092.44 2015  3 10 22 37
 2457093.40 2015  3 11 21 32   2457093.47 2015  3 11 23 10   2457093.53 2015  3 12  0 49
 2457094.49 2015  3 12 23 43   2457094.56 2015  3 13  1 22   2457094.63 2015  3 13  3  0
 2457095.58 2015  3 14  1 55   2457095.65 2015  3 14  3 33   2457095.72 2015  3 14  5 12
 2457096.67 2015  3 15  4  7   2457096.74 2015  3 15  5 45   2457096.81 2015  3 15  7 24
 2457097.76 2015  3 16  6 18   2457097.83 2015  3 16  7 57   2457097.90 2015  3 16  9 35
 2457098.85 2015  3 17  8 30   2457098.92 2015  3 17 10  8   2457098.99 2015  3 17 11 47
 2457099.95 2015  3 18 10 42   2457100.01 2015  3 18 12 20   2457100.08 2015  3 18 13 58
 2457101.04 2015  3 19 12 53   2457101.11 2015  3 19 14 32   2457101.17 2015  3 19 16 10
 2457102.13 2015  3 20 15  5   2457102.20 2015  3 20 16 43   2457102.27 2015  3 20 18 22
 2457103.22 2015  3 21 17 17   2457103.29 2015  3 21 18 55   2457103.36 2015  3 21 20 33
 2457104.31 2015  3 22 19 28   2457104.38 2015  3 22 21  7   2457104.45 2015  3 22 22 45
 2457105.40 2015  3 23 21 40   2457105.47 2015  3 23 23 18   2457105.54 2015  3 24  0 57
 2457106.49 2015  3 24 23 52   2457106.56 2015  3 25  1 30   2457106.63 2015  3 25  3  8
 2457107.59 2015  3 26  2  3   2457107.65 2015  3 26  3 42   2457107.72 2015  3 26  5 20
 2457108.68 2015  3 27  4 15   2457108.75 2015  3 27  5 53   2457108.81 2015  3 27  7 32
 2457109.77 2015  3 28  6 27   2457109.84 2015  3 28  8  5   2457109.91 2015  3 28  9 43
 2457110.86 2015  3 29  8 38   2457110.93 2015  3 29 10 17   2457111.00 2015  3 29 11 55
 2457111.95 2015  3 30 10 50   2457112.02 2015  3 30 12 28   2457112.09 2015  3 30 14  7
 2457113.04 2015  3 31 13  1   2457113.11 2015  3 31 14 40   2457113.18 2015  3 31 16 18
 2457114.13 2015  4  1 15 13   2457114.20 2015  4  1 16 52   2457114.27 2015  4  1 18 30
 2457115.23 2015  4  2 17 25   2457115.29 2015  4  2 19  3   2457115.36 2015  4  2 20 42
 2457116.32 2015  4  3 19 36   2457116.39 2015  4  3 21 15   2457116.45 2015  4  3 22 53
 2457117.41 2015  4  4 21 48   2457117.48 2015  4  4 23 26   2457117.55 2015  4  5  1  5
 2457118.50 2015  4  6  0  0   2457118.57 2015  4  6  1 38   2457118.64 2015  4  6  3 17
 2457119.59 2015  4  7  2 11   2457119.66 2015  4  7  3 50   2457119.73 2015  4  7  5 28
 2457120.68 2015  4  8  4 23   2457120.75 2015  4  8  6  1   2457120.82 2015  4  8  7 40
 2457121.77 2015  4  9  6 35   2457121.84 2015  4  9  8 13   2457121.91 2015  4  9  9 52
 2457122.87 2015  4 10  8 46   2457122.93 2015  4 10 10 25   2457123.00 2015  4 10 12  3
 2457123.96 2015  4 11 10 58   2457124.03 2015  4 11 12 36   2457124.09 2015  4 11 14 15
 2457125.05 2015  4 12 13 10   2457125.12 2015  4 12 14 48   2457125.19 2015  4 12 16 27
 2457126.14 2015  4 13 15 21   2457126.21 2015  4 13 17  0   2457126.28 2015  4 13 18 38
 2457127.23 2015  4 14 17 33   2457127.30 2015  4 14 19 11   2457127.37 2015  4 14 20 50
 2457128.32 2015  4 15 19 44   2457128.39 2015  4 15 21 23   2457128.46 2015  4 15 23  1
 2457129.41 2015  4 16 21 56   2457129.48 2015  4 16 23 35   2457129.55 2015  4 17  1 13
 2457130.51 2015  4 18  0  8   2457130.57 2015  4 18  1 46   2457130.64 2015  4 18  3 25
 2457131.60 2015  4 19  2 19   2457131.67 2015  4 19  3 58   2457131.73 2015  4 19  5 36
 2457132.69 2015  4 20  4 31   2457132.76 2015  4 20  6 10   2457132.83 2015  4 20  7 48
 2457133.78 2015  4 21  6 43   2457133.85 2015  4 21  8 21   2457133.92 2015  4 21 10  0
 2457134.87 2015  4 22  8 54   2457134.94 2015  4 22 10 33   2457135.01 2015  4 22 12 11
 2457135.96 2015  4 23 11  6   2457136.03 2015  4 23 12 45   2457136.10 2015  4 23 14 23
 2457137.05 2015  4 24 13 18   2457137.12 2015  4 24 14 56   2457137.19 2015  4 24 16 35
 2457138.15 2015  4 25 15 29   2457138.21 2015  4 25 17  8   2457138.28 2015  4 25 18 46
 2457139.24 2015  4 26 17 41   2457139.31 2015  4 26 19 19   2457139.37 2015  4 26 20 58
 2457140.33 2015  4 27 19 53   2457140.40 2015  4 27 21 31   2457140.47 2015  4 27 23 10
 2457141.42 2015  4 28 22  4   2457141.49 2015  4 28 23 43   2457141.56 2015  4 29  1 21
 2457142.51 2015  4 30  0 16   2457142.58 2015  4 30  1 54   2457142.65 2015  4 30  3 33
 2457143.60 2015  5  1  2 28   2457143.67 2015  5  1  4  6   2457143.74 2015  5  1  5 45
 2457144.69 2015  5  2  4 39   2457144.76 2015  5  2  6 18   2457144.83 2015  5  2  7 56
 2457145.79 2015  5  3  6 51   2457145.85 2015  5  3  8 29   2457145.92 2015  5  3 10  8
 2457146.88 2015  5  4  9  2   2457146.95 2015  5  4 10 41   2457147.01 2015  5  4 12 20
 2457147.97 2015  5  5 11 14   2457148.04 2015  5  5 12 53   2457148.11 2015  5  5 14 31
 2457149.06 2015  5  6 13 26   2457149.13 2015  5  6 15  4   2457149.20 2015  5  6 16 43
 2457150.15 2015  5  7 15 37   2457150.22 2015  5  7 17 16   2457150.29 2015  5  7 18 55
 2457151.24 2015  5  8 17 49   2457151.31 2015  5  8 19 28   2457151.38 2015  5  8 21  6
 2457152.33 2015  5  9 20  1   2457152.40 2015  5  9 21 39   2457152.47 2015  5  9 23 18
 2457153.43 2015  5 10 22 12   2457153.49 2015  5 10 23 51   2457153.56 2015  5 11  1 29
 2457154.52 2015  5 12  0 24   2457154.59 2015  5 12  2  3   2457154.65 2015  5 12  3 41
 2457155.61 2015  5 13  2 36   2457155.68 2015  5 13  4 14   2457155.75 2015  5 13  5 53
 2457156.70 2015  5 14  4 47   2457156.77 2015  5 14  6 26   2457156.84 2015  5 14  8  4
 2457157.79 2015  5 15  6 59   2457157.86 2015  5 15  8 37   2457157.93 2015  5 15 10 16
 2457158.88 2015  5 16  9 11   2457158.95 2015  5 16 10 49   2457159.02 2015  5 16 12 28
 2457159.97 2015  5 17 11 22   2457160.04 2015  5 17 13  1   2457160.11 2015  5 17 14 39
 2457161.07 2015  5 18 13 34   2457161.13 2015  5 18 15 12   2457161.20 2015  5 18 16 51
 2457162.16 2015  5 19 15 45   2457162.23 2015  5 19 17 24   2457162.29 2015  5 19 19  3
 2457163.25 2015  5 20 17 57   2457163.32 2015  5 20 19 36   2457163.39 2015  5 20 21 14
 2457164.34 2015  5 21 20  9   2457164.41 2015  5 21 21 47   2457164.48 2015  5 21 23 26
 2457165.43 2015  5 22 22 20   2457165.50 2015  5 22 23 59   2457165.57 2015  5 23  1 38
 2457166.52 2015  5 24  0 32   2457166.59 2015  5 24  2 11   2457166.66 2015  5 24  3 49
 2457167.61 2015  5 25  2 44   2457167.68 2015  5 25  4 22   2457167.75 2015  5 25  6  1
 2457168.71 2015  5 26  4 55   2457168.77 2015  5 26  6 34   2457168.84 2015  5 26  8 13
 2457169.80 2015  5 27  7  7   2457169.87 2015  5 27  8 46   2457169.93 2015  5 27 10 24
 2457170.89 2015  5 28  9 19   2457170.96 2015  5 28 10 57   2457171.03 2015  5 28 12 36
 2457171.98 2015  5 29 11 30   2457172.05 2015  5 29 13  9   2457172.12 2015  5 29 14 48
 2457173.07 2015  5 30 13 42   2457173.14 2015  5 30 15 21   2457173.21 2015  5 30 16 59
 2457174.16 2015  5 31 15 54   2457174.23 2015  5 31 17 32   2457174.30 2015  5 31 19 11
 2457175.25 2015  6  1 18  5   2457175.32 2015  6  1 19 44   2457175.39 2015  6  1 21 23
 2457176.35 2015  6  2 20 17   2457176.41 2015  6  2 21 56   2457176.48 2015  6  2 23 34
 2457177.44 2015  6  3 22 28   2457177.51 2015  6  4  0  7   2457177.57 2015  6  4  1 46
 2457178.53 2015  6  5  0 40   2457178.60 2015  6  5  2 19   2457178.67 2015  6  5  3 58
 2457179.62 2015  6  6  2 52   2457179.69 2015  6  6  4 30   2457179.76 2015  6  6  6  9
 2457180.71 2015  6  7  5  3   2457180.78 2015  6  7  6 42   2457180.85 2015  6  7  8 21
 2457181.80 2015  6  8  7 15   2457181.87 2015  6  8  8 54   2457181.94 2015  6  8 10 32
 2457182.89 2015  6  9  9 27   2457182.96 2015  6  9 11  5   2457183.03 2015  6  9 12 44
 2457183.99 2015  6 10 11 38   2457184.05 2015  6 10 13 17   2457184.12 2015  6 10 14 56
 2457185.08 2015  6 11 13 50   2457185.15 2015  6 11 15 29   2457185.21 2015  6 11 17  7
 2457186.17 2015  6 12 16  2   2457186.24 2015  6 12 17 40   2457186.31 2015  6 12 19 19
 2457187.26 2015  6 13 18 13   2457187.33 2015  6 13 19 52   2457187.40 2015  6 13 21 31
 2457188.35 2015  6 14 20 25   2457188.42 2015  6 14 22  4   2457188.49 2015  6 14 23 42
 2457189.44 2015  6 15 22 37   2457189.51 2015  6 16  0 15   2457189.58 2015  6 16  1 54
 2457190.53 2015  6 17  0 48   2457190.60 2015  6 17  2 27   2457190.67 2015  6 17  4  6
 2457191.63 2015  6 18  3  0   2457191.69 2015  6 18  4 39   2457191.76 2015  6 18  6 17
 2457192.72 2015  6 19  5 12   2457192.79 2015  6 19  6 50   2457192.85 2015  6 19  8 29
 2457193.81 2015  6 20  7 23   2457193.88 2015  6 20  9  2   2457193.95 2015  6 20 10 41
 2457194.90 2015  6 21  9 35   2457194.97 2015  6 21 11 14   2457195.04 2015  6 21 12 52
 2457195.99 2015  6 22 11 46   2457196.06 2015  6 22 13 25   2457196.13 2015  6 22 15  4
 2457197.08 2015  6 23 13 58   2457197.15 2015  6 23 15 37   2457197.22 2015  6 23 17 16
 2457198.17 2015  6 24 16 10   2457198.24 2015  6 24 17 49   2457198.31 2015  6 24 19 27
 2457199.27 2015  6 25 18 21   2457199.33 2015  6 25 20  0   2457199.40 2015  6 25 21 39
 2457200.36 2015  6 26 20 33   2457200.43 2015  6 26 22 12   2457200.49 2015  6 26 23 51
 2457201.45 2015  6 27 22 45   2457201.52 2015  6 28  0 23   2457201.59 2015  6 28  2  2
 2457202.54 2015  6 29  0 56   2457202.61 2015  6 29  2 35   2457202.68 2015  6 29  4 14
 2457203.63 2015  6 30  3  8   2457203.70 2015  6 30  4 47   2457203.77 2015  6 30  6 26
 2457204.72 2015  7  1  5 20   2457204.79 2015  7  1  6 58   2457204.86 2015  7  1  8 37
 2457205.81 2015  7  2  7 31   2457205.88 2015  7  2  9 10   2457205.95 2015  7  2 10 49
 2457206.91 2015  7  3  9 43   2457206.97 2015  7  3 11 22   2457207.04 2015  7  3 13  1
 2457208.00 2015  7  4 11 55   2457208.07 2015  7  4 13 33   2457208.13 2015  7  4 15 12
 2457209.09 2015  7  5 14  6   2457209.16 2015  7  5 15 45   2457209.23 2015  7  5 17 24
 2457210.18 2015  7  6 16 18   2457210.25 2015  7  6 17 57   2457210.32 2015  7  6 19 35
 2457211.27 2015  7  7 18 29   2457211.34 2015  7  7 20  8   2457211.41 2015  7  7 21 47
 2457212.36 2015  7  8 20 41   2457212.43 2015  7  8 22 20   2457212.50 2015  7  8 23 59
 2457213.45 2015  7  9 22 53   2457213.52 2015  7 10  0 32   2457213.59 2015  7 10  2 10
 2457214.55 2015  7 11  1  4   2457214.61 2015  7 11  2 43   2457214.68 2015  7 11  4 22
 2457215.64 2015  7 12  3 16   2457215.71 2015  7 12  4 55   2457215.77 2015  7 12  6 34
 2457216.73 2015  7 13  5 28   2457216.80 2015  7 13  7  7   2457216.87 2015  7 13  8 45
 2457217.82 2015  7 14  7 39   2457217.89 2015  7 14  9 18   2457217.96 2015  7 14 10 57
 2457218.91 2015  7 15  9 51   2457218.98 2015  7 15 11 30   2457219.05 2015  7 15 13  9
 2457220.00 2015  7 16 12  3   2457220.07 2015  7 16 13 41   2457220.14 2015  7 16 15 20
 2457221.09 2015  7 17 14 14   2457221.16 2015  7 17 15 53   2457221.23 2015  7 17 17 32
 2457222.19 2015  7 18 16 26   2457222.25 2015  7 18 18  5   2457222.32 2015  7 18 19 44
 2457223.28 2015  7 19 18 38   2457223.35 2015  7 19 20 16   2457223.41 2015  7 19 21 55
 2457224.37 2015  7 20 20 49   2457224.44 2015  7 20 22 28   2457224.51 2015  7 21  0  7
 2457225.46 2015  7 21 23  1   2457225.53 2015  7 22  0 40   2457225.60 2015  7 22  2 19
 2457226.55 2015  7 23  1 13   2457226.62 2015  7 23  2 51   2457226.69 2015  7 23  4 30
 2457227.64 2015  7 24  3 24   2457227.71 2015  7 24  5  3   2457227.78 2015  7 24  6 42
 2457228.73 2015  7 25  5 36   2457228.80 2015  7 25  7 15   2457228.87 2015  7 25  8 54
 2457229.82 2015  7 26  7 47   2457229.89 2015  7 26  9 26   2457229.96 2015  7 26 11  5
 2457230.92 2015  7 27  9 59   2457230.99 2015  7 27 11 38   2457231.05 2015  7 27 13 17
 2457232.01 2015  7 28 12 11   2457232.08 2015  7 28 13 50   2457232.15 2015  7 28 15 29
 2457233.10 2015  7 29 14 22   2457233.17 2015  7 29 16  1   2457233.24 2015  7 29 17 40
 2457234.19 2015  7 30 16 34   2457234.26 2015  7 30 18 13   2457234.33 2015  7 30 19 52
 2457235.28 2015  7 31 18 46   2457235.35 2015  7 31 20 25   2457235.42 2015  7 31 22  4
 2457236.37 2015  8  1 20 57   2457236.44 2015  8  1 22 36   2457236.51 2015  8  2  0 15
 2457237.46 2015  8  2 23  9   2457237.53 2015  8  3  0 48   2457237.60 2015  8  3  2 27
 2457238.56 2015  8  4  1 21   2457238.63 2015  8  4  3  0   2457238.69 2015  8  4  4 38
 2457239.65 2015  8  5  3 32   2457239.72 2015  8  5  5 11   2457239.79 2015  8  5  6 50
 2457240.74 2015  8  6  5 44   2457240.81 2015  8  6  7 23   2457240.88 2015  8  6  9  2
 2457241.83 2015  8  7  7 56   2457241.90 2015  8  7  9 34   2457241.97 2015  8  7 11 13
 2457242.92 2015  8  8 10  7   2457242.99 2015  8  8 11 46   2457243.06 2015  8  8 13 25
 2457244.01 2015  8  9 12 19   2457244.08 2015  8  9 13 58   2457244.15 2015  8  9 15 37
 2457245.10 2015  8 10 14 30   2457245.17 2015  8 10 16  9   2457245.24 2015  8 10 17 48
 2457246.20 2015  8 11 16 42   2457246.26 2015  8 11 18 21   2457246.33 2015  8 11 20  0
 2457247.29 2015  8 12 18 54   2457247.36 2015  8 12 20 33   2457247.43 2015  8 12 22 12
 2457248.38 2015  8 13 21  5   2457248.45 2015  8 13 22 44   2457248.52 2015  8 14  0 23
 2457249.47 2015  8 14 23 17   2457249.54 2015  8 15  0 56   2457249.61 2015  8 15  2 35
 2457250.56 2015  8 16  1 29   2457250.63 2015  8 16  3  8   2457250.70 2015  8 16  4 47
 2457251.65 2015  8 17  3 40   2457251.72 2015  8 17  5 19   2457251.79 2015  8 17  6 58
 2457252.74 2015  8 18  5 52   2457252.81 2015  8 18  7 31   2457252.88 2015  8 18  9 10
 2457253.84 2015  8 19  8  4   2457253.90 2015  8 19  9 43   2457253.97 2015  8 19 11 22
 2457254.93 2015  8 20 10 15   2457255.00 2015  8 20 11 54   2457255.07 2015  8 20 13 33
 2457256.02 2015  8 21 12 27   2457256.09 2015  8 21 14  6   2457256.16 2015  8 21 15 45
 2457257.11 2015  8 22 14 39   2457257.18 2015  8 22 16 18   2457257.25 2015  8 22 17 57
 2457258.20 2015  8 23 16 50   2457258.27 2015  8 23 18 29   2457258.34 2015  8 23 20  8
 2457259.29 2015  8 24 19  2   2457259.36 2015  8 24 20 41   2457259.43 2015  8 24 22 20
 2457260.38 2015  8 25 21 13   2457260.45 2015  8 25 22 53   2457260.52 2015  8 26  0 32
 2457261.48 2015  8 26 23 25   2457261.54 2015  8 27  1  4   2457261.61 2015  8 27  2 43
 2457262.57 2015  8 28  1 37   2457262.64 2015  8 28  3 16   2457262.71 2015  8 28  4 55
 2457263.66 2015  8 29  3 48   2457263.73 2015  8 29  5 27   2457263.80 2015  8 29  7  6
 2457264.75 2015  8 30  6  0   2457264.82 2015  8 30  7 39   2457264.89 2015  8 30  9 18
 2457265.84 2015  8 31  8 12   2457265.91 2015  8 31  9 51   2457265.98 2015  8 31 11 30
 2457266.93 2015  9  1 10 23   2457267.00 2015  9  1 12  2   2457267.07 2015  9  1 13 41
 2457268.02 2015  9  2 12 35   2457268.09 2015  9  2 14 14   2457268.16 2015  9  2 15 53
 2457269.12 2015  9  3 14 47   2457269.18 2015  9  3 16 26   2457269.25 2015  9  3 18  5
 2457270.21 2015  9  4 16 58   2457270.28 2015  9  4 18 37   2457270.35 2015  9  4 20 16
 2457271.30 2015  9  5 19 10   2457271.37 2015  9  5 20 49   2457271.44 2015  9  5 22 28
 2457272.39 2015  9  6 21 22   2457272.46 2015  9  6 23  1   2457272.53 2015  9  7  0 40
 2457273.48 2015  9  7 23 33   2457273.55 2015  9  8  1 12   2457273.62 2015  9  8  2 51
 2457274.57 2015  9  9  1 45   2457274.64 2015  9  9  3 24   2457274.71 2015  9  9  5  3
 2457275.66 2015  9 10  3 57   2457275.73 2015  9 10  5 36   2457275.80 2015  9 10  7 15
 2457276.76 2015  9 11  6  8   2457276.82 2015  9 11  7 47   2457276.89 2015  9 11  9 26
 2457277.85 2015  9 12  8 20   2457277.92 2015  9 12  9 59   2457277.99 2015  9 12 11 38
 2457278.94 2015  9 13 10 31   2457279.01 2015  9 13 12 11   2457279.08 2015  9 13 13 50
 2457280.03 2015  9 14 12 43   2457280.10 2015  9 14 14 22   2457280.17 2015  9 14 16  1
 2457281.12 2015  9 15 14 55   2457281.19 2015  9 15 16 34   2457281.26 2015  9 15 18 13
 2457282.21 2015  9 16 17  6   2457282.28 2015  9 16 18 45   2457282.35 2015  9 16 20 25
 2457283.30 2015  9 17 19 18   2457283.37 2015  9 17 20 57   2457283.44 2015  9 17 22 36
 2457284.40 2015  9 18 21 30   2457284.46 2015  9 18 23  9   2457284.53 2015  9 19  0 48
 2457285.49 2015  9 19 23 41   2457285.56 2015  9 20  1 20   2457285.63 2015  9 20  3  0
 2457286.58 2015  9 21  1 53   2457286.65 2015  9 21  3 32   2457286.72 2015  9 21  5 11
 2457287.67 2015  9 22  4  5   2457287.74 2015  9 22  5 44   2457287.81 2015  9 22  7 23
 2457288.76 2015  9 23  6 16   2457288.83 2015  9 23  7 55   2457288.90 2015  9 23  9 35
 2457289.85 2015  9 24  8 28   2457289.92 2015  9 24 10  7   2457289.99 2015  9 24 11 46
 2457290.94 2015  9 25 10 40   2457291.01 2015  9 25 12 19   2457291.08 2015  9 25 13 58
 2457292.04 2015  9 26 12 51   2457292.10 2015  9 26 14 30   2457292.17 2015  9 26 16  9
 2457293.13 2015  9 27 15  3   2457293.20 2015  9 27 16 42   2457293.27 2015  9 27 18 21
 2457294.22 2015  9 28 17 14   2457294.29 2015  9 28 18 54   2457294.36 2015  9 28 20 33
 2457295.31 2015  9 29 19 26   2457295.38 2015  9 29 21  5   2457295.45 2015  9 29 22 44
 2457296.40 2015  9 30 21 38   2457296.47 2015  9 30 23 17   2457296.54 2015 10  1  0 56
 2457297.49 2015 10  1 23 49   2457297.56 2015 10  2  1 29   2457297.63 2015 10  2  3  8
 2457298.58 2015 10  3  2  1   2457298.65 2015 10  3  3 40   2457298.72 2015 10  3  5 19
 2457299.68 2015 10  4  4 13   2457299.74 2015 10  4  5 52   2457299.81 2015 10  4  7 31
 2457300.77 2015 10  5  6 24   2457300.84 2015 10  5  8  4   2457300.91 2015 10  5  9 43
 2457301.86 2015 10  6  8 36   2457301.93 2015 10  6 10 15   2457302.00 2015 10  6 11 54
 2457302.95 2015 10  7 10 48   2457303.02 2015 10  7 12 27   2457303.09 2015 10  7 14  6
 2457304.04 2015 10  8 12 59   2457304.11 2015 10  8 14 38   2457304.18 2015 10  8 16 18
 2457305.13 2015 10  9 15 11   2457305.20 2015 10  9 16 50   2457305.27 2015 10  9 18 29
 2457306.22 2015 10 10 17 23   2457306.29 2015 10 10 19  2   2457306.36 2015 10 10 20 41
 2457307.32 2015 10 11 19 34   2457307.38 2015 10 11 21 13   2457307.45 2015 10 11 22 53
 2457308.41 2015 10 12 21 46   2457308.48 2015 10 12 23 25   2457308.54 2015 10 13  1  4
 2457309.50 2015 10 13 23 58   2457309.57 2015 10 14  1 37   2457309.64 2015 10 14  3 16
 2457310.59 2015 10 15  2  9   2457310.66 2015 10 15  3 48   2457310.73 2015 10 15  5 28
 2457311.68 2015 10 16  4 21   2457311.75 2015 10 16  6  0   2457311.82 2015 10 16  7 39
 2457312.77 2015 10 17  6 32   2457312.84 2015 10 17  8 12   2457312.91 2015 10 17  9 51
 2457313.86 2015 10 18  8 44   2457313.93 2015 10 18 10 23   2457314.00 2015 10 18 12  3
 2457314.96 2015 10 19 10 56   2457315.02 2015 10 19 12 35   2457315.09 2015 10 19 14 14
 2457316.05 2015 10 20 13  7   2457316.12 2015 10 20 14 47   2457316.18 2015 10 20 16 26
 2457317.14 2015 10 21 15 19   2457317.21 2015 10 21 16 58   2457317.28 2015 10 21 18 38
 2457318.23 2015 10 22 17 31   2457318.30 2015 10 22 19 10   2457318.37 2015 10 22 20 49
 2457319.32 2015 10 23 19 42   2457319.39 2015 10 23 21 22   2457319.46 2015 10 23 23  1
 2457320.41 2015 10 24 21 54   2457320.48 2015 10 24 23 33   2457320.55 2015 10 25  1 12
 2457321.50 2015 10 26  0  6   2457321.57 2015 10 26  1 45   2457321.64 2015 10 26  3 24
 2457322.60 2015 10 27  2 17   2457322.66 2015 10 27  3 57   2457322.73 2015 10 27  5 36
 2457323.69 2015 10 28  4 29   2457323.76 2015 10 28  6  8   2457323.82 2015 10 28  7 47
 2457324.78 2015 10 29  6 41   2457324.85 2015 10 29  8 20   2457324.92 2015 10 29  9 59
 2457325.87 2015 10 30  8 52   2457325.94 2015 10 30 10 31   2457326.01 2015 10 30 12 11
 2457326.96 2015 10 31 11  4   2457327.03 2015 10 31 12 43   2457327.10 2015 10 31 14 22
 2457328.05 2015 11  1 13 15   2457328.12 2015 11  1 14 55   2457328.19 2015 11  1 16 34
 2457329.14 2015 11  2 15 27   2457329.21 2015 11  2 17  6   2457329.28 2015 11  2 18 46
 2457330.24 2015 11  3 17 39   2457330.30 2015 11  3 19 18   2457330.37 2015 11  3 20 57
 2457331.33 2015 11  4 19 50   2457331.40 2015 11  4 21 30   2457331.46 2015 11  4 23  9
 2457332.42 2015 11  5 22  2   2457332.49 2015 11  5 23 41   2457332.56 2015 11  6  1 21
 2457333.51 2015 11  7  0 14   2457333.58 2015 11  7  1 53   2457333.65 2015 11  7  3 32
 2457334.60 2015 11  8  2 25   2457334.67 2015 11  8  4  5   2457334.74 2015 11  8  5 44
 2457335.69 2015 11  9  4 37   2457335.76 2015 11  9  6 16   2457335.83 2015 11  9  7 56
 2457336.78 2015 11 10  6 49   2457336.85 2015 11 10  8 28   2457336.92 2015 11 10 10  7
 2457337.88 2015 11 11  9  0   2457337.94 2015 11 11 10 40   2457338.01 2015 11 11 12 19
 2457338.97 2015 11 12 11 12   2457339.04 2015 11 12 12 51   2457339.10 2015 11 12 14 31
 2457340.06 2015 11 13 13 24   2457340.13 2015 11 13 15  3   2457340.20 2015 11 13 16 42
 2457341.15 2015 11 14 15 35   2457341.22 2015 11 14 17 15   2457341.29 2015 11 14 18 54
 2457342.24 2015 11 15 17 47   2457342.31 2015 11 15 19 26   2457342.38 2015 11 15 21  6
 2457343.33 2015 11 16 19 59   2457343.40 2015 11 16 21 38   2457343.47 2015 11 16 23 17
 2457344.42 2015 11 17 22 10   2457344.49 2015 11 17 23 49   2457344.56 2015 11 18  1 29
 2457345.52 2015 11 19  0 22   2457345.58 2015 11 19  2  1   2457345.65 2015 11 19  3 41
 2457346.61 2015 11 20  2 33   2457346.68 2015 11 20  4 13   2457346.74 2015 11 20  5 52
 2457347.70 2015 11 21  4 45   2457347.77 2015 11 21  6 24   2457347.84 2015 11 21  8  4
 2457348.79 2015 11 22  6 57   2457348.86 2015 11 22  8 36   2457348.93 2015 11 22 10 15
 2457349.88 2015 11 23  9  8   2457349.95 2015 11 23 10 48   2457350.02 2015 11 23 12 27
 2457350.97 2015 11 24 11 20   2457351.04 2015 11 24 12 59   2457351.11 2015 11 24 14 39
 2457352.06 2015 11 25 13 32   2457352.13 2015 11 25 15 11   2457352.20 2015 11 25 16 50
 2457353.16 2015 11 26 15 43   2457353.22 2015 11 26 17 23   2457353.29 2015 11 26 19  2
 2457354.25 2015 11 27 17 55   2457354.32 2015 11 27 19 34   2457354.38 2015 11 27 21 14
 2457355.34 2015 11 28 20  7   2457355.41 2015 11 28 21 46   2457355.48 2015 11 28 23 25
 2457356.43 2015 11 29 22 18   2457356.50 2015 11 29 23 58   2457356.57 2015 11 30  1 37
 2457357.52 2015 12  1  0 30   2457357.59 2015 12  1  2  9   2457357.66 2015 12  1  3 49
 2457358.61 2015 12  2  2 42   2457358.68 2015 12  2  4 21   2457358.75 2015 12  2  6  0
 2457359.70 2015 12  3  4 53   2457359.77 2015 12  3  6 33   2457359.84 2015 12  3  8 12
 2457360.80 2015 12  4  7  5   2457360.86 2015 12  4  8 44   2457360.93 2015 12  4 10 24
 2457361.89 2015 12  5  9 16   2457361.96 2015 12  5 10 56   2457362.02 2015 12  5 12 35
 2457362.98 2015 12  6 11 28   2457363.05 2015 12  6 13  8   2457363.12 2015 12  6 14 47
 2457364.07 2015 12  7 13 40   2457364.14 2015 12  7 15 19   2457364.21 2015 12  7 16 59
 2457365.16 2015 12  8 15 51   2457365.23 2015 12  8 17 31   2457365.30 2015 12  8 19 10
 2457366.25 2015 12  9 18  3   2457366.32 2015 12  9 19 42   2457366.39 2015 12  9 21 22
 2457367.34 2015 12 10 20 15   2457367.41 2015 12 10 21 54   2457367.48 2015 12 10 23 34
 2457368.44 2015 12 11 22 26   2457368.50 2015 12 12  0  6   2457368.57 2015 12 12  1 45
 2457369.53 2015 12 13  0 38   2457369.60 2015 12 13  2 17   2457369.66 2015 12 13  3 57
 2457370.62 2015 12 14  2 50   2457370.69 2015 12 14  4 29   2457370.76 2015 12 14  6  9
 2457371.71 2015 12 15  5  1   2457371.78 2015 12 15  6 41   2457371.85 2015 12 15  8 20
 2457372.80 2015 12 16  7 13   2457372.87 2015 12 16  8 52   2457372.94 2015 12 16 10 32
 2457373.89 2015 12 17  9 25   2457373.96 2015 12 17 11  4   2457374.03 2015 12 17 12 43
 2457374.98 2015 12 18 11 36   2457375.05 2015 12 18 13 16   2457375.12 2015 12 18 14 55
 2457376.08 2015 12 19 13 48   2457376.14 2015 12 19 15 27   2457376.21 2015 12 19 17  7
 2457377.17 2015 12 20 15 59   2457377.24 2015 12 20 17 39   2457377.30 2015 12 20 19 18
 2457378.26 2015 12 21 18 11   2457378.33 2015 12 21 19 51   2457378.40 2015 12 21 21 30
 2457379.35 2015 12 22 20 23   2457379.42 2015 12 22 22  2   2457379.49 2015 12 22 23 42
 2457380.44 2015 12 23 22 34   2457380.51 2015 12 24  0 14   2457380.58 2015 12 24  1 53
 2457381.53 2015 12 25  0 46   2457381.60 2015 12 25  2 26   2457381.67 2015 12 25  4  5
 2457382.62 2015 12 26  2 58   2457382.69 2015 12 26  4 37   2457382.76 2015 12 26  6 17
 2457383.72 2015 12 27  5  9   2457383.78 2015 12 27  6 49   2457383.85 2015 12 27  8 28
 2457384.81 2015 12 28  7 21   2457384.88 2015 12 28  9  1   2457384.94 2015 12 28 10 40
 2457385.90 2015 12 29  9 33   2457385.97 2015 12 29 11 12   2457386.04 2015 12 29 12 52
 2457386.99 2015 12 30 11 44   2457387.06 2015 12 30 13 24   2457387.13 2015 12 30 15  3
 2457388.08 2015 12 31 13 56   2457388.15 2015 12 31 15 35   2457388.22 2015 12 31 17 15
 2457389.17 2016  1  1 16  8   2457389.24 2016  1  1 17 47   2457389.31 2016  1  1 19 27
 2457390.26 2016  1  2 18 19   2457390.33 2016  1  2 19 59   2457390.40 2016  1  2 21 38
 2457391.36 2016  1  3 20 31   2457391.42 2016  1  3 22 10   2457391.49 2016  1  3 23 50
 2457392.45 2016  1  4 22 43   2457392.52 2016  1  5  0 22   2457392.58 2016  1  5  2  2
 2457393.54 2016  1  6  0 54   2457393.61 2016  1  6  2 34   2457393.68 2016  1  6  4 13
 2457394.63 2016  1  7  3  6   2457394.70 2016  1  7  4 45   2457394.77 2016  1  7  6 25
 2457395.72 2016  1  8  5 17   2457395.79 2016  1  8  6 57   2457395.86 2016  1  8  8 37
 2457396.81 2016  1  9  7 29   2457396.88 2016  1  9  9  9   2457396.95 2016  1  9 10 48
 2457397.90 2016  1 10  9 41   2457397.97 2016  1 10 11 20   2457398.04 2016  1 10 13  0
 2457399.00 2016  1 11 11 52   2457399.06 2016  1 11 13 32   2457399.13 2016  1 11 15 12
 2457400.09 2016  1 12 14  4   2457400.16 2016  1 12 15 44   2457400.22 2016  1 12 17 23
 2457401.18 2016  1 13 16 16   2457401.25 2016  1 13 17 55   2457401.32 2016  1 13 19 35
 2457402.27 2016  1 14 18 27   2457402.34 2016  1 14 20  7   2457402.41 2016  1 14 21 46
 2457403.36 2016  1 15 20 39   2457403.43 2016  1 15 22 19   2457403.50 2016  1 15 23 58
 2457404.45 2016  1 16 22 51   2457404.52 2016  1 17  0 30   2457404.59 2016  1 17  2 10
 2457405.54 2016  1 18  1  2   2457405.61 2016  1 18  2 42   2457405.68 2016  1 18  4 21
 2457406.63 2016  1 19  3 14   2457406.70 2016  1 19  4 53   2457406.77 2016  1 19  6 33
 2457407.73 2016  1 20  5 26   2457407.80 2016  1 20  7  5   2457407.86 2016  1 20  8 45
 2457408.82 2016  1 21  7 37   2457408.89 2016  1 21  9 17   2457408.96 2016  1 21 10 56
 2457409.91 2016  1 22  9 49   2457409.98 2016  1 22 11 28   2457410.05 2016  1 22 13  8
 2457411.00 2016  1 23 12  0   2457411.07 2016  1 23 13 40   2457411.14 2016  1 23 15 20
 2457412.09 2016  1 24 14 12   2457412.16 2016  1 24 15 52   2457412.23 2016  1 24 17 31
 2457413.18 2016  1 25 16 24   2457413.25 2016  1 25 18  3   2457413.32 2016  1 25 19 43
 2457414.27 2016  1 26 18 35   2457414.34 2016  1 26 20 15   2457414.41 2016  1 26 21 55
 2457415.37 2016  1 27 20 47   2457415.44 2016  1 27 22 27   2457415.50 2016  1 28  0  6
 2457416.46 2016  1 28 22 59   2457416.53 2016  1 29  0 38   2457416.60 2016  1 29  2 18
 2457417.55 2016  1 30  1 10   2457417.62 2016  1 30  2 50   2457417.69 2016  1 30  4 30
 2457418.64 2016  1 31  3 22   2457418.71 2016  1 31  5  2   2457418.78 2016  1 31  6 41
 2457419.73 2016  2  1  5 34   2457419.80 2016  2  1  7 13   2457419.87 2016  2  1  8 53
 2457420.82 2016  2  2  7 45   2457420.89 2016  2  2  9 25   2457420.96 2016  2  2 11  5
 2457421.91 2016  2  3  9 57   2457421.98 2016  2  3 11 37   2457422.05 2016  2  3 13 16
 2457423.01 2016  2  4 12  9   2457423.08 2016  2  4 13 48   2457423.14 2016  2  4 15 28
 2457424.10 2016  2  5 14 20   2457424.17 2016  2  5 16  0   2457424.24 2016  2  5 17 40
 2457425.19 2016  2  6 16 32   2457425.26 2016  2  6 18 12   2457425.33 2016  2  6 19 51
 2457426.28 2016  2  7 18 44   2457426.35 2016  2  7 20 23   2457426.42 2016  2  7 22  3
 2457427.37 2016  2  8 20 55   2457427.44 2016  2  8 22 35   2457427.51 2016  2  9  0 15
 2457428.46 2016  2  9 23  7   2457428.53 2016  2 10  0 46   2457428.60 2016  2 10  2 26
 2457429.55 2016  2 11  1 18   2457429.62 2016  2 11  2 58   2457429.69 2016  2 11  4 38
 2457430.65 2016  2 12  3 30   2457430.72 2016  2 12  5 10   2457430.78 2016  2 12  6 49
 2457431.74 2016  2 13  5 42   2457431.81 2016  2 13  7 21   2457431.88 2016  2 13  9  1
 2457432.83 2016  2 14  7 53   2457432.90 2016  2 14  9 33   2457432.97 2016  2 14 11 13
 2457433.92 2016  2 15 10  5   2457433.99 2016  2 15 11 45   2457434.06 2016  2 15 13 24
 2457435.01 2016  2 16 12 17   2457435.08 2016  2 16 13 56   2457435.15 2016  2 16 15 36
 2457436.10 2016  2 17 14 28   2457436.17 2016  2 17 16  8   2457436.24 2016  2 17 17 48
 2457437.19 2016  2 18 16 40   2457437.26 2016  2 18 18 20   2457437.33 2016  2 18 19 59
 2457438.29 2016  2 19 18 52   2457438.36 2016  2 19 20 31   2457438.42 2016  2 19 22 11
 2457439.38 2016  2 20 21  3   2457439.45 2016  2 20 22 43   2457439.52 2016  2 21  0 23
 2457440.47 2016  2 21 23 15   2457440.54 2016  2 22  0 55   2457440.61 2016  2 22  2 34
 2457441.56 2016  2 23  1 27   2457441.63 2016  2 23  3  6   2457441.70 2016  2 23  4 46
 2457442.65 2016  2 24  3 38   2457442.72 2016  2 24  5 18   2457442.79 2016  2 24  6 58
 2457443.74 2016  2 25  5 50   2457443.81 2016  2 25  7 30   2457443.88 2016  2 25  9  9
 2457444.83 2016  2 26  8  1   2457444.90 2016  2 26  9 41   2457444.97 2016  2 26 11 21
 2457445.93 2016  2 27 10 13   2457446.00 2016  2 27 11 53   2457446.06 2016  2 27 13 33
 2457447.02 2016  2 28 12 25   2457447.09 2016  2 28 14  5   2457447.16 2016  2 28 15 44
 2457448.11 2016  2 29 14 36   2457448.18 2016  2 29 16 16   2457448.25 2016  2 29 17 56
 2457449.20 2016  3  1 16 48   2457449.27 2016  3  1 18 28   2457449.34 2016  3  1 20  8
 2457450.29 2016  3  2 19  0   2457450.36 2016  3  2 20 39   2457450.43 2016  3  2 22 19
 2457451.38 2016  3  3 21 11   2457451.45 2016  3  3 22 51   2457451.52 2016  3  4  0 31
 2457452.47 2016  3  4 23 23   2457452.54 2016  3  5  1  3   2457452.61 2016  3  5  2 43
 2457453.57 2016  3  6  1 35   2457453.64 2016  3  6  3 14   2457453.70 2016  3  6  4 54
 2457454.66 2016  3  7  3 46   2457454.73 2016  3  7  5 26   2457454.80 2016  3  7  7  6
 2457455.75 2016  3  8  5 58   2457455.82 2016  3  8  7 38   2457455.89 2016  3  8  9 18
 2457456.84 2016  3  9  8 10   2457456.91 2016  3  9  9 49   2457456.98 2016  3  9 11 29
 2457457.93 2016  3 10 10 21   2457458.00 2016  3 10 12  1   2457458.07 2016  3 10 13 41
 2457459.02 2016  3 11 12 33   2457459.09 2016  3 11 14 13   2457459.16 2016  3 11 15 52
 2457460.11 2016  3 12 14 44   2457460.18 2016  3 12 16 24   2457460.25 2016  3 12 18  4
 2457461.21 2016  3 13 16 56   2457461.28 2016  3 13 18 36   2457461.34 2016  3 13 20 16
 2457462.30 2016  3 14 19  8   2457462.37 2016  3 14 20 48   2457462.44 2016  3 14 22 27
 2457463.39 2016  3 15 21 19   2457463.46 2016  3 15 22 59   2457463.53 2016  3 16  0 39
 2457464.48 2016  3 16 23 31   2457464.55 2016  3 17  1 11   2457464.62 2016  3 17  2 51
 2457465.57 2016  3 18  1 43   2457465.64 2016  3 18  3 23   2457465.71 2016  3 18  5  2
 2457466.66 2016  3 19  3 54   2457466.73 2016  3 19  5 34   2457466.80 2016  3 19  7 14
 2457467.75 2016  3 20  6  6   2457467.82 2016  3 20  7 46   2457467.89 2016  3 20  9 26
 2457468.85 2016  3 21  8 18   2457468.92 2016  3 21  9 57   2457468.98 2016  3 21 11 37
 2457469.94 2016  3 22 10 29   2457470.01 2016  3 22 12  9   2457470.08 2016  3 22 13 49
 2457471.03 2016  3 23 12 41   2457471.10 2016  3 23 14 21   2457471.17 2016  3 23 16  1
 2457472.12 2016  3 24 14 53   2457472.19 2016  3 24 16 32   2457472.26 2016  3 24 18 12
 2457473.21 2016  3 25 17  4   2457473.28 2016  3 25 18 44   2457473.35 2016  3 25 20 24
 2457474.30 2016  3 26 19 16   2457474.37 2016  3 26 20 56   2457474.44 2016  3 26 22 36
 2457475.39 2016  3 27 21 28   2457475.46 2016  3 27 23  7   2457475.53 2016  3 28  0 47
 2457476.49 2016  3 28 23 39   2457476.56 2016  3 29  1 19   2457476.62 2016  3 29  2 59
 2457477.58 2016  3 30  1 51   2457477.65 2016  3 30  3 31   2457477.72 2016  3 30  5 11
 2457478.67 2016  3 31  4  2   2457478.74 2016  3 31  5 42   2457478.81 2016  3 31  7 22
 2457479.76 2016  4  1  6 14   2457479.83 2016  4  1  7 54   2457479.90 2016  4  1  9 34
 2457480.85 2016  4  2  8 26   2457480.92 2016  4  2 10  6   2457480.99 2016  4  2 11 46
 2457481.94 2016  4  3 10 37   2457482.01 2016  4  3 12 17   2457482.08 2016  4  3 13 57
 2457483.03 2016  4  4 12 49   2457483.10 2016  4  4 14 29   2457483.17 2016  4  4 16  9
 2457484.13 2016  4  5 15  1   2457484.20 2016  4  5 16 41   2457484.26 2016  4  5 18 20
 2457485.22 2016  4  6 17 12   2457485.29 2016  4  6 18 52   2457485.36 2016  4  6 20 32
 2457486.31 2016  4  7 19 24   2457486.38 2016  4  7 21  4   2457486.45 2016  4  7 22 44
 2457487.40 2016  4  8 21 36   2457487.47 2016  4  8 23 16   2457487.54 2016  4  9  0 55
 2457488.49 2016  4  9 23 47   2457488.56 2016  4 10  1 27   2457488.63 2016  4 10  3  7
 2457489.58 2016  4 11  1 59   2457489.65 2016  4 11  3 39   2457489.72 2016  4 11  5 19
 2457490.67 2016  4 12  4 11   2457490.74 2016  4 12  5 50   2457490.81 2016  4 12  7 30
 2457491.77 2016  4 13  6 22   2457491.84 2016  4 13  8  2   2457491.90 2016  4 13  9 42
 2457492.86 2016  4 14  8 34   2457492.93 2016  4 14 10 14   2457493.00 2016  4 14 11 54
 2457493.95 2016  4 15 10 45   2457494.02 2016  4 15 12 25   2457494.09 2016  4 15 14  5
 2457495.04 2016  4 16 12 57   2457495.11 2016  4 16 14 37   2457495.18 2016  4 16 16 17
 2457496.13 2016  4 17 15  9   2457496.20 2016  4 17 16 49   2457496.27 2016  4 17 18 29
 2457497.22 2016  4 18 17 20   2457497.29 2016  4 18 19  0   2457497.36 2016  4 18 20 40
 2457498.31 2016  4 19 19 32   2457498.38 2016  4 19 21 12   2457498.45 2016  4 19 22 52
 2457499.41 2016  4 20 21 44   2457499.48 2016  4 20 23 24   2457499.54 2016  4 21  1  4
 2457500.50 2016  4 21 23 55   2457500.57 2016  4 22  1 35   2457500.64 2016  4 22  3 15
 2457501.59 2016  4 23  2  7   2457501.66 2016  4 23  3 47   2457501.73 2016  4 23  5 27
 2457502.68 2016  4 24  4 19   2457502.75 2016  4 24  5 59   2457502.82 2016  4 24  7 39
 2457503.77 2016  4 25  6 30   2457503.84 2016  4 25  8 10   2457503.91 2016  4 25  9 50
 2457504.86 2016  4 26  8 42   2457504.93 2016  4 26 10 22   2457505.00 2016  4 26 12  2
 2457505.95 2016  4 27 10 54   2457506.02 2016  4 27 12 34   2457506.09 2016  4 27 14 14
 2457507.05 2016  4 28 13  5   2457507.12 2016  4 28 14 45   2457507.18 2016  4 28 16 25
 2457508.14 2016  4 29 15 17   2457508.21 2016  4 29 16 57   2457508.28 2016  4 29 18 37
 2457509.23 2016  4 30 17 29   2457509.30 2016  4 30 19  9   2457509.37 2016  4 30 20 49
 2457510.32 2016  5  1 19 40   2457510.39 2016  5  1 21 20   2457510.46 2016  5  1 23  0
 2457511.41 2016  5  2 21 52   2457511.48 2016  5  2 23 32   2457511.55 2016  5  3  1 12
 2457512.50 2016  5  4  0  3   2457512.57 2016  5  4  1 43   2457512.64 2016  5  4  3 23
 2457513.59 2016  5  5  2 15   2457513.66 2016  5  5  3 55   2457513.73 2016  5  5  5 35
 2457514.69 2016  5  6  4 27   2457514.76 2016  5  6  6  7   2457514.82 2016  5  6  7 47
 2457515.78 2016  5  7  6 38   2457515.85 2016  5  7  8 18   2457515.92 2016  5  7  9 58
 2457516.87 2016  5  8  8 50   2457516.94 2016  5  8 10 30   2457517.01 2016  5  8 12 10
 2457517.96 2016  5  9 11  2   2457518.03 2016  5  9 12 42   2457518.10 2016  5  9 14 22
 2457519.05 2016  5 10 13 13   2457519.12 2016  5 10 14 53   2457519.19 2016  5 10 16 33
 2457520.14 2016  5 11 15 25   2457520.21 2016  5 11 17  5   2457520.28 2016  5 11 18 45
 2457521.23 2016  5 12 17 37   2457521.30 2016  5 12 19 17   2457521.37 2016  5 12 20 57
 2457522.33 2016  5 13 19 48   2457522.40 2016  5 13 21 28   2457522.46 2016  5 13 23  8
 2457523.42 2016  5 14 22  0   2457523.49 2016  5 14 23 40   2457523.56 2016  5 15  1 20
 2457524.51 2016  5 16  0 12   2457524.58 2016  5 16  1 52   2457524.65 2016  5 16  3 32
 2457525.60 2016  5 17  2 23   2457525.67 2016  5 17  4  3   2457525.74 2016  5 17  5 43
 2457526.69 2016  5 18  4 35   2457526.76 2016  5 18  6 15   2457526.83 2016  5 18  7 55
 2457527.78 2016  5 19  6 46   2457527.85 2016  5 19  8 27   2457527.92 2016  5 19 10  7
 2457528.87 2016  5 20  8 58   2457528.94 2016  5 20 10 38   2457529.01 2016  5 20 12 18
 2457529.97 2016  5 21 11 10   2457530.03 2016  5 21 12 50   2457530.10 2016  5 21 14 30
 2457531.06 2016  5 22 13 21   2457531.13 2016  5 22 15  1   2457531.20 2016  5 22 16 42
 2457532.15 2016  5 23 15 33   2457532.22 2016  5 23 17 13   2457532.29 2016  5 23 18 53
 2457533.24 2016  5 24 17 45   2457533.31 2016  5 24 19 25   2457533.38 2016  5 24 21  5
 2457534.33 2016  5 25 19 56   2457534.40 2016  5 25 21 36   2457534.47 2016  5 25 23 17
 2457535.42 2016  5 26 22  8   2457535.49 2016  5 26 23 48   2457535.56 2016  5 27  1 28
 2457536.51 2016  5 28  0 20   2457536.58 2016  5 28  2  0   2457536.65 2016  5 28  3 40
 2457537.61 2016  5 29  2 31   2457537.67 2016  5 29  4 11   2457537.74 2016  5 29  5 52
 2457538.70 2016  5 30  4 43   2457538.77 2016  5 30  6 23   2457538.84 2016  5 30  8  3
 2457539.79 2016  5 31  6 55   2457539.86 2016  5 31  8 35   2457539.93 2016  5 31 10 15
 2457540.88 2016  6  1  9  6   2457540.95 2016  6  1 10 46   2457541.02 2016  6  1 12 26
 2457541.97 2016  6  2 11 18   2457542.04 2016  6  2 12 58   2457542.11 2016  6  2 14 38
 2457543.06 2016  6  3 13 29   2457543.13 2016  6  3 15 10   2457543.20 2016  6  3 16 50
 2457544.15 2016  6  4 15 41   2457544.22 2016  6  4 17 21   2457544.29 2016  6  4 19  1
 2457545.25 2016  6  5 17 53   2457545.31 2016  6  5 19 33   2457545.38 2016  6  5 21 13
 2457546.34 2016  6  6 20  4   2457546.41 2016  6  6 21 45   2457546.48 2016  6  6 23 25
 2457547.43 2016  6  7 22 16   2457547.50 2016  6  7 23 56   2457547.57 2016  6  8  1 36
 2457548.52 2016  6  9  0 28   2457548.59 2016  6  9  2  8   2457548.66 2016  6  9  3 48
 2457549.61 2016  6 10  2 39   2457549.68 2016  6 10  4 20   2457549.75 2016  6 10  6  0
 2457550.70 2016  6 11  4 51   2457550.77 2016  6 11  6 31   2457550.84 2016  6 11  8 11
 2457551.79 2016  6 12  7  3   2457551.86 2016  6 12  8 43   2457551.93 2016  6 12 10 23
 2457552.89 2016  6 13  9 14   2457552.95 2016  6 13 10 54   2457553.02 2016  6 13 12 35
 2457553.98 2016  6 14 11 26   2457554.05 2016  6 14 13  6   2457554.12 2016  6 14 14 46
 2457555.07 2016  6 15 13 38   2457555.14 2016  6 15 15 18   2457555.21 2016  6 15 16 58
 2457556.16 2016  6 16 15 49   2457556.23 2016  6 16 17 29   2457556.30 2016  6 16 19 10
 2457557.25 2016  6 17 18  1   2457557.32 2016  6 17 19 41   2457557.39 2016  6 17 21 21
 2457558.34 2016  6 18 20 13   2457558.41 2016  6 18 21 53   2457558.48 2016  6 18 23 33
 2457559.43 2016  6 19 22 24   2457559.50 2016  6 20  0  4   2457559.57 2016  6 20  1 45
 2457560.53 2016  6 21  0 36   2457560.59 2016  6 21  2 16   2457560.66 2016  6 21  3 56
 2457561.62 2016  6 22  2 47   2457561.69 2016  6 22  4 28   2457561.76 2016  6 22  6  8
 2457562.71 2016  6 23  4 59   2457562.78 2016  6 23  6 39   2457562.85 2016  6 23  8 20
 2457563.80 2016  6 24  7 11   2457563.87 2016  6 24  8 51   2457563.94 2016  6 24 10 31
 2457564.89 2016  6 25  9 22   2457564.96 2016  6 25 11  3   2457565.03 2016  6 25 12 43
 2457565.98 2016  6 26 11 34   2457566.05 2016  6 26 13 14   2457566.12 2016  6 26 14 54
 2457567.07 2016  6 27 13 46   2457567.14 2016  6 27 15 26   2457567.21 2016  6 27 17  6
 2457568.17 2016  6 28 15 57   2457568.23 2016  6 28 17 38   2457568.30 2016  6 28 19 18
 2457569.26 2016  6 29 18  9   2457569.33 2016  6 29 19 49   2457569.40 2016  6 29 21 29
 2457570.35 2016  6 30 20 21   2457570.42 2016  6 30 22  1   2457570.49 2016  6 30 23 41
 2457571.44 2016  7  1 22 32   2457571.51 2016  7  2  0 13   2457571.58 2016  7  2  1 53
 2457572.53 2016  7  3  0 44   2457572.60 2016  7  3  2 24   2457572.67 2016  7  3  4  4
 2457573.62 2016  7  4  2 56   2457573.69 2016  7  4  4 36   2457573.76 2016  7  4  6 16
 2457574.71 2016  7  5  5  7   2457574.78 2016  7  5  6 47   2457574.85 2016  7  5  8 28
 2457575.81 2016  7  6  7 19   2457575.87 2016  7  6  8 59   2457575.94 2016  7  6 10 39
 2457576.90 2016  7  7  9 30   2457576.97 2016  7  7 11 11   2457577.04 2016  7  7 12 51
 2457577.99 2016  7  8 11 42   2457578.06 2016  7  8 13 22   2457578.13 2016  7  8 15  3
 2457579.08 2016  7  9 13 54   2457579.15 2016  7  9 15 34   2457579.22 2016  7  9 17 14
 2457580.17 2016  7 10 16  5   2457580.24 2016  7 10 17 46   2457580.31 2016  7 10 19 26
 2457581.26 2016  7 11 18 17   2457581.33 2016  7 11 19 57   2457581.40 2016  7 11 21 38
 2457582.35 2016  7 12 20 29   2457582.42 2016  7 12 22  9   2457582.49 2016  7 12 23 49
 2457583.45 2016  7 13 22 40   2457583.51 2016  7 14  0 21   2457583.58 2016  7 14  2  1
 2457584.54 2016  7 15  0 52   2457584.61 2016  7 15  2 32   2457584.68 2016  7 15  4 13
 2457585.63 2016  7 16  3  4   2457585.70 2016  7 16  4 44   2457585.77 2016  7 16  6 24
 2457586.72 2016  7 17  5 15   2457586.79 2016  7 17  6 56   2457586.86 2016  7 17  8 36
 2457587.81 2016  7 18  7 27   2457587.88 2016  7 18  9  7   2457587.95 2016  7 18 10 48
 2457588.90 2016  7 19  9 39   2457588.97 2016  7 19 11 19   2457589.04 2016  7 19 12 59
 2457589.99 2016  7 20 11 50   2457590.06 2016  7 20 13 31   2457590.13 2016  7 20 15 11
 2457591.08 2016  7 21 14  2   2457591.15 2016  7 21 15 42   2457591.22 2016  7 21 17 23
 2457592.18 2016  7 22 16 14   2457592.25 2016  7 22 17 54   2457592.32 2016  7 22 19 34
 2457593.27 2016  7 23 18 25   2457593.34 2016  7 23 20  5   2457593.41 2016  7 23 21 46
 2457594.36 2016  7 24 20 37   2457594.43 2016  7 24 22 17   2457594.50 2016  7 24 23 57
 2457595.45 2016  7 25 22 48   2457595.52 2016  7 26  0 29   2457595.59 2016  7 26  2  9
 2457596.54 2016  7 27  1  0   2457596.61 2016  7 27  2 40   2457596.68 2016  7 27  4 21
 2457597.63 2016  7 28  3 12   2457597.70 2016  7 28  4 52   2457597.77 2016  7 28  6 32
 2457598.72 2016  7 29  5 23   2457598.79 2016  7 29  7  4   2457598.86 2016  7 29  8 44
 2457599.82 2016  7 30  7 35   2457599.89 2016  7 30  9 15   2457599.96 2016  7 30 10 56
 2457600.91 2016  7 31  9 47   2457600.98 2016  7 31 11 27   2457601.05 2016  7 31 13  7
 2457602.00 2016  8  1 11 58   2457602.07 2016  8  1 13 39   2457602.14 2016  8  1 15 19
 2457603.09 2016  8  2 14 10   2457603.16 2016  8  2 15 50   2457603.23 2016  8  2 17 31
 2457604.18 2016  8  3 16 22   2457604.25 2016  8  3 18  2   2457604.32 2016  8  3 19 42
 2457605.27 2016  8  4 18 33   2457605.34 2016  8  4 20 14   2457605.41 2016  8  4 21 54
 2457606.36 2016  8  5 20 45   2457606.43 2016  8  5 22 25   2457606.50 2016  8  6  0  6
