 Predicted Transit Epochs: WASP-1___ b

Observed Transit Duration:  226.4 Minutes

 Begin Transit Window           PREDICTED CENTRAL TRANSIT     End Transit Window
                                     All Times UT

                               HJD        Year M  D  H  M
 2456757.45 2014  4  9 22 50   2456757.55 2014  4 10  1 12   2456757.65 2014  4 10  3 34
 2456759.97 2014  4 12 11 18   2456760.07 2014  4 12 13 41   2456760.17 2014  4 12 16  3
 2456762.49 2014  4 14 23 47   2456762.59 2014  4 15  2  9   2456762.69 2014  4 15  4 31
 2456765.01 2014  4 17 12 16   2456765.11 2014  4 17 14 38   2456765.21 2014  4 17 17  0
 2456767.53 2014  4 20  0 45   2456767.63 2014  4 20  3  7   2456767.73 2014  4 20  5 29
 2456770.05 2014  4 22 13 13   2456770.15 2014  4 22 15 36   2456770.25 2014  4 22 17 58
 2456772.57 2014  4 25  1 42   2456772.67 2014  4 25  4  4   2456772.77 2014  4 25  6 27
 2456775.09 2014  4 27 14 11   2456775.19 2014  4 27 16 33   2456775.29 2014  4 27 18 55
 2456777.61 2014  4 30  2 39   2456777.71 2014  4 30  5  2   2456777.81 2014  4 30  7 24
 2456780.13 2014  5  2 15  8   2456780.23 2014  5  2 17 31   2456780.33 2014  5  2 19 53
 2456782.65 2014  5  5  3 37   2456782.75 2014  5  5  5 59   2456782.85 2014  5  5  8 22
 2456785.17 2014  5  7 16  6   2456785.27 2014  5  7 18 28   2456785.37 2014  5  7 20 50
 2456787.69 2014  5 10  4 34   2456787.79 2014  5 10  6 57   2456787.89 2014  5 10  9 19
 2456790.21 2014  5 12 17  3   2456790.31 2014  5 12 19 25   2456790.41 2014  5 12 21 48
 2456792.73 2014  5 15  5 32   2456792.83 2014  5 15  7 54   2456792.93 2014  5 15 10 17
 2456795.25 2014  5 17 18  0   2456795.35 2014  5 17 20 23   2456795.45 2014  5 17 22 45
 2456797.77 2014  5 20  6 29   2456797.87 2014  5 20  8 52   2456797.97 2014  5 20 11 14
 2456800.29 2014  5 22 18 58   2456800.39 2014  5 22 21 20   2456800.49 2014  5 22 23 43
 2456802.81 2014  5 25  7 27   2456802.91 2014  5 25  9 49   2456803.01 2014  5 25 12 12
 2456805.33 2014  5 27 19 55   2456805.43 2014  5 27 22 18   2456805.53 2014  5 28  0 41
 2456807.85 2014  5 30  8 24   2456807.95 2014  5 30 10 47   2456808.05 2014  5 30 13  9
 2456810.37 2014  6  1 20 53   2456810.47 2014  6  1 23 15   2456810.57 2014  6  2  1 38
 2456812.89 2014  6  4  9 22   2456812.99 2014  6  4 11 44   2456813.09 2014  6  4 14  7
 2456815.41 2014  6  6 21 50   2456815.51 2014  6  7  0 13   2456815.61 2014  6  7  2 36
 2456817.93 2014  6  9 10 19   2456818.03 2014  6  9 12 42   2456818.13 2014  6  9 15  4
 2456820.45 2014  6 11 22 48   2456820.55 2014  6 12  1 10   2456820.65 2014  6 12  3 33
 2456822.97 2014  6 14 11 16   2456823.07 2014  6 14 13 39   2456823.17 2014  6 14 16  2
 2456825.49 2014  6 16 23 45   2456825.59 2014  6 17  2  8   2456825.69 2014  6 17  4 31
 2456828.01 2014  6 19 12 14   2456828.11 2014  6 19 14 37   2456828.21 2014  6 19 16 59
 2456830.53 2014  6 22  0 43   2456830.63 2014  6 22  3  5   2456830.73 2014  6 22  5 28
 2456833.05 2014  6 24 13 11   2456833.15 2014  6 24 15 34   2456833.25 2014  6 24 17 57
 2456835.57 2014  6 27  1 40   2456835.67 2014  6 27  4  3   2456835.77 2014  6 27  6 26
 2456838.09 2014  6 29 14  9   2456838.19 2014  6 29 16 32   2456838.29 2014  6 29 18 55
 2456840.61 2014  7  2  2 37   2456840.71 2014  7  2  5  0   2456840.81 2014  7  2  7 23
 2456843.13 2014  7  4 15  6   2456843.23 2014  7  4 17 29   2456843.33 2014  7  4 19 52
 2456845.65 2014  7  7  3 35   2456845.75 2014  7  7  5 58   2456845.85 2014  7  7  8 21
 2456848.17 2014  7  9 16  4   2456848.27 2014  7  9 18 27   2456848.37 2014  7  9 20 50
 2456850.69 2014  7 12  4 32   2456850.79 2014  7 12  6 55   2456850.89 2014  7 12  9 18
 2456853.21 2014  7 14 17  1   2456853.31 2014  7 14 19 24   2456853.41 2014  7 14 21 47
 2456855.73 2014  7 17  5 30   2456855.83 2014  7 17  7 53   2456855.93 2014  7 17 10 16
 2456858.25 2014  7 19 17 58   2456858.35 2014  7 19 20 22   2456858.45 2014  7 19 22 45
 2456860.77 2014  7 22  6 27   2456860.87 2014  7 22  8 50   2456860.97 2014  7 22 11 13
 2456863.29 2014  7 24 18 56   2456863.39 2014  7 24 21 19   2456863.49 2014  7 24 23 42
 2456865.81 2014  7 27  7 25   2456865.91 2014  7 27  9 48   2456866.01 2014  7 27 12 11
 2456868.33 2014  7 29 19 53   2456868.43 2014  7 29 22 17   2456868.53 2014  7 30  0 40
 2456870.85 2014  8  1  8 22   2456870.95 2014  8  1 10 45   2456871.05 2014  8  1 13  9
 2456873.37 2014  8  3 20 51   2456873.47 2014  8  3 23 14   2456873.57 2014  8  4  1 37
 2456875.89 2014  8  6  9 19   2456875.99 2014  8  6 11 43   2456876.09 2014  8  6 14  6
 2456878.41 2014  8  8 21 48   2456878.51 2014  8  9  0 12   2456878.61 2014  8  9  2 35
 2456880.93 2014  8 11 10 17   2456881.03 2014  8 11 12 40   2456881.13 2014  8 11 15  4
 2456883.45 2014  8 13 22 46   2456883.55 2014  8 14  1  9   2456883.65 2014  8 14  3 32
 2456885.97 2014  8 16 11 14   2456886.07 2014  8 16 13 38   2456886.17 2014  8 16 16  1
 2456888.49 2014  8 18 23 43   2456888.59 2014  8 19  2  6   2456888.69 2014  8 19  4 30
 2456891.01 2014  8 21 12 12   2456891.11 2014  8 21 14 35   2456891.21 2014  8 21 16 59
 2456893.53 2014  8 24  0 40   2456893.63 2014  8 24  3  4   2456893.73 2014  8 24  5 27
 2456896.05 2014  8 26 13  9   2456896.15 2014  8 26 15 33   2456896.25 2014  8 26 17 56
 2456898.57 2014  8 29  1 38   2456898.67 2014  8 29  4  1   2456898.77 2014  8 29  6 25
 2456901.09 2014  8 31 14  7   2456901.19 2014  8 31 16 30   2456901.29 2014  8 31 18 54
 2456903.61 2014  9  3  2 35   2456903.71 2014  9  3  4 59   2456903.81 2014  9  3  7 23
 2456906.13 2014  9  5 15  4   2456906.23 2014  9  5 17 28   2456906.33 2014  9  5 19 51
 2456908.65 2014  9  8  3 33   2456908.75 2014  9  8  5 56   2456908.85 2014  9  8  8 20
 2456911.17 2014  9 10 16  2   2456911.27 2014  9 10 18 25   2456911.37 2014  9 10 20 49
 2456913.69 2014  9 13  4 30   2456913.79 2014  9 13  6 54   2456913.89 2014  9 13  9 18
 2456916.21 2014  9 15 16 59   2456916.31 2014  9 15 19 23   2456916.41 2014  9 15 21 46
 2456918.73 2014  9 18  5 28   2456918.83 2014  9 18  7 51   2456918.93 2014  9 18 10 15
 2456921.25 2014  9 20 17 56   2456921.35 2014  9 20 20 20   2456921.45 2014  9 20 22 44
 2456923.77 2014  9 23  6 25   2456923.87 2014  9 23  8 49   2456923.97 2014  9 23 11 13
 2456926.29 2014  9 25 18 54   2456926.39 2014  9 25 21 18   2456926.49 2014  9 25 23 41
 2456928.81 2014  9 28  7 23   2456928.91 2014  9 28  9 46   2456929.01 2014  9 28 12 10
 2456931.33 2014  9 30 19 51   2456931.43 2014  9 30 22 15   2456931.53 2014 10  1  0 39
 2456933.85 2014 10  3  8 20   2456933.95 2014 10  3 10 44   2456934.05 2014 10  3 13  8
 2456936.37 2014 10  5 20 49   2456936.47 2014 10  5 23 13   2456936.57 2014 10  6  1 37
 2456938.89 2014 10  8  9 17   2456938.99 2014 10  8 11 41   2456939.09 2014 10  8 14  5
 2456941.41 2014 10 10 21 46   2456941.51 2014 10 11  0 10   2456941.61 2014 10 11  2 34
 2456943.93 2014 10 13 10 15   2456944.03 2014 10 13 12 39   2456944.13 2014 10 13 15  3
 2456946.45 2014 10 15 22 44   2456946.55 2014 10 16  1  8   2456946.65 2014 10 16  3 32
 2456948.97 2014 10 18 11 12   2456949.07 2014 10 18 13 36   2456949.17 2014 10 18 16  0
 2456951.49 2014 10 20 23 41   2456951.59 2014 10 21  2  5   2456951.69 2014 10 21  4 29
 2456954.01 2014 10 23 12 10   2456954.11 2014 10 23 14 34   2456954.21 2014 10 23 16 58
 2456956.53 2014 10 26  0 38   2456956.63 2014 10 26  3  3   2456956.73 2014 10 26  5 27
 2456959.05 2014 10 28 13  7   2456959.15 2014 10 28 15 31   2456959.25 2014 10 28 17 55
 2456961.57 2014 10 31  1 36   2456961.67 2014 10 31  4  0   2456961.77 2014 10 31  6 24
 2456964.09 2014 11  2 14  5   2456964.19 2014 11  2 16 29   2456964.29 2014 11  2 18 53
 2456966.61 2014 11  5  2 33   2456966.71 2014 11  5  4 58   2456966.81 2014 11  5  7 22
 2456969.13 2014 11  7 15  2   2456969.23 2014 11  7 17 26   2456969.33 2014 11  7 19 51
 2456971.65 2014 11 10  3 31   2456971.75 2014 11 10  5 55   2456971.85 2014 11 10  8 19
 2456974.17 2014 11 12 15 59   2456974.27 2014 11 12 18 24   2456974.37 2014 11 12 20 48
 2456976.69 2014 11 15  4 28   2456976.79 2014 11 15  6 53   2456976.89 2014 11 15  9 17
 2456979.21 2014 11 17 16 57   2456979.31 2014 11 17 19 21   2456979.41 2014 11 17 21 46
 2456981.73 2014 11 20  5 26   2456981.83 2014 11 20  7 50   2456981.93 2014 11 20 10 14
 2456984.25 2014 11 22 17 54   2456984.35 2014 11 22 20 19   2456984.45 2014 11 22 22 43
 2456986.77 2014 11 25  6 23   2456986.87 2014 11 25  8 48   2456986.97 2014 11 25 11 12
 2456989.29 2014 11 27 18 52   2456989.39 2014 11 27 21 16   2456989.49 2014 11 27 23 41
 2456991.81 2014 11 30  7 20   2456991.91 2014 11 30  9 45   2456992.01 2014 11 30 12  9
 2456994.33 2014 12  2 19 49   2456994.43 2014 12  2 22 14   2456994.53 2014 12  3  0 38
 2456996.85 2014 12  5  8 18   2456996.95 2014 12  5 10 42   2456997.05 2014 12  5 13  7
 2456999.37 2014 12  7 20 47   2456999.47 2014 12  7 23 11   2456999.57 2014 12  8  1 36
 2457001.89 2014 12 10  9 15   2457001.99 2014 12 10 11 40   2457002.09 2014 12 10 14  5
 2457004.41 2014 12 12 21 44   2457004.51 2014 12 13  0  9   2457004.61 2014 12 13  2 33
 2457006.93 2014 12 15 10 13   2457007.03 2014 12 15 12 37   2457007.13 2014 12 15 15  2
 2457009.45 2014 12 17 22 42   2457009.55 2014 12 18  1  6   2457009.65 2014 12 18  3 31
 2457011.97 2014 12 20 11 10   2457012.07 2014 12 20 13 35   2457012.17 2014 12 20 16  0
 2457014.49 2014 12 22 23 39   2457014.59 2014 12 23  2  4   2457014.69 2014 12 23  4 28
 2457017.01 2014 12 25 12  8   2457017.11 2014 12 25 14 32   2457017.21 2014 12 25 16 57
 2457019.53 2014 12 28  0 36   2457019.63 2014 12 28  3  1   2457019.73 2014 12 28  5 26
 2457022.05 2014 12 30 13  5   2457022.15 2014 12 30 15 30   2457022.25 2014 12 30 17 55
 2457024.57 2015  1  2  1 34   2457024.67 2015  1  2  3 59   2457024.77 2015  1  2  6 24
 2457027.09 2015  1  4 14  3   2457027.19 2015  1  4 16 27   2457027.29 2015  1  4 18 52
 2457029.61 2015  1  7  2 31   2457029.71 2015  1  7  4 56   2457029.81 2015  1  7  7 21
 2457032.13 2015  1  9 15  0   2457032.23 2015  1  9 17 25   2457032.33 2015  1  9 19 50
 2457034.65 2015  1 12  3 29   2457034.75 2015  1 12  5 54   2457034.85 2015  1 12  8 19
 2457037.17 2015  1 14 15 57   2457037.27 2015  1 14 18 22   2457037.37 2015  1 14 20 47
 2457039.69 2015  1 17  4 26   2457039.79 2015  1 17  6 51   2457039.89 2015  1 17  9 16
 2457042.21 2015  1 19 16 55   2457042.31 2015  1 19 19 20   2457042.41 2015  1 19 21 45
 2457044.73 2015  1 22  5 24   2457044.83 2015  1 22  7 49   2457044.93 2015  1 22 10 14
 2457047.24 2015  1 24 17 52   2457047.35 2015  1 24 20 17   2457047.45 2015  1 24 22 42
 2457049.76 2015  1 27  6 21   2457049.87 2015  1 27  8 46   2457049.97 2015  1 27 11 11
 2457052.28 2015  1 29 18 50   2457052.39 2015  1 29 21 15   2457052.49 2015  1 29 23 40
 2457054.80 2015  2  1  7 18   2457054.91 2015  2  1  9 44   2457055.01 2015  2  1 12  9
 2457057.32 2015  2  3 19 47   2457057.43 2015  2  3 22 12   2457057.53 2015  2  4  0 38
 2457059.84 2015  2  6  8 16   2457059.95 2015  2  6 10 41   2457060.05 2015  2  6 13  6
 2457062.36 2015  2  8 20 45   2457062.47 2015  2  8 23 10   2457062.57 2015  2  9  1 35
 2457064.88 2015  2 11  9 13   2457064.99 2015  2 11 11 39   2457065.09 2015  2 11 14  4
 2457067.40 2015  2 13 21 42   2457067.51 2015  2 14  0  7   2457067.61 2015  2 14  2 33
 2457069.92 2015  2 16 10 11   2457070.03 2015  2 16 12 36   2457070.13 2015  2 16 15  1
 2457072.44 2015  2 18 22 39   2457072.55 2015  2 19  1  5   2457072.65 2015  2 19  3 30
 2457074.96 2015  2 21 11  8   2457075.07 2015  2 21 13 34   2457075.17 2015  2 21 15 59
 2457077.48 2015  2 23 23 37   2457077.59 2015  2 24  2  2   2457077.69 2015  2 24  4 28
 2457080.00 2015  2 26 12  6   2457080.11 2015  2 26 14 31   2457080.21 2015  2 26 16 56
 2457082.52 2015  3  1  0 34   2457082.63 2015  3  1  3  0   2457082.73 2015  3  1  5 25
 2457085.04 2015  3  3 13  3   2457085.15 2015  3  3 15 29   2457085.25 2015  3  3 17 54
 2457087.56 2015  3  6  1 32   2457087.67 2015  3  6  3 57   2457087.77 2015  3  6  6 23
 2457090.08 2015  3  8 14  0   2457090.19 2015  3  8 16 26   2457090.29 2015  3  8 18 52
 2457092.60 2015  3 11  2 29   2457092.71 2015  3 11  4 55   2457092.81 2015  3 11  7 20
 2457095.12 2015  3 13 14 58   2457095.22 2015  3 13 17 23   2457095.33 2015  3 13 19 49
 2457097.64 2015  3 16  3 27   2457097.74 2015  3 16  5 52   2457097.85 2015  3 16  8 18
 2457100.16 2015  3 18 15 55   2457100.26 2015  3 18 18 21   2457100.37 2015  3 18 20 47
 2457102.68 2015  3 21  4 24   2457102.78 2015  3 21  6 50   2457102.89 2015  3 21  9 15
 2457105.20 2015  3 23 16 53   2457105.30 2015  3 23 19 18   2457105.41 2015  3 23 21 44
 2457107.72 2015  3 26  5 22   2457107.82 2015  3 26  7 47   2457107.93 2015  3 26 10 13
 2457110.24 2015  3 28 17 50   2457110.34 2015  3 28 20 16   2457110.45 2015  3 28 22 42
 2457112.76 2015  3 31  6 19   2457112.86 2015  3 31  8 45   2457112.97 2015  3 31 11 10
 2457115.28 2015  4  2 18 48   2457115.38 2015  4  2 21 13   2457115.49 2015  4  2 23 39
 2457117.80 2015  4  5  7 16   2457117.90 2015  4  5  9 42   2457118.01 2015  4  5 12  8
 2457120.32 2015  4  7 19 45   2457120.42 2015  4  7 22 11   2457120.53 2015  4  8  0 37
 2457122.84 2015  4 10  8 14   2457122.94 2015  4 10 10 40   2457123.05 2015  4 10 13  6
 2457125.36 2015  4 12 20 43   2457125.46 2015  4 12 23  8   2457125.57 2015  4 13  1 34
 2457127.88 2015  4 15  9 11   2457127.98 2015  4 15 11 37   2457128.09 2015  4 15 14  3
 2457130.40 2015  4 17 21 40   2457130.50 2015  4 18  0  6   2457130.61 2015  4 18  2 32
 2457132.92 2015  4 20 10  9   2457133.02 2015  4 20 12 35   2457133.13 2015  4 20 15  1
 2457135.44 2015  4 22 22 37   2457135.54 2015  4 23  1  3   2457135.65 2015  4 23  3 29
 2457137.96 2015  4 25 11  6   2457138.06 2015  4 25 13 32   2457138.17 2015  4 25 15 58
 2457140.48 2015  4 27 23 35   2457140.58 2015  4 28  2  1   2457140.69 2015  4 28  4 27
 2457143.00 2015  4 30 12  4   2457143.10 2015  4 30 14 30   2457143.21 2015  4 30 16 56
 2457145.52 2015  5  3  0 32   2457145.62 2015  5  3  2 58   2457145.73 2015  5  3  5 24
 2457148.04 2015  5  5 13  1   2457148.14 2015  5  5 15 27   2457148.25 2015  5  5 17 53
 2457150.56 2015  5  8  1 30   2457150.66 2015  5  8  3 56   2457150.77 2015  5  8  6 22
 2457153.08 2015  5 10 13 58   2457153.18 2015  5 10 16 25   2457153.29 2015  5 10 18 51
 2457155.60 2015  5 13  2 27   2457155.70 2015  5 13  4 53   2457155.81 2015  5 13  7 20
 2457158.12 2015  5 15 14 56   2457158.22 2015  5 15 17 22   2457158.33 2015  5 15 19 48
 2457160.64 2015  5 18  3 25   2457160.74 2015  5 18  5 51   2457160.85 2015  5 18  8 17
 2457163.16 2015  5 20 15 53   2457163.26 2015  5 20 18 20   2457163.37 2015  5 20 20 46
 2457165.68 2015  5 23  4 22   2457165.78 2015  5 23  6 48   2457165.89 2015  5 23  9 15
 2457168.20 2015  5 25 16 51   2457168.30 2015  5 25 19 17   2457168.41 2015  5 25 21 43
 2457170.72 2015  5 28  5 19   2457170.82 2015  5 28  7 46   2457170.93 2015  5 28 10 12
 2457173.24 2015  5 30 17 48   2457173.34 2015  5 30 20 15   2457173.45 2015  5 30 22 41
 2457175.76 2015  6  2  6 17   2457175.86 2015  6  2  8 43   2457175.97 2015  6  2 11 10
 2457178.28 2015  6  4 18 46   2457178.38 2015  6  4 21 12   2457178.49 2015  6  4 23 38
 2457180.80 2015  6  7  7 14   2457180.90 2015  6  7  9 41   2457181.01 2015  6  7 12  7
 2457183.32 2015  6  9 19 43   2457183.42 2015  6  9 22 10   2457183.53 2015  6 10  0 36
 2457185.84 2015  6 12  8 12   2457185.94 2015  6 12 10 38   2457186.05 2015  6 12 13  5
 2457188.36 2015  6 14 20 40   2457188.46 2015  6 14 23  7   2457188.57 2015  6 15  1 34
 2457190.88 2015  6 17  9  9   2457190.98 2015  6 17 11 36   2457191.09 2015  6 17 14  2
 2457193.40 2015  6 19 21 38   2457193.50 2015  6 20  0  4   2457193.61 2015  6 20  2 31
 2457195.92 2015  6 22 10  7   2457196.02 2015  6 22 12 33   2457196.13 2015  6 22 15  0
 2457198.44 2015  6 24 22 35   2457198.54 2015  6 25  1  2   2457198.65 2015  6 25  3 29
 2457200.96 2015  6 27 11  4   2457201.06 2015  6 27 13 31   2457201.17 2015  6 27 15 57
 2457203.48 2015  6 29 23 33   2457203.58 2015  6 30  1 59   2457203.69 2015  6 30  4 26
 2457206.00 2015  7  2 12  2   2457206.10 2015  7  2 14 28   2457206.21 2015  7  2 16 55
 2457208.52 2015  7  5  0 30   2457208.62 2015  7  5  2 57   2457208.73 2015  7  5  5 24
 2457211.04 2015  7  7 12 59   2457211.14 2015  7  7 15 26   2457211.25 2015  7  7 17 52
 2457213.56 2015  7 10  1 28   2457213.66 2015  7 10  3 54   2457213.77 2015  7 10  6 21
 2457216.08 2015  7 12 13 56   2457216.18 2015  7 12 16 23   2457216.29 2015  7 12 18 50
 2457218.60 2015  7 15  2 25   2457218.70 2015  7 15  4 52   2457218.81 2015  7 15  7 19
 2457221.12 2015  7 17 14 54   2457221.22 2015  7 17 17 21   2457221.33 2015  7 17 19 48
 2457223.64 2015  7 20  3 23   2457223.74 2015  7 20  5 49   2457223.85 2015  7 20  8 16
 2457226.16 2015  7 22 15 51   2457226.26 2015  7 22 18 18   2457226.36 2015  7 22 20 45
 2457228.68 2015  7 25  4 20   2457228.78 2015  7 25  6 47   2457228.88 2015  7 25  9 14
 2457231.20 2015  7 27 16 49   2457231.30 2015  7 27 19 16   2457231.40 2015  7 27 21 43
 2457233.72 2015  7 30  5 17   2457233.82 2015  7 30  7 44   2457233.92 2015  7 30 10 11
 2457236.24 2015  8  1 17 46   2457236.34 2015  8  1 20 13   2457236.44 2015  8  1 22 40
 2457238.76 2015  8  4  6 15   2457238.86 2015  8  4  8 42   2457238.96 2015  8  4 11  9
 2457241.28 2015  8  6 18 44   2457241.38 2015  8  6 21 11   2457241.48 2015  8  6 23 38
 2457243.80 2015  8  9  7 12   2457243.90 2015  8  9  9 39   2457244.00 2015  8  9 12  6
 2457246.32 2015  8 11 19 41   2457246.42 2015  8 11 22  8   2457246.52 2015  8 12  0 35
 2457248.84 2015  8 14  8 10   2457248.94 2015  8 14 10 37   2457249.04 2015  8 14 13  4
 2457251.36 2015  8 16 20 38   2457251.46 2015  8 16 23  6   2457251.56 2015  8 17  1 33
 2457253.88 2015  8 19  9  7   2457253.98 2015  8 19 11 34   2457254.08 2015  8 19 14  2
 2457256.40 2015  8 21 21 36   2457256.50 2015  8 22  0  3   2457256.60 2015  8 22  2 30
 2457258.92 2015  8 24 10  5   2457259.02 2015  8 24 12 32   2457259.12 2015  8 24 14 59
 2457261.44 2015  8 26 22 33   2457261.54 2015  8 27  1  1   2457261.64 2015  8 27  3 28
 2457263.96 2015  8 29 11  2   2457264.06 2015  8 29 13 29   2457264.16 2015  8 29 15 57
 2457266.48 2015  8 31 23 31   2457266.58 2015  9  1  1 58   2457266.68 2015  9  1  4 25
 2457269.00 2015  9  3 11 59   2457269.10 2015  9  3 14 27   2457269.20 2015  9  3 16 54
 2457271.52 2015  9  6  0 28   2457271.62 2015  9  6  2 56   2457271.72 2015  9  6  5 23
 2457274.04 2015  9  8 12 57   2457274.14 2015  9  8 15 24   2457274.24 2015  9  8 17 52
 2457276.56 2015  9 11  1 26   2457276.66 2015  9 11  3 53   2457276.76 2015  9 11  6 20
 2457279.08 2015  9 13 13 54   2457279.18 2015  9 13 16 22   2457279.28 2015  9 13 18 49
 2457281.60 2015  9 16  2 23   2457281.70 2015  9 16  4 51   2457281.80 2015  9 16  7 18
 2457284.12 2015  9 18 14 52   2457284.22 2015  9 18 17 19   2457284.32 2015  9 18 19 47
 2457286.64 2015  9 21  3 20   2457286.74 2015  9 21  5 48   2457286.84 2015  9 21  8 16
 2457289.16 2015  9 23 15 49   2457289.26 2015  9 23 18 17   2457289.36 2015  9 23 20 44
 2457291.68 2015  9 26  4 18   2457291.78 2015  9 26  6 46   2457291.88 2015  9 26  9 13
 2457294.20 2015  9 28 16 47   2457294.30 2015  9 28 19 14   2457294.40 2015  9 28 21 42
 2457296.72 2015 10  1  5 15   2457296.82 2015 10  1  7 43   2457296.92 2015 10  1 10 11
 2457299.24 2015 10  3 17 44   2457299.34 2015 10  3 20 12   2457299.44 2015 10  3 22 39
 2457301.76 2015 10  6  6 13   2457301.86 2015 10  6  8 40   2457301.96 2015 10  6 11  8
 2457304.28 2015 10  8 18 42   2457304.38 2015 10  8 21  9   2457304.48 2015 10  8 23 37
 2457306.80 2015 10 11  7 10   2457306.90 2015 10 11  9 38   2457307.00 2015 10 11 12  6
 2457309.32 2015 10 13 19 39   2457309.42 2015 10 13 22  7   2457309.52 2015 10 14  0 34
 2457311.84 2015 10 16  8  8   2457311.94 2015 10 16 10 35   2457312.04 2015 10 16 13  3
 2457314.36 2015 10 18 20 36   2457314.46 2015 10 18 23  4   2457314.56 2015 10 19  1 32
 2457316.88 2015 10 21  9  5   2457316.98 2015 10 21 11 33   2457317.08 2015 10 21 14  1
 2457319.40 2015 10 23 21 34   2457319.50 2015 10 24  0  2   2457319.60 2015 10 24  2 30
 2457321.92 2015 10 26 10  3   2457322.02 2015 10 26 12 30   2457322.12 2015 10 26 14 58
 2457324.44 2015 10 28 22 31   2457324.54 2015 10 29  0 59   2457324.64 2015 10 29  3 27
 2457326.96 2015 10 31 11  0   2457327.06 2015 10 31 13 28   2457327.16 2015 10 31 15 56
 2457329.48 2015 11  2 23 29   2457329.58 2015 11  3  1 57   2457329.68 2015 11  3  4 25
 2457332.00 2015 11  5 11 57   2457332.10 2015 11  5 14 25   2457332.20 2015 11  5 16 53
 2457334.52 2015 11  8  0 26   2457334.62 2015 11  8  2 54   2457334.72 2015 11  8  5 22
 2457337.04 2015 11 10 12 55   2457337.14 2015 11 10 15 23   2457337.24 2015 11 10 17 51
 2457339.56 2015 11 13  1 24   2457339.66 2015 11 13  3 52   2457339.76 2015 11 13  6 20
 2457342.08 2015 11 15 13 52   2457342.18 2015 11 15 16 20   2457342.28 2015 11 15 18 48
 2457344.60 2015 11 18  2 21   2457344.70 2015 11 18  4 49   2457344.80 2015 11 18  7 17
 2457347.12 2015 11 20 14 50   2457347.22 2015 11 20 17 18   2457347.32 2015 11 20 19 46
 2457349.64 2015 11 23  3 18   2457349.74 2015 11 23  5 47   2457349.84 2015 11 23  8 15
 2457352.16 2015 11 25 15 47   2457352.26 2015 11 25 18 15   2457352.36 2015 11 25 20 44
 2457354.68 2015 11 28  4 16   2457354.78 2015 11 28  6 44   2457354.88 2015 11 28  9 12
 2457357.20 2015 11 30 16 45   2457357.30 2015 11 30 19 13   2457357.40 2015 11 30 21 41
 2457359.72 2015 12  3  5 13   2457359.82 2015 12  3  7 42   2457359.92 2015 12  3 10 10
 2457362.24 2015 12  5 17 42   2457362.34 2015 12  5 20 10   2457362.44 2015 12  5 22 39
 2457364.76 2015 12  8  6 11   2457364.86 2015 12  8  8 39   2457364.96 2015 12  8 11  7
 2457367.28 2015 12 10 18 39   2457367.38 2015 12 10 21  8   2457367.48 2015 12 10 23 36
 2457369.80 2015 12 13  7  8   2457369.90 2015 12 13  9 37   2457370.00 2015 12 13 12  5
 2457372.32 2015 12 15 19 37   2457372.42 2015 12 15 22  5   2457372.52 2015 12 16  0 34
 2457374.84 2015 12 18  8  6   2457374.94 2015 12 18 10 34   2457375.04 2015 12 18 13  3
 2457377.36 2015 12 20 20 34   2457377.46 2015 12 20 23  3   2457377.56 2015 12 21  1 31
 2457379.88 2015 12 23  9  3   2457379.98 2015 12 23 11 32   2457380.08 2015 12 23 14  0
 2457382.40 2015 12 25 21 32   2457382.50 2015 12 26  0  0   2457382.60 2015 12 26  2 29
 2457384.92 2015 12 28 10  0   2457385.02 2015 12 28 12 29   2457385.12 2015 12 28 14 58
 2457387.44 2015 12 30 22 29   2457387.54 2015 12 31  0 58   2457387.64 2015 12 31  3 26
 2457389.96 2016  1  2 10 58   2457390.06 2016  1  2 13 27   2457390.16 2016  1  2 15 55
 2457392.48 2016  1  4 23 27   2457392.58 2016  1  5  1 55   2457392.68 2016  1  5  4 24
 2457395.00 2016  1  7 11 55   2457395.10 2016  1  7 14 24   2457395.20 2016  1  7 16 53
 2457397.52 2016  1 10  0 24   2457397.62 2016  1 10  2 53   2457397.72 2016  1 10  5 21
 2457400.04 2016  1 12 12 53   2457400.14 2016  1 12 15 21   2457400.24 2016  1 12 17 50
 2457402.56 2016  1 15  1 22   2457402.66 2016  1 15  3 50   2457402.76 2016  1 15  6 19
 2457405.08 2016  1 17 13 50   2457405.18 2016  1 17 16 19   2457405.28 2016  1 17 18 48
 2457407.60 2016  1 20  2 19   2457407.70 2016  1 20  4 48   2457407.80 2016  1 20  7 17
 2457410.12 2016  1 22 14 48   2457410.22 2016  1 22 17 16   2457410.32 2016  1 22 19 45
 2457412.64 2016  1 25  3 16   2457412.74 2016  1 25  5 45   2457412.84 2016  1 25  8 14
 2457415.16 2016  1 27 15 45   2457415.26 2016  1 27 18 14   2457415.36 2016  1 27 20 43
 2457417.68 2016  1 30  4 14   2457417.78 2016  1 30  6 43   2457417.88 2016  1 30  9 12
 2457420.20 2016  2  1 16 43   2457420.30 2016  2  1 19 11   2457420.40 2016  2  1 21 40
 2457422.72 2016  2  4  5 11   2457422.82 2016  2  4  7 40   2457422.92 2016  2  4 10  9
 2457425.24 2016  2  6 17 40   2457425.34 2016  2  6 20  9   2457425.44 2016  2  6 22 38
 2457427.76 2016  2  9  6  9   2457427.86 2016  2  9  8 38   2457427.96 2016  2  9 11  7
 2457430.28 2016  2 11 18 37   2457430.38 2016  2 11 21  6   2457430.48 2016  2 11 23 35
 2457432.80 2016  2 14  7  6   2457432.90 2016  2 14  9 35   2457433.00 2016  2 14 12  4
 2457435.32 2016  2 16 19 35   2457435.42 2016  2 16 22  4   2457435.52 2016  2 17  0 33
 2457437.84 2016  2 19  8  4   2457437.94 2016  2 19 10 33   2457438.04 2016  2 19 13  2
 2457440.36 2016  2 21 20 32   2457440.46 2016  2 21 23  1   2457440.56 2016  2 22  1 31
 2457442.88 2016  2 24  9  1   2457442.98 2016  2 24 11 30   2457443.08 2016  2 24 13 59
 2457445.40 2016  2 26 21 30   2457445.50 2016  2 26 23 59   2457445.60 2016  2 27  2 28
 2457447.92 2016  2 29  9 58   2457448.02 2016  2 29 12 28   2457448.12 2016  2 29 14 57
 2457450.44 2016  3  2 22 27   2457450.54 2016  3  3  0 56   2457450.64 2016  3  3  3 26
 2457452.96 2016  3  5 10 56   2457453.06 2016  3  5 13 25   2457453.16 2016  3  5 15 54
 2457455.48 2016  3  7 23 25   2457455.58 2016  3  8  1 54   2457455.68 2016  3  8  4 23
 2457458.00 2016  3 10 11 53   2457458.10 2016  3 10 14 23   2457458.20 2016  3 10 16 52
 2457460.52 2016  3 13  0 22   2457460.62 2016  3 13  2 51   2457460.72 2016  3 13  5 21
 2457463.04 2016  3 15 12 51   2457463.14 2016  3 15 15 20   2457463.24 2016  3 15 17 49
 2457465.56 2016  3 18  1 19   2457465.66 2016  3 18  3 49   2457465.76 2016  3 18  6 18
 2457468.08 2016  3 20 13 48   2457468.18 2016  3 20 16 18   2457468.28 2016  3 20 18 47
 2457470.60 2016  3 23  2 17   2457470.70 2016  3 23  4 46   2457470.80 2016  3 23  7 16
 2457473.12 2016  3 25 14 46   2457473.22 2016  3 25 17 15   2457473.32 2016  3 25 19 45
 2457475.64 2016  3 28  3 14   2457475.74 2016  3 28  5 44   2457475.84 2016  3 28  8 13
 2457478.16 2016  3 30 15 43   2457478.26 2016  3 30 18 13   2457478.36 2016  3 30 20 42
 2457480.68 2016  4  2  4 12   2457480.78 2016  4  2  6 41   2457480.88 2016  4  2  9 11
 2457483.20 2016  4  4 16 40   2457483.30 2016  4  4 19 10   2457483.40 2016  4  4 21 40
 2457485.72 2016  4  7  5  9   2457485.82 2016  4  7  7 39   2457485.92 2016  4  7 10  8
 2457488.24 2016  4  9 17 38   2457488.34 2016  4  9 20  8   2457488.44 2016  4  9 22 37
 2457490.75 2016  4 12  6  7   2457490.86 2016  4 12  8 36   2457490.96 2016  4 12 11  6
 2457493.27 2016  4 14 18 35   2457493.38 2016  4 14 21  5   2457493.48 2016  4 14 23 35
 2457495.79 2016  4 17  7  4   2457495.90 2016  4 17  9 34   2457496.00 2016  4 17 12  3
 2457498.31 2016  4 19 19 33   2457498.42 2016  4 19 22  3   2457498.52 2016  4 20  0 32
 2457500.83 2016  4 22  8  2   2457500.94 2016  4 22 10 31   2457501.04 2016  4 22 13  1
 2457503.35 2016  4 24 20 30   2457503.46 2016  4 24 23  0   2457503.56 2016  4 25  1 30
 2457505.87 2016  4 27  8 59   2457505.98 2016  4 27 11 29   2457506.08 2016  4 27 13 59
 2457508.39 2016  4 29 21 28   2457508.50 2016  4 29 23 57   2457508.60 2016  4 30  2 27
 2457510.91 2016  5  2  9 56   2457511.02 2016  5  2 12 26   2457511.12 2016  5  2 14 56
 2457513.43 2016  5  4 22 25   2457513.54 2016  5  5  0 55   2457513.64 2016  5  5  3 25
 2457515.95 2016  5  7 10 54   2457516.06 2016  5  7 13 24   2457516.16 2016  5  7 15 54
 2457518.47 2016  5  9 23 23   2457518.58 2016  5 10  1 52   2457518.68 2016  5 10  4 22
 2457520.99 2016  5 12 11 51   2457521.10 2016  5 12 14 21   2457521.20 2016  5 12 16 51
 2457523.51 2016  5 15  0 20   2457523.62 2016  5 15  2 50   2457523.72 2016  5 15  5 20
 2457526.03 2016  5 17 12 49   2457526.14 2016  5 17 15 19   2457526.24 2016  5 17 17 49
 2457528.55 2016  5 20  1 17   2457528.66 2016  5 20  3 47   2457528.76 2016  5 20  6 17
 2457531.07 2016  5 22 13 46   2457531.18 2016  5 22 16 16   2457531.28 2016  5 22 18 46
 2457533.59 2016  5 25  2 15   2457533.70 2016  5 25  4 45   2457533.80 2016  5 25  7 15
 2457536.11 2016  5 27 14 44   2457536.22 2016  5 27 17 14   2457536.32 2016  5 27 19 44
 2457538.63 2016  5 30  3 12   2457538.74 2016  5 30  5 42   2457538.84 2016  5 30  8 13
 2457541.15 2016  6  1 15 41   2457541.26 2016  6  1 18 11   2457541.36 2016  6  1 20 41
 2457543.67 2016  6  4  4 10   2457543.78 2016  6  4  6 40   2457543.88 2016  6  4  9 10
 2457546.19 2016  6  6 16 38   2457546.30 2016  6  6 19  9   2457546.40 2016  6  6 21 39
 2457548.71 2016  6  9  5  7   2457548.82 2016  6  9  7 37   2457548.92 2016  6  9 10  8
 2457551.23 2016  6 11 17 36   2457551.34 2016  6 11 20  6   2457551.44 2016  6 11 22 36
 2457553.75 2016  6 14  6  5   2457553.86 2016  6 14  8 35   2457553.96 2016  6 14 11  5
 2457556.27 2016  6 16 18 33   2457556.38 2016  6 16 21  4   2457556.48 2016  6 16 23 34
 2457558.79 2016  6 19  7  2   2457558.90 2016  6 19  9 32   2457559.00 2016  6 19 12  3
 2457561.31 2016  6 21 19 31   2457561.42 2016  6 21 22  1   2457561.52 2016  6 22  0 31
 2457563.83 2016  6 24  7 59   2457563.94 2016  6 24 10 30   2457564.04 2016  6 24 13  0
 2457566.35 2016  6 26 20 28   2457566.46 2016  6 26 22 59   2457566.56 2016  6 27  1 29
 2457568.87 2016  6 29  8 57   2457568.98 2016  6 29 11 27   2457569.08 2016  6 29 13 58
 2457571.39 2016  7  1 21 26   2457571.50 2016  7  1 23 56   2457571.60 2016  7  2  2 27
 2457573.91 2016  7  4  9 54   2457574.02 2016  7  4 12 25   2457574.12 2016  7  4 14 55
 2457576.43 2016  7  6 22 23   2457576.54 2016  7  7  0 54   2457576.64 2016  7  7  3 24
 2457578.95 2016  7  9 10 52   2457579.06 2016  7  9 13 22   2457579.16 2016  7  9 15 53
 2457581.47 2016  7 11 23 20   2457581.58 2016  7 12  1 51   2457581.68 2016  7 12  4 22
 2457583.99 2016  7 14 11 49   2457584.10 2016  7 14 14 20   2457584.20 2016  7 14 16 50
 2457586.51 2016  7 17  0 18   2457586.62 2016  7 17  2 49   2457586.72 2016  7 17  5 19
 2457589.03 2016  7 19 12 47   2457589.14 2016  7 19 15 17   2457589.24 2016  7 19 17 48
 2457591.55 2016  7 22  1 15   2457591.66 2016  7 22  3 46   2457591.76 2016  7 22  6 17
 2457594.07 2016  7 24 13 44   2457594.18 2016  7 24 16 15   2457594.28 2016  7 24 18 45
 2457596.59 2016  7 27  2 13   2457596.70 2016  7 27  4 44   2457596.80 2016  7 27  7 14
 2457599.11 2016  7 29 14 42   2457599.22 2016  7 29 17 12   2457599.32 2016  7 29 19 43
 2457601.63 2016  8  1  3 10   2457601.74 2016  8  1  5 41   2457601.84 2016  8  1  8 12
 2457604.15 2016  8  3 15 39   2457604.26 2016  8  3 18 10   2457604.36 2016  8  3 20 41
 2457606.67 2016  8  6  4  8   2457606.78 2016  8  6  6 38   2457606.88 2016  8  6  9  9
