 Predicted Transit Epochs: WASP-3___ b

Observed Transit Duration:  159.8 Minutes

 Begin Transit Window           PREDICTED CENTRAL TRANSIT     End Transit Window
                                     All Times UT

                               HJD        Year M  D  H  M
 2456757.06 2014  4  9 13 28   2456757.12 2014  4  9 14 53   2456757.18 2014  4  9 16 17
 2456758.91 2014  4 11  9 48   2456758.97 2014  4 11 11 12   2456759.03 2014  4 11 12 37
 2456760.76 2014  4 13  6  7   2456760.81 2014  4 13  7 32   2456760.87 2014  4 13  8 56
 2456762.60 2014  4 15  2 27   2456762.66 2014  4 15  3 51   2456762.72 2014  4 15  5 16
 2456764.45 2014  4 16 22 46   2456764.51 2014  4 17  0 11   2456764.57 2014  4 17  1 35
 2456766.30 2014  4 18 19  6   2456766.35 2014  4 18 20 30   2456766.41 2014  4 18 21 55
 2456768.14 2014  4 20 15 25   2456768.20 2014  4 20 16 50   2456768.26 2014  4 20 18 14
 2456769.99 2014  4 22 11 44   2456770.05 2014  4 22 13  9   2456770.11 2014  4 22 14 34
 2456771.84 2014  4 24  8  4   2456771.90 2014  4 24  9 28   2456771.95 2014  4 24 10 53
 2456773.68 2014  4 26  4 23   2456773.74 2014  4 26  5 48   2456773.80 2014  4 26  7 12
 2456775.53 2014  4 28  0 43   2456775.59 2014  4 28  2  7   2456775.65 2014  4 28  3 32
 2456777.38 2014  4 29 21  2   2456777.44 2014  4 29 22 27   2456777.49 2014  4 29 23 51
 2456779.22 2014  5  1 17 22   2456779.28 2014  5  1 18 46   2456779.34 2014  5  1 20 11
 2456781.07 2014  5  3 13 41   2456781.13 2014  5  3 15  6   2456781.19 2014  5  3 16 30
 2456782.92 2014  5  5 10  0   2456782.98 2014  5  5 11 25   2456783.03 2014  5  5 12 50
 2456784.76 2014  5  7  6 20   2456784.82 2014  5  7  7 45   2456784.88 2014  5  7  9  9
 2456786.61 2014  5  9  2 39   2456786.67 2014  5  9  4  4   2456786.73 2014  5  9  5 29
 2456788.46 2014  5 10 22 59   2456788.52 2014  5 11  0 23   2456788.58 2014  5 11  1 48
 2456790.30 2014  5 12 19 18   2456790.36 2014  5 12 20 43   2456790.42 2014  5 12 22  7
 2456792.15 2014  5 14 15 38   2456792.21 2014  5 14 17  2   2456792.27 2014  5 14 18 27
 2456794.00 2014  5 16 11 57   2456794.06 2014  5 16 13 22   2456794.12 2014  5 16 14 46
 2456795.85 2014  5 18  8 17   2456795.90 2014  5 18  9 41   2456795.96 2014  5 18 11  6
 2456797.69 2014  5 20  4 36   2456797.75 2014  5 20  6  1   2456797.81 2014  5 20  7 25
 2456799.54 2014  5 22  0 55   2456799.60 2014  5 22  2 20   2456799.66 2014  5 22  3 45
 2456801.39 2014  5 23 21 15   2456801.44 2014  5 23 22 39   2456801.50 2014  5 24  0  4
 2456803.23 2014  5 25 17 34   2456803.29 2014  5 25 18 59   2456803.35 2014  5 25 20 24
 2456805.08 2014  5 27 13 54   2456805.14 2014  5 27 15 18   2456805.20 2014  5 27 16 43
 2456806.93 2014  5 29 10 13   2456806.98 2014  5 29 11 38   2456807.04 2014  5 29 13  2
 2456808.77 2014  5 31  6 33   2456808.83 2014  5 31  7 57   2456808.89 2014  5 31  9 22
 2456810.62 2014  6  2  2 52   2456810.68 2014  6  2  4 17   2456810.74 2014  6  2  5 41
 2456812.47 2014  6  3 23 11   2456812.53 2014  6  4  0 36   2456812.58 2014  6  4  2  1
 2456814.31 2014  6  5 19 31   2456814.37 2014  6  5 20 56   2456814.43 2014  6  5 22 20
 2456816.16 2014  6  7 15 50   2456816.22 2014  6  7 17 15   2456816.28 2014  6  7 18 40
 2456818.01 2014  6  9 12 10   2456818.07 2014  6  9 13 34   2456818.12 2014  6  9 14 59
 2456819.85 2014  6 11  8 29   2456819.91 2014  6 11  9 54   2456819.97 2014  6 11 11 19
 2456821.70 2014  6 13  4 49   2456821.76 2014  6 13  6 13   2456821.82 2014  6 13  7 38
 2456823.55 2014  6 15  1  8   2456823.61 2014  6 15  2 33   2456823.67 2014  6 15  3 57
 2456825.39 2014  6 16 21 28   2456825.45 2014  6 16 22 52   2456825.51 2014  6 17  0 17
 2456827.24 2014  6 18 17 47   2456827.30 2014  6 18 19 12   2456827.36 2014  6 18 20 36
 2456829.09 2014  6 20 14  6   2456829.15 2014  6 20 15 31   2456829.21 2014  6 20 16 56
 2456830.93 2014  6 22 10 26   2456830.99 2014  6 22 11 51   2456831.05 2014  6 22 13 15
 2456832.78 2014  6 24  6 45   2456832.84 2014  6 24  8 10   2456832.90 2014  6 24  9 35
 2456834.63 2014  6 26  3  5   2456834.69 2014  6 26  4 29   2456834.75 2014  6 26  5 54
 2456836.48 2014  6 27 23 24   2456836.53 2014  6 28  0 49   2456836.59 2014  6 28  2 14
 2456838.32 2014  6 29 19 44   2456838.38 2014  6 29 21  8   2456838.44 2014  6 29 22 33
 2456840.17 2014  7  1 16  3   2456840.23 2014  7  1 17 28   2456840.29 2014  7  1 18 52
 2456842.02 2014  7  3 12 22   2456842.07 2014  7  3 13 47   2456842.13 2014  7  3 15 12
 2456843.86 2014  7  5  8 42   2456843.92 2014  7  5 10  7   2456843.98 2014  7  5 11 31
 2456845.71 2014  7  7  5  1   2456845.77 2014  7  7  6 26   2456845.83 2014  7  7  7 51
 2456847.56 2014  7  9  1 21   2456847.62 2014  7  9  2 45   2456847.67 2014  7  9  4 10
 2456849.40 2014  7 10 21 40   2456849.46 2014  7 10 23  5   2456849.52 2014  7 11  0 30
 2456851.25 2014  7 12 18  0   2456851.31 2014  7 12 19 24   2456851.37 2014  7 12 20 49
 2456853.10 2014  7 14 14 19   2456853.16 2014  7 14 15 44   2456853.21 2014  7 14 17  9
 2456854.94 2014  7 16 10 39   2456855.00 2014  7 16 12  3   2456855.06 2014  7 16 13 28
 2456856.79 2014  7 18  6 58   2456856.85 2014  7 18  8 23   2456856.91 2014  7 18  9 47
 2456858.64 2014  7 20  3 17   2456858.70 2014  7 20  4 42   2456858.76 2014  7 20  6  7
 2456860.48 2014  7 21 23 37   2456860.54 2014  7 22  1  2   2456860.60 2014  7 22  2 26
 2456862.33 2014  7 23 19 56   2456862.39 2014  7 23 21 21   2456862.45 2014  7 23 22 46
 2456864.18 2014  7 25 16 16   2456864.24 2014  7 25 17 40   2456864.30 2014  7 25 19  5
 2456866.02 2014  7 27 12 35   2456866.08 2014  7 27 14  0   2456866.14 2014  7 27 15 25
 2456867.87 2014  7 29  8 55   2456867.93 2014  7 29 10 19   2456867.99 2014  7 29 11 44
 2456869.72 2014  7 31  5 14   2456869.78 2014  7 31  6 39   2456869.84 2014  7 31  8  4
 2456871.57 2014  8  2  1 33   2456871.62 2014  8  2  2 58   2456871.68 2014  8  2  4 23
 2456873.41 2014  8  3 21 53   2456873.47 2014  8  3 23 18   2456873.53 2014  8  4  0 42
 2456875.26 2014  8  5 18 12   2456875.32 2014  8  5 19 37   2456875.38 2014  8  5 21  2
 2456877.11 2014  8  7 14 32   2456877.16 2014  8  7 15 57   2456877.22 2014  8  7 17 21
 2456878.95 2014  8  9 10 51   2456879.01 2014  8  9 12 16   2456879.07 2014  8  9 13 41
 2456880.80 2014  8 11  7 11   2456880.86 2014  8 11  8 35   2456880.92 2014  8 11 10  0
 2456882.65 2014  8 13  3 30   2456882.71 2014  8 13  4 55   2456882.76 2014  8 13  6 20
 2456884.49 2014  8 14 23 50   2456884.55 2014  8 15  1 14   2456884.61 2014  8 15  2 39
 2456886.34 2014  8 16 20  9   2456886.40 2014  8 16 21 34   2456886.46 2014  8 16 22 59
 2456888.19 2014  8 18 16 28   2456888.25 2014  8 18 17 53   2456888.30 2014  8 18 19 18
 2456890.03 2014  8 20 12 48   2456890.09 2014  8 20 14 13   2456890.15 2014  8 20 15 37
 2456891.88 2014  8 22  9  7   2456891.94 2014  8 22 10 32   2456892.00 2014  8 22 11 57
 2456893.73 2014  8 24  5 27   2456893.79 2014  8 24  6 52   2456893.85 2014  8 24  8 16
 2456895.57 2014  8 26  1 46   2456895.63 2014  8 26  3 11   2456895.69 2014  8 26  4 36
 2456897.42 2014  8 27 22  6   2456897.48 2014  8 27 23 30   2456897.54 2014  8 28  0 55
 2456899.27 2014  8 29 18 25   2456899.33 2014  8 29 19 50   2456899.39 2014  8 29 21 15
 2456901.11 2014  8 31 14 44   2456901.17 2014  8 31 16  9   2456901.23 2014  8 31 17 34
 2456902.96 2014  9  2 11  4   2456903.02 2014  9  2 12 29   2456903.08 2014  9  2 13 54
 2456904.81 2014  9  4  7 23   2456904.87 2014  9  4  8 48   2456904.93 2014  9  4 10 13
 2456906.66 2014  9  6  3 43   2456906.71 2014  9  6  5  8   2456906.77 2014  9  6  6 32
 2456908.50 2014  9  8  0  2   2456908.56 2014  9  8  1 27   2456908.62 2014  9  8  2 52
 2456910.35 2014  9  9 20 22   2456910.41 2014  9  9 21 46   2456910.47 2014  9  9 23 11
 2456912.20 2014  9 11 16 41   2456912.25 2014  9 11 18  6   2456912.31 2014  9 11 19 31
 2456914.04 2014  9 13 13  1   2456914.10 2014  9 13 14 25   2456914.16 2014  9 13 15 50
 2456915.89 2014  9 15  9 20   2456915.95 2014  9 15 10 45   2456916.01 2014  9 15 12 10
 2456917.74 2014  9 17  5 39   2456917.79 2014  9 17  7  4   2456917.85 2014  9 17  8 29
 2456919.58 2014  9 19  1 59   2456919.64 2014  9 19  3 24   2456919.70 2014  9 19  4 49
 2456921.43 2014  9 20 22 18   2456921.49 2014  9 20 23 43   2456921.55 2014  9 21  1  8
 2456923.28 2014  9 22 18 38   2456923.34 2014  9 22 20  3   2456923.39 2014  9 22 21 27
 2456925.12 2014  9 24 14 57   2456925.18 2014  9 24 16 22   2456925.24 2014  9 24 17 47
 2456926.97 2014  9 26 11 17   2456927.03 2014  9 26 12 41   2456927.09 2014  9 26 14  6
 2456928.82 2014  9 28  7 36   2456928.88 2014  9 28  9  1   2456928.93 2014  9 28 10 26
 2456930.66 2014  9 30  3 55   2456930.72 2014  9 30  5 20   2456930.78 2014  9 30  6 45
 2456932.51 2014 10  2  0 15   2456932.57 2014 10  2  1 40   2456932.63 2014 10  2  3  5
 2456934.36 2014 10  3 20 34   2456934.42 2014 10  3 21 59   2456934.48 2014 10  3 23 24
 2456936.20 2014 10  5 16 54   2456936.26 2014 10  5 18 19   2456936.32 2014 10  5 19 44
 2456938.05 2014 10  7 13 13   2456938.11 2014 10  7 14 38   2456938.17 2014 10  7 16  3
 2456939.90 2014 10  9  9 33   2456939.96 2014 10  9 10 58   2456940.02 2014 10  9 12 22
 2456941.74 2014 10 11  5 52   2456941.80 2014 10 11  7 17   2456941.86 2014 10 11  8 42
 2456943.59 2014 10 13  2 12   2456943.65 2014 10 13  3 36   2456943.71 2014 10 13  5  1
 2456945.44 2014 10 14 22 31   2456945.50 2014 10 14 23 56   2456945.56 2014 10 15  1 21
 2456947.29 2014 10 16 18 50   2456947.34 2014 10 16 20 15   2456947.40 2014 10 16 21 40
 2456949.13 2014 10 18 15 10   2456949.19 2014 10 18 16 35   2456949.25 2014 10 18 18  0
 2456950.98 2014 10 20 11 29   2456951.04 2014 10 20 12 54   2456951.10 2014 10 20 14 19
 2456952.83 2014 10 22  7 49   2456952.88 2014 10 22  9 14   2456952.94 2014 10 22 10 39
 2456954.67 2014 10 24  4  8   2456954.73 2014 10 24  5 33   2456954.79 2014 10 24  6 58
 2456956.52 2014 10 26  0 28   2456956.58 2014 10 26  1 53   2456956.64 2014 10 26  3 17
 2456958.37 2014 10 27 20 47   2456958.43 2014 10 27 22 12   2456958.48 2014 10 27 23 37
 2456960.21 2014 10 29 17  7   2456960.27 2014 10 29 18 31   2456960.33 2014 10 29 19 56
 2456962.06 2014 10 31 13 26   2456962.12 2014 10 31 14 51   2456962.18 2014 10 31 16 16
 2456963.91 2014 11  2  9 45   2456963.97 2014 11  2 11 10   2456964.02 2014 11  2 12 35
 2456965.75 2014 11  4  6  5   2456965.81 2014 11  4  7 30   2456965.87 2014 11  4  8 55
 2456967.60 2014 11  6  2 24   2456967.66 2014 11  6  3 49   2456967.72 2014 11  6  5 14
 2456969.45 2014 11  7 22 44   2456969.51 2014 11  8  0  9   2456969.57 2014 11  8  1 34
 2456971.29 2014 11  9 19  3   2456971.35 2014 11  9 20 28   2456971.41 2014 11  9 21 53
 2456973.14 2014 11 11 15 23   2456973.20 2014 11 11 16 47   2456973.26 2014 11 11 18 12
 2456974.99 2014 11 13 11 42   2456975.05 2014 11 13 13  7   2456975.11 2014 11 13 14 32
 2456976.83 2014 11 15  8  1   2456976.89 2014 11 15  9 26   2456976.95 2014 11 15 10 51
 2456978.68 2014 11 17  4 21   2456978.74 2014 11 17  5 46   2456978.80 2014 11 17  7 11
 2456980.53 2014 11 19  0 40   2456980.59 2014 11 19  2  5   2456980.65 2014 11 19  3 30
 2456982.38 2014 11 20 21  0   2456982.43 2014 11 20 22 25   2456982.49 2014 11 20 23 50
 2456984.22 2014 11 22 17 19   2456984.28 2014 11 22 18 44   2456984.34 2014 11 22 20  9
 2456986.07 2014 11 24 13 39   2456986.13 2014 11 24 15  4   2456986.19 2014 11 24 16 28
 2456987.92 2014 11 26  9 58   2456987.97 2014 11 26 11 23   2456988.03 2014 11 26 12 48
 2456989.76 2014 11 28  6 18   2456989.82 2014 11 28  7 42   2456989.88 2014 11 28  9  7
 2456991.61 2014 11 30  2 37   2456991.67 2014 11 30  4  2   2456991.73 2014 11 30  5 27
 2456993.46 2014 12  1 22 56   2456993.52 2014 12  2  0 21   2456993.57 2014 12  2  1 46
 2456995.30 2014 12  3 19 16   2456995.36 2014 12  3 20 41   2456995.42 2014 12  3 22  6
 2456997.15 2014 12  5 15 35   2456997.21 2014 12  5 17  0   2456997.27 2014 12  5 18 25
 2456999.00 2014 12  7 11 55   2456999.06 2014 12  7 13 20   2456999.11 2014 12  7 14 45
 2457000.84 2014 12  9  8 14   2457000.90 2014 12  9  9 39   2457000.96 2014 12  9 11  4
 2457002.69 2014 12 11  4 34   2457002.75 2014 12 11  5 59   2457002.81 2014 12 11  7 23
 2457004.54 2014 12 13  0 53   2457004.60 2014 12 13  2 18   2457004.66 2014 12 13  3 43
 2457006.38 2014 12 14 21 12   2457006.44 2014 12 14 22 37   2457006.50 2014 12 15  0  2
 2457008.23 2014 12 16 17 32   2457008.29 2014 12 16 18 57   2457008.35 2014 12 16 20 22
 2457010.08 2014 12 18 13 51   2457010.14 2014 12 18 15 16   2457010.20 2014 12 18 16 41
 2457011.92 2014 12 20 10 11   2457011.98 2014 12 20 11 36   2457012.04 2014 12 20 13  1
 2457013.77 2014 12 22  6 30   2457013.83 2014 12 22  7 55   2457013.89 2014 12 22  9 20
 2457015.62 2014 12 24  2 50   2457015.68 2014 12 24  4 15   2457015.74 2014 12 24  5 40
 2457017.46 2014 12 25 23  9   2457017.52 2014 12 26  0 34   2457017.58 2014 12 26  1 59
 2457019.31 2014 12 27 19 29   2457019.37 2014 12 27 20 54   2457019.43 2014 12 27 22 18
 2457021.16 2014 12 29 15 48   2457021.22 2014 12 29 17 13   2457021.28 2014 12 29 18 38
 2457023.01 2014 12 31 12  7   2457023.06 2014 12 31 13 32   2457023.12 2014 12 31 14 57
 2457024.85 2015  1  2  8 27   2457024.91 2015  1  2  9 52   2457024.97 2015  1  2 11 17
 2457026.70 2015  1  4  4 46   2457026.76 2015  1  4  6 11   2457026.82 2015  1  4  7 36
 2457028.55 2015  1  6  1  6   2457028.61 2015  1  6  2 31   2457028.66 2015  1  6  3 56
 2457030.39 2015  1  7 21 25   2457030.45 2015  1  7 22 50   2457030.51 2015  1  8  0 15
 2457032.24 2015  1  9 17 45   2457032.30 2015  1  9 19 10   2457032.36 2015  1  9 20 35
 2457034.09 2015  1 11 14  4   2457034.15 2015  1 11 15 29   2457034.20 2015  1 11 16 54
 2457035.93 2015  1 13 10 23   2457035.99 2015  1 13 11 48   2457036.05 2015  1 13 13 13
 2457037.78 2015  1 15  6 43   2457037.84 2015  1 15  8  8   2457037.90 2015  1 15  9 33
 2457039.63 2015  1 17  3  2   2457039.69 2015  1 17  4 27   2457039.75 2015  1 17  5 52
 2457041.47 2015  1 18 23 22   2457041.53 2015  1 19  0 47   2457041.59 2015  1 19  2 12
 2457043.32 2015  1 20 19 41   2457043.38 2015  1 20 21  6   2457043.44 2015  1 20 22 31
 2457045.17 2015  1 22 16  1   2457045.23 2015  1 22 17 26   2457045.29 2015  1 22 18 51
 2457047.01 2015  1 24 12 20   2457047.07 2015  1 24 13 45   2457047.13 2015  1 24 15 10
 2457048.86 2015  1 26  8 40   2457048.92 2015  1 26 10  5   2457048.98 2015  1 26 11 30
 2457050.71 2015  1 28  4 59   2457050.77 2015  1 28  6 24   2457050.83 2015  1 28  7 49
 2457052.55 2015  1 30  1 18   2457052.61 2015  1 30  2 43   2457052.67 2015  1 30  4  8
 2457054.40 2015  1 31 21 38   2457054.46 2015  1 31 23  3   2457054.52 2015  2  1  0 28
 2457056.25 2015  2  2 17 57   2457056.31 2015  2  2 19 22   2457056.37 2015  2  2 20 47
 2457058.10 2015  2  4 14 17   2457058.15 2015  2  4 15 42   2457058.21 2015  2  4 17  7
 2457059.94 2015  2  6 10 36   2457060.00 2015  2  6 12  1   2457060.06 2015  2  6 13 26
 2457061.79 2015  2  8  6 56   2457061.85 2015  2  8  8 21   2457061.91 2015  2  8  9 46
 2457063.64 2015  2 10  3 15   2457063.69 2015  2 10  4 40   2457063.75 2015  2 10  6  5
 2457065.48 2015  2 11 23 34   2457065.54 2015  2 12  1  0   2457065.60 2015  2 12  2 25
 2457067.33 2015  2 13 19 54   2457067.39 2015  2 13 21 19   2457067.45 2015  2 13 22 44
 2457069.18 2015  2 15 16 13   2457069.24 2015  2 15 17 38   2457069.29 2015  2 15 19  3
 2457071.02 2015  2 17 12 33   2457071.08 2015  2 17 13 58   2457071.14 2015  2 17 15 23
 2457072.87 2015  2 19  8 52   2457072.93 2015  2 19 10 17   2457072.99 2015  2 19 11 42
 2457074.72 2015  2 21  5 12   2457074.78 2015  2 21  6 37   2457074.83 2015  2 21  8  2
 2457076.56 2015  2 23  1 31   2457076.62 2015  2 23  2 56   2457076.68 2015  2 23  4 21
 2457078.41 2015  2 24 21 51   2457078.47 2015  2 24 23 16   2457078.53 2015  2 25  0 41
 2457080.26 2015  2 26 18 10   2457080.32 2015  2 26 19 35   2457080.38 2015  2 26 21  0
 2457082.10 2015  2 28 14 29   2457082.16 2015  2 28 15 54   2457082.22 2015  2 28 17 20
 2457083.95 2015  3  2 10 49   2457084.01 2015  3  2 12 14   2457084.07 2015  3  2 13 39
 2457085.80 2015  3  4  7  8   2457085.86 2015  3  4  8 33   2457085.92 2015  3  4  9 58
 2457087.64 2015  3  6  3 28   2457087.70 2015  3  6  4 53   2457087.76 2015  3  6  6 18
 2457089.49 2015  3  7 23 47   2457089.55 2015  3  8  1 12   2457089.61 2015  3  8  2 37
 2457091.34 2015  3  9 20  7   2457091.40 2015  3  9 21 32   2457091.46 2015  3  9 22 57
 2457093.19 2015  3 11 16 26   2457093.24 2015  3 11 17 51   2457093.30 2015  3 11 19 16
 2457095.03 2015  3 13 12 45   2457095.09 2015  3 13 14 11   2457095.15 2015  3 13 15 36
 2457096.88 2015  3 15  9  5   2457096.94 2015  3 15 10 30   2457097.00 2015  3 15 11 55
 2457098.73 2015  3 17  5 24   2457098.78 2015  3 17  6 49   2457098.84 2015  3 17  8 15
 2457100.57 2015  3 19  1 44   2457100.63 2015  3 19  3  9   2457100.69 2015  3 19  4 34
 2457102.42 2015  3 20 22  3   2457102.48 2015  3 20 23 28   2457102.54 2015  3 21  0 53
 2457104.27 2015  3 22 18 23   2457104.33 2015  3 22 19 48   2457104.38 2015  3 22 21 13
 2457106.11 2015  3 24 14 42   2457106.17 2015  3 24 16  7   2457106.23 2015  3 24 17 32
 2457107.96 2015  3 26 11  2   2457108.02 2015  3 26 12 27   2457108.08 2015  3 26 13 52
 2457109.81 2015  3 28  7 21   2457109.87 2015  3 28  8 46   2457109.92 2015  3 28 10 11
 2457111.65 2015  3 30  3 40   2457111.71 2015  3 30  5  6   2457111.77 2015  3 30  6 31
 2457113.50 2015  4  1  0  0   2457113.56 2015  4  1  1 25   2457113.62 2015  4  1  2 50
 2457115.35 2015  4  2 20 19   2457115.41 2015  4  2 21 44   2457115.47 2015  4  2 23 10
 2457117.19 2015  4  4 16 39   2457117.25 2015  4  4 18  4   2457117.31 2015  4  4 19 29
 2457119.04 2015  4  6 12 58   2457119.10 2015  4  6 14 23   2457119.16 2015  4  6 15 48
 2457120.89 2015  4  8  9 18   2457120.95 2015  4  8 10 43   2457121.01 2015  4  8 12  8
 2457122.73 2015  4 10  5 37   2457122.79 2015  4 10  7  2   2457122.85 2015  4 10  8 27
 2457124.58 2015  4 12  1 56   2457124.64 2015  4 12  3 22   2457124.70 2015  4 12  4 47
 2457126.43 2015  4 13 22 16   2457126.49 2015  4 13 23 41   2457126.55 2015  4 14  1  6
 2457128.27 2015  4 15 18 35   2457128.33 2015  4 15 20  1   2457128.39 2015  4 15 21 26
 2457130.12 2015  4 17 14 55   2457130.18 2015  4 17 16 20   2457130.24 2015  4 17 17 45
 2457131.97 2015  4 19 11 14   2457132.03 2015  4 19 12 39   2457132.09 2015  4 19 14  5
 2457133.82 2015  4 21  7 34   2457133.87 2015  4 21  8 59   2457133.93 2015  4 21 10 24
 2457135.66 2015  4 23  3 53   2457135.72 2015  4 23  5 18   2457135.78 2015  4 23  6 43
 2457137.51 2015  4 25  0 13   2457137.57 2015  4 25  1 38   2457137.63 2015  4 25  3  3
 2457139.36 2015  4 26 20 32   2457139.42 2015  4 26 21 57   2457139.47 2015  4 26 23 22
 2457141.20 2015  4 28 16 51   2457141.26 2015  4 28 18 17   2457141.32 2015  4 28 19 42
 2457143.05 2015  4 30 13 11   2457143.11 2015  4 30 14 36   2457143.17 2015  4 30 16  1
 2457144.90 2015  5  2  9 30   2457144.96 2015  5  2 10 55   2457145.01 2015  5  2 12 21
 2457146.74 2015  5  4  5 50   2457146.80 2015  5  4  7 15   2457146.86 2015  5  4  8 40
 2457148.59 2015  5  6  2  9   2457148.65 2015  5  6  3 34   2457148.71 2015  5  6  5  0
 2457150.44 2015  5  7 22 29   2457150.50 2015  5  7 23 54   2457150.56 2015  5  8  1 19
 2457152.28 2015  5  9 18 48   2457152.34 2015  5  9 20 13   2457152.40 2015  5  9 21 38
 2457154.13 2015  5 11 15  8   2457154.19 2015  5 11 16 33   2457154.25 2015  5 11 17 58
 2457155.98 2015  5 13 11 27   2457156.04 2015  5 13 12 52   2457156.10 2015  5 13 14 17
 2457157.82 2015  5 15  7 46   2457157.88 2015  5 15  9 12   2457157.94 2015  5 15 10 37
 2457159.67 2015  5 17  4  6   2457159.73 2015  5 17  5 31   2457159.79 2015  5 17  6 56
 2457161.52 2015  5 19  0 25   2457161.58 2015  5 19  1 50   2457161.64 2015  5 19  3 16
 2457163.36 2015  5 20 20 45   2457163.42 2015  5 20 22 10   2457163.48 2015  5 20 23 35
 2457165.21 2015  5 22 17  4   2457165.27 2015  5 22 18 29   2457165.33 2015  5 22 19 55
 2457167.06 2015  5 24 13 24   2457167.12 2015  5 24 14 49   2457167.18 2015  5 24 16 14
 2457168.91 2015  5 26  9 43   2457168.96 2015  5 26 11  8   2457169.02 2015  5 26 12 33
 2457170.75 2015  5 28  6  2   2457170.81 2015  5 28  7 28   2457170.87 2015  5 28  8 53
 2457172.60 2015  5 30  2 22   2457172.66 2015  5 30  3 47   2457172.72 2015  5 30  5 12
 2457174.45 2015  5 31 22 41   2457174.50 2015  6  1  0  7   2457174.56 2015  6  1  1 32
 2457176.29 2015  6  2 19  1   2457176.35 2015  6  2 20 26   2457176.41 2015  6  2 21 51
 2457178.14 2015  6  4 15 20   2457178.20 2015  6  4 16 45   2457178.26 2015  6  4 18 11
 2457179.99 2015  6  6 11 40   2457180.05 2015  6  6 13  5   2457180.10 2015  6  6 14 30
 2457181.83 2015  6  8  7 59   2457181.89 2015  6  8  9 24   2457181.95 2015  6  8 10 50
 2457183.68 2015  6 10  4 19   2457183.74 2015  6 10  5 44   2457183.80 2015  6 10  7  9
 2457185.53 2015  6 12  0 38   2457185.59 2015  6 12  2  3   2457185.65 2015  6 12  3 28
 2457187.37 2015  6 13 20 57   2457187.43 2015  6 13 22 23   2457187.49 2015  6 13 23 48
 2457189.22 2015  6 15 17 17   2457189.28 2015  6 15 18 42   2457189.34 2015  6 15 20  7
 2457191.07 2015  6 17 13 36   2457191.13 2015  6 17 15  2   2457191.19 2015  6 17 16 27
 2457192.91 2015  6 19  9 56   2457192.97 2015  6 19 11 21   2457193.03 2015  6 19 12 46
 2457194.76 2015  6 21  6 15   2457194.82 2015  6 21  7 40   2457194.88 2015  6 21  9  6
 2457196.61 2015  6 23  2 35   2457196.67 2015  6 23  4  0   2457196.73 2015  6 23  5 25
 2457198.45 2015  6 24 22 54   2457198.51 2015  6 25  0 19   2457198.57 2015  6 25  1 45
 2457200.30 2015  6 26 19 13   2457200.36 2015  6 26 20 39   2457200.42 2015  6 26 22  4
 2457202.15 2015  6 28 15 33   2457202.21 2015  6 28 16 58   2457202.27 2015  6 28 18 23
 2457204.00 2015  6 30 11 52   2457204.05 2015  6 30 13 18   2457204.11 2015  6 30 14 43
 2457205.84 2015  7  2  8 12   2457205.90 2015  7  2  9 37   2457205.96 2015  7  2 11  2
 2457207.69 2015  7  4  4 31   2457207.75 2015  7  4  5 56   2457207.81 2015  7  4  7 22
 2457209.54 2015  7  6  0 51   2457209.59 2015  7  6  2 16   2457209.65 2015  7  6  3 41
 2457211.38 2015  7  7 21 10   2457211.44 2015  7  7 22 35   2457211.50 2015  7  8  0  1
 2457213.23 2015  7  9 17 30   2457213.29 2015  7  9 18 55   2457213.35 2015  7  9 20 20
 2457215.08 2015  7 11 13 49   2457215.14 2015  7 11 15 14   2457215.19 2015  7 11 16 40
 2457216.92 2015  7 13 10  8   2457216.98 2015  7 13 11 34   2457217.04 2015  7 13 12 59
 2457218.77 2015  7 15  6 28   2457218.83 2015  7 15  7 53   2457218.89 2015  7 15  9 18
 2457220.62 2015  7 17  2 47   2457220.68 2015  7 17  4 13   2457220.73 2015  7 17  5 38
 2457222.46 2015  7 18 23  7   2457222.52 2015  7 19  0 32   2457222.58 2015  7 19  1 57
 2457224.31 2015  7 20 19 26   2457224.37 2015  7 20 20 51   2457224.43 2015  7 20 22 17
 2457226.16 2015  7 22 15 46   2457226.22 2015  7 22 17 11   2457226.28 2015  7 22 18 36
 2457228.00 2015  7 24 12  5   2457228.06 2015  7 24 13 30   2457228.12 2015  7 24 14 56
 2457229.85 2015  7 26  8 24   2457229.91 2015  7 26  9 50   2457229.97 2015  7 26 11 15
 2457231.70 2015  7 28  4 44   2457231.76 2015  7 28  6  9   2457231.82 2015  7 28  7 35
 2457233.54 2015  7 30  1  3   2457233.60 2015  7 30  2 29   2457233.66 2015  7 30  3 54
 2457235.39 2015  7 31 21 23   2457235.45 2015  7 31 22 48   2457235.51 2015  8  1  0 13
 2457237.24 2015  8  2 17 42   2457237.30 2015  8  2 19  8   2457237.36 2015  8  2 20 33
 2457239.08 2015  8  4 14  2   2457239.14 2015  8  4 15 27   2457239.20 2015  8  4 16 52
 2457240.93 2015  8  6 10 21   2457240.99 2015  8  6 11 46   2457241.05 2015  8  6 13 12
 2457242.78 2015  8  8  6 41   2457242.84 2015  8  8  8  6   2457242.90 2015  8  8  9 31
 2457244.63 2015  8 10  3  0   2457244.68 2015  8 10  4 25   2457244.74 2015  8 10  5 51
 2457246.47 2015  8 11 23 19   2457246.53 2015  8 12  0 45   2457246.59 2015  8 12  2 10
 2457248.32 2015  8 13 19 39   2457248.38 2015  8 13 21  4   2457248.44 2015  8 13 22 30
 2457250.17 2015  8 15 15 58   2457250.23 2015  8 15 17 24   2457250.28 2015  8 15 18 49
 2457252.01 2015  8 17 12 18   2457252.07 2015  8 17 13 43   2457252.13 2015  8 17 15  8
 2457253.86 2015  8 19  8 37   2457253.92 2015  8 19 10  3   2457253.98 2015  8 19 11 28
 2457255.71 2015  8 21  4 57   2457255.77 2015  8 21  6 22   2457255.82 2015  8 21  7 47
 2457257.55 2015  8 23  1 16   2457257.61 2015  8 23  2 41   2457257.67 2015  8 23  4  7
 2457259.40 2015  8 24 21 35   2457259.46 2015  8 24 23  1   2457259.52 2015  8 25  0 26
 2457261.25 2015  8 26 17 55   2457261.31 2015  8 26 19 20   2457261.37 2015  8 26 20 46
 2457263.09 2015  8 28 14 14   2457263.15 2015  8 28 15 40   2457263.21 2015  8 28 17  5
 2457264.94 2015  8 30 10 34   2457265.00 2015  8 30 11 59   2457265.06 2015  8 30 13 25
 2457266.79 2015  9  1  6 53   2457266.85 2015  9  1  8 19   2457266.91 2015  9  1  9 44
 2457268.63 2015  9  3  3 13   2457268.69 2015  9  3  4 38   2457268.75 2015  9  3  6  3
 2457270.48 2015  9  4 23 32   2457270.54 2015  9  5  0 57   2457270.60 2015  9  5  2 23
 2457272.33 2015  9  6 19 52   2457272.39 2015  9  6 21 17   2457272.45 2015  9  6 22 42
 2457274.17 2015  9  8 16 11   2457274.23 2015  9  8 17 36   2457274.29 2015  9  8 19  2
 2457276.02 2015  9 10 12 30   2457276.08 2015  9 10 13 56   2457276.14 2015  9 10 15 21
 2457277.87 2015  9 12  8 50   2457277.93 2015  9 12 10 15   2457277.99 2015  9 12 11 41
 2457279.72 2015  9 14  5  9   2457279.77 2015  9 14  6 35   2457279.83 2015  9 14  8  0
 2457281.56 2015  9 16  1 29   2457281.62 2015  9 16  2 54   2457281.68 2015  9 16  4 20
 2457283.41 2015  9 17 21 48   2457283.47 2015  9 17 23 14   2457283.53 2015  9 18  0 39
 2457285.26 2015  9 19 18  8   2457285.31 2015  9 19 19 33   2457285.37 2015  9 19 20 58
 2457287.10 2015  9 21 14 27   2457287.16 2015  9 21 15 52   2457287.22 2015  9 21 17 18
 2457288.95 2015  9 23 10 46   2457289.01 2015  9 23 12 12   2457289.07 2015  9 23 13 37
 2457290.80 2015  9 25  7  6   2457290.86 2015  9 25  8 31   2457290.91 2015  9 25  9 57
 2457292.64 2015  9 27  3 25   2457292.70 2015  9 27  4 51   2457292.76 2015  9 27  6 16
 2457294.49 2015  9 28 23 45   2457294.55 2015  9 29  1 10   2457294.61 2015  9 29  2 36
 2457296.34 2015  9 30 20  4   2457296.40 2015  9 30 21 30   2457296.46 2015  9 30 22 55
 2457298.18 2015 10  2 16 24   2457298.24 2015 10  2 17 49   2457298.30 2015 10  2 19 15
 2457300.03 2015 10  4 12 43   2457300.09 2015 10  4 14  9   2457300.15 2015 10  4 15 34
 2457301.88 2015 10  6  9  3   2457301.94 2015 10  6 10 28   2457302.00 2015 10  6 11 53
 2457303.72 2015 10  8  5 22   2457303.78 2015 10  8  6 47   2457303.84 2015 10  8  8 13
 2457305.57 2015 10 10  1 41   2457305.63 2015 10 10  3  7   2457305.69 2015 10 10  4 32
 2457307.42 2015 10 11 22  1   2457307.48 2015 10 11 23 26   2457307.54 2015 10 12  0 52
 2457309.26 2015 10 13 18 20   2457309.32 2015 10 13 19 46   2457309.38 2015 10 13 21 11
 2457311.11 2015 10 15 14 40   2457311.17 2015 10 15 16  5   2457311.23 2015 10 15 17 31
 2457312.96 2015 10 17 10 59   2457313.02 2015 10 17 12 25   2457313.08 2015 10 17 13 50
 2457314.80 2015 10 19  7 19   2457314.86 2015 10 19  8 44   2457314.92 2015 10 19 10 10
 2457316.65 2015 10 21  3 38   2457316.71 2015 10 21  5  4   2457316.77 2015 10 21  6 29
 2457318.50 2015 10 22 23 57   2457318.56 2015 10 23  1 23   2457318.62 2015 10 23  2 48
 2457320.35 2015 10 24 20 17   2457320.40 2015 10 24 21 42   2457320.46 2015 10 24 23  8
 2457322.19 2015 10 26 16 36   2457322.25 2015 10 26 18  2   2457322.31 2015 10 26 19 27
 2457324.04 2015 10 28 12 56   2457324.10 2015 10 28 14 21   2457324.16 2015 10 28 15 47
 2457325.89 2015 10 30  9 15   2457325.95 2015 10 30 10 41   2457326.00 2015 10 30 12  6
 2457327.73 2015 11  1  5 35   2457327.79 2015 11  1  7  0   2457327.85 2015 11  1  8 26
 2457329.58 2015 11  3  1 54   2457329.64 2015 11  3  3 20   2457329.70 2015 11  3  4 45
 2457331.43 2015 11  4 22 14   2457331.49 2015 11  4 23 39   2457331.55 2015 11  5  1  4
 2457333.27 2015 11  6 18 33   2457333.33 2015 11  6 19 58   2457333.39 2015 11  6 21 24
 2457335.12 2015 11  8 14 52   2457335.18 2015 11  8 16 18   2457335.24 2015 11  8 17 43
 2457336.97 2015 11 10 11 12   2457337.03 2015 11 10 12 37   2457337.09 2015 11 10 14  3
 2457338.81 2015 11 12  7 31   2457338.87 2015 11 12  8 57   2457338.93 2015 11 12 10 22
 2457340.66 2015 11 14  3 51   2457340.72 2015 11 14  5 16   2457340.78 2015 11 14  6 42
 2457342.51 2015 11 16  0 10   2457342.57 2015 11 16  1 36   2457342.63 2015 11 16  3  1
 2457344.35 2015 11 17 20 30   2457344.41 2015 11 17 21 55   2457344.47 2015 11 17 23 21
 2457346.20 2015 11 19 16 49   2457346.26 2015 11 19 18 15   2457346.32 2015 11 19 19 40
 2457348.05 2015 11 21 13  9   2457348.11 2015 11 21 14 34   2457348.17 2015 11 21 15 59
 2457349.89 2015 11 23  9 28   2457349.95 2015 11 23 10 53   2457350.01 2015 11 23 12 19
 2457351.74 2015 11 25  5 47   2457351.80 2015 11 25  7 13   2457351.86 2015 11 25  8 38
 2457353.59 2015 11 27  2  7   2457353.65 2015 11 27  3 32   2457353.71 2015 11 27  4 58
 2457355.44 2015 11 28 22 26   2457355.49 2015 11 28 23 52   2457355.55 2015 11 29  1 17
 2457357.28 2015 11 30 18 46   2457357.34 2015 11 30 20 11   2457357.40 2015 11 30 21 37
 2457359.13 2015 12  2 15  5   2457359.19 2015 12  2 16 31   2457359.25 2015 12  2 17 56
 2457360.98 2015 12  4 11 25   2457361.04 2015 12  4 12 50   2457361.09 2015 12  4 14 16
 2457362.82 2015 12  6  7 44   2457362.88 2015 12  6  9 10   2457362.94 2015 12  6 10 35
 2457364.67 2015 12  8  4  3   2457364.73 2015 12  8  5 29   2457364.79 2015 12  8  6 54
 2457366.52 2015 12 10  0 23   2457366.58 2015 12 10  1 48   2457366.64 2015 12 10  3 14
 2457368.36 2015 12 11 20 42   2457368.42 2015 12 11 22  8   2457368.48 2015 12 11 23 33
 2457370.21 2015 12 13 17  2   2457370.27 2015 12 13 18 27   2457370.33 2015 12 13 19 53
 2457372.06 2015 12 15 13 21   2457372.12 2015 12 15 14 47   2457372.18 2015 12 15 16 12
 2457373.90 2015 12 17  9 41   2457373.96 2015 12 17 11  6   2457374.02 2015 12 17 12 32
 2457375.75 2015 12 19  6  0   2457375.81 2015 12 19  7 26   2457375.87 2015 12 19  8 51
 2457377.60 2015 12 21  2 20   2457377.66 2015 12 21  3 45   2457377.72 2015 12 21  5 11
 2457379.44 2015 12 22 22 39   2457379.50 2015 12 23  0  4   2457379.56 2015 12 23  1 30
 2457381.29 2015 12 24 18 58   2457381.35 2015 12 24 20 24   2457381.41 2015 12 24 21 49
 2457383.14 2015 12 26 15 18   2457383.20 2015 12 26 16 43   2457383.26 2015 12 26 18  9
 2457384.98 2015 12 28 11 37   2457385.04 2015 12 28 13  3   2457385.10 2015 12 28 14 28
 2457386.83 2015 12 30  7 57   2457386.89 2015 12 30  9 22   2457386.95 2015 12 30 10 48
 2457388.68 2016  1  1  4 16   2457388.74 2016  1  1  5 42   2457388.80 2016  1  1  7  7
 2457390.53 2016  1  3  0 36   2457390.58 2016  1  3  2  1   2457390.64 2016  1  3  3 27
 2457392.37 2016  1  4 20 55   2457392.43 2016  1  4 22 21   2457392.49 2016  1  4 23 46
 2457394.22 2016  1  6 17 14   2457394.28 2016  1  6 18 40   2457394.34 2016  1  6 20  6
 2457396.07 2016  1  8 13 34   2457396.12 2016  1  8 14 59   2457396.18 2016  1  8 16 25
 2457397.91 2016  1 10  9 53   2457397.97 2016  1 10 11 19   2457398.03 2016  1 10 12 44
 2457399.76 2016  1 12  6 13   2457399.82 2016  1 12  7 38   2457399.88 2016  1 12  9  4
 2457401.61 2016  1 14  2 32   2457401.67 2016  1 14  3 58   2457401.72 2016  1 14  5 23
 2457403.45 2016  1 15 22 52   2457403.51 2016  1 16  0 17   2457403.57 2016  1 16  1 43
 2457405.30 2016  1 17 19 11   2457405.36 2016  1 17 20 37   2457405.42 2016  1 17 22  2
 2457407.15 2016  1 19 15 31   2457407.21 2016  1 19 16 56   2457407.27 2016  1 19 18 22
 2457408.99 2016  1 21 11 50   2457409.05 2016  1 21 13 16   2457409.11 2016  1 21 14 41
 2457410.84 2016  1 23  8  9   2457410.90 2016  1 23  9 35   2457410.96 2016  1 23 11  1
 2457412.69 2016  1 25  4 29   2457412.75 2016  1 25  5 54   2457412.81 2016  1 25  7 20
 2457414.53 2016  1 27  0 48   2457414.59 2016  1 27  2 14   2457414.65 2016  1 27  3 39
 2457416.38 2016  1 28 21  8   2457416.44 2016  1 28 22 33   2457416.50 2016  1 28 23 59
 2457418.23 2016  1 30 17 27   2457418.29 2016  1 30 18 53   2457418.35 2016  1 30 20 18
 2457420.07 2016  2  1 13 47   2457420.13 2016  2  1 15 12   2457420.19 2016  2  1 16 38
 2457421.92 2016  2  3 10  6   2457421.98 2016  2  3 11 32   2457422.04 2016  2  3 12 57
 2457423.77 2016  2  5  6 25   2457423.83 2016  2  5  7 51   2457423.89 2016  2  5  9 17
 2457425.61 2016  2  7  2 45   2457425.67 2016  2  7  4 11   2457425.73 2016  2  7  5 36
 2457427.46 2016  2  8 23  4   2457427.52 2016  2  9  0 30   2457427.58 2016  2  9  1 56
 2457429.31 2016  2 10 19 24   2457429.37 2016  2 10 20 49   2457429.43 2016  2 10 22 15
 2457431.16 2016  2 12 15 43   2457431.21 2016  2 12 17  9   2457431.27 2016  2 12 18 34
 2457433.00 2016  2 14 12  3   2457433.06 2016  2 14 13 28   2457433.12 2016  2 14 14 54
 2457434.85 2016  2 16  8 22   2457434.91 2016  2 16  9 48   2457434.97 2016  2 16 11 13
 2457436.70 2016  2 18  4 42   2457436.76 2016  2 18  6  7   2457436.81 2016  2 18  7 33
 2457438.54 2016  2 20  1  1   2457438.60 2016  2 20  2 27   2457438.66 2016  2 20  3 52
 2457440.39 2016  2 21 21 20   2457440.45 2016  2 21 22 46   2457440.51 2016  2 22  0 12
 2457442.24 2016  2 23 17 40   2457442.30 2016  2 23 19  5   2457442.36 2016  2 23 20 31
 2457444.08 2016  2 25 13 59   2457444.14 2016  2 25 15 25   2457444.20 2016  2 25 16 51
 2457445.93 2016  2 27 10 19   2457445.99 2016  2 27 11 44   2457446.05 2016  2 27 13 10
 2457447.78 2016  2 29  6 38   2457447.84 2016  2 29  8  4   2457447.90 2016  2 29  9 29
 2457449.62 2016  3  2  2 58   2457449.68 2016  3  2  4 23   2457449.74 2016  3  2  5 49
 2457451.47 2016  3  3 23 17   2457451.53 2016  3  4  0 43   2457451.59 2016  3  4  2  8
 2457453.32 2016  3  5 19 36   2457453.38 2016  3  5 21  2   2457453.44 2016  3  5 22 28
 2457455.16 2016  3  7 15 56   2457455.22 2016  3  7 17 22   2457455.28 2016  3  7 18 47
 2457457.01 2016  3  9 12 15   2457457.07 2016  3  9 13 41   2457457.13 2016  3  9 15  7
 2457458.86 2016  3 11  8 35   2457458.92 2016  3 11 10  0   2457458.98 2016  3 11 11 26
 2457460.70 2016  3 13  4 54   2457460.76 2016  3 13  6 20   2457460.82 2016  3 13  7 46
 2457462.55 2016  3 15  1 14   2457462.61 2016  3 15  2 39   2457462.67 2016  3 15  4  5
 2457464.40 2016  3 16 21 33   2457464.46 2016  3 16 22 59   2457464.52 2016  3 17  0 24
 2457466.25 2016  3 18 17 53   2457466.30 2016  3 18 19 18   2457466.36 2016  3 18 20 44
 2457468.09 2016  3 20 14 12   2457468.15 2016  3 20 15 38   2457468.21 2016  3 20 17  3
 2457469.94 2016  3 22 10 31   2457470.00 2016  3 22 11 57   2457470.06 2016  3 22 13 23
 2457471.79 2016  3 24  6 51   2457471.85 2016  3 24  8 17   2457471.90 2016  3 24  9 42
 2457473.63 2016  3 26  3 10   2457473.69 2016  3 26  4 36   2457473.75 2016  3 26  6  2
 2457475.48 2016  3 27 23 30   2457475.54 2016  3 28  0 55   2457475.60 2016  3 28  2 21
 2457477.33 2016  3 29 19 49   2457477.39 2016  3 29 21 15   2457477.45 2016  3 29 22 41
 2457479.17 2016  3 31 16  9   2457479.23 2016  3 31 17 34   2457479.29 2016  3 31 19  0
 2457481.02 2016  4  2 12 28   2457481.08 2016  4  2 13 54   2457481.14 2016  4  2 15 19
 2457482.87 2016  4  4  8 47   2457482.93 2016  4  4 10 13   2457482.99 2016  4  4 11 39
 2457484.71 2016  4  6  5  7   2457484.77 2016  4  6  6 33   2457484.83 2016  4  6  7 58
 2457486.56 2016  4  8  1 26   2457486.62 2016  4  8  2 52   2457486.68 2016  4  8  4 18
 2457488.41 2016  4  9 21 46   2457488.47 2016  4  9 23 12   2457488.53 2016  4 10  0 37
 2457490.25 2016  4 11 18  5   2457490.31 2016  4 11 19 31   2457490.37 2016  4 11 20 57
 2457492.10 2016  4 13 14 25   2457492.16 2016  4 13 15 50   2457492.22 2016  4 13 17 16
 2457493.95 2016  4 15 10 44   2457494.01 2016  4 15 12 10   2457494.07 2016  4 15 13 36
 2457495.79 2016  4 17  7  4   2457495.85 2016  4 17  8 29   2457495.91 2016  4 17  9 55
 2457497.64 2016  4 19  3 23   2457497.70 2016  4 19  4 49   2457497.76 2016  4 19  6 14
 2457499.49 2016  4 20 23 42   2457499.55 2016  4 21  1  8   2457499.61 2016  4 21  2 34
 2457501.33 2016  4 22 20  2   2457501.39 2016  4 22 21 28   2457501.45 2016  4 22 22 53
 2457503.18 2016  4 24 16 21   2457503.24 2016  4 24 17 47   2457503.30 2016  4 24 19 13
 2457505.03 2016  4 26 12 41   2457505.09 2016  4 26 14  6   2457505.15 2016  4 26 15 32
 2457506.88 2016  4 28  9  0   2457506.94 2016  4 28 10 26   2457506.99 2016  4 28 11 52
 2457508.72 2016  4 30  5 20   2457508.78 2016  4 30  6 45   2457508.84 2016  4 30  8 11
 2457510.57 2016  5  2  1 39   2457510.63 2016  5  2  3  5   2457510.69 2016  5  2  4 31
 2457512.42 2016  5  3 21 58   2457512.48 2016  5  3 23 24   2457512.54 2016  5  4  0 50
 2457514.26 2016  5  5 18 18   2457514.32 2016  5  5 19 44   2457514.38 2016  5  5 21  9
 2457516.11 2016  5  7 14 37   2457516.17 2016  5  7 16  3   2457516.23 2016  5  7 17 29
 2457517.96 2016  5  9 10 57   2457518.02 2016  5  9 12 23   2457518.08 2016  5  9 13 48
 2457519.80 2016  5 11  7 16   2457519.86 2016  5 11  8 42   2457519.92 2016  5 11 10  8
 2457521.65 2016  5 13  3 36   2457521.71 2016  5 13  5  1   2457521.77 2016  5 13  6 27
 2457523.50 2016  5 14 23 55   2457523.56 2016  5 15  1 21   2457523.62 2016  5 15  2 47
 2457525.34 2016  5 16 20 15   2457525.40 2016  5 16 21 40   2457525.46 2016  5 16 23  6
 2457527.19 2016  5 18 16 34   2457527.25 2016  5 18 18  0   2457527.31 2016  5 18 19 26
 2457529.04 2016  5 20 12 53   2457529.10 2016  5 20 14 19   2457529.16 2016  5 20 15 45
 2457530.88 2016  5 22  9 13   2457530.94 2016  5 22 10 39   2457531.00 2016  5 22 12  4
 2457532.73 2016  5 24  5 32   2457532.79 2016  5 24  6 58   2457532.85 2016  5 24  8 24
 2457534.58 2016  5 26  1 52   2457534.64 2016  5 26  3 18   2457534.70 2016  5 26  4 43
 2457536.42 2016  5 27 22 11   2457536.48 2016  5 27 23 37   2457536.54 2016  5 28  1  3
 2457538.27 2016  5 29 18 31   2457538.33 2016  5 29 19 56   2457538.39 2016  5 29 21 22
 2457540.12 2016  5 31 14 50   2457540.18 2016  5 31 16 16   2457540.24 2016  5 31 17 42
 2457541.97 2016  6  2 11 10   2457542.02 2016  6  2 12 35   2457542.08 2016  6  2 14  1
 2457543.81 2016  6  4  7 29   2457543.87 2016  6  4  8 55   2457543.93 2016  6  4 10 21
 2457545.66 2016  6  6  3 48   2457545.72 2016  6  6  5 14   2457545.78 2016  6  6  6 40
 2457547.51 2016  6  8  0  8   2457547.57 2016  6  8  1 34   2457547.62 2016  6  8  2 59
 2457549.35 2016  6  9 20 27   2457549.41 2016  6  9 21 53   2457549.47 2016  6  9 23 19
 2457551.20 2016  6 11 16 47   2457551.26 2016  6 11 18 13   2457551.32 2016  6 11 19 38
 2457553.05 2016  6 13 13  6   2457553.11 2016  6 13 14 32   2457553.17 2016  6 13 15 58
 2457554.89 2016  6 15  9 26   2457554.95 2016  6 15 10 51   2457555.01 2016  6 15 12 17
 2457556.74 2016  6 17  5 45   2457556.80 2016  6 17  7 11   2457556.86 2016  6 17  8 37
 2457558.59 2016  6 19  2  4   2457558.65 2016  6 19  3 30   2457558.71 2016  6 19  4 56
 2457560.43 2016  6 20 22 24   2457560.49 2016  6 20 23 50   2457560.55 2016  6 21  1 16
 2457562.28 2016  6 22 18 43   2457562.34 2016  6 22 20  9   2457562.40 2016  6 22 21 35
 2457564.13 2016  6 24 15  3   2457564.19 2016  6 24 16 29   2457564.25 2016  6 24 17 54
 2457565.97 2016  6 26 11 22   2457566.03 2016  6 26 12 48   2457566.09 2016  6 26 14 14
 2457567.82 2016  6 28  7 42   2457567.88 2016  6 28  9  7   2457567.94 2016  6 28 10 33
 2457569.67 2016  6 30  4  1   2457569.73 2016  6 30  5 27   2457569.79 2016  6 30  6 53
 2457571.51 2016  7  2  0 21   2457571.57 2016  7  2  1 46   2457571.63 2016  7  2  3 12
 2457573.36 2016  7  3 20 40   2457573.42 2016  7  3 22  6   2457573.48 2016  7  3 23 32
 2457575.21 2016  7  5 16 59   2457575.27 2016  7  5 18 25   2457575.33 2016  7  5 19 51
 2457577.06 2016  7  7 13 19   2457577.11 2016  7  7 14 45   2457577.17 2016  7  7 16 11
 2457578.90 2016  7  9  9 38   2457578.96 2016  7  9 11  4   2457579.02 2016  7  9 12 30
 2457580.75 2016  7 11  5 58   2457580.81 2016  7 11  7 24   2457580.87 2016  7 11  8 49
 2457582.60 2016  7 13  2 17   2457582.66 2016  7 13  3 43   2457582.71 2016  7 13  5  9
 2457584.44 2016  7 14 22 37   2457584.50 2016  7 15  0  2   2457584.56 2016  7 15  1 28
 2457586.29 2016  7 16 18 56   2457586.35 2016  7 16 20 22   2457586.41 2016  7 16 21 48
 2457588.14 2016  7 18 15 15   2457588.20 2016  7 18 16 41   2457588.26 2016  7 18 18  7
 2457589.98 2016  7 20 11 35   2457590.04 2016  7 20 13  1   2457590.10 2016  7 20 14 27
 2457591.83 2016  7 22  7 54   2457591.89 2016  7 22  9 20   2457591.95 2016  7 22 10 46
 2457593.68 2016  7 24  4 14   2457593.74 2016  7 24  5 40   2457593.80 2016  7 24  7  6
 2457595.52 2016  7 26  0 33   2457595.58 2016  7 26  1 59   2457595.64 2016  7 26  3 25
 2457597.37 2016  7 27 20 53   2457597.43 2016  7 27 22 19   2457597.49 2016  7 27 23 44
 2457599.22 2016  7 29 17 12   2457599.28 2016  7 29 18 38   2457599.34 2016  7 29 20  4
 2457601.06 2016  7 31 13 32   2457601.12 2016  7 31 14 57   2457601.18 2016  7 31 16 23
 2457602.91 2016  8  2  9 51   2457602.97 2016  8  2 11 17   2457603.03 2016  8  2 12 43
 2457604.76 2016  8  4  6 10   2457604.82 2016  8  4  7 36   2457604.88 2016  8  4  9  2
 2457606.60 2016  8  6  2 30   2457606.66 2016  8  6  3 56   2457606.72 2016  8  6  5 22
