 Predicted Transit Epochs: WASP-2___ b

Observed Transit Duration:  107.9 Minutes

 Begin Transit Window           PREDICTED CENTRAL TRANSIT     End Transit Window
                                     All Times UT

                               HJD        Year M  D  H  M
 2454925.54 2009  4  4  0 58   2454925.58 2009  4  4  1 55   2454925.62 2009  4  4  2 52
 2454927.69 2009  4  6  4 38   2454927.73 2009  4  6  5 34   2454927.77 2009  4  6  6 31
 2454929.85 2009  4  8  8 17   2454929.88 2009  4  8  9 14   2454929.92 2009  4  8 10 10
 2454932.00 2009  4 10 11 56   2454932.04 2009  4 10 12 53   2454932.08 2009  4 10 13 50
 2454934.15 2009  4 12 15 35   2454934.19 2009  4 12 16 32   2454934.23 2009  4 12 17 29
 2454936.30 2009  4 14 19 14   2454936.34 2009  4 14 20 11   2454936.38 2009  4 14 21  8
 2454938.45 2009  4 16 22 54   2454938.49 2009  4 16 23 50   2454938.53 2009  4 17  0 47
 2454940.61 2009  4 19  2 33   2454940.65 2009  4 19  3 30   2454940.69 2009  4 19  4 26
 2454942.76 2009  4 21  6 12   2454942.80 2009  4 21  7  9   2454942.84 2009  4 21  8  6
 2454944.91 2009  4 23  9 51   2454944.95 2009  4 23 10 48   2454944.99 2009  4 23 11 45
 2454947.06 2009  4 25 13 30   2454947.10 2009  4 25 14 27   2454947.14 2009  4 25 15 24
 2454949.22 2009  4 27 17 10   2454949.25 2009  4 27 18  6   2454949.29 2009  4 27 19  3
 2454951.37 2009  4 29 20 49   2454951.41 2009  4 29 21 46   2454951.45 2009  4 29 22 43
 2454953.52 2009  5  2  0 28   2454953.56 2009  5  2  1 25   2454953.60 2009  5  2  2 22
 2454955.67 2009  5  4  4  7   2454955.71 2009  5  4  5  4   2454955.75 2009  5  4  6  1
 2454957.82 2009  5  6  7 46   2454957.86 2009  5  6  8 43   2454957.90 2009  5  6  9 40
 2454959.98 2009  5  8 11 26   2454960.02 2009  5  8 12 22   2454960.06 2009  5  8 13 19
 2454962.13 2009  5 10 15  5   2454962.17 2009  5 10 16  2   2454962.21 2009  5 10 16 59
 2454964.28 2009  5 12 18 44   2454964.32 2009  5 12 19 41   2454964.36 2009  5 12 20 38
 2454966.43 2009  5 14 22 23   2454966.47 2009  5 14 23 20   2454966.51 2009  5 15  0 17
 2454968.59 2009  5 17  2  2   2454968.62 2009  5 17  2 59   2454968.66 2009  5 17  3 56
 2454970.74 2009  5 19  5 42   2454970.78 2009  5 19  6 38   2454970.82 2009  5 19  7 35
 2454972.89 2009  5 21  9 21   2454972.93 2009  5 21 10 18   2454972.97 2009  5 21 11 15
 2454975.04 2009  5 23 13  0   2454975.08 2009  5 23 13 57   2454975.12 2009  5 23 14 54
 2454977.19 2009  5 25 16 39   2454977.23 2009  5 25 17 36   2454977.27 2009  5 25 18 33
 2454979.35 2009  5 27 20 18   2454979.39 2009  5 27 21 15   2454979.43 2009  5 27 22 12
 2454981.50 2009  5 29 23 58   2454981.54 2009  5 30  0 55   2454981.58 2009  5 30  1 51
 2454983.65 2009  6  1  3 37   2454983.69 2009  6  1  4 34   2454983.73 2009  6  1  5 31
 2454985.80 2009  6  3  7 16   2454985.84 2009  6  3  8 13   2454985.88 2009  6  3  9 10
 2454987.96 2009  6  5 10 55   2454987.99 2009  6  5 11 52   2454988.03 2009  6  5 12 49
 2454990.11 2009  6  7 14 34   2454990.15 2009  6  7 15 31   2454990.19 2009  6  7 16 28
 2454992.26 2009  6  9 18 14   2454992.30 2009  6  9 19 11   2454992.34 2009  6  9 20  8
 2454994.41 2009  6 11 21 53   2454994.45 2009  6 11 22 50   2454994.49 2009  6 11 23 47
 2454996.56 2009  6 14  1 32   2454996.60 2009  6 14  2 29   2454996.64 2009  6 14  3 26
 2454998.72 2009  6 16  5 11   2454998.76 2009  6 16  6  8   2454998.80 2009  6 16  7  5
 2455000.87 2009  6 18  8 50   2455000.91 2009  6 18  9 47   2455000.95 2009  6 18 10 44
 2455003.02 2009  6 20 12 30   2455003.06 2009  6 20 13 27   2455003.10 2009  6 20 14 24
 2455005.17 2009  6 22 16  9   2455005.21 2009  6 22 17  6   2455005.25 2009  6 22 18  3
 2455007.33 2009  6 24 19 48   2455007.36 2009  6 24 20 45   2455007.40 2009  6 24 21 42
 2455009.48 2009  6 26 23 27   2455009.52 2009  6 27  0 24   2455009.56 2009  6 27  1 21
 2455011.63 2009  6 29  3  6   2455011.67 2009  6 29  4  3   2455011.71 2009  6 29  5  0
 2455013.78 2009  7  1  6 46   2455013.82 2009  7  1  7 43   2455013.86 2009  7  1  8 40
 2455015.93 2009  7  3 10 25   2455015.97 2009  7  3 11 22   2455016.01 2009  7  3 12 19
 2455018.09 2009  7  5 14  4   2455018.13 2009  7  5 15  1   2455018.17 2009  7  5 15 58
 2455020.24 2009  7  7 17 43   2455020.28 2009  7  7 18 40   2455020.32 2009  7  7 19 37
 2455022.39 2009  7  9 21 22   2455022.43 2009  7  9 22 19   2455022.47 2009  7  9 23 17
 2455024.54 2009  7 12  1  2   2455024.58 2009  7 12  1 59   2455024.62 2009  7 12  2 56
 2455026.70 2009  7 14  4 41   2455026.73 2009  7 14  5 38   2455026.77 2009  7 14  6 35
 2455028.85 2009  7 16  8 20   2455028.89 2009  7 16  9 17   2455028.93 2009  7 16 10 14
 2455031.00 2009  7 18 11 59   2455031.04 2009  7 18 12 56   2455031.08 2009  7 18 13 53
 2455033.15 2009  7 20 15 38   2455033.19 2009  7 20 16 35   2455033.23 2009  7 20 17 33
 2455035.30 2009  7 22 19 18   2455035.34 2009  7 22 20 15   2455035.38 2009  7 22 21 12
 2455037.46 2009  7 24 22 57   2455037.50 2009  7 24 23 54   2455037.54 2009  7 25  0 51
 2455039.61 2009  7 27  2 36   2455039.65 2009  7 27  3 33   2455039.69 2009  7 27  4 30
 2455041.76 2009  7 29  6 15   2455041.80 2009  7 29  7 12   2455041.84 2009  7 29  8  9
 2455043.91 2009  7 31  9 54   2455043.95 2009  7 31 10 51   2455043.99 2009  7 31 11 49
 2455046.07 2009  8  2 13 34   2455046.10 2009  8  2 14 31   2455046.14 2009  8  2 15 28
 2455048.22 2009  8  4 17 13   2455048.26 2009  8  4 18 10   2455048.30 2009  8  4 19  7
 2455050.37 2009  8  6 20 52   2455050.41 2009  8  6 21 49   2455050.45 2009  8  6 22 46
 2455052.52 2009  8  9  0 31   2455052.56 2009  8  9  1 28   2455052.60 2009  8  9  2 25
 2455054.67 2009  8 11  4 10   2455054.71 2009  8 11  5  7   2455054.75 2009  8 11  6  5
 2455056.83 2009  8 13  7 50   2455056.87 2009  8 13  8 47   2455056.91 2009  8 13  9 44
 2455058.98 2009  8 15 11 29   2455059.02 2009  8 15 12 26   2455059.06 2009  8 15 13 23
 2455061.13 2009  8 17 15  8   2455061.17 2009  8 17 16  5   2455061.21 2009  8 17 17  2
 2455063.28 2009  8 19 18 47   2455063.32 2009  8 19 19 44   2455063.36 2009  8 19 20 42
 2455065.44 2009  8 21 22 26   2455065.48 2009  8 21 23 24   2455065.51 2009  8 22  0 21
 2455067.59 2009  8 24  2  6   2455067.63 2009  8 24  3  3   2455067.67 2009  8 24  4  0
 2455069.74 2009  8 26  5 45   2455069.78 2009  8 26  6 42   2455069.82 2009  8 26  7 39
 2455071.89 2009  8 28  9 24   2455071.93 2009  8 28 10 21   2455071.97 2009  8 28 11 18
 2455074.04 2009  8 30 13  3   2455074.08 2009  8 30 14  0   2455074.12 2009  8 30 14 58
 2455076.20 2009  9  1 16 42   2455076.24 2009  9  1 17 40   2455076.28 2009  9  1 18 37
 2455078.35 2009  9  3 20 22   2455078.39 2009  9  3 21 19   2455078.43 2009  9  3 22 16
 2455080.50 2009  9  6  0  1   2455080.54 2009  9  6  0 58   2455080.58 2009  9  6  1 55
 2455082.65 2009  9  8  3 40   2455082.69 2009  9  8  4 37   2455082.73 2009  9  8  5 34
 2455084.81 2009  9 10  7 19   2455084.85 2009  9 10  8 16   2455084.88 2009  9 10  9 14
 2455086.96 2009  9 12 10 58   2455087.00 2009  9 12 11 56   2455087.04 2009  9 12 12 53
 2455089.11 2009  9 14 14 38   2455089.15 2009  9 14 15 35   2455089.19 2009  9 14 16 32
 2455091.26 2009  9 16 18 17   2455091.30 2009  9 16 19 14   2455091.34 2009  9 16 20 11
 2455093.41 2009  9 18 21 56   2455093.45 2009  9 18 22 53   2455093.49 2009  9 18 23 50
 2455095.57 2009  9 21  1 35   2455095.61 2009  9 21  2 32   2455095.65 2009  9 21  3 30
 2455097.72 2009  9 23  5 14   2455097.76 2009  9 23  6 12   2455097.80 2009  9 23  7  9
 2455099.87 2009  9 25  8 54   2455099.91 2009  9 25  9 51   2455099.95 2009  9 25 10 48
 2455102.02 2009  9 27 12 33   2455102.06 2009  9 27 13 30   2455102.10 2009  9 27 14 27
 2455104.18 2009  9 29 16 12   2455104.22 2009  9 29 17  9   2455104.25 2009  9 29 18  7
 2455106.33 2009 10  1 19 51   2455106.37 2009 10  1 20 48   2455106.41 2009 10  1 21 46
 2455108.48 2009 10  3 23 30   2455108.52 2009 10  4  0 28   2455108.56 2009 10  4  1 25
 2455110.63 2009 10  6  3 10   2455110.67 2009 10  6  4  7   2455110.71 2009 10  6  5  4
 2455112.78 2009 10  8  6 49   2455112.82 2009 10  8  7 46   2455112.86 2009 10  8  8 43
 2455114.94 2009 10 10 10 28   2455114.98 2009 10 10 11 25   2455115.02 2009 10 10 12 23
 2455117.09 2009 10 12 14  7   2455117.13 2009 10 12 15  4   2455117.17 2009 10 12 16  2
 2455119.24 2009 10 14 17 46   2455119.28 2009 10 14 18 44   2455119.32 2009 10 14 19 41
 2455121.39 2009 10 16 21 26   2455121.43 2009 10 16 22 23   2455121.47 2009 10 16 23 20
 2455123.55 2009 10 19  1  5   2455123.59 2009 10 19  2  2   2455123.62 2009 10 19  2 59
 2455125.70 2009 10 21  4 44   2455125.74 2009 10 21  5 41   2455125.78 2009 10 21  6 39
 2455127.85 2009 10 23  8 23   2455127.89 2009 10 23  9 20   2455127.93 2009 10 23 10 18
 2455130.00 2009 10 25 12  2   2455130.04 2009 10 25 13  0   2455130.08 2009 10 25 13 57
 2455132.15 2009 10 27 15 42   2455132.19 2009 10 27 16 39   2455132.23 2009 10 27 17 36
 2455134.31 2009 10 29 19 21   2455134.35 2009 10 29 20 18   2455134.39 2009 10 29 21 15
 2455136.46 2009 10 31 23  0   2455136.50 2009 10 31 23 57   2455136.54 2009 11  1  0 55
 2455138.61 2009 11  3  2 39   2455138.65 2009 11  3  3 37   2455138.69 2009 11  3  4 34
 2455140.76 2009 11  5  6 18   2455140.80 2009 11  5  7 16   2455140.84 2009 11  5  8 13
 2455142.92 2009 11  7  9 58   2455142.96 2009 11  7 10 55   2455143.00 2009 11  7 11 52
 2455145.07 2009 11  9 13 37   2455145.11 2009 11  9 14 34   2455145.15 2009 11  9 15 32
 2455147.22 2009 11 11 17 16   2455147.26 2009 11 11 18 13   2455147.30 2009 11 11 19 11
 2455149.37 2009 11 13 20 55   2455149.41 2009 11 13 21 53   2455149.45 2009 11 13 22 50
 2455151.52 2009 11 16  0 34   2455151.56 2009 11 16  1 32   2455151.60 2009 11 16  2 29
 2455153.68 2009 11 18  4 14   2455153.72 2009 11 18  5 11   2455153.76 2009 11 18  6  8
 2455155.83 2009 11 20  7 53   2455155.87 2009 11 20  8 50   2455155.91 2009 11 20  9 48
 2455157.98 2009 11 22 11 32   2455158.02 2009 11 22 12 29   2455158.06 2009 11 22 13 27
 2455160.13 2009 11 24 15 11   2455160.17 2009 11 24 16  9   2455160.21 2009 11 24 17  6
 2455162.29 2009 11 26 18 50   2455162.33 2009 11 26 19 48   2455162.37 2009 11 26 20 45
 2455164.44 2009 11 28 22 30   2455164.48 2009 11 28 23 27   2455164.52 2009 11 29  0 24
 2455166.59 2009 12  1  2  9   2455166.63 2009 12  1  3  6   2455166.67 2009 12  1  4  4
 2455168.74 2009 12  3  5 48   2455168.78 2009 12  3  6 45   2455168.82 2009 12  3  7 43
 2455170.89 2009 12  5  9 27   2455170.93 2009 12  5 10 25   2455170.97 2009 12  5 11 22
 2455173.05 2009 12  7 13  6   2455173.09 2009 12  7 14  4   2455173.13 2009 12  7 15  1
 2455175.20 2009 12  9 16 46   2455175.24 2009 12  9 17 43   2455175.28 2009 12  9 18 40
 2455177.35 2009 12 11 20 25   2455177.39 2009 12 11 21 22   2455177.43 2009 12 11 22 20
 2455179.50 2009 12 14  0  4   2455179.54 2009 12 14  1  1   2455179.58 2009 12 14  1 59
 2455181.66 2009 12 16  3 43   2455181.70 2009 12 16  4 41   2455181.74 2009 12 16  5 38
 2455183.81 2009 12 18  7 22   2455183.85 2009 12 18  8 20   2455183.89 2009 12 18  9 17
 2455185.96 2009 12 20 11  2   2455186.00 2009 12 20 11 59   2455186.04 2009 12 20 12 57
 2455188.11 2009 12 22 14 41   2455188.15 2009 12 22 15 38   2455188.19 2009 12 22 16 36
 2455190.26 2009 12 24 18 20   2455190.30 2009 12 24 19 17   2455190.34 2009 12 24 20 15
 2455192.42 2009 12 26 21 59   2455192.46 2009 12 26 22 57   2455192.50 2009 12 26 23 54
 2455194.57 2009 12 29  1 38   2455194.61 2009 12 29  2 36   2455194.65 2009 12 29  3 33
 2455196.72 2009 12 31  5 18   2455196.76 2009 12 31  6 15   2455196.80 2009 12 31  7 13
 2455198.87 2010  1  2  8 57   2455198.91 2010  1  2  9 54   2455198.95 2010  1  2 10 52
 2455201.03 2010  1  4 12 36   2455201.07 2010  1  4 13 33   2455201.11 2010  1  4 14 31
 2455203.18 2010  1  6 16 15   2455203.22 2010  1  6 17 13   2455203.26 2010  1  6 18 10
 2455205.33 2010  1  8 19 54   2455205.37 2010  1  8 20 52   2455205.41 2010  1  8 21 49
 2455207.48 2010  1 10 23 34   2455207.52 2010  1 11  0 31   2455207.56 2010  1 11  1 29
 2455209.63 2010  1 13  3 13   2455209.67 2010  1 13  4 10   2455209.71 2010  1 13  5  8
 2455211.79 2010  1 15  6 52   2455211.83 2010  1 15  7 49   2455211.87 2010  1 15  8 47
 2455213.94 2010  1 17 10 31   2455213.98 2010  1 17 11 29   2455214.02 2010  1 17 12 26
 2455216.09 2010  1 19 14 10   2455216.13 2010  1 19 15  8   2455216.17 2010  1 19 16  6
 2455218.24 2010  1 21 17 49   2455218.28 2010  1 21 18 47   2455218.32 2010  1 21 19 45
 2455220.40 2010  1 23 21 29   2455220.44 2010  1 23 22 26   2455220.48 2010  1 23 23 24
 2455222.55 2010  1 26  1  8   2455222.59 2010  1 26  2  6   2455222.63 2010  1 26  3  3
 2455224.70 2010  1 28  4 47   2455224.74 2010  1 28  5 45   2455224.78 2010  1 28  6 42
 2455226.85 2010  1 30  8 26   2455226.89 2010  1 30  9 24   2455226.93 2010  1 30 10 22
 2455229.00 2010  2  1 12  5   2455229.04 2010  2  1 13  3   2455229.08 2010  2  1 14  1
 2455231.16 2010  2  3 15 45   2455231.20 2010  2  3 16 42   2455231.24 2010  2  3 17 40
 2455233.31 2010  2  5 19 24   2455233.35 2010  2  5 20 22   2455233.39 2010  2  5 21 19
 2455235.46 2010  2  7 23  3   2455235.50 2010  2  8  0  1   2455235.54 2010  2  8  0 58
 2455237.61 2010  2 10  2 42   2455237.65 2010  2 10  3 40   2455237.69 2010  2 10  4 38
 2455239.77 2010  2 12  6 21   2455239.81 2010  2 12  7 19   2455239.85 2010  2 12  8 17
 2455241.92 2010  2 14 10  1   2455241.96 2010  2 14 10 58   2455242.00 2010  2 14 11 56
 2455244.07 2010  2 16 13 40   2455244.11 2010  2 16 14 38   2455244.15 2010  2 16 15 35
 2455246.22 2010  2 18 17 19   2455246.26 2010  2 18 18 17   2455246.30 2010  2 18 19 14
 2455248.37 2010  2 20 20 58   2455248.41 2010  2 20 21 56   2455248.45 2010  2 20 22 54
 2455250.53 2010  2 23  0 37   2455250.57 2010  2 23  1 35   2455250.61 2010  2 23  2 33
 2455252.68 2010  2 25  4 17   2455252.72 2010  2 25  5 14   2455252.76 2010  2 25  6 12
 2455254.83 2010  2 27  7 56   2455254.87 2010  2 27  8 54   2455254.91 2010  2 27  9 51
 2455256.98 2010  3  1 11 35   2455257.02 2010  3  1 12 33   2455257.06 2010  3  1 13 31
 2455259.14 2010  3  3 15 14   2455259.18 2010  3  3 16 12   2455259.22 2010  3  3 17 10
 2455261.29 2010  3  5 18 53   2455261.33 2010  3  5 19 51   2455261.37 2010  3  5 20 49
 2455263.44 2010  3  7 22 33   2455263.48 2010  3  7 23 30   2455263.52 2010  3  8  0 28
 2455265.59 2010  3 10  2 12   2455265.63 2010  3 10  3 10   2455265.67 2010  3 10  4  7
 2455267.74 2010  3 12  5 51   2455267.78 2010  3 12  6 49   2455267.82 2010  3 12  7 47
 2455269.90 2010  3 14  9 30   2455269.94 2010  3 14 10 28   2455269.98 2010  3 14 11 26
 2455272.05 2010  3 16 13  9   2455272.09 2010  3 16 14  7   2455272.13 2010  3 16 15  5
 2455274.20 2010  3 18 16 49   2455274.24 2010  3 18 17 46   2455274.28 2010  3 18 18 44
 2455276.35 2010  3 20 20 28   2455276.39 2010  3 20 21 26   2455276.43 2010  3 20 22 23
 2455278.51 2010  3 23  0  7   2455278.55 2010  3 23  1  5   2455278.59 2010  3 23  2  3
 2455280.66 2010  3 25  3 46   2455280.70 2010  3 25  4 44   2455280.74 2010  3 25  5 42
 2455282.81 2010  3 27  7 25   2455282.85 2010  3 27  8 23   2455282.89 2010  3 27  9 21
 2455284.96 2010  3 29 11  5   2455285.00 2010  3 29 12  2   2455285.04 2010  3 29 13  0
 2455287.11 2010  3 31 14 44   2455287.15 2010  3 31 15 42   2455287.19 2010  3 31 16 39
 2455289.27 2010  4  2 18 23   2455289.31 2010  4  2 19 21   2455289.35 2010  4  2 20 19
 2455291.42 2010  4  4 22  2   2455291.46 2010  4  4 23  0   2455291.50 2010  4  4 23 58
 2455293.57 2010  4  7  1 41   2455293.61 2010  4  7  2 39   2455293.65 2010  4  7  3 37
 2455295.72 2010  4  9  5 21   2455295.76 2010  4  9  6 19   2455295.80 2010  4  9  7 16
 2455297.88 2010  4 11  9  0   2455297.92 2010  4 11  9 58   2455297.96 2010  4 11 10 56
 2455300.03 2010  4 13 12 39   2455300.07 2010  4 13 13 37   2455300.11 2010  4 13 14 35
 2455302.18 2010  4 15 16 18   2455302.22 2010  4 15 17 16   2455302.26 2010  4 15 18 14
 2455304.33 2010  4 17 19 57   2455304.37 2010  4 17 20 55   2455304.41 2010  4 17 21 53
 2455306.48 2010  4 19 23 37   2455306.52 2010  4 20  0 35   2455306.56 2010  4 20  1 32
 2455308.64 2010  4 22  3 16   2455308.68 2010  4 22  4 14   2455308.72 2010  4 22  5 12
 2455310.79 2010  4 24  6 55   2455310.83 2010  4 24  7 53   2455310.87 2010  4 24  8 51
 2455312.94 2010  4 26 10 34   2455312.98 2010  4 26 11 32   2455313.02 2010  4 26 12 30
 2455315.09 2010  4 28 14 13   2455315.13 2010  4 28 15 11   2455315.17 2010  4 28 16  9
 2455317.25 2010  4 30 17 53   2455317.29 2010  4 30 18 51   2455317.33 2010  4 30 19 48
 2455319.40 2010  5  2 21 32   2455319.44 2010  5  2 22 30   2455319.48 2010  5  2 23 28
 2455321.55 2010  5  5  1 11   2455321.59 2010  5  5  2  9   2455321.63 2010  5  5  3  7
 2455323.70 2010  5  7  4 50   2455323.74 2010  5  7  5 48   2455323.78 2010  5  7  6 46
 2455325.85 2010  5  9  8 29   2455325.89 2010  5  9  9 27   2455325.93 2010  5  9 10 25
 2455328.01 2010  5 11 12  9   2455328.05 2010  5 11 13  7   2455328.09 2010  5 11 14  4
 2455330.16 2010  5 13 15 48   2455330.20 2010  5 13 16 46   2455330.24 2010  5 13 17 44
 2455332.31 2010  5 15 19 27   2455332.35 2010  5 15 20 25   2455332.39 2010  5 15 21 23
 2455334.46 2010  5 17 23  6   2455334.50 2010  5 18  0  4   2455334.54 2010  5 18  1  2
 2455336.62 2010  5 20  2 45   2455336.66 2010  5 20  3 43   2455336.70 2010  5 20  4 41
 2455338.77 2010  5 22  6 25   2455338.81 2010  5 22  7 23   2455338.85 2010  5 22  8 21
 2455340.92 2010  5 24 10  4   2455340.96 2010  5 24 11  2   2455341.00 2010  5 24 12  0
 2455343.07 2010  5 26 13 43   2455343.11 2010  5 26 14 41   2455343.15 2010  5 26 15 39
 2455345.22 2010  5 28 17 22   2455345.26 2010  5 28 18 20   2455345.30 2010  5 28 19 18
 2455347.38 2010  5 30 21  1   2455347.42 2010  5 30 21 59   2455347.46 2010  5 30 22 57
 2455349.53 2010  6  2  0 41   2455349.57 2010  6  2  1 39   2455349.61 2010  6  2  2 37
 2455351.68 2010  6  4  4 20   2455351.72 2010  6  4  5 18   2455351.76 2010  6  4  6 16
 2455353.83 2010  6  6  7 59   2455353.87 2010  6  6  8 57   2455353.91 2010  6  6  9 55
 2455355.99 2010  6  8 11 38   2455356.03 2010  6  8 12 36   2455356.07 2010  6  8 13 34
 2455358.14 2010  6 10 15 17   2455358.18 2010  6 10 16 15   2455358.22 2010  6 10 17 13
 2455360.29 2010  6 12 18 57   2455360.33 2010  6 12 19 55   2455360.37 2010  6 12 20 53
 2455362.44 2010  6 14 22 36   2455362.48 2010  6 14 23 34   2455362.52 2010  6 15  0 32
 2455364.59 2010  6 17  2 15   2455364.63 2010  6 17  3 13   2455364.67 2010  6 17  4 11
 2455366.75 2010  6 19  5 54   2455366.79 2010  6 19  6 52   2455366.83 2010  6 19  7 50
 2455368.90 2010  6 21  9 33   2455368.94 2010  6 21 10 31   2455368.98 2010  6 21 11 30
 2455371.05 2010  6 23 13 13   2455371.09 2010  6 23 14 11   2455371.13 2010  6 23 15  9
 2455373.20 2010  6 25 16 52   2455373.24 2010  6 25 17 50   2455373.28 2010  6 25 18 48
 2455375.36 2010  6 27 20 31   2455375.40 2010  6 27 21 29   2455375.44 2010  6 27 22 27
 2455377.51 2010  6 30  0 10   2455377.55 2010  6 30  1  8   2455377.59 2010  6 30  2  6
 2455379.66 2010  7  2  3 49   2455379.70 2010  7  2  4 48   2455379.74 2010  7  2  5 46
 2455381.81 2010  7  4  7 29   2455381.85 2010  7  4  8 27   2455381.89 2010  7  4  9 25
 2455383.96 2010  7  6 11  8   2455384.00 2010  7  6 12  6   2455384.04 2010  7  6 13  4
 2455386.12 2010  7  8 14 47   2455386.16 2010  7  8 15 45   2455386.20 2010  7  8 16 43
 2455388.27 2010  7 10 18 26   2455388.31 2010  7 10 19 24   2455388.35 2010  7 10 20 22
 2455390.42 2010  7 12 22  5   2455390.46 2010  7 12 23  4   2455390.50 2010  7 13  0  2
 2455392.57 2010  7 15  1 45   2455392.61 2010  7 15  2 43   2455392.65 2010  7 15  3 41
 2455394.73 2010  7 17  5 24   2455394.77 2010  7 17  6 22   2455394.81 2010  7 17  7 20
 2455396.88 2010  7 19  9  3   2455396.92 2010  7 19 10  1   2455396.96 2010  7 19 10 59
 2455399.03 2010  7 21 12 42   2455399.07 2010  7 21 13 40   2455399.11 2010  7 21 14 38
 2455401.18 2010  7 23 16 21   2455401.22 2010  7 23 17 20   2455401.26 2010  7 23 18 18
 2455403.33 2010  7 25 20  1   2455403.37 2010  7 25 20 59   2455403.41 2010  7 25 21 57
 2455405.49 2010  7 27 23 40   2455405.53 2010  7 28  0 38   2455405.57 2010  7 28  1 36
 2455407.64 2010  7 30  3 19   2455407.68 2010  7 30  4 17   2455407.72 2010  7 30  5 15
 2455409.79 2010  8  1  6 58   2455409.83 2010  8  1  7 56   2455409.87 2010  8  1  8 55
 2455411.94 2010  8  3 10 37   2455411.98 2010  8  3 11 36   2455412.02 2010  8  3 12 34
 2455414.10 2010  8  5 14 17   2455414.14 2010  8  5 15 15   2455414.18 2010  8  5 16 13
 2455416.25 2010  8  7 17 56   2455416.29 2010  8  7 18 54   2455416.33 2010  8  7 19 52
 2455418.40 2010  8  9 21 35   2455418.44 2010  8  9 22 33   2455418.48 2010  8  9 23 31
 2455420.55 2010  8 12  1 14   2455420.59 2010  8 12  2 12   2455420.63 2010  8 12  3 11
 2455422.70 2010  8 14  4 53   2455422.74 2010  8 14  5 52   2455422.78 2010  8 14  6 50
 2455424.86 2010  8 16  8 33   2455424.90 2010  8 16  9 31   2455424.94 2010  8 16 10 29
 2455427.01 2010  8 18 12 12   2455427.05 2010  8 18 13 10   2455427.09 2010  8 18 14  8
 2455429.16 2010  8 20 15 51   2455429.20 2010  8 20 16 49   2455429.24 2010  8 20 17 47
 2455431.31 2010  8 22 19 30   2455431.35 2010  8 22 20 28   2455431.39 2010  8 22 21 27
 2455433.47 2010  8 24 23  9   2455433.51 2010  8 25  0  8   2455433.55 2010  8 25  1  6
 2455435.62 2010  8 27  2 49   2455435.66 2010  8 27  3 47   2455435.70 2010  8 27  4 45
 2455437.77 2010  8 29  6 28   2455437.81 2010  8 29  7 26   2455437.85 2010  8 29  8 24
 2455439.92 2010  8 31 10  7   2455439.96 2010  8 31 11  5   2455440.00 2010  8 31 12  3
 2455442.07 2010  9  2 13 46   2455442.11 2010  9  2 14 44   2455442.15 2010  9  2 15 43
 2455444.23 2010  9  4 17 25   2455444.27 2010  9  4 18 24   2455444.31 2010  9  4 19 22
 2455446.38 2010  9  6 21  5   2455446.42 2010  9  6 22  3   2455446.46 2010  9  6 23  1
 2455448.53 2010  9  9  0 44   2455448.57 2010  9  9  1 42   2455448.61 2010  9  9  2 40
 2455450.68 2010  9 11  4 23   2455450.72 2010  9 11  5 21   2455450.76 2010  9 11  6 20
 2455452.84 2010  9 13  8  2   2455452.88 2010  9 13  9  1   2455452.92 2010  9 13  9 59
 2455454.99 2010  9 15 11 41   2455455.03 2010  9 15 12 40   2455455.07 2010  9 15 13 38
 2455457.14 2010  9 17 15 21   2455457.18 2010  9 17 16 19   2455457.22 2010  9 17 17 17
 2455459.29 2010  9 19 19  0   2455459.33 2010  9 19 19 58   2455459.37 2010  9 19 20 56
 2455461.44 2010  9 21 22 39   2455461.48 2010  9 21 23 37   2455461.53 2010  9 22  0 36
 2455463.60 2010  9 24  2 18   2455463.64 2010  9 24  3 17   2455463.68 2010  9 24  4 15
 2455465.75 2010  9 26  5 57   2455465.79 2010  9 26  6 56   2455465.83 2010  9 26  7 54
 2455467.90 2010  9 28  9 37   2455467.94 2010  9 28 10 35   2455467.98 2010  9 28 11 33
 2455470.05 2010  9 30 13 16   2455470.09 2010  9 30 14 14   2455470.13 2010  9 30 15 12
 2455472.21 2010 10  2 16 55   2455472.25 2010 10  2 17 53   2455472.29 2010 10  2 18 52
 2455474.36 2010 10  4 20 34   2455474.40 2010 10  4 21 33   2455474.44 2010 10  4 22 31
 2455476.51 2010 10  7  0 13   2455476.55 2010 10  7  1 12   2455476.59 2010 10  7  2 10
 2455478.66 2010 10  9  3 53   2455478.70 2010 10  9  4 51   2455478.74 2010 10  9  5 49
 2455480.81 2010 10 11  7 32   2455480.85 2010 10 11  8 30   2455480.90 2010 10 11  9 28
 2455482.97 2010 10 13 11 11   2455483.01 2010 10 13 12  9   2455483.05 2010 10 13 13  8
 2455485.12 2010 10 15 14 50   2455485.16 2010 10 15 15 49   2455485.20 2010 10 15 16 47
 2455487.27 2010 10 17 18 29   2455487.31 2010 10 17 19 28   2455487.35 2010 10 17 20 26
 2455489.42 2010 10 19 22  9   2455489.46 2010 10 19 23  7   2455489.50 2010 10 20  0  5
 2455491.58 2010 10 22  1 48   2455491.62 2010 10 22  2 46   2455491.66 2010 10 22  3 45
 2455493.73 2010 10 24  5 27   2455493.77 2010 10 24  6 25   2455493.81 2010 10 24  7 24
 2455495.88 2010 10 26  9  6   2455495.92 2010 10 26 10  5   2455495.96 2010 10 26 11  3
 2455498.03 2010 10 28 12 45   2455498.07 2010 10 28 13 44   2455498.11 2010 10 28 14 42
 2455500.18 2010 10 30 16 25   2455500.22 2010 10 30 17 23   2455500.27 2010 10 30 18 21
 2455502.34 2010 11  1 20  4   2455502.38 2010 11  1 21  2   2455502.42 2010 11  1 22  1
 2455504.49 2010 11  3 23 43   2455504.53 2010 11  4  0 41   2455504.57 2010 11  4  1 40
 2455506.64 2010 11  6  3 22   2455506.68 2010 11  6  4 21   2455506.72 2010 11  6  5 19
 2455508.79 2010 11  8  7  1   2455508.83 2010 11  8  8  0   2455508.87 2010 11  8  8 58
 2455510.95 2010 11 10 10 41   2455510.99 2010 11 10 11 39   2455511.03 2010 11 10 12 37
 2455513.10 2010 11 12 14 20   2455513.14 2010 11 12 15 18   2455513.18 2010 11 12 16 17
 2455515.25 2010 11 14 17 59   2455515.29 2010 11 14 18 57   2455515.33 2010 11 14 19 56
 2455517.40 2010 11 16 21 38   2455517.44 2010 11 16 22 37   2455517.48 2010 11 16 23 35
 2455519.55 2010 11 19  1 17   2455519.59 2010 11 19  2 16   2455519.64 2010 11 19  3 14
 2455521.71 2010 11 21  4 57   2455521.75 2010 11 21  5 55   2455521.79 2010 11 21  6 53
 2455523.86 2010 11 23  8 36   2455523.90 2010 11 23  9 34   2455523.94 2010 11 23 10 33
 2455526.01 2010 11 25 12 15   2455526.05 2010 11 25 13 13   2455526.09 2010 11 25 14 12
 2455528.16 2010 11 27 15 54   2455528.20 2010 11 27 16 53   2455528.24 2010 11 27 17 51
 2455530.32 2010 11 29 19 33   2455530.36 2010 11 29 20 32   2455530.40 2010 11 29 21 30
 2455532.47 2010 12  1 23 13   2455532.51 2010 12  2  0 11   2455532.55 2010 12  2  1 10
 2455534.62 2010 12  4  2 52   2455534.66 2010 12  4  3 50   2455534.70 2010 12  4  4 49
 2455536.77 2010 12  6  6 31   2455536.81 2010 12  6  7 30   2455536.85 2010 12  6  8 28
 2455538.92 2010 12  8 10 10   2455538.96 2010 12  8 11  9   2455539.01 2010 12  8 12  7
 2455541.08 2010 12 10 13 49   2455541.12 2010 12 10 14 48   2455541.16 2010 12 10 15 46
 2455543.23 2010 12 12 17 29   2455543.27 2010 12 12 18 27   2455543.31 2010 12 12 19 26
 2455545.38 2010 12 14 21  8   2455545.42 2010 12 14 22  6   2455545.46 2010 12 14 23  5
 2455547.53 2010 12 17  0 47   2455547.57 2010 12 17  1 46   2455547.61 2010 12 17  2 44
 2455549.69 2010 12 19  4 26   2455549.73 2010 12 19  5 25   2455549.77 2010 12 19  6 23
 2455551.84 2010 12 21  8  5   2455551.88 2010 12 21  9  4   2455551.92 2010 12 21 10  2
 2455553.99 2010 12 23 11 45   2455554.03 2010 12 23 12 43   2455554.07 2010 12 23 13 42
 2455556.14 2010 12 25 15 24   2455556.18 2010 12 25 16 22   2455556.22 2010 12 25 17 21
 2455558.29 2010 12 27 19  3   2455558.33 2010 12 27 20  2   2455558.38 2010 12 27 21  0
 2455560.45 2010 12 29 22 42   2455560.49 2010 12 29 23 41   2455560.53 2010 12 30  0 39
 2455562.60 2011  1  1  2 21   2455562.64 2011  1  1  3 20   2455562.68 2011  1  1  4 19
 2455564.75 2011  1  3  6  1   2455564.79 2011  1  3  6 59   2455564.83 2011  1  3  7 58
 2455566.90 2011  1  5  9 40   2455566.94 2011  1  5 10 38   2455566.98 2011  1  5 11 37
 2455569.06 2011  1  7 13 19   2455569.10 2011  1  7 14 18   2455569.14 2011  1  7 15 16
 2455571.21 2011  1  9 16 58   2455571.25 2011  1  9 17 57   2455571.29 2011  1  9 18 55
 2455573.36 2011  1 11 20 37   2455573.40 2011  1 11 21 36   2455573.44 2011  1 11 22 35
 2455575.51 2011  1 14  0 17   2455575.55 2011  1 14  1 15   2455575.59 2011  1 14  2 14
 2455577.66 2011  1 16  3 56   2455577.70 2011  1 16  4 54   2455577.75 2011  1 16  5 53
 2455579.82 2011  1 18  7 35   2455579.86 2011  1 18  8 34   2455579.90 2011  1 18  9 32
 2455581.97 2011  1 20 11 14   2455582.01 2011  1 20 12 13   2455582.05 2011  1 20 13 11
 2455584.12 2011  1 22 14 53   2455584.16 2011  1 22 15 52   2455584.20 2011  1 22 16 51
 2455586.27 2011  1 24 18 33   2455586.31 2011  1 24 19 31   2455586.35 2011  1 24 20 30
 2455588.43 2011  1 26 22 12   2455588.47 2011  1 26 23 10   2455588.51 2011  1 27  0  9
 2455590.58 2011  1 29  1 51   2455590.62 2011  1 29  2 50   2455590.66 2011  1 29  3 48
 2455592.73 2011  1 31  5 30   2455592.77 2011  1 31  6 29   2455592.81 2011  1 31  7 27
 2455594.88 2011  2  2  9  9   2455594.92 2011  2  2 10  8   2455594.96 2011  2  2 11  7
 2455597.03 2011  2  4 12 49   2455597.07 2011  2  4 13 47   2455597.12 2011  2  4 14 46
 2455599.19 2011  2  6 16 28   2455599.23 2011  2  6 17 26   2455599.27 2011  2  6 18 25
 2455601.34 2011  2  8 20  7   2455601.38 2011  2  8 21  6   2455601.42 2011  2  8 22  4
 2455603.49 2011  2 10 23 46   2455603.53 2011  2 11  0 45   2455603.57 2011  2 11  1 44
 2455605.64 2011  2 13  3 25   2455605.68 2011  2 13  4 24   2455605.72 2011  2 13  5 23
 2455607.80 2011  2 15  7  5   2455607.84 2011  2 15  8  3   2455607.88 2011  2 15  9  2
 2455609.95 2011  2 17 10 44   2455609.99 2011  2 17 11 42   2455610.03 2011  2 17 12 41
 2455612.10 2011  2 19 14 23   2455612.14 2011  2 19 15 22   2455612.18 2011  2 19 16 20
 2455614.25 2011  2 21 18  2   2455614.29 2011  2 21 19  1   2455614.33 2011  2 21 20  0
 2455616.40 2011  2 23 21 41   2455616.44 2011  2 23 22 40   2455616.49 2011  2 23 23 39
 2455618.56 2011  2 26  1 21   2455618.60 2011  2 26  2 19   2455618.64 2011  2 26  3 18
 2455620.71 2011  2 28  5  0   2455620.75 2011  2 28  5 59   2455620.79 2011  2 28  6 57
 2455622.86 2011  3  2  8 39   2455622.90 2011  3  2  9 38   2455622.94 2011  3  2 10 36
 2455625.01 2011  3  4 12 18   2455625.05 2011  3  4 13 17   2455625.09 2011  3  4 14 16
 2455627.17 2011  3  6 15 57   2455627.21 2011  3  6 16 56   2455627.25 2011  3  6 17 55
 2455629.32 2011  3  8 19 37   2455629.36 2011  3  8 20 35   2455629.40 2011  3  8 21 34
 2455631.47 2011  3 10 23 16   2455631.51 2011  3 11  0 15   2455631.55 2011  3 11  1 13
 2455633.62 2011  3 13  2 55   2455633.66 2011  3 13  3 54   2455633.70 2011  3 13  4 52
 2455635.77 2011  3 15  6 34   2455635.81 2011  3 15  7 33   2455635.86 2011  3 15  8 32
 2455637.93 2011  3 17 10 13   2455637.97 2011  3 17 11 12   2455638.01 2011  3 17 12 11
 2455640.08 2011  3 19 13 53   2455640.12 2011  3 19 14 51   2455640.16 2011  3 19 15 50
 2455642.23 2011  3 21 17 32   2455642.27 2011  3 21 18 31   2455642.31 2011  3 21 19 29
 2455644.38 2011  3 23 21 11   2455644.42 2011  3 23 22 10   2455644.46 2011  3 23 23  9
 2455646.54 2011  3 26  0 50   2455646.58 2011  3 26  1 49   2455646.62 2011  3 26  2 48
 2455648.69 2011  3 28  4 29   2455648.73 2011  3 28  5 28   2455648.77 2011  3 28  6 27
 2455650.84 2011  3 30  8  9   2455650.88 2011  3 30  9  7   2455650.92 2011  3 30 10  6
 2455652.99 2011  4  1 11 48   2455653.03 2011  4  1 12 47   2455653.07 2011  4  1 13 45
 2455655.14 2011  4  3 15 27   2455655.18 2011  4  3 16 26   2455655.23 2011  4  3 17 25
 2455657.30 2011  4  5 19  6   2455657.34 2011  4  5 20  5   2455657.38 2011  4  5 21  4
 2455659.45 2011  4  7 22 45   2455659.49 2011  4  7 23 44   2455659.53 2011  4  8  0 43
 2455661.60 2011  4 10  2 25   2455661.64 2011  4 10  3 23   2455661.68 2011  4 10  4 22
 2455663.75 2011  4 12  6  4   2455663.79 2011  4 12  7  3   2455663.83 2011  4 12  8  1
 2455665.91 2011  4 14  9 43   2455665.95 2011  4 14 10 42   2455665.99 2011  4 14 11 41
 2455668.06 2011  4 16 13 22   2455668.10 2011  4 16 14 21   2455668.14 2011  4 16 15 20
 2455670.21 2011  4 18 17  1   2455670.25 2011  4 18 18  0   2455670.29 2011  4 18 18 59
 2455672.36 2011  4 20 20 41   2455672.40 2011  4 20 21 39   2455672.44 2011  4 20 22 38
 2455674.51 2011  4 23  0 20   2455674.55 2011  4 23  1 19   2455674.60 2011  4 23  2 17
 2455676.67 2011  4 25  3 59   2455676.71 2011  4 25  4 58   2455676.75 2011  4 25  5 57
 2455678.82 2011  4 27  7 38   2455678.86 2011  4 27  8 37   2455678.90 2011  4 27  9 36
 2455680.97 2011  4 29 11 17   2455681.01 2011  4 29 12 16   2455681.05 2011  4 29 13 15
 2455683.12 2011  5  1 14 57   2455683.16 2011  5  1 15 55   2455683.20 2011  5  1 16 54
 2455685.28 2011  5  3 18 36   2455685.32 2011  5  3 19 35   2455685.36 2011  5  3 20 34
 2455687.43 2011  5  5 22 15   2455687.47 2011  5  5 23 14   2455687.51 2011  5  6  0 13
 2455689.58 2011  5  8  1 54   2455689.62 2011  5  8  2 53   2455689.66 2011  5  8  3 52
 2455691.73 2011  5 10  5 33   2455691.77 2011  5 10  6 32   2455691.81 2011  5 10  7 31
 2455693.88 2011  5 12  9 13   2455693.93 2011  5 12 10 12   2455693.97 2011  5 12 11 10
 2455696.04 2011  5 14 12 52   2455696.08 2011  5 14 13 51   2455696.12 2011  5 14 14 50
 2455698.19 2011  5 16 16 31   2455698.23 2011  5 16 17 30   2455698.27 2011  5 16 18 29
 2455700.34 2011  5 18 20 10   2455700.38 2011  5 18 21  9   2455700.42 2011  5 18 22  8
 2455702.49 2011  5 20 23 49   2455702.53 2011  5 21  0 48   2455702.57 2011  5 21  1 47
 2455704.65 2011  5 23  3 29   2455704.69 2011  5 23  4 28   2455704.73 2011  5 23  5 26
 2455706.80 2011  5 25  7  8   2455706.84 2011  5 25  8  7   2455706.88 2011  5 25  9  6
 2455708.95 2011  5 27 10 47   2455708.99 2011  5 27 11 46   2455709.03 2011  5 27 12 45
 2455711.10 2011  5 29 14 26   2455711.14 2011  5 29 15 25   2455711.18 2011  5 29 16 24
 2455713.25 2011  5 31 18  5   2455713.30 2011  5 31 19  4   2455713.34 2011  5 31 20  3
 2455715.41 2011  6  2 21 45   2455715.45 2011  6  2 22 44   2455715.49 2011  6  2 23 43
 2455717.56 2011  6  5  1 24   2455717.60 2011  6  5  2 23   2455717.64 2011  6  5  3 22
 2455719.71 2011  6  7  5  3   2455719.75 2011  6  7  6  2   2455719.79 2011  6  7  7  1
 2455721.86 2011  6  9  8 42   2455721.90 2011  6  9  9 41   2455721.94 2011  6  9 10 40
 2455724.02 2011  6 11 12 21   2455724.06 2011  6 11 13 20   2455724.10 2011  6 11 14 19
 2455726.17 2011  6 13 16  1   2455726.21 2011  6 13 17  0   2455726.25 2011  6 13 17 59
 2455728.32 2011  6 15 19 40   2455728.36 2011  6 15 20 39   2455728.40 2011  6 15 21 38
 2455730.47 2011  6 17 23 19   2455730.51 2011  6 18  0 18   2455730.55 2011  6 18  1 17
 2455732.62 2011  6 20  2 58   2455732.67 2011  6 20  3 57   2455732.71 2011  6 20  4 56
 2455734.78 2011  6 22  6 37   2455734.82 2011  6 22  7 36   2455734.86 2011  6 22  8 35
 2455736.93 2011  6 24 10 17   2455736.97 2011  6 24 11 16   2455737.01 2011  6 24 12 15
 2455739.08 2011  6 26 13 56   2455739.12 2011  6 26 14 55   2455739.16 2011  6 26 15 54
 2455741.23 2011  6 28 17 35   2455741.27 2011  6 28 18 34   2455741.31 2011  6 28 19 33
 2455743.39 2011  6 30 21 14   2455743.43 2011  6 30 22 13   2455743.47 2011  6 30 23 12
 2455745.54 2011  7  3  0 53   2455745.58 2011  7  3  1 52   2455745.62 2011  7  3  2 51
 2455747.69 2011  7  5  4 33   2455747.73 2011  7  5  5 32   2455747.77 2011  7  5  6 31
 2455749.84 2011  7  7  8 12   2455749.88 2011  7  7  9 11   2455749.92 2011  7  7 10 10
 2455751.99 2011  7  9 11 51   2455752.04 2011  7  9 12 50   2455752.08 2011  7  9 13 49
 2455754.15 2011  7 11 15 30   2455754.19 2011  7 11 16 29   2455754.23 2011  7 11 17 28
 2455756.30 2011  7 13 19  9   2455756.34 2011  7 13 20  8   2455756.38 2011  7 13 21  8
 2455758.45 2011  7 15 22 49   2455758.49 2011  7 15 23 48   2455758.53 2011  7 16  0 47
 2455760.60 2011  7 18  2 28   2455760.64 2011  7 18  3 27   2455760.69 2011  7 18  4 26
 2455762.76 2011  7 20  6  7   2455762.80 2011  7 20  7  6   2455762.84 2011  7 20  8  5
 2455764.91 2011  7 22  9 46   2455764.95 2011  7 22 10 45   2455764.99 2011  7 22 11 44
 2455767.06 2011  7 24 13 25   2455767.10 2011  7 24 14 24   2455767.14 2011  7 24 15 24
 2455769.21 2011  7 26 17  5   2455769.25 2011  7 26 18  4   2455769.29 2011  7 26 19  3
 2455771.36 2011  7 28 20 44   2455771.41 2011  7 28 21 43   2455771.45 2011  7 28 22 42
 2455773.52 2011  7 31  0 23   2455773.56 2011  7 31  1 22   2455773.60 2011  7 31  2 21
 2455775.67 2011  8  2  4  2   2455775.71 2011  8  2  5  1   2455775.75 2011  8  2  6  0
