 Predicted Transit Epochs: WASP-18__ b

Observed Transit Duration:   90.0 Minutes

 Begin Transit Window           PREDICTED CENTRAL TRANSIT     End Transit Window
                                     All Times UT

                               HJD        Year M  D  H  M
 2456629.85 2013 12  3  8 30   2456757.17 2014  4  9 16  5   2456884.49 2014  8 14 23 40
 2456630.75 2013 12  4  5 58   2456758.11 2014  4 10 14 41   2456885.48 2014  8 15 23 24
 2456631.64 2013 12  5  3 26   2456759.05 2014  4 11 13 16   2456886.46 2014  8 16 23  7
 2456632.54 2013 12  6  0 54   2456759.99 2014  4 12 11 52   2456887.45 2014  8 17 22 51
 2456633.43 2013 12  6 22 22   2456760.94 2014  4 13 10 28   2456888.44 2014  8 18 22 34
 2456634.33 2013 12  7 19 49   2456761.88 2014  4 14  9  4   2456889.43 2014  8 19 22 18
 2456635.22 2013 12  8 17 17   2456762.82 2014  4 15  7 39   2456890.42 2014  8 20 22  1
 2456636.12 2013 12  9 14 45   2456763.76 2014  4 16  6 15   2456891.41 2014  8 21 21 45
 2456637.01 2013 12 10 12 13   2456764.70 2014  4 17  4 51   2456892.39 2014  8 22 21 28
 2456637.90 2013 12 11  9 41   2456765.64 2014  4 18  3 26   2456893.38 2014  8 23 21 12
 2456638.80 2013 12 12  7  9   2456766.59 2014  4 19  2  2   2456894.37 2014  8 24 20 55
 2456639.69 2013 12 13  4 37   2456767.53 2014  4 20  0 38   2456895.36 2014  8 25 20 38
 2456640.59 2013 12 14  2  5   2456768.47 2014  4 20 23 13   2456896.35 2014  8 26 20 22
 2456641.48 2013 12 14 23 33   2456769.41 2014  4 21 21 49   2456897.34 2014  8 27 20  5
 2456642.38 2013 12 15 21  1   2456770.35 2014  4 22 20 25   2456898.33 2014  8 28 19 49
 2456643.27 2013 12 16 18 29   2456771.29 2014  4 23 19  0   2456899.31 2014  8 29 19 32
 2456644.16 2013 12 17 15 56   2456772.23 2014  4 24 17 36   2456900.30 2014  8 30 19 16
 2456645.06 2013 12 18 13 24   2456773.18 2014  4 25 16 12   2456901.29 2014  8 31 18 59
 2456645.95 2013 12 19 10 52   2456774.12 2014  4 26 14 48   2456902.28 2014  9  1 18 43
 2456646.85 2013 12 20  8 20   2456775.06 2014  4 27 13 23   2456903.27 2014  9  2 18 26
 2456647.74 2013 12 21  5 48   2456776.00 2014  4 28 11 59   2456904.26 2014  9  3 18 10
 2456648.64 2013 12 22  3 16   2456776.94 2014  4 29 10 35   2456905.25 2014  9  4 17 53
 2456649.53 2013 12 23  0 44   2456777.88 2014  4 30  9 10   2456906.23 2014  9  5 17 37
 2456650.43 2013 12 23 22 12   2456778.82 2014  5  1  7 46   2456907.22 2014  9  6 17 20
 2456651.32 2013 12 24 19 40   2456779.77 2014  5  2  6 22   2456908.21 2014  9  7 17  4
 2456652.21 2013 12 25 17  8   2456780.71 2014  5  3  4 57   2456909.20 2014  9  8 16 47
 2456653.11 2013 12 26 14 36   2456781.65 2014  5  4  3 33   2456910.19 2014  9  9 16 31
 2456654.00 2013 12 27 12  3   2456782.59 2014  5  5  2  9   2456911.18 2014  9 10 16 14
 2456654.90 2013 12 28  9 31   2456783.53 2014  5  6  0 44   2456912.17 2014  9 11 15 58
 2456655.79 2013 12 29  6 59   2456784.47 2014  5  6 23 20   2456913.15 2014  9 12 15 41
 2456656.69 2013 12 30  4 27   2456785.41 2014  5  7 21 56   2456914.14 2014  9 13 15 25
 2456657.58 2013 12 31  1 55   2456786.36 2014  5  8 20 32   2456915.13 2014  9 14 15  8
 2456658.47 2013 12 31 23 23   2456787.30 2014  5  9 19  7   2456916.12 2014  9 15 14 51
 2456659.37 2014  1  1 20 51   2456788.24 2014  5 10 17 43   2456917.11 2014  9 16 14 35
 2456660.26 2014  1  2 18 19   2456789.18 2014  5 11 16 19   2456918.10 2014  9 17 14 18
 2456661.16 2014  1  3 15 47   2456790.12 2014  5 12 14 54   2456919.09 2014  9 18 14  2
 2456662.05 2014  1  4 13 15   2456791.06 2014  5 13 13 30   2456920.07 2014  9 19 13 45
 2456662.95 2014  1  5 10 43   2456792.00 2014  5 14 12  6   2456921.06 2014  9 20 13 29
 2456663.84 2014  1  6  8 10   2456792.95 2014  5 15 10 41   2456922.05 2014  9 21 13 12
 2456664.74 2014  1  7  5 38   2456793.89 2014  5 16  9 17   2456923.04 2014  9 22 12 56
 2456665.63 2014  1  8  3  6   2456794.83 2014  5 17  7 53   2456924.03 2014  9 23 12 39
 2456666.52 2014  1  9  0 34   2456795.77 2014  5 18  6 28   2456925.02 2014  9 24 12 23
 2456667.42 2014  1  9 22  2   2456796.71 2014  5 19  5  4   2456926.00 2014  9 25 12  6
 2456668.31 2014  1 10 19 30   2456797.65 2014  5 20  3 40   2456926.99 2014  9 26 11 50
 2456669.21 2014  1 11 16 58   2456798.59 2014  5 21  2 16   2456927.98 2014  9 27 11 33
 2456670.10 2014  1 12 14 26   2456799.54 2014  5 22  0 51   2456928.97 2014  9 28 11 17
 2456671.00 2014  1 13 11 54   2456800.48 2014  5 22 23 27   2456929.96 2014  9 29 11  0
 2456671.89 2014  1 14  9 22   2456801.42 2014  5 23 22  3   2456930.95 2014  9 30 10 44
 2456672.78 2014  1 15  6 49   2456802.36 2014  5 24 20 38   2456931.94 2014 10  1 10 27
 2456673.68 2014  1 16  4 17   2456803.30 2014  5 25 19 14   2456932.92 2014 10  2 10 11
 2456674.57 2014  1 17  1 45   2456804.24 2014  5 26 17 50   2456933.91 2014 10  3  9 54
 2456675.47 2014  1 17 23 13   2456805.18 2014  5 27 16 25   2456934.90 2014 10  4  9 38
 2456676.36 2014  1 18 20 41   2456806.13 2014  5 28 15  1   2456935.89 2014 10  5  9 21
 2456677.26 2014  1 19 18  9   2456807.07 2014  5 29 13 37   2456936.88 2014 10  6  9  5
 2456678.15 2014  1 20 15 37   2456808.01 2014  5 30 12 12   2456937.87 2014 10  7  8 48
 2456679.05 2014  1 21 13  5   2456808.95 2014  5 31 10 48   2456938.86 2014 10  8  8 31
 2456679.94 2014  1 22 10 33   2456809.89 2014  6  1  9 24   2456939.84 2014 10  9  8 15
 2456680.83 2014  1 23  8  1   2456810.83 2014  6  2  8  0   2456940.83 2014 10 10  7 58
 2456681.73 2014  1 24  5 29   2456811.77 2014  6  3  6 35   2456941.82 2014 10 11  7 42
 2456682.62 2014  1 25  2 56   2456812.72 2014  6  4  5 11   2456942.81 2014 10 12  7 25
 2456683.52 2014  1 26  0 24   2456813.66 2014  6  5  3 47   2456943.80 2014 10 13  7  9
 2456684.41 2014  1 26 21 52   2456814.60 2014  6  6  2 22   2456944.79 2014 10 14  6 52
 2456685.31 2014  1 27 19 20   2456815.54 2014  6  7  0 58   2456945.78 2014 10 15  6 36
 2456686.20 2014  1 28 16 48   2456816.48 2014  6  7 23 34   2456946.76 2014 10 16  6 19
 2456687.09 2014  1 29 14 16   2456817.42 2014  6  8 22  9   2456947.75 2014 10 17  6  3
 2456687.99 2014  1 30 11 44   2456818.36 2014  6  9 20 45   2456948.74 2014 10 18  5 46
 2456688.88 2014  1 31  9 12   2456819.31 2014  6 10 19 21   2456949.73 2014 10 19  5 30
 2456689.78 2014  2  1  6 40   2456820.25 2014  6 11 17 56   2456950.72 2014 10 20  5 13
 2456690.67 2014  2  2  4  8   2456821.19 2014  6 12 16 32   2456951.71 2014 10 21  4 57
 2456691.57 2014  2  3  1 36   2456822.13 2014  6 13 15  8   2456952.69 2014 10 22  4 40
 2456692.46 2014  2  3 23  3   2456823.07 2014  6 14 13 44   2456953.68 2014 10 23  4 24
 2456693.36 2014  2  4 20 31   2456824.01 2014  6 15 12 19   2456954.67 2014 10 24  4  7
 2456694.25 2014  2  5 17 59   2456824.96 2014  6 16 10 55   2456955.66 2014 10 25  3 51
 2456695.14 2014  2  6 15 27   2456825.90 2014  6 17  9 31   2456956.65 2014 10 26  3 34
 2456696.04 2014  2  7 12 55   2456826.84 2014  6 18  8  6   2456957.64 2014 10 27  3 18
 2456696.93 2014  2  8 10 23   2456827.78 2014  6 19  6 42   2456958.63 2014 10 28  3  1
 2456697.83 2014  2  9  7 51   2456828.72 2014  6 20  5 18   2456959.61 2014 10 29  2 44
 2456698.72 2014  2 10  5 19   2456829.66 2014  6 21  3 53   2456960.60 2014 10 30  2 28
 2456699.62 2014  2 11  2 47   2456830.60 2014  6 22  2 29   2456961.59 2014 10 31  2 11
 2456700.51 2014  2 12  0 15   2456831.55 2014  6 23  1  5   2456962.58 2014 11  1  1 55
 2456701.40 2014  2 12 21 43   2456832.49 2014  6 23 23 40   2456963.57 2014 11  2  1 38
 2456702.30 2014  2 13 19 10   2456833.43 2014  6 24 22 16   2456964.56 2014 11  3  1 22
 2456703.19 2014  2 14 16 38   2456834.37 2014  6 25 20 52   2456965.55 2014 11  4  1  5
 2456704.09 2014  2 15 14  6   2456835.31 2014  6 26 19 28   2456966.53 2014 11  5  0 49
 2456704.98 2014  2 16 11 34   2456836.25 2014  6 27 18  3   2456967.52 2014 11  6  0 32
 2456705.88 2014  2 17  9  2   2456837.19 2014  6 28 16 39   2456968.51 2014 11  7  0 16
 2456706.77 2014  2 18  6 30   2456838.14 2014  6 29 15 15   2456969.50 2014 11  7 23 59
 2456707.67 2014  2 19  3 58   2456839.08 2014  6 30 13 50   2456970.49 2014 11  8 23 43
 2456708.56 2014  2 20  1 26   2456840.02 2014  7  1 12 26   2456971.48 2014 11  9 23 26
 2456709.45 2014  2 20 22 54   2456840.96 2014  7  2 11  2   2456972.47 2014 11 10 23 10
 2456710.35 2014  2 21 20 22   2456841.90 2014  7  3  9 37   2456973.45 2014 11 11 22 53
 2456711.24 2014  2 22 17 50   2456842.84 2014  7  4  8 13   2456974.44 2014 11 12 22 37
 2456712.14 2014  2 23 15 17   2456843.78 2014  7  5  6 49   2456975.43 2014 11 13 22 20
 2456713.03 2014  2 24 12 45   2456844.73 2014  7  6  5 24   2456976.42 2014 11 14 22  4
 2456713.93 2014  2 25 10 13   2456845.67 2014  7  7  4  0   2456977.41 2014 11 15 21 47
 2456714.82 2014  2 26  7 41   2456846.61 2014  7  8  2 36   2456978.40 2014 11 16 21 31
 2456715.71 2014  2 27  5  9   2456847.55 2014  7  9  1 12   2456979.39 2014 11 17 21 14
 2456716.61 2014  2 28  2 37   2456848.49 2014  7  9 23 47   2456980.37 2014 11 18 20 57
 2456717.50 2014  3  1  0  5   2456849.43 2014  7 10 22 23   2456981.36 2014 11 19 20 41
 2456718.40 2014  3  1 21 33   2456850.37 2014  7 11 20 59   2456982.35 2014 11 20 20 24
 2456719.29 2014  3  2 19  1   2456851.32 2014  7 12 19 34   2456983.34 2014 11 21 20  8
 2456720.19 2014  3  3 16 29   2456852.26 2014  7 13 18 10   2456984.33 2014 11 22 19 51
 2456721.08 2014  3  4 13 57   2456853.20 2014  7 14 16 46   2456985.32 2014 11 23 19 35
 2456721.98 2014  3  5 11 24   2456854.14 2014  7 15 15 21   2456986.30 2014 11 24 19 18
 2456722.87 2014  3  6  8 52   2456855.08 2014  7 16 13 57   2456987.29 2014 11 25 19  2
 2456723.76 2014  3  7  6 20   2456856.02 2014  7 17 12 33   2456988.28 2014 11 26 18 45
 2456724.66 2014  3  8  3 48   2456856.96 2014  7 18 11  8   2456989.27 2014 11 27 18 29
 2456725.55 2014  3  9  1 16   2456857.91 2014  7 19  9 44   2456990.26 2014 11 28 18 12
 2456726.45 2014  3  9 22 44   2456858.85 2014  7 20  8 20   2456991.25 2014 11 29 17 56
 2456727.34 2014  3 10 20 12   2456859.79 2014  7 21  6 56   2456992.24 2014 11 30 17 39
 2456728.24 2014  3 11 17 40   2456860.73 2014  7 22  5 31   2456993.22 2014 12  1 17 23
 2456729.13 2014  3 12 15  8   2456861.67 2014  7 23  4  7   2456994.21 2014 12  2 17  6
 2456730.03 2014  3 13 12 36   2456862.61 2014  7 24  2 43   2456995.20 2014 12  3 16 50
 2456730.92 2014  3 14 10  3   2456863.55 2014  7 25  1 18   2456996.19 2014 12  4 16 33
 2456731.81 2014  3 15  7 31   2456864.50 2014  7 25 23 54   2456997.18 2014 12  5 16 17
 2456732.71 2014  3 16  4 59   2456865.44 2014  7 26 22 30   2456998.17 2014 12  6 16  0
 2456733.60 2014  3 17  2 27   2456866.38 2014  7 27 21  5   2456999.16 2014 12  7 15 44
 2456734.50 2014  3 17 23 55   2456867.32 2014  7 28 19 41   2457000.14 2014 12  8 15 27
 2456735.39 2014  3 18 21 23   2456868.26 2014  7 29 18 17   2457001.13 2014 12  9 15 11
 2456736.29 2014  3 19 18 51   2456869.20 2014  7 30 16 52   2457002.12 2014 12 10 14 54
 2456737.18 2014  3 20 16 19   2456870.14 2014  7 31 15 28   2457003.11 2014 12 11 14 37
 2456738.07 2014  3 21 13 47   2456871.09 2014  8  1 14  4   2457004.10 2014 12 12 14 21
 2456738.97 2014  3 22 11 15   2456872.03 2014  8  2 12 40   2457005.09 2014 12 13 14  4
 2456739.86 2014  3 23  8 43   2456872.97 2014  8  3 11 15   2457006.08 2014 12 14 13 48
 2456740.76 2014  3 24  6 10   2456873.91 2014  8  4  9 51   2457007.06 2014 12 15 13 31
 2456741.65 2014  3 25  3 38   2456874.85 2014  8  5  8 27   2457008.05 2014 12 16 13 15
 2456742.55 2014  3 26  1  6   2456875.79 2014  8  6  7  2   2457009.04 2014 12 17 12 58
 2456743.44 2014  3 26 22 34   2456876.74 2014  8  7  5 38   2457010.03 2014 12 18 12 42
 2456744.34 2014  3 27 20  2   2456877.68 2014  8  8  4 14   2457011.02 2014 12 19 12 25
 2456745.23 2014  3 28 17 30   2456878.62 2014  8  9  2 49   2457012.01 2014 12 20 12  9
 2456746.12 2014  3 29 14 58   2456879.56 2014  8 10  1 25   2457012.99 2014 12 21 11 52
 2456747.02 2014  3 30 12 26   2456880.50 2014  8 11  0  1   2457013.98 2014 12 22 11 36
 2456747.91 2014  3 31  9 54   2456881.44 2014  8 11 22 36   2457014.97 2014 12 23 11 19
 2456748.81 2014  4  1  7 22   2456882.38 2014  8 12 21 12   2457015.96 2014 12 24 11  3
 2456749.70 2014  4  2  4 50   2456883.33 2014  8 13 19 48   2457016.95 2014 12 25 10 46
 2456750.60 2014  4  3  2 17   2456884.27 2014  8 14 18 24   2457017.94 2014 12 26 10 30
 2456751.49 2014  4  3 23 45   2456885.21 2014  8 15 16 59   2457018.93 2014 12 27 10 13
 2456752.38 2014  4  4 21 13   2456886.15 2014  8 16 15 35   2457019.91 2014 12 28  9 57
 2456753.28 2014  4  5 18 41   2456887.09 2014  8 17 14 11   2457020.90 2014 12 29  9 40
 2456754.17 2014  4  6 16  9   2456888.03 2014  8 18 12 46   2457021.89 2014 12 30  9 24
 2456755.07 2014  4  7 13 37   2456888.97 2014  8 19 11 22   2457022.88 2014 12 31  9  7
 2456755.96 2014  4  8 11  5   2456889.92 2014  8 20  9 58   2457023.87 2015  1  1  8 50
 2456756.86 2014  4  9  8 33   2456890.86 2014  8 21  8 33   2457024.86 2015  1  2  8 34
 2456757.75 2014  4 10  6  1   2456891.80 2014  8 22  7  9   2457025.85 2015  1  3  8 17
 2456758.65 2014  4 11  3 29   2456892.74 2014  8 23  5 45   2457026.83 2015  1  4  8  1
 2456759.54 2014  4 12  0 57   2456893.68 2014  8 24  4 20   2457027.82 2015  1  5  7 44
 2456760.43 2014  4 12 22 24   2456894.62 2014  8 25  2 56   2457028.81 2015  1  6  7 28
 2456761.33 2014  4 13 19 52   2456895.56 2014  8 26  1 32   2457029.80 2015  1  7  7 11
 2456762.22 2014  4 14 17 20   2456896.51 2014  8 27  0  8   2457030.79 2015  1  8  6 55
 2456763.12 2014  4 15 14 48   2456897.45 2014  8 27 22 43   2457031.78 2015  1  9  6 38
 2456764.01 2014  4 16 12 16   2456898.39 2014  8 28 21 19   2457032.77 2015  1 10  6 22
 2456764.91 2014  4 17  9 44   2456899.33 2014  8 29 19 55   2457033.75 2015  1 11  6  5
 2456765.80 2014  4 18  7 12   2456900.27 2014  8 30 18 30   2457034.74 2015  1 12  5 49
 2456766.69 2014  4 19  4 40   2456901.21 2014  8 31 17  6   2457035.73 2015  1 13  5 32
 2456767.59 2014  4 20  2  8   2456902.15 2014  9  1 15 42   2457036.72 2015  1 14  5 16
 2456768.48 2014  4 20 23 36   2456903.10 2014  9  2 14 17   2457037.71 2015  1 15  4 59
 2456769.38 2014  4 21 21  4   2456904.04 2014  9  3 12 53   2457038.70 2015  1 16  4 43
 2456770.27 2014  4 22 18 31   2456904.98 2014  9  4 11 29   2457039.69 2015  1 17  4 26
 2456771.17 2014  4 23 15 59   2456905.92 2014  9  5 10  4   2457040.67 2015  1 18  4 10
 2456772.06 2014  4 24 13 27   2456906.86 2014  9  6  8 40   2457041.66 2015  1 19  3 53
 2456772.96 2014  4 25 10 55   2456907.80 2014  9  7  7 16   2457042.65 2015  1 20  3 37
 2456773.85 2014  4 26  8 23   2456908.74 2014  9  8  5 52   2457043.64 2015  1 21  3 20
 2456774.74 2014  4 27  5 51   2456909.69 2014  9  9  4 27   2457044.63 2015  1 22  3  3
 2456775.64 2014  4 28  3 19   2456910.63 2014  9 10  3  3   2457045.62 2015  1 23  2 47
 2456776.53 2014  4 29  0 47   2456911.57 2014  9 11  1 39   2457046.60 2015  1 24  2 30
 2456777.43 2014  4 29 22 15   2456912.51 2014  9 12  0 14   2457047.59 2015  1 25  2 14
 2456778.32 2014  4 30 19 43   2456913.45 2014  9 12 22 50   2457048.58 2015  1 26  1 57
 2456779.22 2014  5  1 17 11   2456914.39 2014  9 13 21 26   2457049.57 2015  1 27  1 41
 2456780.11 2014  5  2 14 38   2456915.33 2014  9 14 20  1   2457050.56 2015  1 28  1 24
 2456781.00 2014  5  3 12  6   2456916.28 2014  9 15 18 37   2457051.55 2015  1 29  1  8
 2456781.90 2014  5  4  9 34   2456917.22 2014  9 16 17 13   2457052.54 2015  1 30  0 51
 2456782.79 2014  5  5  7  2   2456918.16 2014  9 17 15 48   2457053.52 2015  1 31  0 35
 2456783.69 2014  5  6  4 30   2456919.10 2014  9 18 14 24   2457054.51 2015  2  1  0 18
 2456784.58 2014  5  7  1 58   2456920.04 2014  9 19 13  0   2457055.50 2015  2  2  0  2
 2456785.48 2014  5  7 23 26   2456920.98 2014  9 20 11 36   2457056.49 2015  2  2 23 45
 2456786.37 2014  5  8 20 54   2456921.92 2014  9 21 10 11   2457057.48 2015  2  3 23 29
 2456787.27 2014  5  9 18 22   2456922.87 2014  9 22  8 47   2457058.47 2015  2  4 23 12
 2456788.16 2014  5 10 15 50   2456923.81 2014  9 23  7 23   2457059.46 2015  2  5 22 56
 2456789.05 2014  5 11 13 18   2456924.75 2014  9 24  5 58   2457060.44 2015  2  6 22 39
 2456789.95 2014  5 12 10 45   2456925.69 2014  9 25  4 34   2457061.43 2015  2  7 22 23
 2456790.84 2014  5 13  8 13   2456926.63 2014  9 26  3 10   2457062.42 2015  2  8 22  6
 2456791.74 2014  5 14  5 41   2456927.57 2014  9 27  1 45   2457063.41 2015  2  9 21 50
 2456792.63 2014  5 15  3  9   2456928.51 2014  9 28  0 21   2457064.40 2015  2 10 21 33
 2456793.53 2014  5 16  0 37   2456929.46 2014  9 28 22 57   2457065.39 2015  2 11 21 17
 2456794.42 2014  5 16 22  5   2456930.40 2014  9 29 21 32   2457066.38 2015  2 12 21  0
 2456795.31 2014  5 17 19 33   2456931.34 2014  9 30 20  8   2457067.36 2015  2 13 20 43
 2456796.21 2014  5 18 17  1   2456932.28 2014 10  1 18 44   2457068.35 2015  2 14 20 27
 2456797.10 2014  5 19 14 29   2456933.22 2014 10  2 17 20   2457069.34 2015  2 15 20 10
 2456798.00 2014  5 20 11 57   2456934.16 2014 10  3 15 55   2457070.33 2015  2 16 19 54
 2456798.89 2014  5 21  9 24   2456935.11 2014 10  4 14 31   2457071.32 2015  2 17 19 37
 2456799.79 2014  5 22  6 52   2456936.05 2014 10  5 13  7   2457072.31 2015  2 18 19 21
 2456800.68 2014  5 23  4 20   2456936.99 2014 10  6 11 42   2457073.30 2015  2 19 19  4
 2456801.58 2014  5 24  1 48   2456937.93 2014 10  7 10 18   2457074.28 2015  2 20 18 48
 2456802.47 2014  5 24 23 16   2456938.87 2014 10  8  8 54   2457075.27 2015  2 21 18 31
 2456803.36 2014  5 25 20 44   2456939.81 2014 10  9  7 29   2457076.26 2015  2 22 18 15
 2456804.26 2014  5 26 18 12   2456940.75 2014 10 10  6  5   2457077.25 2015  2 23 17 58
 2456805.15 2014  5 27 15 40   2456941.70 2014 10 11  4 41   2457078.24 2015  2 24 17 42
 2456806.05 2014  5 28 13  8   2456942.64 2014 10 12  3 16   2457079.23 2015  2 25 17 25
 2456806.94 2014  5 29 10 36   2456943.58 2014 10 13  1 52   2457080.21 2015  2 26 17  9
 2456807.84 2014  5 30  8  4   2456944.52 2014 10 14  0 28   2457081.20 2015  2 27 16 52
 2456808.73 2014  5 31  5 31   2456945.46 2014 10 14 23  4   2457082.19 2015  2 28 16 36
 2456809.62 2014  6  1  2 59   2456946.40 2014 10 15 21 39   2457083.18 2015  3  1 16 19
 2456810.52 2014  6  2  0 27   2456947.34 2014 10 16 20 15   2457084.17 2015  3  2 16  3
 2456811.41 2014  6  2 21 55   2456948.29 2014 10 17 18 51   2457085.16 2015  3  3 15 46
 2456812.31 2014  6  3 19 23   2456949.23 2014 10 18 17 26   2457086.15 2015  3  4 15 30
 2456813.20 2014  6  4 16 51   2456950.17 2014 10 19 16  2   2457087.13 2015  3  5 15 13
 2456814.10 2014  6  5 14 19   2456951.11 2014 10 20 14 38   2457088.12 2015  3  6 14 56
 2456814.99 2014  6  6 11 47   2456952.05 2014 10 21 13 13   2457089.11 2015  3  7 14 40
 2456815.89 2014  6  7  9 15   2456952.99 2014 10 22 11 49   2457090.10 2015  3  8 14 23
 2456816.78 2014  6  8  6 43   2456953.93 2014 10 23 10 25   2457091.09 2015  3  9 14  7
 2456817.67 2014  6  9  4 11   2456954.88 2014 10 24  9  0   2457092.08 2015  3 10 13 50
 2456818.57 2014  6 10  1 38   2456955.82 2014 10 25  7 36   2457093.07 2015  3 11 13 34
 2456819.46 2014  6 10 23  6   2456956.76 2014 10 26  6 12   2457094.05 2015  3 12 13 17
 2456820.36 2014  6 11 20 34   2456957.70 2014 10 27  4 48   2457095.04 2015  3 13 13  1
 2456821.25 2014  6 12 18  2   2456958.64 2014 10 28  3 23   2457096.03 2015  3 14 12 44
 2456822.15 2014  6 13 15 30   2456959.58 2014 10 29  1 59   2457097.02 2015  3 15 12 28
 2456823.04 2014  6 14 12 58   2456960.52 2014 10 30  0 35   2457098.01 2015  3 16 12 11
 2456823.94 2014  6 15 10 26   2456961.47 2014 10 30 23 10   2457099.00 2015  3 17 11 55
 2456824.83 2014  6 16  7 54   2456962.41 2014 10 31 21 46   2457099.99 2015  3 18 11 38
 2456825.72 2014  6 17  5 22   2456963.35 2014 11  1 20 22   2457100.97 2015  3 19 11 22
 2456826.62 2014  6 18  2 50   2456964.29 2014 11  2 18 57   2457101.96 2015  3 20 11  5
 2456827.51 2014  6 19  0 18   2456965.23 2014 11  3 17 33   2457102.95 2015  3 21 10 49
 2456828.41 2014  6 19 21 45   2456966.17 2014 11  4 16  9   2457103.94 2015  3 22 10 32
 2456829.30 2014  6 20 19 13   2456967.11 2014 11  5 14 44   2457104.93 2015  3 23 10 16
 2456830.20 2014  6 21 16 41   2456968.06 2014 11  6 13 20   2457105.92 2015  3 24  9 59
 2456831.09 2014  6 22 14  9   2456969.00 2014 11  7 11 56   2457106.90 2015  3 25  9 43
 2456831.98 2014  6 23 11 37   2456969.94 2014 11  8 10 32   2457107.89 2015  3 26  9 26
 2456832.88 2014  6 24  9  5   2456970.88 2014 11  9  9  7   2457108.88 2015  3 27  9  9
 2456833.77 2014  6 25  6 33   2456971.82 2014 11 10  7 43   2457109.87 2015  3 28  8 53
 2456834.67 2014  6 26  4  1   2456972.76 2014 11 11  6 19   2457110.86 2015  3 29  8 36
 2456835.56 2014  6 27  1 29   2456973.70 2014 11 12  4 54   2457111.85 2015  3 30  8 20
 2456836.46 2014  6 27 22 57   2456974.65 2014 11 13  3 30   2457112.84 2015  3 31  8  3
 2456837.35 2014  6 28 20 25   2456975.59 2014 11 14  2  6   2457113.82 2015  4  1  7 47
 2456838.25 2014  6 29 17 52   2456976.53 2014 11 15  0 41   2457114.81 2015  4  2  7 30
 2456839.14 2014  6 30 15 20   2456977.47 2014 11 15 23 17   2457115.80 2015  4  3  7 14
 2456840.03 2014  7  1 12 48   2456978.41 2014 11 16 21 53   2457116.79 2015  4  4  6 57
 2456840.93 2014  7  2 10 16   2456979.35 2014 11 17 20 28   2457117.78 2015  4  5  6 41
 2456841.82 2014  7  3  7 44   2456980.29 2014 11 18 19  4   2457118.77 2015  4  6  6 24
 2456842.72 2014  7  4  5 12   2456981.24 2014 11 19 17 40   2457119.76 2015  4  7  6  8
 2456843.61 2014  7  5  2 40   2456982.18 2014 11 20 16 16   2457120.74 2015  4  8  5 51
 2456844.51 2014  7  6  0  8   2456983.12 2014 11 21 14 51   2457121.73 2015  4  9  5 35
 2456845.40 2014  7  6 21 36   2456984.06 2014 11 22 13 27   2457122.72 2015  4 10  5 18
 2456846.29 2014  7  7 19  4   2456985.00 2014 11 23 12  3   2457123.71 2015  4 11  5  2
 2456847.19 2014  7  8 16 32   2456985.94 2014 11 24 10 38   2457124.70 2015  4 12  4 45
 2456848.08 2014  7  9 13 59   2456986.89 2014 11 25  9 14   2457125.69 2015  4 13  4 29
 2456848.98 2014  7 10 11 27   2456987.83 2014 11 26  7 50   2457126.68 2015  4 14  4 12
 2456849.87 2014  7 11  8 55   2456988.77 2014 11 27  6 25   2457127.66 2015  4 15  3 56
 2456850.77 2014  7 12  6 23   2456989.71 2014 11 28  5  1   2457128.65 2015  4 16  3 39
 2456851.66 2014  7 13  3 51   2456990.65 2014 11 29  3 37   2457129.64 2015  4 17  3 23
 2456852.56 2014  7 14  1 19   2456991.59 2014 11 30  2 12   2457130.63 2015  4 18  3  6
 2456853.45 2014  7 14 22 47   2456992.53 2014 12  1  0 48   2457131.62 2015  4 19  2 49
 2456854.34 2014  7 15 20 15   2456993.48 2014 12  1 23 24   2457132.61 2015  4 20  2 33
 2456855.24 2014  7 16 17 43   2456994.42 2014 12  2 22  0   2457133.60 2015  4 21  2 16
 2456856.13 2014  7 17 15 11   2456995.36 2014 12  3 20 35   2457134.58 2015  4 22  2  0
 2456857.03 2014  7 18 12 38   2456996.30 2014 12  4 19 11   2457135.57 2015  4 23  1 43
 2456857.92 2014  7 19 10  6   2456997.24 2014 12  5 17 47   2457136.56 2015  4 24  1 27
 2456858.82 2014  7 20  7 34   2456998.18 2014 12  6 16 22   2457137.55 2015  4 25  1 10
 2456859.71 2014  7 21  5  2   2456999.12 2014 12  7 14 58   2457138.54 2015  4 26  0 54
 2456860.60 2014  7 22  2 30   2457000.07 2014 12  8 13 34   2457139.53 2015  4 27  0 37
 2456861.50 2014  7 22 23 58   2457001.01 2014 12  9 12  9   2457140.51 2015  4 28  0 21
 2456862.39 2014  7 23 21 26   2457001.95 2014 12 10 10 45   2457141.50 2015  4 29  0  4
 2456863.29 2014  7 24 18 54   2457002.89 2014 12 11  9 21   2457142.49 2015  4 29 23 48
 2456864.18 2014  7 25 16 22   2457003.83 2014 12 12  7 56   2457143.48 2015  4 30 23 31
 2456865.08 2014  7 26 13 50   2457004.77 2014 12 13  6 32   2457144.47 2015  5  1 23 15
 2456865.97 2014  7 27 11 18   2457005.71 2014 12 14  5  8   2457145.46 2015  5  2 22 58
 2456866.87 2014  7 28  8 45   2457006.66 2014 12 15  3 44   2457146.45 2015  5  3 22 42
 2456867.76 2014  7 29  6 13   2457007.60 2014 12 16  2 19   2457147.43 2015  5  4 22 25
 2456868.65 2014  7 30  3 41   2457008.54 2014 12 17  0 55   2457148.42 2015  5  5 22  9
 2456869.55 2014  7 31  1  9   2457009.48 2014 12 17 23 31   2457149.41 2015  5  6 21 52
 2456870.44 2014  7 31 22 37   2457010.42 2014 12 18 22  6   2457150.40 2015  5  7 21 36
 2456871.34 2014  8  1 20  5   2457011.36 2014 12 19 20 42   2457151.39 2015  5  8 21 19
 2456872.23 2014  8  2 17 33   2457012.30 2014 12 20 19 18   2457152.38 2015  5  9 21  2
 2456873.13 2014  8  3 15  1   2457013.25 2014 12 21 17 53   2457153.37 2015  5 10 20 46
 2456874.02 2014  8  4 12 29   2457014.19 2014 12 22 16 29   2457154.35 2015  5 11 20 29
 2456874.91 2014  8  5  9 57   2457015.13 2014 12 23 15  5   2457155.34 2015  5 12 20 13
 2456875.81 2014  8  6  7 25   2457016.07 2014 12 24 13 40   2457156.33 2015  5 13 19 56
 2456876.70 2014  8  7  4 52   2457017.01 2014 12 25 12 16   2457157.32 2015  5 14 19 40
 2456877.60 2014  8  8  2 20   2457017.95 2014 12 26 10 52   2457158.31 2015  5 15 19 23
 2456878.49 2014  8  8 23 48   2457018.89 2014 12 27  9 28   2457159.30 2015  5 16 19  7
 2456879.39 2014  8  9 21 16   2457019.84 2014 12 28  8  3   2457160.29 2015  5 17 18 50
 2456880.28 2014  8 10 18 44   2457020.78 2014 12 29  6 39   2457161.27 2015  5 18 18 34
 2456881.18 2014  8 11 16 12   2457021.72 2014 12 30  5 15   2457162.26 2015  5 19 18 17
 2456882.07 2014  8 12 13 40   2457022.66 2014 12 31  3 50   2457163.25 2015  5 20 18  1
 2456882.96 2014  8 13 11  8   2457023.60 2015  1  1  2 26   2457164.24 2015  5 21 17 44
 2456883.86 2014  8 14  8 36   2457024.54 2015  1  2  1  2   2457165.23 2015  5 22 17 28
 2456884.75 2014  8 15  6  4   2457025.48 2015  1  2 23 37   2457166.22 2015  5 23 17 11
 2456885.65 2014  8 16  3 32   2457026.43 2015  1  3 22 13   2457167.20 2015  5 24 16 55
 2456886.54 2014  8 17  0 59   2457027.37 2015  1  4 20 49   2457168.19 2015  5 25 16 38
 2456887.44 2014  8 17 22 27   2457028.31 2015  1  5 19 24   2457169.18 2015  5 26 16 22
 2456888.33 2014  8 18 19 55   2457029.25 2015  1  6 18  0   2457170.17 2015  5 27 16  5
 2456889.22 2014  8 19 17 23   2457030.19 2015  1  7 16 36   2457171.16 2015  5 28 15 49
 2456890.12 2014  8 20 14 51   2457031.13 2015  1  8 15 12   2457172.15 2015  5 29 15 32
 2456891.01 2014  8 21 12 19   2457032.07 2015  1  9 13 47   2457173.14 2015  5 30 15 15
 2456891.91 2014  8 22  9 47   2457033.02 2015  1 10 12 23   2457174.12 2015  5 31 14 59
 2456892.80 2014  8 23  7 15   2457033.96 2015  1 11 10 59   2457175.11 2015  6  1 14 42
 2456893.70 2014  8 24  4 43   2457034.90 2015  1 12  9 34   2457176.10 2015  6  2 14 26
 2456894.59 2014  8 25  2 11   2457035.84 2015  1 13  8 10   2457177.09 2015  6  3 14  9
 2456895.49 2014  8 25 23 39   2457036.78 2015  1 14  6 46   2457178.08 2015  6  4 13 53
 2456896.38 2014  8 26 21  6   2457037.72 2015  1 15  5 21   2457179.07 2015  6  5 13 36
 2456897.27 2014  8 27 18 34   2457038.66 2015  1 16  3 57   2457180.06 2015  6  6 13 20
 2456898.17 2014  8 28 16  2   2457039.61 2015  1 17  2 33   2457181.04 2015  6  7 13  3
 2456899.06 2014  8 29 13 30   2457040.55 2015  1 18  1  8   2457182.03 2015  6  8 12 47
 2456899.96 2014  8 30 10 58   2457041.49 2015  1 18 23 44   2457183.02 2015  6  9 12 30
 2456900.85 2014  8 31  8 26   2457042.43 2015  1 19 22 20   2457184.01 2015  6 10 12 14
 2456901.75 2014  9  1  5 54   2457043.37 2015  1 20 20 56   2457185.00 2015  6 11 11 57
 2456902.64 2014  9  2  3 22   2457044.31 2015  1 21 19 31   2457185.99 2015  6 12 11 41
 2456903.53 2014  9  3  0 50   2457045.26 2015  1 22 18  7   2457186.98 2015  6 13 11 24
 2456904.43 2014  9  3 22 18   2457046.20 2015  1 23 16 43   2457187.96 2015  6 14 11  8
 2456905.32 2014  9  4 19 46   2457047.14 2015  1 24 15 18   2457188.95 2015  6 15 10 51
 2456906.22 2014  9  5 17 13   2457048.08 2015  1 25 13 54   2457189.94 2015  6 16 10 35
 2456907.11 2014  9  6 14 41   2457049.02 2015  1 26 12 30   2457190.93 2015  6 17 10 18
 2456908.01 2014  9  7 12  9   2457049.96 2015  1 27 11  5   2457191.92 2015  6 18 10  2
 2456908.90 2014  9  8  9 37   2457050.90 2015  1 28  9 41   2457192.91 2015  6 19  9 45
 2456909.80 2014  9  9  7  5   2457051.85 2015  1 29  8 17   2457193.90 2015  6 20  9 29
 2456910.69 2014  9 10  4 33   2457052.79 2015  1 30  6 52   2457194.88 2015  6 21  9 12
 2456911.58 2014  9 11  2  1   2457053.73 2015  1 31  5 28   2457195.87 2015  6 22  8 55
 2456912.48 2014  9 11 23 29   2457054.67 2015  2  1  4  4   2457196.86 2015  6 23  8 39
 2456913.37 2014  9 12 20 57   2457055.61 2015  2  2  2 40   2457197.85 2015  6 24  8 22
 2456914.27 2014  9 13 18 25   2457056.55 2015  2  3  1 15   2457198.84 2015  6 25  8  6
 2456915.16 2014  9 14 15 52   2457057.49 2015  2  3 23 51   2457199.83 2015  6 26  7 49
 2456916.06 2014  9 15 13 20   2457058.44 2015  2  4 22 27   2457200.81 2015  6 27  7 33
 2456916.95 2014  9 16 10 48   2457059.38 2015  2  5 21  2   2457201.80 2015  6 28  7 16
 2456917.84 2014  9 17  8 16   2457060.32 2015  2  6 19 38   2457202.79 2015  6 29  7  0
 2456918.74 2014  9 18  5 44   2457061.26 2015  2  7 18 14   2457203.78 2015  6 30  6 43
 2456919.63 2014  9 19  3 12   2457062.20 2015  2  8 16 49   2457204.77 2015  7  1  6 27
 2456920.53 2014  9 20  0 40   2457063.14 2015  2  9 15 25   2457205.76 2015  7  2  6 10
 2456921.42 2014  9 20 22  8   2457064.08 2015  2 10 14  1   2457206.75 2015  7  3  5 54
 2456922.32 2014  9 21 19 36   2457065.03 2015  2 11 12 36   2457207.73 2015  7  4  5 37
 2456923.21 2014  9 22 17  4   2457065.97 2015  2 12 11 12   2457208.72 2015  7  5  5 21
 2456924.11 2014  9 23 14 32   2457066.91 2015  2 13  9 48   2457209.71 2015  7  6  5  4
 2456925.00 2014  9 24 11 59   2457067.85 2015  2 14  8 24   2457210.70 2015  7  7  4 48
 2456925.89 2014  9 25  9 27   2457068.79 2015  2 15  6 59   2457211.69 2015  7  8  4 31
 2456926.79 2014  9 26  6 55   2457069.73 2015  2 16  5 35   2457212.68 2015  7  9  4 15
 2456927.68 2014  9 27  4 23   2457070.67 2015  2 17  4 11   2457213.67 2015  7 10  3 58
 2456928.58 2014  9 28  1 51   2457071.62 2015  2 18  2 46   2457214.65 2015  7 11  3 42
 2456929.47 2014  9 28 23 19   2457072.56 2015  2 19  1 22   2457215.64 2015  7 12  3 25
 2456930.37 2014  9 29 20 47   2457073.50 2015  2 19 23 58   2457216.63 2015  7 13  3  8
 2456931.26 2014  9 30 18 15   2457074.44 2015  2 20 22 33   2457217.62 2015  7 14  2 52
 2456932.16 2014 10  1 15 43   2457075.38 2015  2 21 21  9   2457218.61 2015  7 15  2 35
 2456933.05 2014 10  2 13 11   2457076.32 2015  2 22 19 45   2457219.60 2015  7 16  2 19
 2456933.94 2014 10  3 10 39   2457077.26 2015  2 23 18 20   2457220.59 2015  7 17  2  2
 2456934.84 2014 10  4  8  6   2457078.21 2015  2 24 16 56   2457221.57 2015  7 18  1 46
 2456935.73 2014 10  5  5 34   2457079.15 2015  2 25 15 32   2457222.56 2015  7 19  1 29
 2456936.63 2014 10  6  3  2   2457080.09 2015  2 26 14  8   2457223.55 2015  7 20  1 13
 2456937.52 2014 10  7  0 30   2457081.03 2015  2 27 12 43   2457224.54 2015  7 21  0 56
 2456938.42 2014 10  7 21 58   2457081.97 2015  2 28 11 19   2457225.53 2015  7 22  0 40
 2456939.31 2014 10  8 19 26   2457082.91 2015  3  1  9 55   2457226.52 2015  7 23  0 23
 2456940.20 2014 10  9 16 54   2457083.85 2015  3  2  8 30   2457227.51 2015  7 24  0  7
 2456941.10 2014 10 10 14 22   2457084.80 2015  3  3  7  6   2457228.49 2015  7 24 23 50
 2456941.99 2014 10 11 11 50   2457085.74 2015  3  4  5 42   2457229.48 2015  7 25 23 34
 2456942.89 2014 10 12  9 18   2457086.68 2015  3  5  4 17   2457230.47 2015  7 26 23 17
 2456943.78 2014 10 13  6 46   2457087.62 2015  3  6  2 53   2457231.46 2015  7 27 23  1
 2456944.68 2014 10 14  4 13   2457088.56 2015  3  7  1 29   2457232.45 2015  7 28 22 44
 2456945.57 2014 10 15  1 41   2457089.50 2015  3  8  0  4   2457233.44 2015  7 29 22 28
 2456946.47 2014 10 15 23  9   2457090.44 2015  3  8 22 40   2457234.42 2015  7 30 22 11
 2456947.36 2014 10 16 20 37   2457091.39 2015  3  9 21 16   2457235.41 2015  7 31 21 55
 2456948.25 2014 10 17 18  5   2457092.33 2015  3 10 19 52   2457236.40 2015  8  1 21 38
 2456949.15 2014 10 18 15 33   2457093.27 2015  3 11 18 27   2457237.39 2015  8  2 21 21
 2456950.04 2014 10 19 13  1   2457094.21 2015  3 12 17  3   2457238.38 2015  8  3 21  5
 2456950.94 2014 10 20 10 29   2457095.15 2015  3 13 15 39   2457239.37 2015  8  4 20 48
 2456951.83 2014 10 21  7 57   2457096.09 2015  3 14 14 14   2457240.36 2015  8  5 20 32
 2456952.73 2014 10 22  5 25   2457097.04 2015  3 15 12 50   2457241.34 2015  8  6 20 15
 2456953.62 2014 10 23  2 53   2457097.98 2015  3 16 11 26   2457242.33 2015  8  7 19 59
 2456954.51 2014 10 24  0 20   2457098.92 2015  3 17 10  1   2457243.32 2015  8  8 19 42
 2456955.41 2014 10 24 21 48   2457099.86 2015  3 18  8 37   2457244.31 2015  8  9 19 26
 2456956.30 2014 10 25 19 16   2457100.80 2015  3 19  7 13   2457245.30 2015  8 10 19  9
 2456957.20 2014 10 26 16 44   2457101.74 2015  3 20  5 48   2457246.29 2015  8 11 18 53
 2456958.09 2014 10 27 14 12   2457102.68 2015  3 21  4 24   2457247.28 2015  8 12 18 36
 2456958.99 2014 10 28 11 40   2457103.63 2015  3 22  3  0   2457248.26 2015  8 13 18 20
 2456959.88 2014 10 29  9  8   2457104.57 2015  3 23  1 36   2457249.25 2015  8 14 18  3
 2456960.78 2014 10 30  6 36   2457105.51 2015  3 24  0 11   2457250.24 2015  8 15 17 47
 2456961.67 2014 10 31  4  4   2457106.45 2015  3 24 22 47   2457251.23 2015  8 16 17 30
 2456962.56 2014 11  1  1 32   2457107.39 2015  3 25 21 23   2457252.22 2015  8 17 17 14
 2456963.46 2014 11  1 23  0   2457108.33 2015  3 26 19 58   2457253.21 2015  8 18 16 57
 2456964.35 2014 11  2 20 27   2457109.27 2015  3 27 18 34   2457254.20 2015  8 19 16 41
 2456965.25 2014 11  3 17 55   2457110.22 2015  3 28 17 10   2457255.18 2015  8 20 16 24
 2456966.14 2014 11  4 15 23   2457111.16 2015  3 29 15 45   2457256.17 2015  8 21 16  8
 2456967.04 2014 11  5 12 51   2457112.10 2015  3 30 14 21   2457257.16 2015  8 22 15 51
 2456967.93 2014 11  6 10 19   2457113.04 2015  3 31 12 57   2457258.15 2015  8 23 15 35
 2456968.82 2014 11  7  7 47   2457113.98 2015  4  1 11 32   2457259.14 2015  8 24 15 18
 2456969.72 2014 11  8  5 15   2457114.92 2015  4  2 10  8   2457260.13 2015  8 25 15  1
 2456970.61 2014 11  9  2 43   2457115.86 2015  4  3  8 44   2457261.11 2015  8 26 14 45
 2456971.51 2014 11 10  0 11   2457116.81 2015  4  4  7 20   2457262.10 2015  8 27 14 28
 2456972.40 2014 11 10 21 39   2457117.75 2015  4  5  5 55   2457263.09 2015  8 28 14 12
 2456973.30 2014 11 11 19  6   2457118.69 2015  4  6  4 31   2457264.08 2015  8 29 13 55
 2456974.19 2014 11 12 16 34   2457119.63 2015  4  7  3  7   2457265.07 2015  8 30 13 39
 2456975.09 2014 11 13 14  2   2457120.57 2015  4  8  1 42   2457266.06 2015  8 31 13 22
 2456975.98 2014 11 14 11 30   2457121.51 2015  4  9  0 18   2457267.05 2015  9  1 13  6
 2456976.87 2014 11 15  8 58   2457122.45 2015  4  9 22 54   2457268.03 2015  9  2 12 49
 2456977.77 2014 11 16  6 26   2457123.40 2015  4 10 21 29   2457269.02 2015  9  3 12 33
 2456978.66 2014 11 17  3 54   2457124.34 2015  4 11 20  5   2457270.01 2015  9  4 12 16
 2456979.56 2014 11 18  1 22   2457125.28 2015  4 12 18 41   2457271.00 2015  9  5 12  0
 2456980.45 2014 11 18 22 50   2457126.22 2015  4 13 17 16   2457271.99 2015  9  6 11 43
 2456981.35 2014 11 19 20 18   2457127.16 2015  4 14 15 52   2457272.98 2015  9  7 11 27
 2456982.24 2014 11 20 17 46   2457128.10 2015  4 15 14 28   2457273.97 2015  9  8 11 10
 2456983.13 2014 11 21 15 13   2457129.04 2015  4 16 13  4   2457274.95 2015  9  9 10 54
 2456984.03 2014 11 22 12 41   2457129.99 2015  4 17 11 39   2457275.94 2015  9 10 10 37
 2456984.92 2014 11 23 10  9   2457130.93 2015  4 18 10 15   2457276.93 2015  9 11 10 21
 2456985.82 2014 11 24  7 37   2457131.87 2015  4 19  8 51   2457277.92 2015  9 12 10  4
 2456986.71 2014 11 25  5  5   2457132.81 2015  4 20  7 26   2457278.91 2015  9 13  9 48
 2456987.61 2014 11 26  2 33   2457133.75 2015  4 21  6  2   2457279.90 2015  9 14  9 31
 2456988.50 2014 11 27  0  1   2457134.69 2015  4 22  4 38   2457280.89 2015  9 15  9 14
 2456989.40 2014 11 27 21 29   2457135.63 2015  4 23  3 13   2457281.87 2015  9 16  8 58
 2456990.29 2014 11 28 18 57   2457136.58 2015  4 24  1 49   2457282.86 2015  9 17  8 41
 2456991.18 2014 11 29 16 25   2457137.52 2015  4 25  0 25   2457283.85 2015  9 18  8 25
 2456992.08 2014 11 30 13 53   2457138.46 2015  4 25 23  0   2457284.84 2015  9 19  8  8
 2456992.97 2014 12  1 11 20   2457139.40 2015  4 26 21 36   2457285.83 2015  9 20  7 52
 2456993.87 2014 12  2  8 48   2457140.34 2015  4 27 20 12   2457286.82 2015  9 21  7 35
 2456994.76 2014 12  3  6 16   2457141.28 2015  4 28 18 48   2457287.81 2015  9 22  7 19
 2456995.66 2014 12  4  3 44   2457142.22 2015  4 29 17 23   2457288.79 2015  9 23  7  2
 2456996.55 2014 12  5  1 12   2457143.17 2015  4 30 15 59   2457289.78 2015  9 24  6 46
 2456997.44 2014 12  5 22 40   2457144.11 2015  5  1 14 35   2457290.77 2015  9 25  6 29
 2456998.34 2014 12  6 20  8   2457145.05 2015  5  2 13 10   2457291.76 2015  9 26  6 13
 2456999.23 2014 12  7 17 36   2457145.99 2015  5  3 11 46   2457292.75 2015  9 27  5 56
 2457000.13 2014 12  8 15  4   2457146.93 2015  5  4 10 22   2457293.74 2015  9 28  5 40
 2457001.02 2014 12  9 12 32   2457147.87 2015  5  5  8 57   2457294.72 2015  9 29  5 23
 2457001.92 2014 12 10 10  0   2457148.81 2015  5  6  7 33   2457295.71 2015  9 30  5  7
 2457002.81 2014 12 11  7 27   2457149.76 2015  5  7  6  9   2457296.70 2015 10  1  4 50
 2457003.71 2014 12 12  4 55   2457150.70 2015  5  8  4 44   2457297.69 2015 10  2  4 34
 2457004.60 2014 12 13  2 23   2457151.64 2015  5  9  3 20   2457298.68 2015 10  3  4 17
 2457005.49 2014 12 13 23 51   2457152.58 2015  5 10  1 56   2457299.67 2015 10  4  4  1
 2457006.39 2014 12 14 21 19   2457153.52 2015  5 11  0 32   2457300.66 2015 10  5  3 44
 2457007.28 2014 12 15 18 47   2457154.46 2015  5 11 23  7   2457301.64 2015 10  6  3 27
 2457008.18 2014 12 16 16 15   2457155.41 2015  5 12 21 43   2457302.63 2015 10  7  3 11
 2457009.07 2014 12 17 13 43   2457156.35 2015  5 13 20 19   2457303.62 2015 10  8  2 54
 2457009.97 2014 12 18 11 11   2457157.29 2015  5 14 18 54   2457304.61 2015 10  9  2 38
 2457010.86 2014 12 19  8 39   2457158.23 2015  5 15 17 30   2457305.60 2015 10 10  2 21
 2457011.75 2014 12 20  6  7   2457159.17 2015  5 16 16  6   2457306.59 2015 10 11  2  5
 2457012.65 2014 12 21  3 34   2457160.11 2015  5 17 14 41   2457307.58 2015 10 12  1 48
 2457013.54 2014 12 22  1  2   2457161.05 2015  5 18 13 17   2457308.56 2015 10 13  1 32
 2457014.44 2014 12 22 22 30   2457162.00 2015  5 19 11 53   2457309.55 2015 10 14  1 15
 2457015.33 2014 12 23 19 58   2457162.94 2015  5 20 10 28   2457310.54 2015 10 15  0 59
 2457016.23 2014 12 24 17 26   2457163.88 2015  5 21  9  4   2457311.53 2015 10 16  0 42
 2457017.12 2014 12 25 14 54   2457164.82 2015  5 22  7 40   2457312.52 2015 10 17  0 26
 2457018.02 2014 12 26 12 22   2457165.76 2015  5 23  6 16   2457313.51 2015 10 18  0  9
 2457018.91 2014 12 27  9 50   2457166.70 2015  5 24  4 51   2457314.50 2015 10 18 23 53
 2457019.80 2014 12 28  7 18   2457167.64 2015  5 25  3 27   2457315.48 2015 10 19 23 36
 2457020.70 2014 12 29  4 46   2457168.59 2015  5 26  2  3   2457316.47 2015 10 20 23 20
 2457021.59 2014 12 30  2 14   2457169.53 2015  5 27  0 38   2457317.46 2015 10 21 23  3
 2457022.49 2014 12 30 23 41   2457170.47 2015  5 27 23 14   2457318.45 2015 10 22 22 47
 2457023.38 2014 12 31 21  9   2457171.41 2015  5 28 21 50   2457319.44 2015 10 23 22 30
 2457024.28 2015  1  1 18 37   2457172.35 2015  5 29 20 25   2457320.43 2015 10 24 22 14
 2457025.17 2015  1  2 16  5   2457173.29 2015  5 30 19  1   2457321.41 2015 10 25 21 57
 2457026.06 2015  1  3 13 33   2457174.23 2015  5 31 17 37   2457322.40 2015 10 26 21 41
 2457026.96 2015  1  4 11  1   2457175.18 2015  6  1 16 12   2457323.39 2015 10 27 21 24
 2457027.85 2015  1  5  8 29   2457176.12 2015  6  2 14 48   2457324.38 2015 10 28 21  7
 2457028.75 2015  1  6  5 57   2457177.06 2015  6  3 13 24   2457325.37 2015 10 29 20 51
 2457029.64 2015  1  7  3 25   2457178.00 2015  6  4 12  0   2457326.36 2015 10 30 20 34
 2457030.54 2015  1  8  0 53   2457178.94 2015  6  5 10 35   2457327.35 2015 10 31 20 18
 2457031.43 2015  1  8 22 20   2457179.88 2015  6  6  9 11   2457328.33 2015 11  1 20  1
 2457032.33 2015  1  9 19 48   2457180.82 2015  6  7  7 47   2457329.32 2015 11  2 19 45
 2457033.22 2015  1 10 17 16   2457181.77 2015  6  8  6 22   2457330.31 2015 11  3 19 28
 2457034.11 2015  1 11 14 44   2457182.71 2015  6  9  4 58   2457331.30 2015 11  4 19 12
 2457035.01 2015  1 12 12 12   2457183.65 2015  6 10  3 34   2457332.29 2015 11  5 18 55
 2457035.90 2015  1 13  9 40   2457184.59 2015  6 11  2  9   2457333.28 2015 11  6 18 39
 2457036.80 2015  1 14  7  8   2457185.53 2015  6 12  0 45   2457334.27 2015 11  7 18 22
 2457037.69 2015  1 15  4 36   2457186.47 2015  6 12 23 21   2457335.25 2015 11  8 18  6
 2457038.59 2015  1 16  2  4   2457187.41 2015  6 13 21 56   2457336.24 2015 11  9 17 49
 2457039.48 2015  1 16 23 32   2457188.36 2015  6 14 20 32   2457337.23 2015 11 10 17 33
 2457040.38 2015  1 17 21  0   2457189.30 2015  6 15 19  8   2457338.22 2015 11 11 17 16
 2457041.27 2015  1 18 18 27   2457190.24 2015  6 16 17 44   2457339.21 2015 11 12 17  0
 2457042.16 2015  1 19 15 55   2457191.18 2015  6 17 16 19   2457340.20 2015 11 13 16 43
 2457043.06 2015  1 20 13 23   2457192.12 2015  6 18 14 55   2457341.19 2015 11 14 16 27
 2457043.95 2015  1 21 10 51   2457193.06 2015  6 19 13 31   2457342.17 2015 11 15 16 10
 2457044.85 2015  1 22  8 19   2457194.00 2015  6 20 12  6   2457343.16 2015 11 16 15 54
 2457045.74 2015  1 23  5 47   2457194.95 2015  6 21 10 42   2457344.15 2015 11 17 15 37
 2457046.64 2015  1 24  3 15   2457195.89 2015  6 22  9 18   2457345.14 2015 11 18 15 20
 2457047.53 2015  1 25  0 43   2457196.83 2015  6 23  7 53   2457346.13 2015 11 19 15  4
 2457048.42 2015  1 25 22 11   2457197.77 2015  6 24  6 29   2457347.12 2015 11 20 14 47
 2457049.32 2015  1 26 19 39   2457198.71 2015  6 25  5  5   2457348.11 2015 11 21 14 31
 2457050.21 2015  1 27 17  7   2457199.65 2015  6 26  3 40   2457349.09 2015 11 22 14 14
 2457051.11 2015  1 28 14 34   2457200.59 2015  6 27  2 16   2457350.08 2015 11 23 13 58
 2457052.00 2015  1 29 12  2   2457201.54 2015  6 28  0 52   2457351.07 2015 11 24 13 41
 2457052.90 2015  1 30  9 30   2457202.48 2015  6 28 23 28   2457352.06 2015 11 25 13 25
 2457053.79 2015  1 31  6 58   2457203.42 2015  6 29 22  3   2457353.05 2015 11 26 13  8
 2457054.69 2015  2  1  4 26   2457204.36 2015  6 30 20 39   2457354.04 2015 11 27 12 52
 2457055.58 2015  2  2  1 54   2457205.30 2015  7  1 19 15   2457355.02 2015 11 28 12 35
 2457056.47 2015  2  2 23 22   2457206.24 2015  7  2 17 50   2457356.01 2015 11 29 12 19
 2457057.37 2015  2  3 20 50   2457207.19 2015  7  3 16 26   2457357.00 2015 11 30 12  2
 2457058.26 2015  2  4 18 18   2457208.13 2015  7  4 15  2   2457357.99 2015 12  1 11 46
 2457059.16 2015  2  5 15 46   2457209.07 2015  7  5 13 37   2457358.98 2015 12  2 11 29
 2457060.05 2015  2  6 13 14   2457210.01 2015  7  6 12 13   2457359.97 2015 12  3 11 13
 2457060.95 2015  2  7 10 41   2457210.95 2015  7  7 10 49   2457360.96 2015 12  4 10 56
 2457061.84 2015  2  8  8  9   2457211.89 2015  7  8  9 24   2457361.94 2015 12  5 10 40
 2457062.73 2015  2  9  5 37   2457212.83 2015  7  9  8  0   2457362.93 2015 12  6 10 23
 2457063.63 2015  2 10  3  5   2457213.78 2015  7 10  6 36   2457363.92 2015 12  7 10  7
 2457064.52 2015  2 11  0 33   2457214.72 2015  7 11  5 12   2457364.91 2015 12  8  9 50
 2457065.42 2015  2 11 22  1   2457215.66 2015  7 12  3 47   2457365.90 2015 12  9  9 34
 2457066.31 2015  2 12 19 29   2457216.60 2015  7 13  2 23   2457366.89 2015 12 10  9 17
 2457067.21 2015  2 13 16 57   2457217.54 2015  7 14  0 59   2457367.88 2015 12 11  9  0
 2457068.10 2015  2 14 14 25   2457218.48 2015  7 14 23 34   2457368.86 2015 12 12  8 44
 2457069.00 2015  2 15 11 53   2457219.42 2015  7 15 22 10   2457369.85 2015 12 13  8 27
 2457069.89 2015  2 16  9 21   2457220.37 2015  7 16 20 46   2457370.84 2015 12 14  8 11
 2457070.78 2015  2 17  6 48   2457221.31 2015  7 17 19 21   2457371.83 2015 12 15  7 54
 2457071.68 2015  2 18  4 16   2457222.25 2015  7 18 17 57   2457372.82 2015 12 16  7 38
 2457072.57 2015  2 19  1 44   2457223.19 2015  7 19 16 33   2457373.81 2015 12 17  7 21
 2457073.47 2015  2 19 23 12   2457224.13 2015  7 20 15  8   2457374.80 2015 12 18  7  5
 2457074.36 2015  2 20 20 40   2457225.07 2015  7 21 13 44   2457375.78 2015 12 19  6 48
 2457075.26 2015  2 21 18  8   2457226.01 2015  7 22 12 20   2457376.77 2015 12 20  6 32
 2457076.15 2015  2 22 15 36   2457226.96 2015  7 23 10 56   2457377.76 2015 12 21  6 15
 2457077.04 2015  2 23 13  4   2457227.90 2015  7 24  9 31   2457378.75 2015 12 22  5 59
 2457077.94 2015  2 24 10 32   2457228.84 2015  7 25  8  7   2457379.74 2015 12 23  5 42
 2457078.83 2015  2 25  8  0   2457229.78 2015  7 26  6 43   2457380.73 2015 12 24  5 26
 2457079.73 2015  2 26  5 28   2457230.72 2015  7 27  5 18   2457381.72 2015 12 25  5  9
 2457080.62 2015  2 27  2 55   2457231.66 2015  7 28  3 54   2457382.70 2015 12 26  4 53
 2457081.52 2015  2 28  0 23   2457232.60 2015  7 29  2 30   2457383.69 2015 12 27  4 36
 2457082.41 2015  2 28 21 51   2457233.55 2015  7 30  1  5   2457384.68 2015 12 28  4 20
 2457083.31 2015  3  1 19 19   2457234.49 2015  7 30 23 41   2457385.67 2015 12 29  4  3
 2457084.20 2015  3  2 16 47   2457235.43 2015  7 31 22 17   2457386.66 2015 12 30  3 47
 2457085.09 2015  3  3 14 15   2457236.37 2015  8  1 20 52   2457387.65 2015 12 31  3 30
 2457085.99 2015  3  4 11 43   2457237.31 2015  8  2 19 28   2457388.63 2016  1  1  3 13
 2457086.88 2015  3  5  9 11   2457238.25 2015  8  3 18  4   2457389.62 2016  1  2  2 57
 2457087.78 2015  3  6  6 39   2457239.19 2015  8  4 16 40   2457390.61 2016  1  3  2 40
 2457088.67 2015  3  7  4  7   2457240.14 2015  8  5 15 15   2457391.60 2016  1  4  2 24
 2457089.57 2015  3  8  1 34   2457241.08 2015  8  6 13 51   2457392.59 2016  1  5  2  7
 2457090.46 2015  3  8 23  2   2457242.02 2015  8  7 12 27   2457393.58 2016  1  6  1 51
 2457091.35 2015  3  9 20 30   2457242.96 2015  8  8 11  2   2457394.57 2016  1  7  1 34
 2457092.25 2015  3 10 17 58   2457243.90 2015  8  9  9 38   2457395.55 2016  1  8  1 18
 2457093.14 2015  3 11 15 26   2457244.84 2015  8 10  8 14   2457396.54 2016  1  9  1  1
 2457094.04 2015  3 12 12 54   2457245.78 2015  8 11  6 49   2457397.53 2016  1 10  0 45
 2457094.93 2015  3 13 10 22   2457246.73 2015  8 12  5 25   2457398.52 2016  1 11  0 28
 2457095.83 2015  3 14  7 50   2457247.67 2015  8 13  4  1   2457399.51 2016  1 12  0 12
 2457096.72 2015  3 15  5 18   2457248.61 2015  8 14  2 36   2457400.50 2016  1 12 23 55
 2457097.62 2015  3 16  2 46   2457249.55 2015  8 15  1 12   2457401.49 2016  1 13 23 39
 2457098.51 2015  3 17  0 14   2457250.49 2015  8 15 23 48   2457402.47 2016  1 14 23 22
 2457099.40 2015  3 17 21 41   2457251.43 2015  8 16 22 24   2457403.46 2016  1 15 23  6
 2457100.30 2015  3 18 19  9   2457252.37 2015  8 17 20 59   2457404.45 2016  1 16 22 49
 2457101.19 2015  3 19 16 37   2457253.32 2015  8 18 19 35   2457405.44 2016  1 17 22 33
 2457102.09 2015  3 20 14  5   2457254.26 2015  8 19 18 11   2457406.43 2016  1 18 22 16
 2457102.98 2015  3 21 11 33   2457255.20 2015  8 20 16 46   2457407.42 2016  1 19 22  0
 2457103.88 2015  3 22  9  1   2457256.14 2015  8 21 15 22   2457408.41 2016  1 20 21 43
 2457104.77 2015  3 23  6 29   2457257.08 2015  8 22 13 58   2457409.39 2016  1 21 21 26
 2457105.66 2015  3 24  3 57   2457258.02 2015  8 23 12 33   2457410.38 2016  1 22 21 10
 2457106.56 2015  3 25  1 25   2457258.96 2015  8 24 11  9   2457411.37 2016  1 23 20 53
 2457107.45 2015  3 25 22 53   2457259.91 2015  8 25  9 45   2457412.36 2016  1 24 20 37
 2457108.35 2015  3 26 20 21   2457260.85 2015  8 26  8 20   2457413.35 2016  1 25 20 20
 2457109.24 2015  3 27 17 48   2457261.79 2015  8 27  6 56   2457414.34 2016  1 26 20  4
 2457110.14 2015  3 28 15 16   2457262.73 2015  8 28  5 32   2457415.32 2016  1 27 19 47
 2457111.03 2015  3 29 12 44   2457263.67 2015  8 29  4  8   2457416.31 2016  1 28 19 31
 2457111.93 2015  3 30 10 12   2457264.61 2015  8 30  2 43   2457417.30 2016  1 29 19 14
 2457112.82 2015  3 31  7 40   2457265.56 2015  8 31  1 19   2457418.29 2016  1 30 18 58
 2457113.71 2015  4  1  5  8   2457266.50 2015  8 31 23 55   2457419.28 2016  1 31 18 41
 2457114.61 2015  4  2  2 36   2457267.44 2015  9  1 22 30   2457420.27 2016  2  1 18 25
 2457115.50 2015  4  3  0  4   2457268.38 2015  9  2 21  6   2457421.26 2016  2  2 18  8
 2457116.40 2015  4  3 21 32   2457269.32 2015  9  3 19 42   2457422.24 2016  2  3 17 52
 2457117.29 2015  4  4 19  0   2457270.26 2015  9  4 18 17   2457423.23 2016  2  4 17 35
 2457118.19 2015  4  5 16 28   2457271.20 2015  9  5 16 53   2457424.22 2016  2  5 17 19
 2457119.08 2015  4  6 13 55   2457272.15 2015  9  6 15 29   2457425.21 2016  2  6 17  2
 2457119.97 2015  4  7 11 23   2457273.09 2015  9  7 14  4   2457426.20 2016  2  7 16 46
 2457120.87 2015  4  8  8 51   2457274.03 2015  9  8 12 40   2457427.19 2016  2  8 16 29
 2457121.76 2015  4  9  6 19   2457274.97 2015  9  9 11 16   2457428.18 2016  2  9 16 13
 2457122.66 2015  4 10  3 47   2457275.91 2015  9 10  9 52   2457429.16 2016  2 10 15 56
 2457123.55 2015  4 11  1 15   2457276.85 2015  9 11  8 27   2457430.15 2016  2 11 15 40
 2457124.45 2015  4 11 22 43   2457277.79 2015  9 12  7  3   2457431.14 2016  2 12 15 23
 2457125.34 2015  4 12 20 11   2457278.74 2015  9 13  5 39   2457432.13 2016  2 13 15  6
 2457126.24 2015  4 13 17 39   2457279.68 2015  9 14  4 14   2457433.12 2016  2 14 14 50
 2457127.13 2015  4 14 15  7   2457280.62 2015  9 15  2 50   2457434.11 2016  2 15 14 33
 2457128.02 2015  4 15 12 35   2457281.56 2015  9 16  1 26   2457435.10 2016  2 16 14 17
 2457128.92 2015  4 16 10  2   2457282.50 2015  9 17  0  1   2457436.08 2016  2 17 14  0
 2457129.81 2015  4 17  7 30   2457283.44 2015  9 17 22 37   2457437.07 2016  2 18 13 44
 2457130.71 2015  4 18  4 58   2457284.38 2015  9 18 21 13   2457438.06 2016  2 19 13 27
 2457131.60 2015  4 19  2 26   2457285.33 2015  9 19 19 48   2457439.05 2016  2 20 13 11
 2457132.50 2015  4 19 23 54   2457286.27 2015  9 20 18 24   2457440.04 2016  2 21 12 54
 2457133.39 2015  4 20 21 22   2457287.21 2015  9 21 17  0   2457441.03 2016  2 22 12 38
 2457134.28 2015  4 21 18 50   2457288.15 2015  9 22 15 36   2457442.02 2016  2 23 12 21
 2457135.18 2015  4 22 16 18   2457289.09 2015  9 23 14 11   2457443.00 2016  2 24 12  5
 2457136.07 2015  4 23 13 46   2457290.03 2015  9 24 12 47   2457443.99 2016  2 25 11 48
 2457136.97 2015  4 24 11 14   2457290.97 2015  9 25 11 23   2457444.98 2016  2 26 11 32
 2457137.86 2015  4 25  8 42   2457291.92 2015  9 26  9 58   2457445.97 2016  2 27 11 15
 2457138.76 2015  4 26  6  9   2457292.86 2015  9 27  8 34   2457446.96 2016  2 28 10 59
 2457139.65 2015  4 27  3 37   2457293.80 2015  9 28  7 10   2457447.95 2016  2 29 10 42
 2457140.55 2015  4 28  1  5   2457294.74 2015  9 29  5 45   2457448.93 2016  3  1 10 26
 2457141.44 2015  4 28 22 33   2457295.68 2015  9 30  4 21   2457449.92 2016  3  2 10  9
 2457142.33 2015  4 29 20  1   2457296.62 2015 10  1  2 57   2457450.91 2016  3  3  9 53
 2457143.23 2015  4 30 17 29   2457297.56 2015 10  2  1 32   2457451.90 2016  3  4  9 36
 2457144.12 2015  5  1 14 57   2457298.51 2015 10  3  0  8   2457452.89 2016  3  5  9 19
 2457145.02 2015  5  2 12 25   2457299.45 2015 10  3 22 44   2457453.88 2016  3  6  9  3
 2457145.91 2015  5  3  9 53   2457300.39 2015 10  4 21 20   2457454.87 2016  3  7  8 46
 2457146.81 2015  5  4  7 21   2457301.33 2015 10  5 19 55   2457455.85 2016  3  8  8 30
 2457147.70 2015  5  5  4 48   2457302.27 2015 10  6 18 31   2457456.84 2016  3  9  8 13
 2457148.60 2015  5  6  2 16   2457303.21 2015 10  7 17  7   2457457.83 2016  3 10  7 57
 2457149.49 2015  5  6 23 44   2457304.15 2015 10  8 15 42   2457458.82 2016  3 11  7 40
 2457150.38 2015  5  7 21 12   2457305.10 2015 10  9 14 18   2457459.81 2016  3 12  7 24
 2457151.28 2015  5  8 18 40   2457306.04 2015 10 10 12 54   2457460.80 2016  3 13  7  7
 2457152.17 2015  5  9 16  8   2457306.98 2015 10 11 11 29   2457461.79 2016  3 14  6 51
 2457153.07 2015  5 10 13 36   2457307.92 2015 10 12 10  5   2457462.77 2016  3 15  6 34
 2457153.96 2015  5 11 11  4   2457308.86 2015 10 13  8 41   2457463.76 2016  3 16  6 18
 2457154.86 2015  5 12  8 32   2457309.80 2015 10 14  7 16   2457464.75 2016  3 17  6  1
 2457155.75 2015  5 13  6  0   2457310.74 2015 10 15  5 52   2457465.74 2016  3 18  5 45
 2457156.64 2015  5 14  3 28   2457311.69 2015 10 16  4 28   2457466.73 2016  3 19  5 28
 2457157.54 2015  5 15  0 55   2457312.63 2015 10 17  3  4   2457467.72 2016  3 20  5 12
 2457158.43 2015  5 15 22 23   2457313.57 2015 10 18  1 39   2457468.71 2016  3 21  4 55
 2457159.33 2015  5 16 19 51   2457314.51 2015 10 19  0 15   2457469.69 2016  3 22  4 39
 2457160.22 2015  5 17 17 19   2457315.45 2015 10 19 22 51   2457470.68 2016  3 23  4 22
 2457161.12 2015  5 18 14 47   2457316.39 2015 10 20 21 26   2457471.67 2016  3 24  4  6
 2457162.01 2015  5 19 12 15   2457317.34 2015 10 21 20  2   2457472.66 2016  3 25  3 49
 2457162.91 2015  5 20  9 43   2457318.28 2015 10 22 18 38   2457473.65 2016  3 26  3 32
 2457163.80 2015  5 21  7 11   2457319.22 2015 10 23 17 13   2457474.64 2016  3 27  3 16
 2457164.69 2015  5 22  4 39   2457320.16 2015 10 24 15 49   2457475.62 2016  3 28  2 59
 2457165.59 2015  5 23  2  7   2457321.10 2015 10 25 14 25   2457476.61 2016  3 29  2 43
 2457166.48 2015  5 23 23 35   2457322.04 2015 10 26 13  0   2457477.60 2016  3 30  2 26
 2457167.38 2015  5 24 21  2   2457322.98 2015 10 27 11 36   2457478.59 2016  3 31  2 10
 2457168.27 2015  5 25 18 30   2457323.93 2015 10 28 10 12   2457479.58 2016  4  1  1 53
 2457169.17 2015  5 26 15 58   2457324.87 2015 10 29  8 48   2457480.57 2016  4  2  1 37
 2457170.06 2015  5 27 13 26   2457325.81 2015 10 30  7 23   2457481.56 2016  4  3  1 20
 2457170.95 2015  5 28 10 54   2457326.75 2015 10 31  5 59   2457482.54 2016  4  4  1  4
 2457171.85 2015  5 29  8 22   2457327.69 2015 11  1  4 35   2457483.53 2016  4  5  0 47
 2457172.74 2015  5 30  5 50   2457328.63 2015 11  2  3 10   2457484.52 2016  4  6  0 31
 2457173.64 2015  5 31  3 18   2457329.57 2015 11  3  1 46   2457485.51 2016  4  7  0 14
 2457174.53 2015  6  1  0 46   2457330.52 2015 11  4  0 22   2457486.50 2016  4  7 23 58
 2457175.43 2015  6  1 22 14   2457331.46 2015 11  4 22 57   2457487.49 2016  4  8 23 41
 2457176.32 2015  6  2 19 42   2457332.40 2015 11  5 21 33   2457488.48 2016  4  9 23 25
 2457177.22 2015  6  3 17  9   2457333.34 2015 11  6 20  9   2457489.46 2016  4 10 23  8
 2457178.11 2015  6  4 14 37   2457334.28 2015 11  7 18 44   2457490.45 2016  4 11 22 52
 2457179.00 2015  6  5 12  5   2457335.22 2015 11  8 17 20   2457491.44 2016  4 12 22 35
 2457179.90 2015  6  6  9 33   2457336.16 2015 11  9 15 56   2457492.43 2016  4 13 22 19
 2457180.79 2015  6  7  7  1   2457337.11 2015 11 10 14 32   2457493.42 2016  4 14 22  2
 2457181.69 2015  6  8  4 29   2457338.05 2015 11 11 13  7   2457494.41 2016  4 15 21 46
 2457182.58 2015  6  9  1 57   2457338.99 2015 11 12 11 43   2457495.40 2016  4 16 21 29
 2457183.48 2015  6  9 23 25   2457339.93 2015 11 13 10 19   2457496.38 2016  4 17 21 12
 2457184.37 2015  6 10 20 53   2457340.87 2015 11 14  8 54   2457497.37 2016  4 18 20 56
 2457185.26 2015  6 11 18 21   2457341.81 2015 11 15  7 30   2457498.36 2016  4 19 20 39
 2457186.16 2015  6 12 15 49   2457342.75 2015 11 16  6  6   2457499.35 2016  4 20 20 23
 2457187.05 2015  6 13 13 16   2457343.70 2015 11 17  4 41   2457500.34 2016  4 21 20  6
 2457187.95 2015  6 14 10 44   2457344.64 2015 11 18  3 17   2457501.33 2016  4 22 19 50
 2457188.84 2015  6 15  8 12   2457345.58 2015 11 19  1 53   2457502.32 2016  4 23 19 33
 2457189.74 2015  6 16  5 40   2457346.52 2015 11 20  0 28   2457503.30 2016  4 24 19 17
 2457190.63 2015  6 17  3  8   2457347.46 2015 11 20 23  4   2457504.29 2016  4 25 19  0
 2457191.53 2015  6 18  0 36   2457348.40 2015 11 21 21 40   2457505.28 2016  4 26 18 44
 2457192.42 2015  6 18 22  4   2457349.34 2015 11 22 20 16   2457506.27 2016  4 27 18 27
 2457193.31 2015  6 19 19 32   2457350.29 2015 11 23 18 51   2457507.26 2016  4 28 18 11
 2457194.21 2015  6 20 17  0   2457351.23 2015 11 24 17 27   2457508.25 2016  4 29 17 54
 2457195.10 2015  6 21 14 28   2457352.17 2015 11 25 16  3   2457509.23 2016  4 30 17 38
 2457196.00 2015  6 22 11 56   2457353.11 2015 11 26 14 38   2457510.22 2016  5  1 17 21
 2457196.89 2015  6 23  9 23   2457354.05 2015 11 27 13 14   2457511.21 2016  5  2 17  5
 2457197.79 2015  6 24  6 51   2457354.99 2015 11 28 11 50   2457512.20 2016  5  3 16 48
 2457198.68 2015  6 25  4 19   2457355.93 2015 11 29 10 25   2457513.19 2016  5  4 16 32
 2457199.57 2015  6 26  1 47   2457356.88 2015 11 30  9  1   2457514.18 2016  5  5 16 15
 2457200.47 2015  6 26 23 15   2457357.82 2015 12  1  7 37   2457515.17 2016  5  6 15 59
 2457201.36 2015  6 27 20 43   2457358.76 2015 12  2  6 12   2457516.15 2016  5  7 15 42
 2457202.26 2015  6 28 18 11   2457359.70 2015 12  3  4 48   2457517.14 2016  5  8 15 25
 2457203.15 2015  6 29 15 39   2457360.64 2015 12  4  3 24   2457518.13 2016  5  9 15  9
 2457204.05 2015  6 30 13  7   2457361.58 2015 12  5  2  0   2457519.12 2016  5 10 14 52
 2457204.94 2015  7  1 10 35   2457362.52 2015 12  6  0 35   2457520.11 2016  5 11 14 36
 2457205.84 2015  7  2  8  2   2457363.47 2015 12  6 23 11   2457521.10 2016  5 12 14 19
 2457206.73 2015  7  3  5 30   2457364.41 2015 12  7 21 47   2457522.09 2016  5 13 14  3
 2457207.62 2015  7  4  2 58   2457365.35 2015 12  8 20 22   2457523.07 2016  5 14 13 46
 2457208.52 2015  7  5  0 26   2457366.29 2015 12  9 18 58   2457524.06 2016  5 15 13 30
 2457209.41 2015  7  5 21 54   2457367.23 2015 12 10 17 34   2457525.05 2016  5 16 13 13
 2457210.31 2015  7  6 19 22   2457368.17 2015 12 11 16  9   2457526.04 2016  5 17 12 57
 2457211.20 2015  7  7 16 50   2457369.11 2015 12 12 14 45   2457527.03 2016  5 18 12 40
 2457212.10 2015  7  8 14 18   2457370.06 2015 12 13 13 21   2457528.02 2016  5 19 12 24
 2457212.99 2015  7  9 11 46   2457371.00 2015 12 14 11 56   2457529.01 2016  5 20 12  7
 2457213.88 2015  7 10  9 14   2457371.94 2015 12 15 10 32   2457529.99 2016  5 21 11 51
 2457214.78 2015  7 11  6 42   2457372.88 2015 12 16  9  8   2457530.98 2016  5 22 11 34
 2457215.67 2015  7 12  4  9   2457373.82 2015 12 17  7 44   2457531.97 2016  5 23 11 18
 2457216.57 2015  7 13  1 37   2457374.76 2015 12 18  6 19   2457532.96 2016  5 24 11  1
 2457217.46 2015  7 13 23  5   2457375.71 2015 12 19  4 55   2457533.95 2016  5 25 10 45
 2457218.36 2015  7 14 20 33   2457376.65 2015 12 20  3 31   2457534.94 2016  5 26 10 28
 2457219.25 2015  7 15 18  1   2457377.59 2015 12 21  2  6   2457535.93 2016  5 27 10 12
 2457220.15 2015  7 16 15 29   2457378.53 2015 12 22  0 42   2457536.91 2016  5 28  9 55
 2457221.04 2015  7 17 12 57   2457379.47 2015 12 22 23 18   2457537.90 2016  5 29  9 38
 2457221.93 2015  7 18 10 25   2457380.41 2015 12 23 21 53   2457538.89 2016  5 30  9 22
 2457222.83 2015  7 19  7 53   2457381.35 2015 12 24 20 29   2457539.88 2016  5 31  9  5
 2457223.72 2015  7 20  5 21   2457382.30 2015 12 25 19  5   2457540.87 2016  6  1  8 49
 2457224.62 2015  7 21  2 49   2457383.24 2015 12 26 17 40   2457541.86 2016  6  2  8 32
 2457225.51 2015  7 22  0 16   2457384.18 2015 12 27 16 16   2457542.84 2016  6  3  8 16
 2457226.41 2015  7 22 21 44   2457385.12 2015 12 28 14 52   2457543.83 2016  6  4  7 59
 2457227.30 2015  7 23 19 12   2457386.06 2015 12 29 13 28   2457544.82 2016  6  5  7 43
 2457228.19 2015  7 24 16 40   2457387.00 2015 12 30 12  3   2457545.81 2016  6  6  7 26
 2457229.09 2015  7 25 14  8   2457387.94 2015 12 31 10 39   2457546.80 2016  6  7  7 10
 2457229.98 2015  7 26 11 36   2457388.89 2016  1  1  9 15   2457547.79 2016  6  8  6 53
 2457230.88 2015  7 27  9  4   2457389.83 2016  1  2  7 50   2457548.78 2016  6  9  6 37
 2457231.77 2015  7 28  6 32   2457390.77 2016  1  3  6 26   2457549.76 2016  6 10  6 20
 2457232.67 2015  7 29  4  0   2457391.71 2016  1  4  5  2   2457550.75 2016  6 11  6  4
 2457233.56 2015  7 30  1 28   2457392.65 2016  1  5  3 37   2457551.74 2016  6 12  5 47
 2457234.46 2015  7 30 22 56   2457393.59 2016  1  6  2 13   2457552.73 2016  6 13  5 31
 2457235.35 2015  7 31 20 23   2457394.53 2016  1  7  0 49   2457553.72 2016  6 14  5 14
 2457236.24 2015  8  1 17 51   2457395.48 2016  1  7 23 24   2457554.71 2016  6 15  4 58
 2457237.14 2015  8  2 15 19   2457396.42 2016  1  8 22  0   2457555.70 2016  6 16  4 41
 2457238.03 2015  8  3 12 47   2457397.36 2016  1  9 20 36   2457556.68 2016  6 17  4 25
 2457238.93 2015  8  4 10 15   2457398.30 2016  1 10 19 12   2457557.67 2016  6 18  4  8
 2457239.82 2015  8  5  7 43   2457399.24 2016  1 11 17 47   2457558.66 2016  6 19  3 52
 2457240.72 2015  8  6  5 11   2457400.18 2016  1 12 16 23   2457559.65 2016  6 20  3 35
 2457241.61 2015  8  7  2 39   2457401.12 2016  1 13 14 59   2457560.64 2016  6 21  3 18
 2457242.51 2015  8  8  0  7   2457402.07 2016  1 14 13 34   2457561.63 2016  6 22  3  2
 2457243.40 2015  8  8 21 35   2457403.01 2016  1 15 12 10   2457562.62 2016  6 23  2 45
 2457244.29 2015  8  9 19  3   2457403.95 2016  1 16 10 46   2457563.60 2016  6 24  2 29
 2457245.19 2015  8 10 16 30   2457404.89 2016  1 17  9 21   2457564.59 2016  6 25  2 12
 2457246.08 2015  8 11 13 58   2457405.83 2016  1 18  7 57   2457565.58 2016  6 26  1 56
 2457246.98 2015  8 12 11 26   2457406.77 2016  1 19  6 33   2457566.57 2016  6 27  1 39
 2457247.87 2015  8 13  8 54   2457407.71 2016  1 20  5  8   2457567.56 2016  6 28  1 23
 2457248.77 2015  8 14  6 22   2457408.66 2016  1 21  3 44   2457568.55 2016  6 29  1  6
 2457249.66 2015  8 15  3 50   2457409.60 2016  1 22  2 20   2457569.53 2016  6 30  0 50
 2457250.55 2015  8 16  1 18   2457410.54 2016  1 23  0 56   2457570.52 2016  7  1  0 33
 2457251.45 2015  8 16 22 46   2457411.48 2016  1 23 23 31   2457571.51 2016  7  2  0 17
 2457252.34 2015  8 17 20 14   2457412.42 2016  1 24 22  7   2457572.50 2016  7  3  0  0
 2457253.24 2015  8 18 17 42   2457413.36 2016  1 25 20 43   2457573.49 2016  7  3 23 44
 2457254.13 2015  8 19 15 10   2457414.30 2016  1 26 19 18   2457574.48 2016  7  4 23 27
 2457255.03 2015  8 20 12 37   2457415.25 2016  1 27 17 54   2457575.47 2016  7  5 23 11
 2457255.92 2015  8 21 10  5   2457416.19 2016  1 28 16 30   2457576.45 2016  7  6 22 54
 2457256.82 2015  8 22  7 33   2457417.13 2016  1 29 15  5   2457577.44 2016  7  7 22 38
 2457257.71 2015  8 23  5  1   2457418.07 2016  1 30 13 41   2457578.43 2016  7  8 22 21
 2457258.60 2015  8 24  2 29   2457419.01 2016  1 31 12 17   2457579.42 2016  7  9 22  5
 2457259.50 2015  8 24 23 57   2457419.95 2016  2  1 10 52   2457580.41 2016  7 10 21 48
 2457260.39 2015  8 25 21 25   2457420.89 2016  2  2  9 28   2457581.40 2016  7 11 21 31
 2457261.29 2015  8 26 18 53   2457421.84 2016  2  3  8  4   2457582.39 2016  7 12 21 15
 2457262.18 2015  8 27 16 21   2457422.78 2016  2  4  6 40   2457583.37 2016  7 13 20 58
 2457263.08 2015  8 28 13 49   2457423.72 2016  2  5  5 15   2457584.36 2016  7 14 20 42
 2457263.97 2015  8 29 11 16   2457424.66 2016  2  6  3 51   2457585.35 2016  7 15 20 25
 2457264.86 2015  8 30  8 44   2457425.60 2016  2  7  2 27   2457586.34 2016  7 16 20  9
 2457265.76 2015  8 31  6 12   2457426.54 2016  2  8  1  2   2457587.33 2016  7 17 19 52
 2457266.65 2015  9  1  3 40   2457427.49 2016  2  8 23 38   2457588.32 2016  7 18 19 36
 2457267.55 2015  9  2  1  8   2457428.43 2016  2  9 22 14   2457589.31 2016  7 19 19 19
 2457268.44 2015  9  2 22 36   2457429.37 2016  2 10 20 49   2457590.29 2016  7 20 19  3
 2457269.34 2015  9  3 20  4   2457430.31 2016  2 11 19 25   2457591.28 2016  7 21 18 46
 2457270.23 2015  9  4 17 32   2457431.25 2016  2 12 18  1   2457592.27 2016  7 22 18 30
 2457271.13 2015  9  5 15  0   2457432.19 2016  2 13 16 36   2457593.26 2016  7 23 18 13
 2457272.02 2015  9  6 12 28   2457433.13 2016  2 14 15 12   2457594.25 2016  7 24 17 57
 2457272.91 2015  9  7  9 56   2457434.08 2016  2 15 13 48   2457595.24 2016  7 25 17 40
 2457273.81 2015  9  8  7 23   2457435.02 2016  2 16 12 24   2457596.23 2016  7 26 17 24
 2457274.70 2015  9  9  4 51   2457435.96 2016  2 17 10 59   2457597.21 2016  7 27 17  7
 2457275.60 2015  9 10  2 19   2457436.90 2016  2 18  9 35   2457598.20 2016  7 28 16 51
 2457276.49 2015  9 10 23 47   2457437.84 2016  2 19  8 11   2457599.19 2016  7 29 16 34
 2457277.39 2015  9 11 21 15   2457438.78 2016  2 20  6 46   2457600.18 2016  7 30 16 18
 2457278.28 2015  9 12 18 43   2457439.72 2016  2 21  5 22   2457601.17 2016  7 31 16  1
 2457279.17 2015  9 13 16 11   2457440.67 2016  2 22  3 58   2457602.16 2016  8  1 15 44
 2457280.07 2015  9 14 13 39   2457441.61 2016  2 23  2 33   2457603.14 2016  8  2 15 28
 2457280.96 2015  9 15 11  7   2457442.55 2016  2 24  1  9   2457604.13 2016  8  3 15 11
 2457281.86 2015  9 16  8 35   2457443.49 2016  2 24 23 45   2457605.12 2016  8  4 14 55
 2457282.75 2015  9 17  6  3   2457444.43 2016  2 25 22 20   2457606.11 2016  8  5 14 38
 2457283.65 2015  9 18  3 30   2457445.37 2016  2 26 20 56   2457607.10 2016  8  6 14 22
 2457284.54 2015  9 19  0 58   2457446.31 2016  2 27 19 32   2457608.09 2016  8  7 14  5
 2457285.44 2015  9 19 22 26   2457447.26 2016  2 28 18  8   2457609.08 2016  8  8 13 49
 2457286.33 2015  9 20 19 54   2457448.20 2016  2 29 16 43   2457610.06 2016  8  9 13 32
 2457287.22 2015  9 21 17 22   2457449.14 2016  3  1 15 19   2457611.05 2016  8 10 13 16
 2457288.12 2015  9 22 14 50   2457450.08 2016  3  2 13 55   2457612.04 2016  8 11 12 59
 2457289.01 2015  9 23 12 18   2457451.02 2016  3  3 12 30   2457613.03 2016  8 12 12 43
 2457289.91 2015  9 24  9 46   2457451.96 2016  3  4 11  6   2457614.02 2016  8 13 12 26
 2457290.80 2015  9 25  7 14   2457452.90 2016  3  5  9 42   2457615.01 2016  8 14 12 10
 2457291.70 2015  9 26  4 42   2457453.85 2016  3  6  8 17   2457616.00 2016  8 15 11 53
 2457292.59 2015  9 27  2 10   2457454.79 2016  3  7  6 53   2457616.98 2016  8 16 11 37
 2457293.48 2015  9 27 23 37   2457455.73 2016  3  8  5 29   2457617.97 2016  8 17 11 20
 2457294.38 2015  9 28 21  5   2457456.67 2016  3  9  4  4   2457618.96 2016  8 18 11  4
 2457295.27 2015  9 29 18 33   2457457.61 2016  3 10  2 40   2457619.95 2016  8 19 10 47
 2457296.17 2015  9 30 16  1   2457458.55 2016  3 11  1 16   2457620.94 2016  8 20 10 31
 2457297.06 2015 10  1 13 29   2457459.49 2016  3 11 23 52   2457621.93 2016  8 21 10 14
 2457297.96 2015 10  2 10 57   2457460.44 2016  3 12 22 27   2457622.92 2016  8 22  9 58
 2457298.85 2015 10  3  8 25   2457461.38 2016  3 13 21  3   2457623.90 2016  8 23  9 41
 2457299.75 2015 10  4  5 53   2457462.32 2016  3 14 19 39   2457624.89 2016  8 24  9 24
 2457300.64 2015 10  5  3 21   2457463.26 2016  3 15 18 14   2457625.88 2016  8 25  9  8
 2457301.53 2015 10  6  0 49   2457464.20 2016  3 16 16 50   2457626.87 2016  8 26  8 51
 2457302.43 2015 10  6 22 17   2457465.14 2016  3 17 15 26   2457627.86 2016  8 27  8 35
 2457303.32 2015 10  7 19 44   2457466.08 2016  3 18 14  1   2457628.85 2016  8 28  8 18
 2457304.22 2015 10  8 17 12   2457467.03 2016  3 19 12 37   2457629.83 2016  8 29  8  2
 2457305.11 2015 10  9 14 40   2457467.97 2016  3 20 11 13   2457630.82 2016  8 30  7 45
 2457306.01 2015 10 10 12  8   2457468.91 2016  3 21  9 48   2457631.81 2016  8 31  7 29
 2457306.90 2015 10 11  9 36   2457469.85 2016  3 22  8 24   2457632.80 2016  9  1  7 12
 2457307.79 2015 10 12  7  4   2457470.79 2016  3 23  7  0   2457633.79 2016  9  2  6 56
 2457308.69 2015 10 13  4 32   2457471.73 2016  3 24  5 36   2457634.78 2016  9  3  6 39
 2457309.58 2015 10 14  2  0   2457472.67 2016  3 25  4 11   2457635.77 2016  9  4  6 23
 2457310.48 2015 10 14 23 28   2457473.62 2016  3 26  2 47   2457636.75 2016  9  5  6  6
 2457311.37 2015 10 15 20 56   2457474.56 2016  3 27  1 23   2457637.74 2016  9  6  5 50
 2457312.27 2015 10 16 18 24   2457475.50 2016  3 27 23 58   2457638.73 2016  9  7  5 33
 2457313.16 2015 10 17 15 51   2457476.44 2016  3 28 22 34   2457639.72 2016  9  8  5 17
 2457314.06 2015 10 18 13 19   2457477.38 2016  3 29 21 10   2457640.71 2016  9  9  5  0
 2457314.95 2015 10 19 10 47   2457478.32 2016  3 30 19 45   2457641.70 2016  9 10  4 44
 2457315.84 2015 10 20  8 15   2457479.26 2016  3 31 18 21   2457642.69 2016  9 11  4 27
 2457316.74 2015 10 21  5 43   2457480.21 2016  4  1 16 57   2457643.67 2016  9 12  4 11
 2457317.63 2015 10 22  3 11   2457481.15 2016  4  2 15 32   2457644.66 2016  9 13  3 54
 2457318.53 2015 10 23  0 39   2457482.09 2016  4  3 14  8   2457645.65 2016  9 14  3 37
 2457319.42 2015 10 23 22  7   2457483.03 2016  4  4 12 44   2457646.64 2016  9 15  3 21
 2457320.32 2015 10 24 19 35   2457483.97 2016  4  5 11 20   2457647.63 2016  9 16  3  4
 2457321.21 2015 10 25 17  3   2457484.91 2016  4  6  9 55   2457648.62 2016  9 17  2 48
 2457322.10 2015 10 26 14 30   2457485.86 2016  4  7  8 31   2457649.61 2016  9 18  2 31
 2457323.00 2015 10 27 11 58   2457486.80 2016  4  8  7  7   2457650.59 2016  9 19  2 15
 2457323.89 2015 10 28  9 26   2457487.74 2016  4  9  5 42   2457651.58 2016  9 20  1 58
 2457324.79 2015 10 29  6 54   2457488.68 2016  4 10  4 18   2457652.57 2016  9 21  1 42
 2457325.68 2015 10 30  4 22   2457489.62 2016  4 11  2 54   2457653.56 2016  9 22  1 25
 2457326.58 2015 10 31  1 50   2457490.56 2016  4 12  1 29   2457654.55 2016  9 23  1  9
 2457327.47 2015 10 31 23 18   2457491.50 2016  4 13  0  5   2457655.54 2016  9 24  0 52
 2457328.37 2015 11  1 20 46   2457492.45 2016  4 13 22 41   2457656.53 2016  9 25  0 36
 2457329.26 2015 11  2 18 14   2457493.39 2016  4 14 21 16   2457657.51 2016  9 26  0 19
 2457330.15 2015 11  3 15 42   2457494.33 2016  4 15 19 52   2457658.50 2016  9 27  0  3
 2457331.05 2015 11  4 13 10   2457495.27 2016  4 16 18 28   2457659.49 2016  9 27 23 46
 2457331.94 2015 11  5 10 37   2457496.21 2016  4 17 17  4   2457660.48 2016  9 28 23 30
 2457332.84 2015 11  6  8  5   2457497.15 2016  4 18 15 39   2457661.47 2016  9 29 23 13
 2457333.73 2015 11  7  5 33   2457498.09 2016  4 19 14 15   2457662.46 2016  9 30 22 57
 2457334.63 2015 11  8  3  1   2457499.04 2016  4 20 12 51   2457663.44 2016 10  1 22 40
 2457335.52 2015 11  9  0 29   2457499.98 2016  4 21 11 26   2457664.43 2016 10  2 22 24
 2457336.41 2015 11  9 21 57   2457500.92 2016  4 22 10  2   2457665.42 2016 10  3 22  7
 2457337.31 2015 11 10 19 25   2457501.86 2016  4 23  8 38   2457666.41 2016 10  4 21 50
 2457338.20 2015 11 11 16 53   2457502.80 2016  4 24  7 13   2457667.40 2016 10  5 21 34
 2457339.10 2015 11 12 14 21   2457503.74 2016  4 25  5 49   2457668.39 2016 10  6 21 17
 2457339.99 2015 11 13 11 49   2457504.68 2016  4 26  4 25   2457669.38 2016 10  7 21  1
 2457340.89 2015 11 14  9 17   2457505.63 2016  4 27  3  0   2457670.36 2016 10  8 20 44
 2457341.78 2015 11 15  6 44   2457506.57 2016  4 28  1 36   2457671.35 2016 10  9 20 28
 2457342.68 2015 11 16  4 12   2457507.51 2016  4 29  0 12   2457672.34 2016 10 10 20 11
 2457343.57 2015 11 17  1 40   2457508.45 2016  4 29 22 48   2457673.33 2016 10 11 19 55
 2457344.46 2015 11 17 23  8   2457509.39 2016  4 30 21 23   2457674.32 2016 10 12 19 38
 2457345.36 2015 11 18 20 36   2457510.33 2016  5  1 19 59   2457675.31 2016 10 13 19 22
 2457346.25 2015 11 19 18  4   2457511.27 2016  5  2 18 35   2457676.30 2016 10 14 19  5
 2457347.15 2015 11 20 15 32   2457512.22 2016  5  3 17 10   2457677.28 2016 10 15 18 49
 2457348.04 2015 11 21 13  0   2457513.16 2016  5  4 15 46   2457678.27 2016 10 16 18 32
 2457348.94 2015 11 22 10 28   2457514.10 2016  5  5 14 22   2457679.26 2016 10 17 18 16
 2457349.83 2015 11 23  7 56   2457515.04 2016  5  6 12 57   2457680.25 2016 10 18 17 59
 2457350.73 2015 11 24  5 24   2457515.98 2016  5  7 11 33   2457681.24 2016 10 19 17 43
 2457351.62 2015 11 25  2 51   2457516.92 2016  5  8 10  9   2457682.23 2016 10 20 17 26
 2457352.51 2015 11 26  0 19   2457517.86 2016  5  9  8 44   2457683.22 2016 10 21 17 10
 2457353.41 2015 11 26 21 47   2457518.81 2016  5 10  7 20   2457684.20 2016 10 22 16 53
 2457354.30 2015 11 27 19 15   2457519.75 2016  5 11  5 56   2457685.19 2016 10 23 16 37
 2457355.20 2015 11 28 16 43   2457520.69 2016  5 12  4 32   2457686.18 2016 10 24 16 20
 2457356.09 2015 11 29 14 11   2457521.63 2016  5 13  3  7   2457687.17 2016 10 25 16  4
 2457356.99 2015 11 30 11 39   2457522.57 2016  5 14  1 43   2457688.16 2016 10 26 15 47
 2457357.88 2015 12  1  9  7   2457523.51 2016  5 15  0 19   2457689.15 2016 10 27 15 30
 2457358.77 2015 12  2  6 35   2457524.45 2016  5 15 22 54   2457690.14 2016 10 28 15 14
 2457359.67 2015 12  3  4  3   2457525.40 2016  5 16 21 30   2457691.12 2016 10 29 14 57
 2457360.56 2015 12  4  1 31   2457526.34 2016  5 17 20  6   2457692.11 2016 10 30 14 41
 2457361.46 2015 12  4 22 58   2457527.28 2016  5 18 18 41   2457693.10 2016 10 31 14 24
 2457362.35 2015 12  5 20 26   2457528.22 2016  5 19 17 17   2457694.09 2016 11  1 14  8
 2457363.25 2015 12  6 17 54   2457529.16 2016  5 20 15 53   2457695.08 2016 11  2 13 51
 2457364.14 2015 12  7 15 22   2457530.10 2016  5 21 14 28   2457696.07 2016 11  3 13 35
 2457365.04 2015 12  8 12 50   2457531.04 2016  5 22 13  4   2457697.05 2016 11  4 13 18
 2457365.93 2015 12  9 10 18   2457531.99 2016  5 23 11 40   2457698.04 2016 11  5 13  2
 2457366.82 2015 12 10  7 46   2457532.93 2016  5 24 10 16   2457699.03 2016 11  6 12 45
 2457367.72 2015 12 11  5 14   2457533.87 2016  5 25  8 51   2457700.02 2016 11  7 12 29
 2457368.61 2015 12 12  2 42   2457534.81 2016  5 26  7 27   2457701.01 2016 11  8 12 12
 2457369.51 2015 12 13  0 10   2457535.75 2016  5 27  6  3   2457702.00 2016 11  9 11 56
 2457370.40 2015 12 13 21 38   2457536.69 2016  5 28  4 38   2457702.99 2016 11 10 11 39
 2457371.30 2015 12 14 19  5   2457537.64 2016  5 29  3 14   2457703.97 2016 11 11 11 23
 2457372.19 2015 12 15 16 33   2457538.58 2016  5 30  1 50   2457704.96 2016 11 12 11  6
 2457373.08 2015 12 16 14  1   2457539.52 2016  5 31  0 25   2457705.95 2016 11 13 10 50
 2457373.98 2015 12 17 11 29   2457540.46 2016  5 31 23  1   2457706.94 2016 11 14 10 33
 2457374.87 2015 12 18  8 57   2457541.40 2016  6  1 21 37   2457707.93 2016 11 15 10 17
 2457375.77 2015 12 19  6 25   2457542.34 2016  6  2 20 12   2457708.92 2016 11 16 10  0
 2457376.66 2015 12 20  3 53   2457543.28 2016  6  3 18 48   2457709.91 2016 11 17  9 43
 2457377.56 2015 12 21  1 21   2457544.23 2016  6  4 17 24   2457710.89 2016 11 18  9 27
 2457378.45 2015 12 21 22 49   2457545.17 2016  6  5 16  0   2457711.88 2016 11 19  9 10
 2457379.35 2015 12 22 20 17   2457546.11 2016  6  6 14 35   2457712.87 2016 11 20  8 54
 2457380.24 2015 12 23 17 44   2457547.05 2016  6  7 13 11   2457713.86 2016 11 21  8 37
 2457381.13 2015 12 24 15 12   2457547.99 2016  6  8 11 47   2457714.85 2016 11 22  8 21
 2457382.03 2015 12 25 12 40   2457548.93 2016  6  9 10 22   2457715.84 2016 11 23  8  4
 2457382.92 2015 12 26 10  8   2457549.87 2016  6 10  8 58   2457716.83 2016 11 24  7 48
 2457383.82 2015 12 27  7 36   2457550.82 2016  6 11  7 34   2457717.81 2016 11 25  7 31
 2457384.71 2015 12 28  5  4   2457551.76 2016  6 12  6  9   2457718.80 2016 11 26  7 15
 2457385.61 2015 12 29  2 32   2457552.70 2016  6 13  4 45   2457719.79 2016 11 27  6 58
 2457386.50 2015 12 30  0  0   2457553.64 2016  6 14  3 21   2457720.78 2016 11 28  6 42
 2457387.39 2015 12 30 21 28   2457554.58 2016  6 15  1 56   2457721.77 2016 11 29  6 25
 2457388.29 2015 12 31 18 56   2457555.52 2016  6 16  0 32   2457722.76 2016 11 30  6  9
 2457389.18 2016  1  1 16 24   2457556.46 2016  6 16 23  8   2457723.74 2016 12  1  5 52
 2457390.08 2016  1  2 13 51   2457557.41 2016  6 17 21 44   2457724.73 2016 12  2  5 36
 2457390.97 2016  1  3 11 19   2457558.35 2016  6 18 20 19   2457725.72 2016 12  3  5 19
 2457391.87 2016  1  4  8 47   2457559.29 2016  6 19 18 55   2457726.71 2016 12  4  5  3
 2457392.76 2016  1  5  6 15   2457560.23 2016  6 20 17 31   2457727.70 2016 12  5  4 46
 2457393.66 2016  1  6  3 43   2457561.17 2016  6 21 16  6   2457728.69 2016 12  6  4 30
 2457394.55 2016  1  7  1 11   2457562.11 2016  6 22 14 42   2457729.68 2016 12  7  4 13
 2457395.44 2016  1  7 22 39   2457563.05 2016  6 23 13 18   2457730.66 2016 12  8  3 56
 2457396.34 2016  1  8 20  7   2457564.00 2016  6 24 11 53   2457731.65 2016 12  9  3 40
 2457397.23 2016  1  9 17 35   2457564.94 2016  6 25 10 29   2457732.64 2016 12 10  3 23
 2457398.13 2016  1 10 15  3   2457565.88 2016  6 26  9  5   2457733.63 2016 12 11  3  7
 2457399.02 2016  1 11 12 31   2457566.82 2016  6 27  7 40   2457734.62 2016 12 12  2 50
 2457399.92 2016  1 12  9 58   2457567.76 2016  6 28  6 16   2457735.61 2016 12 13  2 34
 2457400.81 2016  1 13  7 26   2457568.70 2016  6 29  4 52   2457736.60 2016 12 14  2 17
 2457401.70 2016  1 14  4 54   2457569.64 2016  6 30  3 28   2457737.58 2016 12 15  2  1
 2457402.60 2016  1 15  2 22   2457570.59 2016  7  1  2  3   2457738.57 2016 12 16  1 44
 2457403.49 2016  1 15 23 50   2457571.53 2016  7  2  0 39   2457739.56 2016 12 17  1 28
 2457404.39 2016  1 16 21 18   2457572.47 2016  7  2 23 15   2457740.55 2016 12 18  1 11
 2457405.28 2016  1 17 18 46   2457573.41 2016  7  3 21 50   2457741.54 2016 12 19  0 55
 2457406.18 2016  1 18 16 14   2457574.35 2016  7  4 20 26   2457742.53 2016 12 20  0 38
 2457407.07 2016  1 19 13 42   2457575.29 2016  7  5 19  2   2457743.52 2016 12 21  0 22
 2457407.97 2016  1 20 11 10   2457576.23 2016  7  6 17 37   2457744.50 2016 12 22  0  5
 2457408.86 2016  1 21  8 38   2457577.18 2016  7  7 16 13   2457745.49 2016 12 22 23 49
 2457409.75 2016  1 22  6  5   2457578.12 2016  7  8 14 49   2457746.48 2016 12 23 23 32
 2457410.65 2016  1 23  3 33   2457579.06 2016  7  9 13 24   2457747.47 2016 12 24 23 16
 2457411.54 2016  1 24  1  1   2457580.00 2016  7 10 12  0   2457748.46 2016 12 25 22 59
 2457412.44 2016  1 24 22 29   2457580.94 2016  7 11 10 36   2457749.45 2016 12 26 22 43
 2457413.33 2016  1 25 19 57   2457581.88 2016  7 12  9 12   2457750.44 2016 12 27 22 26
 2457414.23 2016  1 26 17 25   2457582.82 2016  7 13  7 47   2457751.42 2016 12 28 22 10
 2457415.12 2016  1 27 14 53   2457583.77 2016  7 14  6 23   2457752.41 2016 12 29 21 53
 2457416.01 2016  1 28 12 21   2457584.71 2016  7 15  4 59   2457753.40 2016 12 30 21 36
 2457416.91 2016  1 29  9 49   2457585.65 2016  7 16  3 34   2457754.39 2016 12 31 21 20
 2457417.80 2016  1 30  7 17   2457586.59 2016  7 17  2 10   2457755.38 2017  1  1 21  3
 2457418.70 2016  1 31  4 45   2457587.53 2016  7 18  0 46   2457756.37 2017  1  2 20 47
 2457419.59 2016  2  1  2 12   2457588.47 2016  7 18 23 21   2457757.35 2017  1  3 20 30
 2457420.49 2016  2  1 23 40   2457589.41 2016  7 19 21 57   2457758.34 2017  1  4 20 14
 2457421.38 2016  2  2 21  8   2457590.36 2016  7 20 20 33   2457759.33 2017  1  5 19 57
 2457422.28 2016  2  3 18 36   2457591.30 2016  7 21 19  8   2457760.32 2017  1  6 19 41
 2457423.17 2016  2  4 16  4   2457592.24 2016  7 22 17 44   2457761.31 2017  1  7 19 24
 2457424.06 2016  2  5 13 32   2457593.18 2016  7 23 16 20   2457762.30 2017  1  8 19  8
 2457424.96 2016  2  6 11  0   2457594.12 2016  7 24 14 56   2457763.29 2017  1  9 18 51
 2457425.85 2016  2  7  8 28   2457595.06 2016  7 25 13 31   2457764.27 2017  1 10 18 35
 2457426.75 2016  2  8  5 56   2457596.01 2016  7 26 12  7   2457765.26 2017  1 11 18 18
 2457427.64 2016  2  9  3 24   2457596.95 2016  7 27 10 43   2457766.25 2017  1 12 18  2
 2457428.54 2016  2 10  0 52   2457597.89 2016  7 28  9 18   2457767.24 2017  1 13 17 45
 2457429.43 2016  2 10 22 19   2457598.83 2016  7 29  7 54   2457768.23 2017  1 14 17 29
 2457430.32 2016  2 11 19 47   2457599.77 2016  7 30  6 30   2457769.22 2017  1 15 17 12
 2457431.22 2016  2 12 17 15   2457600.71 2016  7 31  5  5   2457770.21 2017  1 16 16 56
 2457432.11 2016  2 13 14 43   2457601.65 2016  8  1  3 41   2457771.19 2017  1 17 16 39
 2457433.01 2016  2 14 12 11   2457602.60 2016  8  2  2 17   2457772.18 2017  1 18 16 23
 2457433.90 2016  2 15  9 39   2457603.54 2016  8  3  0 52   2457773.17 2017  1 19 16  6
 2457434.80 2016  2 16  7  7   2457604.48 2016  8  3 23 28   2457774.16 2017  1 20 15 49
 2457435.69 2016  2 17  4 35   2457605.42 2016  8  4 22  4   2457775.15 2017  1 21 15 33
 2457436.59 2016  2 18  2  3   2457606.36 2016  8  5 20 40   2457776.14 2017  1 22 15 16
