 Predicted Transit Epochs: xi__Aql__ b

 Predicted Duration of a Central Transit:    84.   Hours

 Begin Transit Window           PREDICTED CENTRAL TRANSIT     End Transit Window
                                     All Times UT

                               HJD        Year M  D  H  M
 2456854.68 2014  7 16  4 14   2456864.89 2014  7 26  9 18   2456875.10 2014  8  5 14 21
 2456991.18 2014 11 29 16 14   2457001.64 2014 12 10  3 18   2457012.10 2014 12 20 14 21
 2457127.68 2015  4 15  4 14   2457138.39 2015  4 25 21 18   2457149.10 2015  5  6 14 21
 2457264.18 2015  8 29 16 14   2457275.14 2015  9  9 15 18   2457286.10 2015  9 20 14 21
 2457400.68 2016  1 13  4 14   2457411.89 2016  1 24  9 18   2457423.10 2016  2  4 14 21
 2457537.18 2016  5 28 16 14   2457548.64 2016  6  9  3 18   2457560.10 2016  6 20 14 21
 2457673.68 2016 10 12  4 14   2457685.39 2016 10 23 21 18   2457697.10 2016 11  4 14 21
 2457810.18 2017  2 25 16 14   2457822.14 2017  3  9 15 18   2457834.10 2017  3 21 14 21
 2457946.68 2017  7 12  4 14   2457958.89 2017  7 24  9 18   2457971.10 2017  8  5 14 21
 2458083.18 2017 11 25 16 14   2458095.64 2017 12  8  3 18   2458108.10 2017 12 20 14 21
 2458219.68 2018  4 11  4 14   2458232.39 2018  4 23 21 18   2458245.10 2018  5  6 14 21
 2458356.18 2018  8 25 16 14   2458369.14 2018  9  7 15 18   2458382.10 2018  9 20 14 21
 2458492.68 2019  1  9  4 14   2458505.89 2019  1 22  9 18   2458519.10 2019  2  4 14 21
 2458629.18 2019  5 25 16 14   2458642.64 2019  6  8  3 18   2458656.10 2019  6 21 14 21
 2458765.68 2019 10  9  4 14   2458779.39 2019 10 22 21 18   2458793.10 2019 11  5 14 21
 2458902.18 2020  2 22 16 14   2458916.14 2020  3  7 15 18   2458930.10 2020  3 21 14 21
 2459038.68 2020  7  8  4 14   2459052.89 2020  7 22  9 18   2459067.10 2020  8  5 14 21
 2459175.18 2020 11 21 16 14   2459189.64 2020 12  6  3 18   2459204.10 2020 12 20 14 21
 2459311.68 2021  4  7  4 14   2459326.39 2021  4 21 21 18   2459341.10 2021  5  6 14 21
 2459448.18 2021  8 21 16 14   2459463.14 2021  9  5 15 18   2459478.10 2021  9 20 14 21
 2459584.68 2022  1  5  4 14   2459599.89 2022  1 20  9 18   2459615.10 2022  2  4 14 21
 2459721.18 2022  5 21 16 14   2459736.64 2022  6  6  3 18   2459752.10 2022  6 21 14 21
 2459857.68 2022 10  5  4 14   2459873.39 2022 10 20 21 18   2459889.10 2022 11  5 14 21
 2459994.18 2023  2 18 16 14   2460010.14 2023  3  6 15 18   2460026.10 2023  3 22 14 21
 2460130.68 2023  7  5  4 14   2460146.89 2023  7 21  9 18   2460163.10 2023  8  6 14 21
 2460267.18 2023 11 18 16 14   2460283.64 2023 12  5  3 18   2460300.10 2023 12 21 14 21
 2460403.68 2024  4  3  4 14   2460420.39 2024  4 19 21 18   2460437.10 2024  5  6 14 21
 2460540.18 2024  8 17 16 14   2460557.14 2024  9  3 15 18   2460574.10 2024  9 20 14 21
 2460676.68 2025  1  1  4 14   2460693.89 2025  1 18  9 18   2460711.10 2025  2  4 14 21
 2460813.18 2025  5 17 16 14   2460830.64 2025  6  4  3 18   2460848.10 2025  6 21 14 21
 2460949.68 2025 10  1  4 14   2460967.39 2025 10 18 21 18   2460985.10 2025 11  5 14 21
 2461086.18 2026  2 14 16 14   2461104.14 2026  3  4 15 18   2461122.10 2026  3 22 14 21
 2461222.68 2026  7  1  4 14   2461240.89 2026  7 19  9 18   2461259.10 2026  8  6 14 21
 2461359.18 2026 11 14 16 14   2461377.64 2026 12  3  3 18   2461396.10 2026 12 21 14 21
 2461495.68 2027  3 31  4 14   2461514.39 2027  4 18 21 18   2461533.10 2027  5  7 14 21
 2461632.18 2027  8 14 16 14   2461651.14 2027  9  2 15 18   2461670.10 2027  9 21 14 21
 2461768.68 2027 12 29  4 14   2461787.89 2028  1 17  9 18   2461807.10 2028  2  5 14 21
 2461905.18 2028  5 13 16 14   2461924.64 2028  6  2  3 18   2461944.10 2028  6 21 14 21
 2462041.68 2028  9 27  4 14   2462061.39 2028 10 16 21 18   2462081.10 2028 11  5 14 21
 2462178.18 2029  2 10 16 14   2462198.14 2029  3  2 15 18   2462218.10 2029  3 22 14 21
 2462314.68 2029  6 27  4 14   2462334.89 2029  7 17  9 18   2462355.10 2029  8  6 14 21
 2462451.18 2029 11 10 16 14   2462471.64 2029 12  1  3 18   2462492.10 2029 12 21 14 21
 2462587.68 2030  3 27  4 14   2462608.39 2030  4 16 21 18   2462629.10 2030  5  7 14 21
 2462724.18 2030  8 10 16 14   2462745.14 2030  8 31 15 18   2462766.10 2030  9 21 14 21
 2462860.68 2030 12 25  4 14   2462881.89 2031  1 15  9 18   2462903.10 2031  2  5 14 21
 2462997.18 2031  5 10 16 14   2463018.64 2031  6  1  3 18   2463040.10 2031  6 22 14 21
 2463133.68 2031  9 24  4 14   2463155.39 2031 10 15 21 18   2463177.10 2031 11  6 14 21
 2463270.18 2032  2  7 16 14   2463292.14 2032  2 29 15 18   2463314.10 2032  3 22 14 21
 2463406.68 2032  6 23  4 14   2463428.89 2032  7 15  9 18   2463451.10 2032  8  6 14 21
 2463543.18 2032 11  6 16 14   2463565.64 2032 11 29  3 18   2463588.10 2032 12 21 14 21
 2463679.68 2033  3 23  4 14   2463702.39 2033  4 14 21 18   2463725.10 2033  5  7 14 21
 2463816.18 2033  8  6 16 14   2463839.14 2033  8 29 15 18   2463862.10 2033  9 21 14 21
 2463952.68 2033 12 21  4 14   2463975.89 2034  1 13  9 18   2463999.10 2034  2  5 14 21
 2464089.18 2034  5  6 16 14   2464112.64 2034  5 30  3 18   2464136.10 2034  6 22 14 21
 2464225.68 2034  9 20  4 14   2464249.39 2034 10 13 21 18   2464273.10 2034 11  6 14 21
