 Predicted Transit Epochs: XO-1_____ b

Observed Transit Duration:  179.5 Minutes

 Begin Transit Window           PREDICTED CENTRAL TRANSIT     End Transit Window
                                     All Times UT

                               HJD        Year M  D  H  M
 2454928.24 2009  4  6 17 48   2454928.31 2009  4  6 19 28   2454928.38 2009  4  6 21  9
 2454932.18 2009  4 10 16 24   2454932.25 2009  4 10 18  4   2454932.32 2009  4 10 19 45
 2454936.13 2009  4 14 15  0   2454936.19 2009  4 14 16 40   2454936.26 2009  4 14 18 20
 2454940.07 2009  4 18 13 36   2454940.14 2009  4 18 15 16   2454940.21 2009  4 18 16 56
 2454944.01 2009  4 22 12 11   2454944.08 2009  4 22 13 52   2454944.15 2009  4 22 15 32
 2454947.95 2009  4 26 10 47   2454948.02 2009  4 26 12 27   2454948.09 2009  4 26 14  8
 2454951.89 2009  4 30  9 23   2454951.96 2009  4 30 11  3   2454952.03 2009  4 30 12 44
 2454955.83 2009  5  4  7 59   2454955.90 2009  5  4  9 39   2454955.97 2009  5  4 11 20
 2454959.77 2009  5  8  6 34   2454959.84 2009  5  8  8 15   2454959.91 2009  5  8  9 55
 2454963.72 2009  5 12  5 10   2454963.79 2009  5 12  6 51   2454963.86 2009  5 12  8 31
 2454967.66 2009  5 16  3 46   2454967.73 2009  5 16  5 27   2454967.80 2009  5 16  7  7
 2454971.60 2009  5 20  2 22   2454971.67 2009  5 20  4  2   2454971.74 2009  5 20  5 43
 2454975.54 2009  5 24  0 57   2454975.61 2009  5 24  2 38   2454975.68 2009  5 24  4 19
 2454979.48 2009  5 27 23 33   2454979.55 2009  5 28  1 14   2454979.62 2009  5 28  2 55
 2454983.42 2009  5 31 22  9   2454983.49 2009  5 31 23 50   2454983.56 2009  6  1  1 31
 2454987.36 2009  6  4 20 45   2454987.43 2009  6  4 22 26   2454987.50 2009  6  5  0  6
 2454991.31 2009  6  8 19 21   2454991.38 2009  6  8 21  1   2454991.45 2009  6  8 22 42
 2454995.25 2009  6 12 17 56   2454995.32 2009  6 12 19 37   2454995.39 2009  6 12 21 18
 2454999.19 2009  6 16 16 32   2454999.26 2009  6 16 18 13   2454999.33 2009  6 16 19 54
 2455003.13 2009  6 20 15  8   2455003.20 2009  6 20 16 49   2455003.27 2009  6 20 18 30
 2455007.07 2009  6 24 13 44   2455007.14 2009  6 24 15 25   2455007.21 2009  6 24 17  6
 2455011.01 2009  6 28 12 19   2455011.08 2009  6 28 14  0   2455011.15 2009  6 28 15 41
 2455014.96 2009  7  2 10 55   2455015.03 2009  7  2 12 36   2455015.10 2009  7  2 14 17
 2455018.90 2009  7  6  9 31   2455018.97 2009  7  6 11 12   2455019.04 2009  7  6 12 53
 2455022.84 2009  7 10  8  7   2455022.91 2009  7 10  9 48   2455022.98 2009  7 10 11 29
 2455026.78 2009  7 14  6 42   2455026.85 2009  7 14  8 24   2455026.92 2009  7 14 10  5
 2455030.72 2009  7 18  5 18   2455030.79 2009  7 18  6 59   2455030.86 2009  7 18  8 41
 2455034.66 2009  7 22  3 54   2455034.73 2009  7 22  5 35   2455034.80 2009  7 22  7 17
 2455038.60 2009  7 26  2 30   2455038.67 2009  7 26  4 11   2455038.75 2009  7 26  5 52
 2455042.55 2009  7 30  1  6   2455042.62 2009  7 30  2 47   2455042.69 2009  7 30  4 28
 2455046.49 2009  8  2 23 41   2455046.56 2009  8  3  1 23   2455046.63 2009  8  3  3  4
 2455050.43 2009  8  6 22 17   2455050.50 2009  8  6 23 59   2455050.57 2009  8  7  1 40
 2455054.37 2009  8 10 20 53   2455054.44 2009  8 10 22 34   2455054.51 2009  8 11  0 16
 2455058.31 2009  8 14 19 29   2455058.38 2009  8 14 21 10   2455058.45 2009  8 14 22 52
 2455062.25 2009  8 18 18  4   2455062.32 2009  8 18 19 46   2455062.39 2009  8 18 21 27
 2455066.19 2009  8 22 16 40   2455066.27 2009  8 22 18 22   2455066.34 2009  8 22 20  3
 2455070.14 2009  8 26 15 16   2455070.21 2009  8 26 16 58   2455070.28 2009  8 26 18 39
 2455074.08 2009  8 30 13 52   2455074.15 2009  8 30 15 33   2455074.22 2009  8 30 17 15
 2455078.02 2009  9  3 12 27   2455078.09 2009  9  3 14  9   2455078.16 2009  9  3 15 51
 2455081.96 2009  9  7 11  3   2455082.03 2009  9  7 12 45   2455082.10 2009  9  7 14 27
 2455085.90 2009  9 11  9 39   2455085.97 2009  9 11 11 21   2455086.04 2009  9 11 13  3
 2455089.84 2009  9 15  8 15   2455089.91 2009  9 15  9 57   2455089.99 2009  9 15 11 38
 2455093.79 2009  9 19  6 51   2455093.86 2009  9 19  8 32   2455093.93 2009  9 19 10 14
 2455097.73 2009  9 23  5 26   2455097.80 2009  9 23  7  8   2455097.87 2009  9 23  8 50
 2455101.67 2009  9 27  4  2   2455101.74 2009  9 27  5 44   2455101.81 2009  9 27  7 26
 2455105.61 2009 10  1  2 38   2455105.68 2009 10  1  4 20   2455105.75 2009 10  1  6  2
 2455109.55 2009 10  5  1 14   2455109.62 2009 10  5  2 56   2455109.69 2009 10  5  4 38
 2455113.49 2009 10  8 23 49   2455113.56 2009 10  9  1 31   2455113.63 2009 10  9  3 14
 2455117.43 2009 10 12 22 25   2455117.51 2009 10 13  0  7   2455117.58 2009 10 13  1 49
 2455121.38 2009 10 16 21  1   2455121.45 2009 10 16 22 43   2455121.52 2009 10 17  0 25
 2455125.32 2009 10 20 19 37   2455125.39 2009 10 20 21 19   2455125.46 2009 10 20 23  1
 2455129.26 2009 10 24 18 12   2455129.33 2009 10 24 19 55   2455129.40 2009 10 24 21 37
 2455133.20 2009 10 28 16 48   2455133.27 2009 10 28 18 31   2455133.34 2009 10 28 20 13
 2455137.14 2009 11  1 15 24   2455137.21 2009 11  1 17  6   2455137.28 2009 11  1 18 49
 2455141.08 2009 11  5 14  0   2455141.15 2009 11  5 15 42   2455141.23 2009 11  5 17 24
 2455145.03 2009 11  9 12 36   2455145.10 2009 11  9 14 18   2455145.17 2009 11  9 16  0
 2455148.97 2009 11 13 11 11   2455149.04 2009 11 13 12 54   2455149.11 2009 11 13 14 36
 2455152.91 2009 11 17  9 47   2455152.98 2009 11 17 11 30   2455153.05 2009 11 17 13 12
 2455156.85 2009 11 21  8 23   2455156.92 2009 11 21 10  5   2455156.99 2009 11 21 11 48
 2455160.79 2009 11 25  6 59   2455160.86 2009 11 25  8 41   2455160.93 2009 11 25 10 24
 2455164.73 2009 11 29  5 34   2455164.80 2009 11 29  7 17   2455164.88 2009 11 29  9  0
 2455168.67 2009 12  3  4 10   2455168.75 2009 12  3  5 53   2455168.82 2009 12  3  7 35
 2455172.62 2009 12  7  2 46   2455172.69 2009 12  7  4 29   2455172.76 2009 12  7  6 11
 2455176.56 2009 12 11  1 22   2455176.63 2009 12 11  3  4   2455176.70 2009 12 11  4 47
 2455180.50 2009 12 14 23 57   2455180.57 2009 12 15  1 40   2455180.64 2009 12 15  3 23
 2455184.44 2009 12 18 22 33   2455184.51 2009 12 19  0 16   2455184.58 2009 12 19  1 59
 2455188.38 2009 12 22 21  9   2455188.45 2009 12 22 22 52   2455188.52 2009 12 23  0 35
 2455192.32 2009 12 26 19 45   2455192.39 2009 12 26 21 28   2455192.47 2009 12 26 23 10
 2455196.26 2009 12 30 18 21   2455196.34 2009 12 30 20  3   2455196.41 2009 12 30 21 46
 2455200.21 2010  1  3 16 56   2455200.28 2010  1  3 18 39   2455200.35 2010  1  3 20 22
 2455204.15 2010  1  7 15 32   2455204.22 2010  1  7 17 15   2455204.29 2010  1  7 18 58
 2455208.09 2010  1 11 14  8   2455208.16 2010  1 11 15 51   2455208.23 2010  1 11 17 34
 2455212.03 2010  1 15 12 44   2455212.10 2010  1 15 14 27   2455212.17 2010  1 15 16 10
 2455215.97 2010  1 19 11 19   2455216.04 2010  1 19 13  2   2455216.12 2010  1 19 14 46
 2455219.91 2010  1 23  9 55   2455219.99 2010  1 23 11 38   2455220.06 2010  1 23 13 21
 2455223.86 2010  1 27  8 31   2455223.93 2010  1 27 10 14   2455224.00 2010  1 27 11 57
 2455227.80 2010  1 31  7  7   2455227.87 2010  1 31  8 50   2455227.94 2010  1 31 10 33
 2455231.74 2010  2  4  5 43   2455231.81 2010  2  4  7 26   2455231.88 2010  2  4  9  9
 2455235.68 2010  2  8  4 18   2455235.75 2010  2  8  6  2   2455235.82 2010  2  8  7 45
 2455239.62 2010  2 12  2 54   2455239.69 2010  2 12  4 37   2455239.76 2010  2 12  6 21
 2455243.56 2010  2 16  1 30   2455243.63 2010  2 16  3 13   2455243.71 2010  2 16  4 57
 2455247.50 2010  2 20  0  6   2455247.58 2010  2 20  1 49   2455247.65 2010  2 20  3 32
 2455251.45 2010  2 23 22 41   2455251.52 2010  2 24  0 25   2455251.59 2010  2 24  2  8
 2455255.39 2010  2 27 21 17   2455255.46 2010  2 27 23  1   2455255.53 2010  2 28  0 44
 2455259.33 2010  3  3 19 53   2455259.40 2010  3  3 21 36   2455259.47 2010  3  3 23 20
 2455263.27 2010  3  7 18 29   2455263.34 2010  3  7 20 12   2455263.41 2010  3  7 21 56
 2455267.21 2010  3 11 17  4   2455267.28 2010  3 11 18 48   2455267.36 2010  3 11 20 32
 2455271.15 2010  3 15 15 40   2455271.23 2010  3 15 17 24   2455271.30 2010  3 15 19  7
 2455275.09 2010  3 19 14 16   2455275.17 2010  3 19 16  0   2455275.24 2010  3 19 17 43
 2455279.04 2010  3 23 12 52   2455279.11 2010  3 23 14 35   2455279.18 2010  3 23 16 19
 2455282.98 2010  3 27 11 28   2455283.05 2010  3 27 13 11   2455283.12 2010  3 27 14 55
 2455286.92 2010  3 31 10  3   2455286.99 2010  3 31 11 47   2455287.06 2010  3 31 13 31
 2455290.86 2010  4  4  8 39   2455290.93 2010  4  4 10 23   2455291.00 2010  4  4 12  7
 2455294.80 2010  4  8  7 15   2455294.87 2010  4  8  8 59   2455294.95 2010  4  8 10 43
 2455298.74 2010  4 12  5 51   2455298.82 2010  4 12  7 34   2455298.89 2010  4 12  9 18
 2455302.69 2010  4 16  4 26   2455302.76 2010  4 16  6 10   2455302.83 2010  4 16  7 54
 2455306.63 2010  4 20  3  2   2455306.70 2010  4 20  4 46   2455306.77 2010  4 20  6 30
 2455310.57 2010  4 24  1 38   2455310.64 2010  4 24  3 22   2455310.71 2010  4 24  5  6
 2455314.51 2010  4 28  0 14   2455314.58 2010  4 28  1 58   2455314.65 2010  4 28  3 42
 2455318.45 2010  5  1 22 49   2455318.52 2010  5  2  0 34   2455318.60 2010  5  2  2 18
 2455322.39 2010  5  5 21 25   2455322.47 2010  5  5 23  9   2455322.54 2010  5  6  0 53
 2455326.33 2010  5  9 20  1   2455326.41 2010  5  9 21 45   2455326.48 2010  5  9 23 29
 2455330.28 2010  5 13 18 37   2455330.35 2010  5 13 20 21   2455330.42 2010  5 13 22  5
 2455334.22 2010  5 17 17 13   2455334.29 2010  5 17 18 57   2455334.36 2010  5 17 20 41
 2455338.16 2010  5 21 15 48   2455338.23 2010  5 21 17 33   2455338.30 2010  5 21 19 17
 2455342.10 2010  5 25 14 24   2455342.17 2010  5 25 16  8   2455342.25 2010  5 25 17 53
 2455346.04 2010  5 29 13  0   2455346.11 2010  5 29 14 44   2455346.19 2010  5 29 16 29
 2455349.98 2010  6  2 11 36   2455350.06 2010  6  2 13 20   2455350.13 2010  6  2 15  4
 2455353.92 2010  6  6 10 11   2455354.00 2010  6  6 11 56   2455354.07 2010  6  6 13 40
 2455357.87 2010  6 10  8 47   2455357.94 2010  6 10 10 32   2455358.01 2010  6 10 12 16
 2455361.81 2010  6 14  7 23   2455361.88 2010  6 14  9  7   2455361.95 2010  6 14 10 52
 2455365.75 2010  6 18  5 59   2455365.82 2010  6 18  7 43   2455365.89 2010  6 18  9 28
 2455369.69 2010  6 22  4 34   2455369.76 2010  6 22  6 19   2455369.84 2010  6 22  8  4
 2455373.63 2010  6 26  3 10   2455373.71 2010  6 26  4 55   2455373.78 2010  6 26  6 39
 2455377.57 2010  6 30  1 46   2455377.65 2010  6 30  3 31   2455377.72 2010  6 30  5 15
 2455381.52 2010  7  4  0 22   2455381.59 2010  7  4  2  6   2455381.66 2010  7  4  3 51
 2455385.46 2010  7  7 22 58   2455385.53 2010  7  8  0 42   2455385.60 2010  7  8  2 27
 2455389.40 2010  7 11 21 33   2455389.47 2010  7 11 23 18   2455389.54 2010  7 12  1  3
 2455393.34 2010  7 15 20  9   2455393.41 2010  7 15 21 54   2455393.49 2010  7 15 23 39
 2455397.28 2010  7 19 18 45   2455397.35 2010  7 19 20 30   2455397.43 2010  7 19 22 15
 2455401.22 2010  7 23 17 21   2455401.30 2010  7 23 19  6   2455401.37 2010  7 23 20 50
 2455405.16 2010  7 27 15 56   2455405.24 2010  7 27 17 41   2455405.31 2010  7 27 19 26
 2455409.11 2010  7 31 14 32   2455409.18 2010  7 31 16 17   2455409.25 2010  7 31 18  2
 2455413.05 2010  8  4 13  8   2455413.12 2010  8  4 14 53   2455413.19 2010  8  4 16 38
 2455416.99 2010  8  8 11 44   2455417.06 2010  8  8 13 29   2455417.13 2010  8  8 15 14
 2455420.93 2010  8 12 10 19   2455421.00 2010  8 12 12  5   2455421.08 2010  8 12 13 50
 2455424.87 2010  8 16  8 55   2455424.95 2010  8 16 10 40   2455425.02 2010  8 16 12 26
 2455428.81 2010  8 20  7 31   2455428.89 2010  8 20  9 16   2455428.96 2010  8 20 11  1
 2455432.76 2010  8 24  6  7   2455432.83 2010  8 24  7 52   2455432.90 2010  8 24  9 37
 2455436.70 2010  8 28  4 43   2455436.77 2010  8 28  6 28   2455436.84 2010  8 28  8 13
 2455440.64 2010  9  1  3 18   2455440.71 2010  9  1  5  4   2455440.78 2010  9  1  6 49
 2455444.58 2010  9  5  1 54   2455444.65 2010  9  5  3 39   2455444.73 2010  9  5  5 25
 2455448.52 2010  9  9  0 30   2455448.59 2010  9  9  2 15   2455448.67 2010  9  9  4  1
 2455452.46 2010  9 12 23  6   2455452.54 2010  9 13  0 51   2455452.61 2010  9 13  2 36
 2455456.40 2010  9 16 21 41   2455456.48 2010  9 16 23 27   2455456.55 2010  9 17  1 12
 2455460.35 2010  9 20 20 17   2455460.42 2010  9 20 22  3   2455460.49 2010  9 20 23 48
 2455464.29 2010  9 24 18 53   2455464.36 2010  9 24 20 38   2455464.43 2010  9 24 22 24
 2455468.23 2010  9 28 17 29   2455468.30 2010  9 28 19 14   2455468.38 2010  9 28 21  0
 2455472.17 2010 10  2 16  4   2455472.24 2010 10  2 17 50   2455472.32 2010 10  2 19 36
 2455476.11 2010 10  6 14 40   2455476.18 2010 10  6 16 26   2455476.26 2010 10  6 18 12
 2455480.05 2010 10 10 13 16   2455480.13 2010 10 10 15  2   2455480.20 2010 10 10 16 47
 2455483.99 2010 10 14 11 52   2455484.07 2010 10 14 13 38   2455484.14 2010 10 14 15 23
 2455487.94 2010 10 18 10 28   2455488.01 2010 10 18 12 13   2455488.08 2010 10 18 13 59
 2455491.88 2010 10 22  9  3   2455491.95 2010 10 22 10 49   2455492.02 2010 10 22 12 35
 2455495.82 2010 10 26  7 39   2455495.89 2010 10 26  9 25   2455495.97 2010 10 26 11 11
 2455499.76 2010 10 30  6 15   2455499.83 2010 10 30  8  1   2455499.91 2010 10 30  9 47
 2455503.70 2010 11  3  4 51   2455503.78 2010 11  3  6 37   2455503.85 2010 11  3  8 22
 2455507.64 2010 11  7  3 26   2455507.72 2010 11  7  5 12   2455507.79 2010 11  7  6 58
 2455511.59 2010 11 11  2  2   2455511.66 2010 11 11  3 48   2455511.73 2010 11 11  5 34
 2455515.53 2010 11 15  0 38   2455515.60 2010 11 15  2 24   2455515.67 2010 11 15  4 10
 2455519.47 2010 11 18 23 14   2455519.54 2010 11 19  1  0   2455519.62 2010 11 19  2 46
 2455523.41 2010 11 22 21 49   2455523.48 2010 11 22 23 36   2455523.56 2010 11 23  1 22
 2455527.35 2010 11 26 20 25   2455527.42 2010 11 26 22 11   2455527.50 2010 11 26 23 58
 2455531.29 2010 11 30 19  1   2455531.37 2010 11 30 20 47   2455531.44 2010 11 30 22 33
 2455535.23 2010 12  4 17 37   2455535.31 2010 12  4 19 23   2455535.38 2010 12  4 21  9
 2455539.18 2010 12  8 16 13   2455539.25 2010 12  8 17 59   2455539.32 2010 12  8 19 45
 2455543.12 2010 12 12 14 48   2455543.19 2010 12 12 16 35   2455543.26 2010 12 12 18 21
 2455547.06 2010 12 16 13 24   2455547.13 2010 12 16 15 10   2455547.21 2010 12 16 16 57
 2455551.00 2010 12 20 12  0   2455551.07 2010 12 20 13 46   2455551.15 2010 12 20 15 33
 2455554.94 2010 12 24 10 36   2455555.02 2010 12 24 12 22   2455555.09 2010 12 24 14  8
 2455558.88 2010 12 28  9 11   2455558.96 2010 12 28 10 58   2455559.03 2010 12 28 12 44
 2455562.82 2011  1  1  7 47   2455562.90 2011  1  1  9 34   2455562.97 2011  1  1 11 20
 2455566.77 2011  1  5  6 23   2455566.84 2011  1  5  8  9   2455566.91 2011  1  5  9 56
 2455570.71 2011  1  9  4 59   2455570.78 2011  1  9  6 45   2455570.86 2011  1  9  8 32
 2455574.65 2011  1 13  3 35   2455574.72 2011  1 13  5 21   2455574.80 2011  1 13  7  8
 2455578.59 2011  1 17  2 10   2455578.66 2011  1 17  3 57   2455578.74 2011  1 17  5 44
 2455582.53 2011  1 21  0 46   2455582.61 2011  1 21  2 33   2455582.68 2011  1 21  4 19
 2455586.47 2011  1 24 23 22   2455586.55 2011  1 25  1  9   2455586.62 2011  1 25  2 55
 2455590.42 2011  1 28 21 58   2455590.49 2011  1 28 23 44   2455590.56 2011  1 29  1 31
 2455594.36 2011  2  1 20 33   2455594.43 2011  2  1 22 20   2455594.51 2011  2  2  0  7
 2455598.30 2011  2  5 19  9   2455598.37 2011  2  5 20 56   2455598.45 2011  2  5 22 43
 2455602.24 2011  2  9 17 45   2455602.31 2011  2  9 19 32   2455602.39 2011  2  9 21 19
 2455606.18 2011  2 13 16 21   2455606.26 2011  2 13 18  8   2455606.33 2011  2 13 19 55
 2455610.12 2011  2 17 14 56   2455610.20 2011  2 17 16 43   2455610.27 2011  2 17 18 30
 2455614.06 2011  2 21 13 32   2455614.14 2011  2 21 15 19   2455614.21 2011  2 21 17  6
 2455618.01 2011  2 25 12  8   2455618.08 2011  2 25 13 55   2455618.15 2011  2 25 15 42
 2455621.95 2011  3  1 10 44   2455622.02 2011  3  1 12 31   2455622.10 2011  3  1 14 18
 2455625.89 2011  3  5  9 20   2455625.96 2011  3  5 11  7   2455626.04 2011  3  5 12 54
 2455629.83 2011  3  9  7 55   2455629.90 2011  3  9  9 42   2455629.98 2011  3  9 11 30
 2455633.77 2011  3 13  6 31   2455633.85 2011  3 13  8 18   2455633.92 2011  3 13 10  5
 2455637.71 2011  3 17  5  7   2455637.79 2011  3 17  6 54   2455637.86 2011  3 17  8 41
 2455641.65 2011  3 21  3 43   2455641.73 2011  3 21  5 30   2455641.80 2011  3 21  7 17
 2455645.60 2011  3 25  2 18   2455645.67 2011  3 25  4  6   2455645.75 2011  3 25  5 53
 2455649.54 2011  3 29  0 54   2455649.61 2011  3 29  2 41   2455649.69 2011  3 29  4 29
 2455653.48 2011  4  1 23 30   2455653.55 2011  4  2  1 17   2455653.63 2011  4  2  3  5
 2455657.42 2011  4  5 22  6   2455657.50 2011  4  5 23 53   2455657.57 2011  4  6  1 41
 2455661.36 2011  4  9 20 41   2455661.44 2011  4  9 22 29   2455661.51 2011  4 10  0 16
 2455665.30 2011  4 13 19 17   2455665.38 2011  4 13 21  5   2455665.45 2011  4 13 22 52
 2455669.25 2011  4 17 17 53   2455669.32 2011  4 17 19 41   2455669.39 2011  4 17 21 28
 2455673.19 2011  4 21 16 29   2455673.26 2011  4 21 18 16   2455673.34 2011  4 21 20  4
 2455677.13 2011  4 25 15  5   2455677.20 2011  4 25 16 52   2455677.28 2011  4 25 18 40
 2455681.07 2011  4 29 13 40   2455681.14 2011  4 29 15 28   2455681.22 2011  4 29 17 16
 2455685.01 2011  5  3 12 16   2455685.09 2011  5  3 14  4   2455685.16 2011  5  3 15 51
 2455688.95 2011  5  7 10 52   2455689.03 2011  5  7 12 40   2455689.10 2011  5  7 14 27
 2455692.89 2011  5 11  9 28   2455692.97 2011  5 11 11 15   2455693.04 2011  5 11 13  3
 2455696.84 2011  5 15  8  3   2455696.91 2011  5 15  9 51   2455696.99 2011  5 15 11 39
 2455700.78 2011  5 19  6 39   2455700.85 2011  5 19  8 27   2455700.93 2011  5 19 10 15
 2455704.72 2011  5 23  5 15   2455704.79 2011  5 23  7  3   2455704.87 2011  5 23  8 51
 2455708.66 2011  5 27  3 51   2455708.74 2011  5 27  5 39   2455708.81 2011  5 27  7 27
 2455712.60 2011  5 31  2 26   2455712.68 2011  5 31  4 14   2455712.75 2011  5 31  6  2
 2455716.54 2011  6  4  1  2   2455716.62 2011  6  4  2 50   2455716.69 2011  6  4  4 38
 2455720.49 2011  6  7 23 38   2455720.56 2011  6  8  1 26   2455720.64 2011  6  8  3 14
 2455724.43 2011  6 11 22 14   2455724.50 2011  6 12  0  2   2455724.58 2011  6 12  1 50
 2455728.37 2011  6 15 20 50   2455728.44 2011  6 15 22 38   2455728.52 2011  6 16  0 26
 2455732.31 2011  6 19 19 25   2455732.38 2011  6 19 21 13   2455732.46 2011  6 19 23  2
 2455736.25 2011  6 23 18  1   2455736.33 2011  6 23 19 49   2455736.40 2011  6 23 21 37
 2455740.19 2011  6 27 16 37   2455740.27 2011  6 27 18 25   2455740.34 2011  6 27 20 13
 2455744.13 2011  7  1 15 13   2455744.21 2011  7  1 17  1   2455744.28 2011  7  1 18 49
 2455748.08 2011  7  5 13 48   2455748.15 2011  7  5 15 37   2455748.23 2011  7  5 17 25
 2455752.02 2011  7  9 12 24   2455752.09 2011  7  9 14 13   2455752.17 2011  7  9 16  1
 2455755.96 2011  7 13 11  0   2455756.03 2011  7 13 12 48   2455756.11 2011  7 13 14 37
 2455759.90 2011  7 17  9 36   2455759.98 2011  7 17 11 24   2455760.05 2011  7 17 13 13
 2455763.84 2011  7 21  8 11   2455763.92 2011  7 21 10  0   2455763.99 2011  7 21 11 48
 2455767.78 2011  7 25  6 47   2455767.86 2011  7 25  8 36   2455767.93 2011  7 25 10 24
 2455771.72 2011  7 29  5 23   2455771.80 2011  7 29  7 12   2455771.88 2011  7 29  9  0
 2455775.67 2011  8  2  3 59   2455775.74 2011  8  2  5 47   2455775.82 2011  8  2  7 36
