 Predicted Transit Epochs: XO-2_____ b

Observed Transit Duration:  162.0 Minutes

 Begin Transit Window           PREDICTED CENTRAL TRANSIT     End Transit Window
                                     All Times UT

                               HJD        Year M  D  H  M
 2454924.59 2009  4  3  2 15   2454924.65 2009  4  3  3 40   2454924.71 2009  4  3  5  4
 2454927.21 2009  4  5 17  2   2454927.27 2009  4  5 18 26   2454927.33 2009  4  5 19 51
 2454929.83 2009  4  8  7 49   2454929.88 2009  4  8  9 13   2454929.94 2009  4  8 10 38
 2454932.44 2009  4 10 22 35   2454932.50 2009  4 11  0  0   2454932.56 2009  4 11  1 25
 2454935.06 2009  4 13 13 22   2454935.12 2009  4 13 14 47   2454935.18 2009  4 13 16 12
 2454937.67 2009  4 16  4  9   2454937.73 2009  4 16  5 34   2454937.79 2009  4 16  6 58
 2454940.29 2009  4 18 18 56   2454940.35 2009  4 18 20 21   2454940.41 2009  4 18 21 45
 2454942.90 2009  4 21  9 43   2454942.96 2009  4 21 11  7   2454943.02 2009  4 21 12 32
 2454945.52 2009  4 24  0 29   2454945.58 2009  4 24  1 54   2454945.64 2009  4 24  3 19
 2454948.14 2009  4 26 15 16   2454948.20 2009  4 26 16 41   2454948.25 2009  4 26 18  6
 2454950.75 2009  4 29  6  3   2454950.81 2009  4 29  7 28   2454950.87 2009  4 29  8 53
 2454953.37 2009  5  1 20 50   2454953.43 2009  5  1 22 15   2454953.49 2009  5  1 23 39
 2454955.98 2009  5  4 11 37   2454956.04 2009  5  4 13  1   2454956.10 2009  5  4 14 26
 2454958.60 2009  5  7  2 23   2454958.66 2009  5  7  3 48   2454958.72 2009  5  7  5 13
 2454961.22 2009  5  9 17 10   2454961.27 2009  5  9 18 35   2454961.33 2009  5  9 20  0
 2454963.83 2009  5 12  7 57   2454963.89 2009  5 12  9 22   2454963.95 2009  5 12 10 47
 2454966.45 2009  5 14 22 44   2454966.51 2009  5 15  0  9   2454966.57 2009  5 15  1 33
 2454969.06 2009  5 17 13 30   2454969.12 2009  5 17 14 55   2454969.18 2009  5 17 16 20
 2454971.68 2009  5 20  4 17   2454971.74 2009  5 20  5 42   2454971.80 2009  5 20  7  7
 2454974.29 2009  5 22 19  4   2454974.35 2009  5 22 20 29   2454974.41 2009  5 22 21 54
 2454976.91 2009  5 25  9 51   2454976.97 2009  5 25 11 16   2454977.03 2009  5 25 12 41
 2454979.53 2009  5 28  0 38   2454979.59 2009  5 28  2  3   2454979.64 2009  5 28  3 28
 2454982.14 2009  5 30 15 24   2454982.20 2009  5 30 16 49   2454982.26 2009  5 30 18 14
 2454984.76 2009  6  2  6 11   2454984.82 2009  6  2  7 36   2454984.88 2009  6  2  9  1
 2454987.37 2009  6  4 20 58   2454987.43 2009  6  4 22 23   2454987.49 2009  6  4 23 48
 2454989.99 2009  6  7 11 45   2454990.05 2009  6  7 13 10   2454990.11 2009  6  7 14 35
 2454992.61 2009  6 10  2 32   2454992.66 2009  6 10  3 57   2454992.72 2009  6 10  5 22
 2454995.22 2009  6 12 17 18   2454995.28 2009  6 12 18 43   2454995.34 2009  6 12 20  8
 2454997.84 2009  6 15  8  5   2454997.90 2009  6 15  9 30   2454997.96 2009  6 15 10 55
 2455000.45 2009  6 17 22 52   2455000.51 2009  6 18  0 17   2455000.57 2009  6 18  1 42
 2455003.07 2009  6 20 13 39   2455003.13 2009  6 20 15  4   2455003.19 2009  6 20 16 29
 2455005.68 2009  6 23  4 26   2455005.74 2009  6 23  5 51   2455005.80 2009  6 23  7 16
 2455008.30 2009  6 25 19 12   2455008.36 2009  6 25 20 37   2455008.42 2009  6 25 22  3
 2455010.92 2009  6 28  9 59   2455010.98 2009  6 28 11 24   2455011.03 2009  6 28 12 49
 2455013.53 2009  7  1  0 46   2455013.59 2009  7  1  2 11   2455013.65 2009  7  1  3 36
 2455016.15 2009  7  3 15 33   2455016.21 2009  7  3 16 58   2455016.27 2009  7  3 18 23
 2455018.76 2009  7  6  6 20   2455018.82 2009  7  6  7 45   2455018.88 2009  7  6  9 10
 2455021.38 2009  7  8 21  6   2455021.44 2009  7  8 22 32   2455021.50 2009  7  8 23 57
 2455024.00 2009  7 11 11 53   2455024.05 2009  7 11 13 18   2455024.11 2009  7 11 14 43
 2455026.61 2009  7 14  2 40   2455026.67 2009  7 14  4  5   2455026.73 2009  7 14  5 30
 2455029.23 2009  7 16 17 27   2455029.29 2009  7 16 18 52   2455029.35 2009  7 16 20 17
 2455031.84 2009  7 19  8 14   2455031.90 2009  7 19  9 39   2455031.96 2009  7 19 11  4
 2455034.46 2009  7 21 23  0   2455034.52 2009  7 22  0 26   2455034.58 2009  7 22  1 51
 2455037.07 2009  7 24 13 47   2455037.13 2009  7 24 15 12   2455037.19 2009  7 24 16 38
 2455039.69 2009  7 27  4 34   2455039.75 2009  7 27  5 59   2455039.81 2009  7 27  7 24
 2455042.31 2009  7 29 19 21   2455042.37 2009  7 29 20 46   2455042.42 2009  7 29 22 11
 2455044.92 2009  8  1 10  8   2455044.98 2009  8  1 11 33   2455045.04 2009  8  1 12 58
 2455047.54 2009  8  4  0 54   2455047.60 2009  8  4  2 20   2455047.66 2009  8  4  3 45
 2455050.15 2009  8  6 15 41   2455050.21 2009  8  6 17  6   2455050.27 2009  8  6 18 32
 2455052.77 2009  8  9  6 28   2455052.83 2009  8  9  7 53   2455052.89 2009  8  9  9 18
 2455055.39 2009  8 11 21 15   2455055.44 2009  8 11 22 40   2455055.50 2009  8 12  0  5
 2455058.00 2009  8 14 12  2   2455058.06 2009  8 14 13 27   2455058.12 2009  8 14 14 52
 2455060.62 2009  8 17  2 48   2455060.68 2009  8 17  4 14   2455060.74 2009  8 17  5 39
 2455063.23 2009  8 19 17 35   2455063.29 2009  8 19 19  0   2455063.35 2009  8 19 20 26
 2455065.85 2009  8 22  8 22   2455065.91 2009  8 22  9 47   2455065.97 2009  8 22 11 13
 2455068.46 2009  8 24 23  9   2455068.52 2009  8 25  0 34   2455068.58 2009  8 25  1 59
 2455071.08 2009  8 27 13 56   2455071.14 2009  8 27 15 21   2455071.20 2009  8 27 16 46
 2455073.70 2009  8 30  4 42   2455073.76 2009  8 30  6  8   2455073.81 2009  8 30  7 33
 2455076.31 2009  9  1 19 29   2455076.37 2009  9  1 20 54   2455076.43 2009  9  1 22 20
 2455078.93 2009  9  4 10 16   2455078.99 2009  9  4 11 41   2455079.05 2009  9  4 13  7
 2455081.54 2009  9  7  1  3   2455081.60 2009  9  7  2 28   2455081.66 2009  9  7  3 53
 2455084.16 2009  9  9 15 49   2455084.22 2009  9  9 17 15   2455084.28 2009  9  9 18 40
 2455086.78 2009  9 12  6 36   2455086.83 2009  9 12  8  2   2455086.89 2009  9 12  9 27
 2455089.39 2009  9 14 21 23   2455089.45 2009  9 14 22 49   2455089.51 2009  9 15  0 14
 2455092.01 2009  9 17 12 10   2455092.07 2009  9 17 13 35   2455092.13 2009  9 17 15  1
 2455094.62 2009  9 20  2 57   2455094.68 2009  9 20  4 22   2455094.74 2009  9 20  5 48
 2455097.24 2009  9 22 17 43   2455097.30 2009  9 22 19  9   2455097.36 2009  9 22 20 34
 2455099.85 2009  9 25  8 30   2455099.91 2009  9 25  9 56   2455099.97 2009  9 25 11 21
 2455102.47 2009  9 27 23 17   2455102.53 2009  9 28  0 43   2455102.59 2009  9 28  2  8
 2455105.09 2009  9 30 14  4   2455105.15 2009  9 30 15 29   2455105.21 2009  9 30 16 55
 2455107.70 2009 10  3  4 51   2455107.76 2009 10  3  6 16   2455107.82 2009 10  3  7 42
 2455110.32 2009 10  5 19 37   2455110.38 2009 10  5 21  3   2455110.44 2009 10  5 22 28
 2455112.93 2009 10  8 10 24   2455112.99 2009 10  8 11 50   2455113.05 2009 10  8 13 15
 2455115.55 2009 10 11  1 11   2455115.61 2009 10 11  2 37   2455115.67 2009 10 11  4  2
 2455118.17 2009 10 13 15 58   2455118.22 2009 10 13 17 23   2455118.28 2009 10 13 18 49
 2455120.78 2009 10 16  6 45   2455120.84 2009 10 16  8 10   2455120.90 2009 10 16  9 36
 2455123.40 2009 10 18 21 31   2455123.46 2009 10 18 22 57   2455123.52 2009 10 19  0 23
 2455126.01 2009 10 21 12 18   2455126.07 2009 10 21 13 44   2455126.13 2009 10 21 15  9
 2455128.63 2009 10 24  3  5   2455128.69 2009 10 24  4 31   2455128.75 2009 10 24  5 56
 2455131.24 2009 10 26 17 52   2455131.30 2009 10 26 19 17   2455131.36 2009 10 26 20 43
 2455133.86 2009 10 29  8 39   2455133.92 2009 10 29 10  4   2455133.98 2009 10 29 11 30
 2455136.48 2009 10 31 23 25   2455136.54 2009 11  1  0 51   2455136.60 2009 11  1  2 17
 2455139.09 2009 11  3 14 12   2455139.15 2009 11  3 15 38   2455139.21 2009 11  3 17  3
 2455141.71 2009 11  6  4 59   2455141.77 2009 11  6  6 25   2455141.83 2009 11  6  7 50
 2455144.32 2009 11  8 19 46   2455144.38 2009 11  8 21 11   2455144.44 2009 11  8 22 37
 2455146.94 2009 11 11 10 33   2455147.00 2009 11 11 11 58   2455147.06 2009 11 11 13 24
 2455149.56 2009 11 14  1 19   2455149.61 2009 11 14  2 45   2455149.67 2009 11 14  4 11
 2455152.17 2009 11 16 16  6   2455152.23 2009 11 16 17 32   2455152.29 2009 11 16 18 58
 2455154.79 2009 11 19  6 53   2455154.85 2009 11 19  8 19   2455154.91 2009 11 19  9 44
 2455157.40 2009 11 21 21 40   2455157.46 2009 11 21 23  5   2455157.52 2009 11 22  0 31
 2455160.02 2009 11 24 12 27   2455160.08 2009 11 24 13 52   2455160.14 2009 11 24 15 18
 2455162.63 2009 11 27  3 13   2455162.69 2009 11 27  4 39   2455162.75 2009 11 27  6  5
 2455165.25 2009 11 29 18  0   2455165.31 2009 11 29 19 26   2455165.37 2009 11 29 20 52
 2455167.87 2009 12  2  8 47   2455167.93 2009 12  2 10 13   2455167.99 2009 12  2 11 38
 2455170.48 2009 12  4 23 34   2455170.54 2009 12  5  1  0   2455170.60 2009 12  5  2 25
 2455173.10 2009 12  7 14 21   2455173.16 2009 12  7 15 46   2455173.22 2009 12  7 17 12
 2455175.71 2009 12 10  5  7   2455175.77 2009 12 10  6 33   2455175.83 2009 12 10  7 59
 2455178.33 2009 12 12 19 54   2455178.39 2009 12 12 21 20   2455178.45 2009 12 12 22 46
 2455180.95 2009 12 15 10 41   2455181.01 2009 12 15 12  7   2455181.06 2009 12 15 13 33
 2455183.56 2009 12 18  1 28   2455183.62 2009 12 18  2 54   2455183.68 2009 12 18  4 19
 2455186.18 2009 12 20 16 14   2455186.24 2009 12 20 17 40   2455186.30 2009 12 20 19  6
 2455188.79 2009 12 23  7  1   2455188.85 2009 12 23  8 27   2455188.91 2009 12 23  9 53
 2455191.41 2009 12 25 21 48   2455191.47 2009 12 25 23 14   2455191.53 2009 12 26  0 40
 2455194.02 2009 12 28 12 35   2455194.08 2009 12 28 14  1   2455194.14 2009 12 28 15 27
 2455196.64 2009 12 31  3 22   2455196.70 2009 12 31  4 48   2455196.76 2009 12 31  6 13
 2455199.26 2010  1  2 18  8   2455199.32 2010  1  2 19 34   2455199.38 2010  1  2 21  0
 2455201.87 2010  1  5  8 55   2455201.93 2010  1  5 10 21   2455201.99 2010  1  5 11 47
 2455204.49 2010  1  7 23 42   2455204.55 2010  1  8  1  8   2455204.61 2010  1  8  2 34
 2455207.10 2010  1 10 14 29   2455207.16 2010  1 10 15 55   2455207.22 2010  1 10 17 21
 2455209.72 2010  1 13  5 16   2455209.78 2010  1 13  6 42   2455209.84 2010  1 13  8  8
 2455212.34 2010  1 15 20  2   2455212.40 2010  1 15 21 28   2455212.45 2010  1 15 22 54
 2455214.95 2010  1 18 10 49   2455215.01 2010  1 18 12 15   2455215.07 2010  1 18 13 41
 2455217.57 2010  1 21  1 36   2455217.63 2010  1 21  3  2   2455217.69 2010  1 21  4 28
 2455220.18 2010  1 23 16 23   2455220.24 2010  1 23 17 49   2455220.30 2010  1 23 19 15
 2455222.80 2010  1 26  7 10   2455222.86 2010  1 26  8 36   2455222.92 2010  1 26 10  2
 2455225.41 2010  1 28 21 56   2455225.47 2010  1 28 23 22   2455225.53 2010  1 29  0 48
 2455228.03 2010  1 31 12 43   2455228.09 2010  1 31 14  9   2455228.15 2010  1 31 15 35
 2455230.65 2010  2  3  3 30   2455230.71 2010  2  3  4 56   2455230.77 2010  2  3  6 22
 2455233.26 2010  2  5 18 17   2455233.32 2010  2  5 19 43   2455233.38 2010  2  5 21  9
 2455235.88 2010  2  8  9  4   2455235.94 2010  2  8 10 30   2455236.00 2010  2  8 11 56
 2455238.49 2010  2 10 23 50   2455238.55 2010  2 11  1 16   2455238.61 2010  2 11  2 43
 2455241.11 2010  2 13 14 37   2455241.17 2010  2 13 16  3   2455241.23 2010  2 13 17 29
 2455243.73 2010  2 16  5 24   2455243.79 2010  2 16  6 50   2455243.84 2010  2 16  8 16
 2455246.34 2010  2 18 20 11   2455246.40 2010  2 18 21 37   2455246.46 2010  2 18 23  3
 2455248.96 2010  2 21 10 58   2455249.02 2010  2 21 12 24   2455249.08 2010  2 21 13 50
 2455251.57 2010  2 24  1 44   2455251.63 2010  2 24  3 11   2455251.69 2010  2 24  4 37
 2455254.19 2010  2 26 16 31   2455254.25 2010  2 26 17 57   2455254.31 2010  2 26 19 23
 2455256.80 2010  3  1  7 18   2455256.86 2010  3  1  8 44   2455256.92 2010  3  1 10 10
 2455259.42 2010  3  3 22  5   2455259.48 2010  3  3 23 31   2455259.54 2010  3  4  0 57
 2455262.04 2010  3  6 12 52   2455262.10 2010  3  6 14 18   2455262.16 2010  3  6 15 44
 2455264.65 2010  3  9  3 38   2455264.71 2010  3  9  5  5   2455264.77 2010  3  9  6 31
 2455267.27 2010  3 11 18 25   2455267.33 2010  3 11 19 51   2455267.39 2010  3 11 21 18
 2455269.88 2010  3 14  9 12   2455269.94 2010  3 14 10 38   2455270.00 2010  3 14 12  4
 2455272.50 2010  3 16 23 59   2455272.56 2010  3 17  1 25   2455272.62 2010  3 17  2 51
 2455275.12 2010  3 19 14 46   2455275.18 2010  3 19 16 12   2455275.24 2010  3 19 17 38
 2455277.73 2010  3 22  5 32   2455277.79 2010  3 22  6 59   2455277.85 2010  3 22  8 25
 2455280.35 2010  3 24 20 19   2455280.41 2010  3 24 21 45   2455280.47 2010  3 24 23 12
 2455282.96 2010  3 27 11  6   2455283.02 2010  3 27 12 32   2455283.08 2010  3 27 13 58
 2455285.58 2010  3 30  1 53   2455285.64 2010  3 30  3 19   2455285.70 2010  3 30  4 45
 2455288.19 2010  4  1 16 40   2455288.25 2010  4  1 18  6   2455288.31 2010  4  1 19 32
 2455290.81 2010  4  4  7 26   2455290.87 2010  4  4  8 53   2455290.93 2010  4  4 10 19
 2455293.43 2010  4  6 22 13   2455293.49 2010  4  6 23 39   2455293.55 2010  4  7  1  6
 2455296.04 2010  4  9 13  0   2455296.10 2010  4  9 14 26   2455296.16 2010  4  9 15 53
 2455298.66 2010  4 12  3 47   2455298.72 2010  4 12  5 13   2455298.78 2010  4 12  6 39
 2455301.27 2010  4 14 18 33   2455301.33 2010  4 14 20  0   2455301.39 2010  4 14 21 26
 2455303.89 2010  4 17  9 20   2455303.95 2010  4 17 10 47   2455304.01 2010  4 17 12 13
 2455306.51 2010  4 20  0  7   2455306.57 2010  4 20  1 33   2455306.63 2010  4 20  3  0
 2455309.12 2010  4 22 14 54   2455309.18 2010  4 22 16 20   2455309.24 2010  4 22 17 47
 2455311.74 2010  4 25  5 41   2455311.80 2010  4 25  7  7   2455311.86 2010  4 25  8 33
 2455314.35 2010  4 27 20 27   2455314.41 2010  4 27 21 54   2455314.47 2010  4 27 23 20
 2455316.97 2010  4 30 11 14   2455317.03 2010  4 30 12 41   2455317.09 2010  4 30 14  7
 2455319.58 2010  5  3  2  1   2455319.64 2010  5  3  3 27   2455319.70 2010  5  3  4 54
 2455322.20 2010  5  5 16 48   2455322.26 2010  5  5 18 14   2455322.32 2010  5  5 19 41
 2455324.82 2010  5  8  7 35   2455324.88 2010  5  8  9  1   2455324.94 2010  5  8 10 28
 2455327.43 2010  5 10 22 21   2455327.49 2010  5 10 23 48   2455327.55 2010  5 11  1 14
 2455330.05 2010  5 13 13  8   2455330.11 2010  5 13 14 35   2455330.17 2010  5 13 16  1
 2455332.66 2010  5 16  3 55   2455332.72 2010  5 16  5 22   2455332.78 2010  5 16  6 48
 2455335.28 2010  5 18 18 42   2455335.34 2010  5 18 20  8   2455335.40 2010  5 18 21 35
 2455337.90 2010  5 21  9 29   2455337.96 2010  5 21 10 55   2455338.02 2010  5 21 12 22
 2455340.51 2010  5 24  0 15   2455340.57 2010  5 24  1 42   2455340.63 2010  5 24  3  8
 2455343.13 2010  5 26 15  2   2455343.19 2010  5 26 16 29   2455343.25 2010  5 26 17 55
 2455345.74 2010  5 29  5 49   2455345.80 2010  5 29  7 16   2455345.86 2010  5 29  8 42
 2455348.36 2010  5 31 20 36   2455348.42 2010  5 31 22  2   2455348.48 2010  5 31 23 29
 2455350.97 2010  6  3 11 23   2455351.03 2010  6  3 12 49   2455351.09 2010  6  3 14 16
 2455353.59 2010  6  6  2  9   2455353.65 2010  6  6  3 36   2455353.71 2010  6  6  5  3
 2455356.21 2010  6  8 16 56   2455356.27 2010  6  8 18 23   2455356.33 2010  6  8 19 49
 2455358.82 2010  6 11  7 43   2455358.88 2010  6 11  9 10   2455358.94 2010  6 11 10 36
 2455361.44 2010  6 13 22 30   2455361.50 2010  6 13 23 56   2455361.56 2010  6 14  1 23
 2455364.05 2010  6 16 13 17   2455364.11 2010  6 16 14 43   2455364.17 2010  6 16 16 10
 2455366.67 2010  6 19  4  3   2455366.73 2010  6 19  5 30   2455366.79 2010  6 19  6 57
 2455369.29 2010  6 21 18 50   2455369.35 2010  6 21 20 17   2455369.41 2010  6 21 21 43
 2455371.90 2010  6 24  9 37   2455371.96 2010  6 24 11  4   2455372.02 2010  6 24 12 30
 2455374.52 2010  6 27  0 24   2455374.58 2010  6 27  1 50   2455374.64 2010  6 27  3 17
 2455377.13 2010  6 29 15 11   2455377.19 2010  6 29 16 37   2455377.25 2010  6 29 18  4
 2455379.75 2010  7  2  5 57   2455379.81 2010  7  2  7 24   2455379.87 2010  7  2  8 51
 2455382.36 2010  7  4 20 44   2455382.42 2010  7  4 22 11   2455382.48 2010  7  4 23 38
 2455384.98 2010  7  7 11 31   2455385.04 2010  7  7 12 58   2455385.10 2010  7  7 14 24
 2455387.60 2010  7 10  2 18   2455387.66 2010  7 10  3 44   2455387.72 2010  7 10  5 11
 2455390.21 2010  7 12 17  5   2455390.27 2010  7 12 18 31   2455390.33 2010  7 12 19 58
 2455392.83 2010  7 15  7 51   2455392.89 2010  7 15  9 18   2455392.95 2010  7 15 10 45
 2455395.44 2010  7 17 22 38   2455395.50 2010  7 18  0  5   2455395.56 2010  7 18  1 32
 2455398.06 2010  7 20 13 25   2455398.12 2010  7 20 14 52   2455398.18 2010  7 20 16 18
 2455400.68 2010  7 23  4 12   2455400.74 2010  7 23  5 39   2455400.80 2010  7 23  7  5
 2455403.29 2010  7 25 18 58   2455403.35 2010  7 25 20 25   2455403.41 2010  7 25 21 52
 2455405.91 2010  7 28  9 45   2455405.97 2010  7 28 11 12   2455406.03 2010  7 28 12 39
 2455408.52 2010  7 31  0 32   2455408.58 2010  7 31  1 59   2455408.64 2010  7 31  3 26
 2455411.14 2010  8  2 15 19   2455411.20 2010  8  2 16 46   2455411.26 2010  8  2 18 13
 2455413.75 2010  8  5  6  6   2455413.81 2010  8  5  7 33   2455413.87 2010  8  5  8 59
 2455416.37 2010  8  7 20 52   2455416.43 2010  8  7 22 19   2455416.49 2010  8  7 23 46
 2455418.99 2010  8 10 11 39   2455419.05 2010  8 10 13  6   2455419.11 2010  8 10 14 33
 2455421.60 2010  8 13  2 26   2455421.66 2010  8 13  3 53   2455421.72 2010  8 13  5 20
 2455424.22 2010  8 15 17 13   2455424.28 2010  8 15 18 40   2455424.34 2010  8 15 20  7
 2455426.83 2010  8 18  8  0   2455426.89 2010  8 18  9 27   2455426.95 2010  8 18 10 53
 2455429.45 2010  8 20 22 46   2455429.51 2010  8 21  0 13   2455429.57 2010  8 21  1 40
 2455432.07 2010  8 23 13 33   2455432.13 2010  8 23 15  0   2455432.19 2010  8 23 16 27
 2455434.68 2010  8 26  4 20   2455434.74 2010  8 26  5 47   2455434.80 2010  8 26  7 14
 2455437.30 2010  8 28 19  7   2455437.36 2010  8 28 20 34   2455437.42 2010  8 28 22  1
 2455439.91 2010  8 31  9 54   2455439.97 2010  8 31 11 21   2455440.03 2010  8 31 12 48
 2455442.53 2010  9  3  0 40   2455442.59 2010  9  3  2  7   2455442.65 2010  9  3  3 34
 2455445.14 2010  9  5 15 27   2455445.20 2010  9  5 16 54   2455445.27 2010  9  5 18 21
 2455447.76 2010  9  8  6 14   2455447.82 2010  9  8  7 41   2455447.88 2010  9  8  9  8
 2455450.38 2010  9 10 21  1   2455450.44 2010  9 10 22 28   2455450.50 2010  9 10 23 55
 2455452.99 2010  9 13 11 48   2455453.05 2010  9 13 13 15   2455453.11 2010  9 13 14 42
 2455455.61 2010  9 16  2 34   2455455.67 2010  9 16  4  1   2455455.73 2010  9 16  5 28
 2455458.22 2010  9 18 17 21   2455458.28 2010  9 18 18 48   2455458.34 2010  9 18 20 15
 2455460.84 2010  9 21  8  8   2455460.90 2010  9 21  9 35   2455460.96 2010  9 21 11  2
 2455463.46 2010  9 23 22 55   2455463.52 2010  9 24  0 22   2455463.58 2010  9 24  1 49
 2455466.07 2010  9 26 13 42   2455466.13 2010  9 26 15  9   2455466.19 2010  9 26 16 36
 2455468.69 2010  9 29  4 28   2455468.75 2010  9 29  5 55   2455468.81 2010  9 29  7 23
 2455471.30 2010 10  1 19 15   2455471.36 2010 10  1 20 42   2455471.42 2010 10  1 22  9
 2455473.92 2010 10  4 10  2   2455473.98 2010 10  4 11 29   2455474.04 2010 10  4 12 56
 2455476.53 2010 10  7  0 49   2455476.59 2010 10  7  2 16   2455476.66 2010 10  7  3 43
 2455479.15 2010 10  9 15 36   2455479.21 2010 10  9 17  3   2455479.27 2010 10  9 18 30
 2455481.77 2010 10 12  6 22   2455481.83 2010 10 12  7 50   2455481.89 2010 10 12  9 17
 2455484.38 2010 10 14 21  9   2455484.44 2010 10 14 22 36   2455484.50 2010 10 15  0  3
 2455487.00 2010 10 17 11 56   2455487.06 2010 10 17 13 23   2455487.12 2010 10 17 14 50
 2455489.61 2010 10 20  2 43   2455489.67 2010 10 20  4 10   2455489.73 2010 10 20  5 37
 2455492.23 2010 10 22 17 30   2455492.29 2010 10 22 18 57   2455492.35 2010 10 22 20 24
 2455494.85 2010 10 25  8 16   2455494.91 2010 10 25  9 44   2455494.97 2010 10 25 11 11
 2455497.46 2010 10 27 23  3   2455497.52 2010 10 28  0 30   2455497.58 2010 10 28  1 58
 2455500.08 2010 10 30 13 50   2455500.14 2010 10 30 15 17   2455500.20 2010 10 30 16 44
 2455502.69 2010 11  2  4 37   2455502.75 2010 11  2  6  4   2455502.81 2010 11  2  7 31
 2455505.31 2010 11  4 19 24   2455505.37 2010 11  4 20 51   2455505.43 2010 11  4 22 18
 2455507.92 2010 11  7 10 10   2455507.98 2010 11  7 11 38   2455508.05 2010 11  7 13  5
 2455510.54 2010 11 10  0 57   2455510.60 2010 11 10  2 24   2455510.66 2010 11 10  3 52
 2455513.16 2010 11 12 15 44   2455513.22 2010 11 12 17 11   2455513.28 2010 11 12 18 38
 2455515.77 2010 11 15  6 31   2455515.83 2010 11 15  7 58   2455515.89 2010 11 15  9 25
 2455518.39 2010 11 17 21 17   2455518.45 2010 11 17 22 45   2455518.51 2010 11 18  0 12
 2455521.00 2010 11 20 12  4   2455521.06 2010 11 20 13 32   2455521.12 2010 11 20 14 59
 2455523.62 2010 11 23  2 51   2455523.68 2010 11 23  4 18   2455523.74 2010 11 23  5 46
 2455526.23 2010 11 25 17 38   2455526.30 2010 11 25 19  5   2455526.36 2010 11 25 20 33
 2455528.85 2010 11 28  8 25   2455528.91 2010 11 28  9 52   2455528.97 2010 11 28 11 19
 2455531.47 2010 11 30 23 11   2455531.53 2010 12  1  0 39   2455531.59 2010 12  1  2  6
 2455534.08 2010 12  3 13 58   2455534.14 2010 12  3 15 26   2455534.20 2010 12  3 16 53
 2455536.70 2010 12  6  4 45   2455536.76 2010 12  6  6 12   2455536.82 2010 12  6  7 40
 2455539.31 2010 12  8 19 32   2455539.37 2010 12  8 20 59   2455539.44 2010 12  8 22 27
 2455541.93 2010 12 11 10 19   2455541.99 2010 12 11 11 46   2455542.05 2010 12 11 13 13
 2455544.55 2010 12 14  1  5   2455544.61 2010 12 14  2 33   2455544.67 2010 12 14  4  0
 2455547.16 2010 12 16 15 52   2455547.22 2010 12 16 17 20   2455547.28 2010 12 16 18 47
 2455549.78 2010 12 19  6 39   2455549.84 2010 12 19  8  6   2455549.90 2010 12 19  9 34
 2455552.39 2010 12 21 21 26   2455552.45 2010 12 21 22 53   2455552.51 2010 12 22  0 21
 2455555.01 2010 12 24 12 13   2455555.07 2010 12 24 13 40   2455555.13 2010 12 24 15  8
 2455557.62 2010 12 27  2 59   2455557.69 2010 12 27  4 27   2455557.75 2010 12 27  5 54
 2455560.24 2010 12 29 17 46   2455560.30 2010 12 29 19 14   2455560.36 2010 12 29 20 41
 2455562.86 2011  1  1  8 33   2455562.92 2011  1  1 10  1   2455562.98 2011  1  1 11 28
 2455565.47 2011  1  3 23 20   2455565.53 2011  1  4  0 47   2455565.59 2011  1  4  2 15
 2455568.09 2011  1  6 14  7   2455568.15 2011  1  6 15 34   2455568.21 2011  1  6 17  2
 2455570.70 2011  1  9  4 53   2455570.76 2011  1  9  6 21   2455570.83 2011  1  9  7 48
 2455573.32 2011  1 11 19 40   2455573.38 2011  1 11 21  8   2455573.44 2011  1 11 22 35
 2455575.94 2011  1 14 10 27   2455576.00 2011  1 14 11 55   2455576.06 2011  1 14 13 22
 2455578.55 2011  1 17  1 14   2455578.61 2011  1 17  2 41   2455578.67 2011  1 17  4  9
 2455581.17 2011  1 19 16  1   2455581.23 2011  1 19 17 28   2455581.29 2011  1 19 18 56
 2455583.78 2011  1 22  6 47   2455583.84 2011  1 22  8 15   2455583.90 2011  1 22  9 43
 2455586.40 2011  1 24 21 34   2455586.46 2011  1 24 23  2   2455586.52 2011  1 25  0 29
 2455589.01 2011  1 27 12 21   2455589.08 2011  1 27 13 49   2455589.14 2011  1 27 15 16
 2455591.63 2011  1 30  3  8   2455591.69 2011  1 30  4 35   2455591.75 2011  1 30  6  3
 2455594.25 2011  2  1 17 55   2455594.31 2011  2  1 19 22   2455594.37 2011  2  1 20 50
 2455596.86 2011  2  4  8 41   2455596.92 2011  2  4 10  9   2455596.98 2011  2  4 11 37
 2455599.48 2011  2  6 23 28   2455599.54 2011  2  7  0 56   2455599.60 2011  2  7  2 24
 2455602.09 2011  2  9 14 15   2455602.15 2011  2  9 15 43   2455602.22 2011  2  9 17 10
 2455604.71 2011  2 12  5  2   2455604.77 2011  2 12  6 29   2455604.83 2011  2 12  7 57
 2455607.33 2011  2 14 19 49   2455607.39 2011  2 14 21 16   2455607.45 2011  2 14 22 44
 2455609.94 2011  2 17 10 35   2455610.00 2011  2 17 12  3   2455610.06 2011  2 17 13 31
 2455612.56 2011  2 20  1 22   2455612.62 2011  2 20  2 50   2455612.68 2011  2 20  4 18
 2455615.17 2011  2 22 16  9   2455615.23 2011  2 22 17 37   2455615.30 2011  2 22 19  4
 2455617.79 2011  2 25  6 56   2455617.85 2011  2 25  8 23   2455617.91 2011  2 25  9 51
 2455620.40 2011  2 27 21 42   2455620.47 2011  2 27 23 10   2455620.53 2011  2 28  0 38
 2455623.02 2011  3  2 12 29   2455623.08 2011  3  2 13 57   2455623.14 2011  3  2 15 25
 2455625.64 2011  3  5  3 16   2455625.70 2011  3  5  4 44   2455625.76 2011  3  5  6 12
 2455628.25 2011  3  7 18  3   2455628.31 2011  3  7 19 31   2455628.37 2011  3  7 20 59
 2455630.87 2011  3 10  8 50   2455630.93 2011  3 10 10 17   2455630.99 2011  3 10 11 45
 2455633.48 2011  3 12 23 36   2455633.55 2011  3 13  1  4   2455633.61 2011  3 13  2 32
 2455636.10 2011  3 15 14 23   2455636.16 2011  3 15 15 51   2455636.22 2011  3 15 17 19
 2455638.72 2011  3 18  5 10   2455638.78 2011  3 18  6 38   2455638.84 2011  3 18  8  6
 2455641.33 2011  3 20 19 57   2455641.39 2011  3 20 21 25   2455641.45 2011  3 20 22 53
 2455643.95 2011  3 23 10 44   2455644.01 2011  3 23 12 12   2455644.07 2011  3 23 13 39
 2455646.56 2011  3 26  1 30   2455646.62 2011  3 26  2 58   2455646.69 2011  3 26  4 26
 2455649.18 2011  3 28 16 17   2455649.24 2011  3 28 17 45   2455649.30 2011  3 28 19 13
 2455651.79 2011  3 31  7  4   2455651.86 2011  3 31  8 32   2455651.92 2011  3 31 10  0
 2455654.41 2011  4  2 21 51   2455654.47 2011  4  2 23 19   2455654.53 2011  4  3  0 47
 2455657.03 2011  4  5 12 38   2455657.09 2011  4  5 14  6   2455657.15 2011  4  5 15 34
 2455659.64 2011  4  8  3 24   2455659.70 2011  4  8  4 52   2455659.76 2011  4  8  6 20
 2455662.26 2011  4 10 18 11   2455662.32 2011  4 10 19 39   2455662.38 2011  4 10 21  7
 2455664.87 2011  4 13  8 58   2455664.94 2011  4 13 10 26   2455665.00 2011  4 13 11 54
 2455667.49 2011  4 15 23 45   2455667.55 2011  4 16  1 13   2455667.61 2011  4 16  2 41
 2455670.11 2011  4 18 14 32   2455670.17 2011  4 18 16  0   2455670.23 2011  4 18 17 28
 2455672.72 2011  4 21  5 18   2455672.78 2011  4 21  6 46   2455672.84 2011  4 21  8 14
 2455675.34 2011  4 23 20  5   2455675.40 2011  4 23 21 33   2455675.46 2011  4 23 23  1
 2455677.95 2011  4 26 10 52   2455678.01 2011  4 26 12 20   2455678.08 2011  4 26 13 48
 2455680.57 2011  4 29  1 39   2455680.63 2011  4 29  3  7   2455680.69 2011  4 29  4 35
 2455683.18 2011  5  1 16 26   2455683.25 2011  5  1 17 54   2455683.31 2011  5  1 19 22
 2455685.80 2011  5  4  7 12   2455685.86 2011  5  4  8 40   2455685.92 2011  5  4 10  9
 2455688.42 2011  5  6 21 59   2455688.48 2011  5  6 23 27   2455688.54 2011  5  7  0 55
 2455691.03 2011  5  9 12 46   2455691.09 2011  5  9 14 14   2455691.15 2011  5  9 15 42
 2455693.65 2011  5 12  3 33   2455693.71 2011  5 12  5  1   2455693.77 2011  5 12  6 29
 2455696.26 2011  5 14 18 20   2455696.33 2011  5 14 19 48   2455696.39 2011  5 14 21 16
 2455698.88 2011  5 17  9  6   2455698.94 2011  5 17 10 34   2455699.00 2011  5 17 12  3
 2455701.50 2011  5 19 23 53   2455701.56 2011  5 20  1 21   2455701.62 2011  5 20  2 49
 2455704.11 2011  5 22 14 40   2455704.17 2011  5 22 16  8   2455704.23 2011  5 22 17 36
 2455706.73 2011  5 25  5 27   2455706.79 2011  5 25  6 55   2455706.85 2011  5 25  8 23
 2455709.34 2011  5 27 20 14   2455709.40 2011  5 27 21 42   2455709.47 2011  5 27 23 10
 2455711.96 2011  5 30 11  0   2455712.02 2011  5 30 12 29   2455712.08 2011  5 30 13 57
 2455714.57 2011  6  2  1 47   2455714.64 2011  6  2  3 15   2455714.70 2011  6  2  4 44
 2455717.19 2011  6  4 16 34   2455717.25 2011  6  4 18  2   2455717.31 2011  6  4 19 30
 2455719.81 2011  6  7  7 21   2455719.87 2011  6  7  8 49   2455719.93 2011  6  7 10 17
 2455722.42 2011  6  9 22  8   2455722.48 2011  6  9 23 36   2455722.54 2011  6 10  1  4
 2455725.04 2011  6 12 12 54   2455725.10 2011  6 12 14 23   2455725.16 2011  6 12 15 51
 2455727.65 2011  6 15  3 41   2455727.72 2011  6 15  5  9   2455727.78 2011  6 15  6 38
 2455730.27 2011  6 17 18 28   2455730.33 2011  6 17 19 56   2455730.39 2011  6 17 21 24
 2455732.89 2011  6 20  9 15   2455732.95 2011  6 20 10 43   2455733.01 2011  6 20 12 11
 2455735.50 2011  6 23  0  1   2455735.56 2011  6 23  1 30   2455735.62 2011  6 23  2 58
 2455738.12 2011  6 25 14 48   2455738.18 2011  6 25 16 17   2455738.24 2011  6 25 17 45
 2455740.73 2011  6 28  5 35   2455740.79 2011  6 28  7  3   2455740.86 2011  6 28  8 32
 2455743.35 2011  6 30 20 22   2455743.41 2011  6 30 21 50   2455743.47 2011  6 30 23 19
 2455745.96 2011  7  3 11  9   2455746.03 2011  7  3 12 37   2455746.09 2011  7  3 14  5
 2455748.58 2011  7  6  1 55   2455748.64 2011  7  6  3 24   2455748.70 2011  7  6  4 52
 2455751.20 2011  7  8 16 42   2455751.26 2011  7  8 18 11   2455751.32 2011  7  8 19 39
 2455753.81 2011  7 11  7 29   2455753.87 2011  7 11  8 57   2455753.93 2011  7 11 10 26
 2455756.43 2011  7 13 22 16   2455756.49 2011  7 13 23 44   2455756.55 2011  7 14  1 13
 2455759.04 2011  7 16 13  3   2455759.11 2011  7 16 14 31   2455759.17 2011  7 16 15 59
 2455761.66 2011  7 19  3 49   2455761.72 2011  7 19  5 18   2455761.78 2011  7 19  6 46
 2455764.28 2011  7 21 18 36   2455764.34 2011  7 21 20  5   2455764.40 2011  7 21 21 33
 2455766.89 2011  7 24  9 23   2455766.95 2011  7 24 10 51   2455767.01 2011  7 24 12 20
 2455769.51 2011  7 27  0 10   2455769.57 2011  7 27  1 38   2455769.63 2011  7 27  3  7
 2455772.12 2011  7 29 14 57   2455772.18 2011  7 29 16 25   2455772.25 2011  7 29 17 54
 2455774.74 2011  8  1  5 43   2455774.80 2011  8  1  7 12   2455774.86 2011  8  1  8 40
