 Predicted Transit Epochs: XO-3_____ b

Observed Transit Duration:  172.8 Minutes

 Begin Transit Window           PREDICTED CENTRAL TRANSIT     End Transit Window
                                     All Times UT

                               HJD        Year M  D  H  M
 2454462.58 2007 12 28  1 57   2454462.68 2007 12 28  4 20   2454462.78 2007 12 28  6 43
 2454465.77 2007 12 31  6 33   2454465.87 2007 12 31  8 56   2454465.97 2007 12 31 11 19
 2454468.96 2008  1  3 11  8   2454469.06 2008  1  3 13 31   2454469.16 2008  1  3 15 55
 2454472.16 2008  1  6 15 44   2454472.26 2008  1  6 18  7   2454472.36 2008  1  6 20 31
 2454475.35 2008  1  9 20 19   2454475.45 2008  1  9 22 43   2454475.55 2008  1 10  1  7
 2454478.54 2008  1 13  0 55   2454478.64 2008  1 13  3 19   2454478.74 2008  1 13  5 43
 2454481.73 2008  1 16  5 31   2454481.83 2008  1 16  7 55   2454481.93 2008  1 16 10 19
 2454484.92 2008  1 19 10  6   2454485.02 2008  1 19 12 31   2454485.12 2008  1 19 14 55
 2454488.11 2008  1 22 14 42   2454488.21 2008  1 22 17  6   2454488.31 2008  1 22 19 31
 2454491.30 2008  1 25 19 17   2454491.40 2008  1 25 21 42   2454491.51 2008  1 26  0  7
 2454494.50 2008  1 28 23 53   2454494.60 2008  1 29  2 18   2454494.70 2008  1 29  4 43
 2454497.69 2008  2  1  4 29   2454497.79 2008  2  1  6 54   2454497.89 2008  2  1  9 19
 2454500.88 2008  2  4  9  4   2454500.98 2008  2  4 11 30   2454501.08 2008  2  4 13 55
 2454504.07 2008  2  7 13 40   2454504.17 2008  2  7 16  5   2454504.27 2008  2  7 18 31
 2454507.26 2008  2 10 18 16   2454507.36 2008  2 10 20 41   2454507.46 2008  2 10 23  7
 2454510.45 2008  2 13 22 51   2454510.55 2008  2 14  1 17   2454510.66 2008  2 14  3 43
 2454513.64 2008  2 17  3 27   2454513.75 2008  2 17  5 53   2454513.85 2008  2 17  8 19
 2454516.84 2008  2 20  8  2   2454516.94 2008  2 20 10 29   2454517.04 2008  2 20 12 55
 2454520.03 2008  2 23 12 38   2454520.13 2008  2 23 15  5   2454520.23 2008  2 23 17 31
 2454523.22 2008  2 26 17 14   2454523.32 2008  2 26 19 40   2454523.42 2008  2 26 22  7
 2454526.41 2008  2 29 21 49   2454526.51 2008  3  1  0 16   2454526.61 2008  3  1  2 43
 2454529.60 2008  3  4  2 25   2454529.70 2008  3  4  4 52   2454529.81 2008  3  4  7 19
 2454532.79 2008  3  7  7  1   2454532.89 2008  3  7  9 28   2454533.00 2008  3  7 11 55
 2454535.98 2008  3 10 11 36   2454536.09 2008  3 10 14  4   2454536.19 2008  3 10 16 31
 2454539.18 2008  3 13 16 12   2454539.28 2008  3 13 18 39   2454539.38 2008  3 13 21  7
 2454542.37 2008  3 16 20 47   2454542.47 2008  3 16 23 15   2454542.57 2008  3 17  1 43
 2454545.56 2008  3 20  1 23   2454545.66 2008  3 20  3 51   2454545.76 2008  3 20  6 19
 2454548.75 2008  3 23  5 59   2454548.85 2008  3 23  8 27   2454548.96 2008  3 23 10 55
 2454551.94 2008  3 26 10 34   2454552.04 2008  3 26 13  3   2454552.15 2008  3 26 15 31
 2454555.13 2008  3 29 15 10   2454555.24 2008  3 29 17 39   2454555.34 2008  3 29 20  7
 2454558.32 2008  4  1 19 46   2454558.43 2008  4  1 22 14   2454558.53 2008  4  2  0 43
 2454561.52 2008  4  5  0 21   2454561.62 2008  4  5  2 50   2454561.72 2008  4  5  5 19
 2454564.71 2008  4  8  4 57   2454564.81 2008  4  8  7 26   2454564.91 2008  4  8  9 55
 2454567.90 2008  4 11  9 32   2454568.00 2008  4 11 12  2   2454568.11 2008  4 11 14 31
 2454571.09 2008  4 14 14  8   2454571.19 2008  4 14 16 38   2454571.30 2008  4 14 19  7
 2454574.28 2008  4 17 18 44   2454574.38 2008  4 17 21 14   2454574.49 2008  4 17 23 43
 2454577.47 2008  4 20 23 19   2454577.58 2008  4 21  1 49   2454577.68 2008  4 21  4 19
 2454580.66 2008  4 24  3 55   2454580.77 2008  4 24  6 25   2454580.87 2008  4 24  8 55
 2454583.85 2008  4 27  8 30   2454583.96 2008  4 27 11  1   2454584.06 2008  4 27 13 32
 2454587.05 2008  4 30 13  6   2454587.15 2008  4 30 15 37   2454587.26 2008  4 30 18  8
 2454590.24 2008  5  3 17 42   2454590.34 2008  5  3 20 13   2454590.45 2008  5  3 22 44
 2454593.43 2008  5  6 22 17   2454593.53 2008  5  7  0 48   2454593.64 2008  5  7  3 20
 2454596.62 2008  5 10  2 53   2454596.73 2008  5 10  5 24   2454596.83 2008  5 10  7 56
 2454599.81 2008  5 13  7 29   2454599.92 2008  5 13 10  0   2454600.02 2008  5 13 12 32
 2454603.00 2008  5 16 12  4   2454603.11 2008  5 16 14 36   2454603.21 2008  5 16 17  8
 2454606.19 2008  5 19 16 40   2454606.30 2008  5 19 19 12   2454606.41 2008  5 19 21 44
 2454609.39 2008  5 22 21 15   2454609.49 2008  5 22 23 48   2454609.60 2008  5 23  2 20
 2454612.58 2008  5 26  1 51   2454612.68 2008  5 26  4 23   2454612.79 2008  5 26  6 56
 2454615.77 2008  5 29  6 27   2454615.87 2008  5 29  8 59   2454615.98 2008  5 29 11 32
 2454618.96 2008  6  1 11  2   2454619.07 2008  6  1 13 35   2454619.17 2008  6  1 16  8
 2454622.15 2008  6  4 15 38   2454622.26 2008  6  4 18 11   2454622.36 2008  6  4 20 44
 2454625.34 2008  6  7 20 14   2454625.45 2008  6  7 22 47   2454625.56 2008  6  8  1 20
 2454628.53 2008  6 11  0 49   2454628.64 2008  6 11  3 22   2454628.75 2008  6 11  5 56
 2454631.73 2008  6 14  5 25   2454631.83 2008  6 14  7 58   2454631.94 2008  6 14 10 32
 2454634.92 2008  6 17 10  0   2454635.02 2008  6 17 12 34   2454635.13 2008  6 17 15  8
 2454638.11 2008  6 20 14 36   2454638.22 2008  6 20 17 10   2454638.32 2008  6 20 19 44
 2454641.30 2008  6 23 19 12   2454641.41 2008  6 23 21 46   2454641.51 2008  6 24  0 20
 2454644.49 2008  6 26 23 47   2454644.60 2008  6 27  2 22   2454644.71 2008  6 27  4 56
 2454647.68 2008  6 30  4 23   2454647.79 2008  6 30  6 57   2454647.90 2008  6 30  9 32
 2454650.87 2008  7  3  8 58   2454650.98 2008  7  3 11 33   2454651.09 2008  7  3 14  8
 2454654.07 2008  7  6 13 34   2454654.17 2008  7  6 16  9   2454654.28 2008  7  6 18 44
 2454657.26 2008  7  9 18 10   2454657.36 2008  7  9 20 45   2454657.47 2008  7  9 23 20
 2454660.45 2008  7 12 22 45   2454660.56 2008  7 13  1 21   2454660.66 2008  7 13  3 56
 2454663.64 2008  7 16  3 21   2454663.75 2008  7 16  5 57   2454663.86 2008  7 16  8 32
 2454666.83 2008  7 19  7 57   2454666.94 2008  7 19 10 32   2454667.05 2008  7 19 13  8
 2454670.02 2008  7 22 12 32   2454670.13 2008  7 22 15  8   2454670.24 2008  7 22 17 44
 2454673.21 2008  7 25 17  8   2454673.32 2008  7 25 19 44   2454673.43 2008  7 25 22 20
 2454676.41 2008  7 28 21 43   2454676.51 2008  7 29  0 20   2454676.62 2008  7 29  2 56
 2454679.60 2008  8  1  2 19   2454679.71 2008  8  1  4 56   2454679.81 2008  8  1  7 32
 2454682.79 2008  8  4  6 55   2454682.90 2008  8  4  9 31   2454683.01 2008  8  4 12  8
 2454685.98 2008  8  7 11 30   2454686.09 2008  8  7 14  7   2454686.20 2008  8  7 16 44
 2454689.17 2008  8 10 16  6   2454689.28 2008  8 10 18 43   2454689.39 2008  8 10 21 20
 2454692.36 2008  8 13 20 42   2454692.47 2008  8 13 23 19   2454692.58 2008  8 14  1 56
 2454695.55 2008  8 17  1 17   2454695.66 2008  8 17  3 55   2454695.77 2008  8 17  6 32
 2454698.75 2008  8 20  5 53   2454698.85 2008  8 20  8 31   2454698.96 2008  8 20 11  8
 2454701.94 2008  8 23 10 28   2454702.05 2008  8 23 13  6   2454702.16 2008  8 23 15 44
 2454705.13 2008  8 26 15  4   2454705.24 2008  8 26 17 42   2454705.35 2008  8 26 20 20
 2454708.32 2008  8 29 19 40   2454708.43 2008  8 29 22 18   2454708.54 2008  8 30  0 56
 2454711.51 2008  9  2  0 15   2454711.62 2008  9  2  2 54   2454711.73 2008  9  2  5 32
 2454714.70 2008  9  5  4 51   2454714.81 2008  9  5  7 30   2454714.92 2008  9  5 10  8
 2454717.89 2008  9  8  9 26   2454718.00 2008  9  8 12  5   2454718.11 2008  9  8 14 44
 2454721.09 2008  9 11 14  2   2454721.20 2008  9 11 16 41   2454721.31 2008  9 11 19 20
 2454724.28 2008  9 14 18 38   2454724.39 2008  9 14 21 17   2454724.50 2008  9 14 23 57
 2454727.47 2008  9 17 23 13   2454727.58 2008  9 18  1 53   2454727.69 2008  9 18  4 33
 2454730.66 2008  9 21  3 49   2454730.77 2008  9 21  6 29   2454730.88 2008  9 21  9  9
 2454733.85 2008  9 24  8 25   2454733.96 2008  9 24 11  5   2454734.07 2008  9 24 13 45
 2454737.04 2008  9 27 13  0   2454737.15 2008  9 27 15 40   2454737.26 2008  9 27 18 21
 2454740.23 2008  9 30 17 36   2454740.34 2008  9 30 20 16   2454740.46 2008  9 30 22 57
 2454743.42 2008 10  3 22 11   2454743.54 2008 10  4  0 52   2454743.65 2008 10  4  3 33
 2454746.62 2008 10  7  2 47   2454746.73 2008 10  7  5 28   2454746.84 2008 10  7  8  9
 2454749.81 2008 10 10  7 23   2454749.92 2008 10 10 10  4   2454750.03 2008 10 10 12 45
 2454753.00 2008 10 13 11 58   2454753.11 2008 10 13 14 40   2454753.22 2008 10 13 17 21
 2454756.19 2008 10 16 16 34   2454756.30 2008 10 16 19 15   2454756.41 2008 10 16 21 57
 2454759.38 2008 10 19 21 10   2454759.49 2008 10 19 23 51   2454759.61 2008 10 20  2 33
 2454762.57 2008 10 23  1 45   2454762.69 2008 10 23  4 27   2454762.80 2008 10 23  7  9
 2454765.76 2008 10 26  6 21   2454765.88 2008 10 26  9  3   2454765.99 2008 10 26 11 45
 2454768.96 2008 10 29 10 56   2454769.07 2008 10 29 13 39   2454769.18 2008 10 29 16 21
 2454772.15 2008 11  1 15 32   2454772.26 2008 11  1 18 14   2454772.37 2008 11  1 20 57
 2454775.34 2008 11  4 20  8   2454775.45 2008 11  4 22 50   2454775.56 2008 11  5  1 33
 2454778.53 2008 11  8  0 43   2454778.64 2008 11  8  3 26   2454778.76 2008 11  8  6  9
 2454781.72 2008 11 11  5 19   2454781.84 2008 11 11  8  2   2454781.95 2008 11 11 10 45
 2454784.91 2008 11 14  9 55   2454785.03 2008 11 14 12 38   2454785.14 2008 11 14 15 21
 2454788.10 2008 11 17 14 30   2454788.22 2008 11 17 17 14   2454788.33 2008 11 17 19 57
 2454791.30 2008 11 20 19  6   2454791.41 2008 11 20 21 49   2454791.52 2008 11 21  0 33
 2454794.49 2008 11 23 23 41   2454794.60 2008 11 24  2 25   2454794.71 2008 11 24  5  9
 2454797.68 2008 11 27  4 17   2454797.79 2008 11 27  7  1   2454797.91 2008 11 27  9 45
 2454800.87 2008 11 30  8 53   2454800.98 2008 11 30 11 37   2454801.10 2008 11 30 14 21
 2454804.06 2008 12  3 13 28   2454804.18 2008 12  3 16 13   2454804.29 2008 12  3 18 57
 2454807.25 2008 12  6 18  4   2454807.37 2008 12  6 20 48   2454807.48 2008 12  6 23 33
 2454810.44 2008 12  9 22 39   2454810.56 2008 12 10  1 24   2454810.67 2008 12 10  4  9
 2454813.64 2008 12 13  3 15   2454813.75 2008 12 13  6  0   2454813.87 2008 12 13  8 45
 2454816.83 2008 12 16  7 51   2454816.94 2008 12 16 10 36   2454817.06 2008 12 16 13 21
 2454820.02 2008 12 19 12 26   2454820.13 2008 12 19 15 12   2454820.25 2008 12 19 17 57
 2454823.21 2008 12 22 17  2   2454823.33 2008 12 22 19 48   2454823.44 2008 12 22 22 33
 2454826.40 2008 12 25 21 38   2454826.52 2008 12 26  0 23   2454826.63 2008 12 26  3  9
 2454829.59 2008 12 29  2 13   2454829.71 2008 12 29  4 59   2454829.82 2008 12 29  7 45
 2454832.78 2009  1  1  6 49   2454832.90 2009  1  1  9 35   2454833.02 2009  1  1 12 21
 2454835.98 2009  1  4 11 24   2454836.09 2009  1  4 14 11   2454836.21 2009  1  4 16 57
 2454839.17 2009  1  7 16  0   2454839.28 2009  1  7 18 47   2454839.40 2009  1  7 21 33
 2454842.36 2009  1 10 20 36   2454842.47 2009  1 10 23 23   2454842.59 2009  1 11  2  9
 2454845.55 2009  1 14  1 11   2454845.67 2009  1 14  3 58   2454845.78 2009  1 14  6 45
 2454848.74 2009  1 17  5 47   2454848.86 2009  1 17  8 34   2454848.97 2009  1 17 11 21
 2454851.93 2009  1 20 10 23   2454852.05 2009  1 20 13 10   2454852.17 2009  1 20 15 57
 2454855.12 2009  1 23 14 58   2454855.24 2009  1 23 17 46   2454855.36 2009  1 23 20 33
 2454858.32 2009  1 26 19 34   2454858.43 2009  1 26 22 22   2454858.55 2009  1 27  1  9
 2454861.51 2009  1 30  0  9   2454861.62 2009  1 30  2 57   2454861.74 2009  1 30  5 45
 2454864.70 2009  2  2  4 45   2454864.82 2009  2  2  7 33   2454864.93 2009  2  2 10 22
 2454867.89 2009  2  5  9 21   2454868.01 2009  2  5 12  9   2454868.12 2009  2  5 14 58
 2454871.08 2009  2  8 13 56   2454871.20 2009  2  8 16 45   2454871.32 2009  2  8 19 34
 2454874.27 2009  2 11 18 32   2454874.39 2009  2 11 21 21   2454874.51 2009  2 12  0 10
 2454877.46 2009  2 14 23  7   2454877.58 2009  2 15  1 57   2454877.70 2009  2 15  4 46
 2454880.66 2009  2 18  3 43   2454880.77 2009  2 18  6 32   2454880.89 2009  2 18  9 22
 2454883.85 2009  2 21  8 19   2454883.96 2009  2 21 11  8   2454884.08 2009  2 21 13 58
 2454887.04 2009  2 24 12 54   2454887.16 2009  2 24 15 44   2454887.27 2009  2 24 18 34
 2454890.23 2009  2 27 17 30   2454890.35 2009  2 27 20 20   2454890.47 2009  2 27 23 10
 2454893.42 2009  3  2 22  6   2454893.54 2009  3  3  0 56   2454893.66 2009  3  3  3 46
 2454896.61 2009  3  6  2 41   2454896.73 2009  3  6  5 31   2454896.85 2009  3  6  8 22
 2454899.80 2009  3  9  7 17   2454899.92 2009  3  9 10  7   2454900.04 2009  3  9 12 58
 2454903.00 2009  3 12 11 52   2454903.11 2009  3 12 14 43   2454903.23 2009  3 12 17 34
 2454906.19 2009  3 15 16 28   2454906.31 2009  3 15 19 19   2454906.42 2009  3 15 22 10
 2454909.38 2009  3 18 21  4   2454909.50 2009  3 18 23 55   2454909.62 2009  3 19  2 46
 2454912.57 2009  3 22  1 39   2454912.69 2009  3 22  4 31   2454912.81 2009  3 22  7 22
 2454915.76 2009  3 25  6 15   2454915.88 2009  3 25  9  6   2454916.00 2009  3 25 11 58
 2454918.95 2009  3 28 10 51   2454919.07 2009  3 28 13 42   2454919.19 2009  3 28 16 34
 2454922.14 2009  3 31 15 26   2454922.26 2009  3 31 18 18   2454922.38 2009  3 31 21 10
 2454925.33 2009  4  3 20  2   2454925.45 2009  4  3 22 54   2454925.57 2009  4  4  1 46
 2454928.53 2009  4  7  0 37   2454928.65 2009  4  7  3 30   2454928.77 2009  4  7  6 22
 2454931.72 2009  4 10  5 13   2454931.84 2009  4 10  8  6   2454931.96 2009  4 10 10 58
 2454934.91 2009  4 13  9 49   2454935.03 2009  4 13 12 41   2454935.15 2009  4 13 15 34
 2454938.10 2009  4 16 14 24   2454938.22 2009  4 16 17 17   2454938.34 2009  4 16 20 10
 2454941.29 2009  4 19 19  0   2454941.41 2009  4 19 21 53   2454941.53 2009  4 20  0 46
 2454944.48 2009  4 22 23 35   2454944.60 2009  4 23  2 29   2454944.72 2009  4 23  5 22
 2454947.67 2009  4 26  4 11   2454947.80 2009  4 26  7  5   2454947.92 2009  4 26  9 58
 2454950.87 2009  4 29  8 47   2454950.99 2009  4 29 11 40   2454951.11 2009  4 29 14 34
 2454954.06 2009  5  2 13 22   2454954.18 2009  5  2 16 16   2454954.30 2009  5  2 19 10
 2454957.25 2009  5  5 17 58   2454957.37 2009  5  5 20 52   2454957.49 2009  5  5 23 46
 2454960.44 2009  5  8 22 34   2454960.56 2009  5  9  1 28   2454960.68 2009  5  9  4 22
 2454963.63 2009  5 12  3  9   2454963.75 2009  5 12  6  4   2454963.87 2009  5 12  8 58
 2454966.82 2009  5 15  7 45   2454966.94 2009  5 15 10 40   2454967.07 2009  5 15 13 34
 2454970.01 2009  5 18 12 20   2454970.14 2009  5 18 15 15   2454970.26 2009  5 18 18 10
 2454973.21 2009  5 21 16 56   2454973.33 2009  5 21 19 51   2454973.45 2009  5 21 22 46
 2454976.40 2009  5 24 21 32   2454976.52 2009  5 25  0 27   2454976.64 2009  5 25  3 22
 2454979.59 2009  5 28  2  7   2454979.71 2009  5 28  5  3   2454979.83 2009  5 28  7 58
 2454982.78 2009  5 31  6 43   2454982.90 2009  5 31  9 39   2454983.02 2009  5 31 12 34
 2454985.97 2009  6  3 11 19   2454986.09 2009  6  3 14 14   2454986.22 2009  6  3 17 10
 2454989.16 2009  6  6 15 54   2454989.29 2009  6  6 18 50   2454989.41 2009  6  6 21 46
 2454992.35 2009  6  9 20 30   2454992.48 2009  6  9 23 26   2454992.60 2009  6 10  2 22
 2454995.55 2009  6 13  1  5   2454995.67 2009  6 13  4  2   2454995.79 2009  6 13  6 58
 2454998.74 2009  6 16  5 41   2454998.86 2009  6 16  8 38   2454998.98 2009  6 16 11 34
 2455001.93 2009  6 19 10 17   2455002.05 2009  6 19 13 14   2455002.17 2009  6 19 16 11
 2455005.12 2009  6 22 14 52   2455005.24 2009  6 22 17 49   2455005.37 2009  6 22 20 47
 2455008.31 2009  6 25 19 28   2455008.43 2009  6 25 22 25   2455008.56 2009  6 26  1 23
 2455011.50 2009  6 29  0  4   2455011.63 2009  6 29  3  1   2455011.75 2009  6 29  5 59
 2455014.69 2009  7  2  4 39   2455014.82 2009  7  2  7 37   2455014.94 2009  7  2 10 35
 2455017.89 2009  7  5  9 15   2455018.01 2009  7  5 12 13   2455018.13 2009  7  5 15 11
 2455021.08 2009  7  8 13 50   2455021.20 2009  7  8 16 49   2455021.32 2009  7  8 19 47
 2455024.27 2009  7 11 18 26   2455024.39 2009  7 11 21 24   2455024.52 2009  7 12  0 23
 2455027.46 2009  7 14 23  2   2455027.58 2009  7 15  2  0   2455027.71 2009  7 15  4 59
 2455030.65 2009  7 18  3 37   2455030.78 2009  7 18  6 36   2455030.90 2009  7 18  9 35
 2455033.84 2009  7 21  8 13   2455033.97 2009  7 21 11 12   2455034.09 2009  7 21 14 11
 2455037.03 2009  7 24 12 48   2455037.16 2009  7 24 15 48   2455037.28 2009  7 24 18 47
 2455040.23 2009  7 27 17 24   2455040.35 2009  7 27 20 23   2455040.47 2009  7 27 23 23
 2455043.42 2009  7 30 22  0   2455043.54 2009  7 31  0 59   2455043.67 2009  7 31  3 59
 2455046.61 2009  8  3  2 35   2455046.73 2009  8  3  5 35   2455046.86 2009  8  3  8 35
 2455049.80 2009  8  6  7 11   2455049.92 2009  8  6 10 11   2455050.05 2009  8  6 13 11
 2455052.99 2009  8  9 11 47   2455053.12 2009  8  9 14 47   2455053.24 2009  8  9 17 47
 2455056.18 2009  8 12 16 22   2455056.31 2009  8 12 19 23   2455056.43 2009  8 12 22 23
 2455059.37 2009  8 15 20 58   2455059.50 2009  8 15 23 58   2455059.62 2009  8 16  2 59
 2455062.57 2009  8 19  1 33   2455062.69 2009  8 19  4 34   2455062.82 2009  8 19  7 35
 2455065.76 2009  8 22  6  9   2455065.88 2009  8 22  9 10   2455066.01 2009  8 22 12 11
 2455068.95 2009  8 25 10 45   2455069.07 2009  8 25 13 46   2455069.20 2009  8 25 16 47
 2455072.14 2009  8 28 15 20   2455072.27 2009  8 28 18 22   2455072.39 2009  8 28 21 23
 2455075.33 2009  8 31 19 56   2455075.46 2009  8 31 22 57   2455075.58 2009  9  1  1 59
 2455078.52 2009  9  4  0 32   2455078.65 2009  9  4  3 33   2455078.77 2009  9  4  6 35
 2455081.71 2009  9  7  5  7   2455081.84 2009  9  7  8  9   2455081.97 2009  9  7 11 11
 2455084.91 2009  9 10  9 43   2455085.03 2009  9 10 12 45   2455085.16 2009  9 10 15 47
 2455088.10 2009  9 13 14 18   2455088.22 2009  9 13 17 21   2455088.35 2009  9 13 20 23
 2455091.29 2009  9 16 18 54   2455091.41 2009  9 16 21 57   2455091.54 2009  9 17  0 59
 2455094.48 2009  9 19 23 30   2455094.61 2009  9 20  2 32   2455094.73 2009  9 20  5 35
 2455097.67 2009  9 23  4  5   2455097.80 2009  9 23  7  8   2455097.92 2009  9 23 10 11
 2455100.86 2009  9 26  8 41   2455100.99 2009  9 26 11 44   2455101.12 2009  9 26 14 47
 2455104.05 2009  9 29 13 16   2455104.18 2009  9 29 16 20   2455104.31 2009  9 29 19 23
 2455107.24 2009 10  2 17 52   2455107.37 2009 10  2 20 56   2455107.50 2009 10  2 23 59
 2455110.44 2009 10  5 22 28   2455110.56 2009 10  6  1 32   2455110.69 2009 10  6  4 35
 2455113.63 2009 10  9  3  3   2455113.76 2009 10  9  6  7   2455113.88 2009 10  9  9 11
 2455116.82 2009 10 12  7 39   2455116.95 2009 10 12 10 43   2455117.07 2009 10 12 13 47
 2455120.01 2009 10 15 12 15   2455120.14 2009 10 15 15 19   2455120.27 2009 10 15 18 23
 2455123.20 2009 10 18 16 50   2455123.33 2009 10 18 19 55   2455123.46 2009 10 18 22 59
 2455126.39 2009 10 21 21 26   2455126.52 2009 10 22  0 31   2455126.65 2009 10 22  3 35
 2455129.58 2009 10 25  2  1   2455129.71 2009 10 25  5  6   2455129.84 2009 10 25  8 11
 2455132.78 2009 10 28  6 37   2455132.90 2009 10 28  9 42   2455133.03 2009 10 28 12 47
 2455135.97 2009 10 31 11 13   2455136.10 2009 10 31 14 18   2455136.22 2009 10 31 17 23
 2455139.16 2009 11  3 15 48   2455139.29 2009 11  3 18 54   2455139.42 2009 11  3 21 59
 2455142.35 2009 11  6 20 24   2455142.48 2009 11  6 23 30   2455142.61 2009 11  7  2 36
 2455145.54 2009 11 10  1  0   2455145.67 2009 11 10  4  6   2455145.80 2009 11 10  7 12
 2455148.73 2009 11 13  5 35   2455148.86 2009 11 13  8 41   2455148.99 2009 11 13 11 48
 2455151.92 2009 11 16 10 11   2455152.05 2009 11 16 13 17   2455152.18 2009 11 16 16 24
 2455155.12 2009 11 19 14 46   2455155.25 2009 11 19 17 53   2455155.38 2009 11 19 21  0
 2455158.31 2009 11 22 19 22   2455158.44 2009 11 22 22 29   2455158.57 2009 11 23  1 36
 2455161.50 2009 11 25 23 58   2455161.63 2009 11 26  3  5   2455161.76 2009 11 26  6 12
 2455164.69 2009 11 29  4 33   2455164.82 2009 11 29  7 40   2455164.95 2009 11 29 10 48
 2455167.88 2009 12  2  9  9   2455168.01 2009 12  2 12 16   2455168.14 2009 12  2 15 24
 2455171.07 2009 12  5 13 45   2455171.20 2009 12  5 16 52   2455171.33 2009 12  5 20  0
 2455174.26 2009 12  8 18 20   2455174.39 2009 12  8 21 28   2455174.53 2009 12  9  0 36
 2455177.46 2009 12 11 22 56   2455177.59 2009 12 12  2  4   2455177.72 2009 12 12  5 12
 2455180.65 2009 12 15  3 31   2455180.78 2009 12 15  6 40   2455180.91 2009 12 15  9 48
 2455183.84 2009 12 18  8  7   2455183.97 2009 12 18 11 15   2455184.10 2009 12 18 14 24
 2455187.03 2009 12 21 12 43   2455187.16 2009 12 21 15 51   2455187.29 2009 12 21 19  0
 2455190.22 2009 12 24 17 18   2455190.35 2009 12 24 20 27   2455190.48 2009 12 24 23 36
 2455193.41 2009 12 27 21 54   2455193.54 2009 12 28  1  3   2455193.68 2009 12 28  4 12
 2455196.60 2009 12 31  2 29   2455196.74 2009 12 31  5 39   2455196.87 2009 12 31  8 48
 2455199.80 2010  1  3  7  5   2455199.93 2010  1  3 10 15   2455200.06 2010  1  3 13 24
 2455202.99 2010  1  6 11 41   2455203.12 2010  1  6 14 50   2455203.25 2010  1  6 18  0
 2455206.18 2010  1  9 16 16   2455206.31 2010  1  9 19 26   2455206.44 2010  1  9 22 36
 2455209.37 2010  1 12 20 52   2455209.50 2010  1 13  0  2   2455209.63 2010  1 13  3 12
 2455212.56 2010  1 16  1 28   2455212.69 2010  1 16  4 38   2455212.83 2010  1 16  7 48
 2455215.75 2010  1 19  6  3   2455215.88 2010  1 19  9 14   2455216.02 2010  1 19 12 24
 2455218.94 2010  1 22 10 39   2455219.08 2010  1 22 13 49   2455219.21 2010  1 22 17  0
 2455222.14 2010  1 25 15 14   2455222.27 2010  1 25 18 25   2455222.40 2010  1 25 21 36
 2455225.33 2010  1 28 19 50   2455225.46 2010  1 28 23  1   2455225.59 2010  1 29  2 12
 2455228.52 2010  2  1  0 26   2455228.65 2010  2  1  3 37   2455228.78 2010  2  1  6 48
 2455231.71 2010  2  4  5  1   2455231.84 2010  2  4  8 13   2455231.98 2010  2  4 11 24
 2455234.90 2010  2  7  9 37   2455235.03 2010  2  7 12 49   2455235.17 2010  2  7 16  0
 2455238.09 2010  2 10 14 13   2455238.23 2010  2 10 17 24   2455238.36 2010  2 10 20 36
 2455241.28 2010  2 13 18 48   2455241.42 2010  2 13 22  0   2455241.55 2010  2 14  1 12
 2455244.48 2010  2 16 23 24   2455244.61 2010  2 17  2 36   2455244.74 2010  2 17  5 48
 2455247.67 2010  2 20  3 59   2455247.80 2010  2 20  7 12   2455247.93 2010  2 20 10 24
 2455250.86 2010  2 23  8 35   2455250.99 2010  2 23 11 48   2455251.13 2010  2 23 15  0
 2455254.05 2010  2 26 13 11   2455254.18 2010  2 26 16 23   2455254.32 2010  2 26 19 36
 2455257.24 2010  3  1 17 46   2455257.37 2010  3  1 20 59   2455257.51 2010  3  2  0 12
 2455260.43 2010  3  4 22 22   2455260.57 2010  3  5  1 35   2455260.70 2010  3  5  4 48
 2455263.62 2010  3  8  2 57   2455263.76 2010  3  8  6 11   2455263.89 2010  3  8  9 24
 2455266.81 2010  3 11  7 33   2455266.95 2010  3 11 10 47   2455267.08 2010  3 11 14  0
 2455270.01 2010  3 14 12  9   2455270.14 2010  3 14 15 23   2455270.28 2010  3 14 18 36
 2455273.20 2010  3 17 16 44   2455273.33 2010  3 17 19 58   2455273.47 2010  3 17 23 12
 2455276.39 2010  3 20 21 20   2455276.52 2010  3 21  0 34   2455276.66 2010  3 21  3 48
 2455279.58 2010  3 24  1 56   2455279.72 2010  3 24  5 10   2455279.85 2010  3 24  8 25
 2455282.77 2010  3 27  6 31   2455282.91 2010  3 27  9 46   2455283.04 2010  3 27 13  1
 2455285.96 2010  3 30 11  7   2455286.10 2010  3 30 14 22   2455286.23 2010  3 30 17 37
 2455289.15 2010  4  2 15 42   2455289.29 2010  4  2 18 58   2455289.43 2010  4  2 22 13
 2455292.35 2010  4  5 20 18   2455292.48 2010  4  5 23 33   2455292.62 2010  4  6  2 49
 2455295.54 2010  4  9  0 54   2455295.67 2010  4  9  4  9   2455295.81 2010  4  9  7 25
 2455298.73 2010  4 12  5 29   2455298.86 2010  4 12  8 45   2455299.00 2010  4 12 12  1
 2455301.92 2010  4 15 10  5   2455302.06 2010  4 15 13 21   2455302.19 2010  4 15 16 37
 2455305.11 2010  4 18 14 41   2455305.25 2010  4 18 17 57   2455305.38 2010  4 18 21 13
 2455308.30 2010  4 21 19 16   2455308.44 2010  4 21 22 32   2455308.58 2010  4 22  1 49
 2455311.49 2010  4 24 23 52   2455311.63 2010  4 25  3  8   2455311.77 2010  4 25  6 25
 2455314.69 2010  4 28  4 27   2455314.82 2010  4 28  7 44   2455314.96 2010  4 28 11  1
